7.5E-5	8.33977	7.71212	7.96951	7.91365	7.64889	7.93045	8.44061	8.19551	7.77225
1.375E-4	8.04879	8.39303	8.32863	8.13826	7.46221	8.16904	8.35268	8.34192	8.16988
2.125E-4	8.02355	8.17138	8.38239	7.95043	7.49329	8.17564	8.50568	8.21324	8.16014
2.75E-4	8.05805	7.98284	8.23681	8.08185	7.67368	8.56745	8.19441	8.01741	8.51986
3.5E-4	8.03862	8.00043	7.93549	7.93846	8.23917	8.48688	8.49511	7.91665	8.02995
4.25E-4	7.86308	8.02174	8.04313	7.97612	7.92784	8.08255	8.676	7.61754	7.89334
5E-4	7.58916	7.98534	8.22309	7.773	7.54173	8.04546	8.29791	7.83113	7.84645
5.625E-4	7.69668	7.9889	7.99098	8.5275	7.51498	7.74297	8.14086	8.37223	7.71482
6.375E-4	7.96412	8.1628	7.73943	8.45629	8.04828	7.73889	7.75738	8.12635	7.81922
7.125E-4	8.13657	8.09489	7.552	8.33183	8.04478	8.28641	7.84355	8.21099	7.83926
7.875E-4	8.18676	8.18232	7.33531	8.24641	8.08197	8.22311	8.01276	8.27051	8.00959
8.625E-4	8.31635	8.36791	7.46199	7.91279	8.26287	7.77526	8.18321	7.95142	8.23016
9.375E-4	7.90838	7.94297	7.78529	7.58934	8.26472	7.93723	8.12839	7.96202	8.35626
0.0010125	8.2645	7.69372	7.62009	7.39215	7.87119	8.05388	8.00913	7.81096	8.36757
0.0010875	8.38388	8.15131	7.87072	7.67304	7.89825	8.05984	7.93068	7.81883	8.1874
0.0011625	8.39595	8.26758	7.91774	8.50579	7.54597	8.2841	7.94777	8.0245	8.03092
0.00125	7.96607	8.26756	8.00912	8.13397	7.73045	8.0655	7.79324	7.97002	8.14932
0.001325	7.98723	7.9754	8.47734	7.71386	8.03775	7.85752	8.03671	8.02441	8.02889
0.0014	8.18232	7.91377	8.4217	7.7247	7.75777	7.80565	8.08448	8.23502	8.17549
0.0014875	8.25874	7.87499	8.29161	8.00635	7.88992	7.89107	7.73636	8.43532	8.14252
0.0015625	7.79096	7.77171	8.07783	8.12787	7.88605	7.70839	7.50954	7.81246	8.09497
0.0016375	7.89796	7.67365	7.98492	8.04776	7.75469	7.72637	7.85409	7.36254	7.89848
0.001725	8.22502	7.93815	7.90108	7.9666	7.65441	7.74911	7.89457	7.53745	8.03342
0.0018	7.77552	8.00451	8.06059	8.14119	8.01696	7.80206	7.81411	7.65169	8.13518
0.0018875	7.94857	7.96655	7.79797	7.88422	8.0449	8.10901	7.72889	7.67048	8.07919
0.0019625	8.01904	7.92648	8.00332	7.94784	7.88066	8.19829	8.24303	8.02503	7.75224
0.00205	7.8456	7.96169	8.13655	8.02202	7.91791	8.13802	8.17372	7.73408	8.11078
0.0021375	8.26427	7.7727	7.83131	8.01246	7.52664	7.75492	8.2695	7.52293	8.21854
0.0022125	8.26226	7.79472	7.92391	7.75583	7.92415	7.72623	8.16009	7.46269	8.06679
0.0023	8.20775	8.08822	7.82434	7.7133	7.92958	7.76836	8.0792	7.7465	8.16397
0.0023875	8.22264	8.04306	7.8345	7.76776	7.8929	7.80388	8.20229	7.80113	8.25193
0.002475	8.16784	7.7688	8.07975	7.77867	7.82721	7.61697	8.15558	7.75565	8.45135
0.0025625	8.14457	7.77704	8.16125	7.96984	8.01347	7.73095	8.04254	7.90888	8.62166
0.00265	7.74688	7.8403	8.06291	7.87477	8.02625	7.79344	7.98934	8.0846	8.31898
0.0027375	7.52109	8.15622	8.17319	7.97707	8.35547	7.88698	7.87832	8.13169	8.30598
0.002825	7.43214	7.97354	8.29784	8.11329	8.28126	7.79457	7.79845	7.99639	8.53742
0.0029125	7.70158	7.70669	8.30451	7.98496	8.20515	8.02687	8.15444	7.79918	7.99873
0.003	7.6156	7.93458	8.12436	8.06672	7.99254	8.06225	8.12317	7.53356	8.13114
0.0030875	7.80604	7.93965	8.01466	8.39448	7.62378	7.78851	8.04889	7.11175	7.87999
0.0031875	8.15288	8.27178	7.75744	8.1	7.38956	8.24839	8.00351	7.48211	7.92548
0.003275	8.03965	7.8698	7.90455	8.06582	7.44945	8.12253	7.72475	7.81769	7.96835
0.0033625	8.19031	7.61359	8.17391	8.2258	7.54171	7.85777	7.99632	8.16965	7.67481
0.0034625	8.14778	8.03586	8.12526	7.70171	7.62312	7.89586	8.23946	8.04244	7.66782
0.00355	7.87948	7.78866	8.06926	7.8409	7.8519	7.83705	7.51503	7.97367	7.79697
0.00365	7.67981	7.5333	8.22755	7.65734	7.81522	7.76424	7.83444	7.90587	7.93526
0.0037375	7.57233	7.576	8.34953	8.02144	7.95331	8.1756	8.23568	8.0628	8.2843
0.0038375	7.76329	7.87246	8.1987	8.14414	7.87847	8.21179	8.44629	8.12114	8.20236
0.0039375	7.69687	8.19312	8.08865	8.06571	7.73867	7.92407	8.43471	8.0663	7.83885
0.004025	7.68669	7.80488	8.01567	8.34589	7.91241	7.9335	8.23275	7.96561	7.72887
0.004125	7.95981	7.79936	8.06888	7.87314	7.78966	7.88466	7.66478	7.70986	8.04954
0.004225	8.17844	8.0301	7.61288	7.81146	7.97497	7.48095	7.96839	8.11497	8.09316
0.004325	8.0976	7.81111	7.83243	7.62646	7.88077	7.69201	8.05707	8.00741	8.04224
0.004425	7.8507	7.56786	7.89564	7.99273	7.9587	7.953	7.97147	8.03484	8.10165
0.004525	7.60755	7.67152	8.1345	7.78674	7.91272	7.79136	7.8315	7.94712	7.61395
0.004625	8.17269	7.78262	7.81537	7.79439	7.90058	8.13231	7.76999	7.72767	7.7101
0.004725	8.16851	7.88471	7.83211	8.06063	7.4669	8.01465	7.96139	7.82062	7.40856
0.004825	7.81062	7.96722	7.87912	8.26197	7.75949	7.94085	7.98513	7.85192	7.68087
0.004925	7.5506	7.81779	7.93524	7.99738	7.85582	8.12761	7.78914	7.9896	7.80743
0.0050375	7.66558	7.7314	7.64194	8.23771	7.91228	8.14172	7.59366	7.91605	8.13228
0.0051375	7.66967	7.72912	7.60832	7.81526	7.53515	8.39783	7.57499	7.9125	8.24709
0.0052375	7.83519	7.69433	7.8142	7.62758	7.39376	8.40099	7.34237	7.98604	8.11955
0.00535	7.55275	7.65976	7.77993	7.82631	7.40869	7.64016	7.7684	8.33302	8.01054
0.00545	7.73857	7.77032	8.03816	7.78451	7.55043	8.23885	7.84257	7.89653	8.07568
0.0055625	8.01391	8.20235	7.78729	7.96	7.83793	7.99625	8.13155	8.04287	8.02051
0.0056625	8.06396	7.75467	7.9976	7.96788	7.84259	7.77956	7.92894	8.3597	8.03356
0.005775	8.01147	7.60567	8.049	7.82063	7.71606	7.7285	7.39604	7.92611	7.76328
0.0058875	7.87177	7.52933	7.97669	7.78673	7.6753	7.94439	7.5109	7.70992	7.6601
0.006	7.40067	7.93869	7.83358	7.93576	7.59006	7.75917	8.06863	7.91079	7.74092
0.0061125	7.66869	7.8397	7.74986	7.97893	8.12832	7.7563	8.19195	7.99119	8.24294
0.0062125	7.94525	7.94051	7.86389	8.11531	7.89964	7.63823	8.07638	8.0355	8.3458
0.006325	7.64814	7.67616	7.73461	8.33473	7.71573	7.57984	7.88203	7.80799	7.94835
0.0064375	7.84513	7.81687	7.99549	8.31396	7.67666	7.85216	7.61055	8.12322	7.99783
0.0065625	7.92998	8.05633	7.81019	8.12988	7.46223	8.00853	7.82469	8.14452	8.16502
0.006675	8.12792	7.97507	8.06884	7.60938	7.70189	8.1147	7.88925	8.27269	8.32994
0.0067875	8.00583	8.2674	7.98007	7.77225	8.03118	8.0118	7.94764	8.06372	8.29936
0.0069	8.05865	7.89373	7.98123	7.72103	8.12926	7.95672	8.0462	8.03856	8.00065
0.007025	8.02108	8.01892	8.00945	7.674	7.94833	7.70266	7.99966	7.89983	7.79611
0.0071375	7.68922	8.33712	8.11035	7.61168	7.77866	7.78515	7.99622	8.1005	7.7378
0.0072625	8.12248	8.0884	7.77396	8.08005	7.78294	7.84392	7.97802	8.0768	8.03111
0.007375	8.05409	7.93179	8.02248	8.01679	8.14259	8.26538	7.94275	7.94454	8.13926
0.0075	7.89779	8.17982	7.97842	7.73916	7.64713	7.99382	8.00539	7.95057	7.95248
0.007625	7.75981	8.06255	7.80977	7.66922	7.92657	7.89731	7.8507	7.99397	7.88863
0.0077375	7.54806	8.00866	7.98707	8.01122	7.81266	7.77212	7.85867	7.73751	7.97327
0.0078625	7.76469	8.10745	7.79898	8.06644	7.67934	7.72239	7.74838	7.94745	8.04074
0.0079875	7.64524	8.02756	7.39246	7.73367	7.93333	7.90284	7.67211	7.90315	8.05886
0.0081125	7.95186	7.99702	7.75763	7.55449	7.29676	7.85439	7.51474	7.92339	7.96758
0.0082375	7.83493	8.04025	7.70959	8.00777	7.63876	7.8734	7.90278	8.40371	8.18165
0.0083625	8.02495	7.91033	7.99841	7.93353	7.94274	8.01785	8.02919	8.22657	8.43571
0.0084875	7.70032	7.33802	7.65976	7.87597	7.16804	7.91743	7.91847	7.93933	8.22173
0.008625	7.86409	7.52785	7.98066	8.05902	7.79025	7.86348	7.85353	7.44228	8.08133
0.00875	7.57637	7.75172	8.00919	8.10804	7.73725	8.03242	8.20102	7.67156	8.32637
0.008875	7.53197	7.86597	7.50632	7.69909	7.6914	7.91144	7.66301	7.81555	8.13768
0.0090125	7.74789	8.23649	7.77016	7.51574	7.57671	8.06157	7.78635	7.86088	8.07079
0.0091375	8.04959	8.23066	7.64415	8.05355	7.70681	7.96941	7.79767	7.59957	7.83168
0.009275	7.86126	7.73535	7.98321	8.10121	8.04127	7.90733	7.81207	7.90359	7.79819
0.0094125	8.05591	7.98903	8.02498	7.97969	8.03572	8.31213	7.73685	7.89006	7.93502
0.0095375	8.24913	7.75207	8.35668	7.9997	7.63075	8.2623	7.73711	7.52024	8.12877
0.009675	7.85811	7.59859	8.19155	7.95279	7.79554	8.00483	7.82453	7.82369	8.01657
0.0098125	7.39644	7.42921	8.25143	7.74136	7.72069	7.86194	7.79146	7.82218	8.03033
0.00995	7.90497	7.83449	8.23971	8.03635	7.90743	8.07273	7.54765	7.77811	7.78419
0.0100875	7.78412	7.94507	7.90152	7.92813	7.94316	7.49054	8.09284	7.94026	7.95777
0.010225	7.59541	7.87992	7.97829	7.91031	8.00724	7.596	7.7695	8.09125	7.98648
0.010375	8.03789	8.10116	7.56236	7.77231	7.88674	7.90984	7.77235	7.74379	8.05489
0.0105125	7.72787	8.07141	7.91213	8.01806	7.64125	8.024	7.78165	7.51238	8.16177
0.01065	7.76421	7.71244	7.79593	7.99356	7.47428	8.06938	7.56983	7.57975	8.03346
0.0108	7.77736	7.67017	7.67247	7.98246	7.74987	7.69342	7.57052	7.95627	7.86666
0.0109375	7.77738	8.25142	7.63779	7.99326	7.65565	7.65781	7.69134	7.58088	8.19384
0.0110875	7.7512	8.00994	7.51744	7.97328	7.91025	7.68341	8.0441	7.80943	8.27262
0.0112375	8.0389	7.68976	7.94205	7.88308	7.53317	7.4898	7.97959	7.85225	8.01386
0.011375	8.16095	7.86848	7.77956	7.61419	7.51206	7.70923	7.79803	7.4611	7.96061
0.011525	7.39354	8.42603	7.78921	7.98676	7.96414	7.67199	7.72003	7.89337	8.02012
0.011675	7.59238	7.75326	7.70374	7.90388	7.95164	7.71701	7.89021	7.65209	7.89557
0.011825	8.08504	7.92919	7.87813	7.78218	7.66978	7.9283	7.83008	7.4037	7.84196
0.011975	7.66403	7.93013	7.90028	7.87298	7.97336	7.56581	7.86289	7.54823	7.9713
0.012125	7.86406	8.08328	7.62035	7.57592	7.92639	7.84609	7.86904	7.56127	8.0681
0.0122875	7.463	8.00239	7.64881	7.72517	8.02005	7.79622	7.66851	7.83833	8.1847
0.0124375	7.6996	7.87026	7.59225	7.83418	7.86792	7.89376	7.83724	7.58915	8.08151
0.0126	7.89998	7.7404	7.63625	7.91966	7.79334	7.69579	7.78927	8.03463	7.77358
0.01275	7.9606	8.08115	7.79107	7.87771	7.91394	7.71764	7.8794	7.62727	8.0099
0.0129125	7.74967	7.5972	7.69681	7.3946	7.56773	7.72075	7.8524	7.79804	8.11251
0.0130625	7.7681	7.88322	8.00817	7.58659	7.59287	7.90637	7.50308	7.88465	7.93858
0.013225	7.72419	7.84171	7.76323	8.12836	7.87256	7.6682	7.81572	7.79246	8.11946
0.0133875	7.94525	8.21992	7.62547	7.91716	7.81043	7.91253	7.55743	7.74704	7.90876
0.01355	7.69795	7.71558	7.92098	7.98786	7.97068	7.76605	7.96703	7.95285	7.74981
0.0137125	7.60735	7.77953	7.54637	7.74032	7.96077	7.97129	7.8577	7.61311	7.90106
0.013875	7.86807	7.85654	7.85918	7.7916	7.76315	7.90635	7.51419	8.04048	7.56417
0.0140375	7.94656	7.85766	7.61646	8.04983	7.47362	7.58341	7.84281	7.99381	7.46292
0.0142125	7.55978	7.86344	7.63347	7.9777	8.02802	7.76089	7.69286	7.8021	7.64436
0.014375	7.62205	7.72576	7.61757	7.84614	7.76052	7.55763	7.77392	7.54858	7.97367
0.01455	7.73148	7.53963	7.3826	7.79268	7.60004	7.86608	7.49161	7.69216	7.90594
0.0147125	8.02675	7.71909	7.70904	7.94843	7.27144	7.66048	7.92391	7.6328	7.89127
0.0148875	7.62397	7.49545	7.60939	8.1084	7.30212	7.5834	7.71084	8.00396	8.12485
0.0150625	7.73748	7.67016	7.51494	7.72479	7.67614	7.81272	7.52101	7.86169	8.03952
0.0152375	7.85467	7.69473	7.83446	7.89223	8.10786	7.95537	7.91183	7.86962	8.13245
0.0154125	7.93028	7.8254	8.20304	7.85807	8.02542	7.7231	7.77315	7.61411	7.92151
0.0155875	8.08002	7.61185	8.09532	7.62707	7.64225	7.6466	7.62595	7.73244	8.01863
0.0157625	7.88152	7.72289	7.76081	7.78019	8.01663	7.73715	8.0318	7.60372	7.9992
0.0159375	8.0741	7.65696	7.63689	7.73482	7.65346	7.73458	7.77539	7.43633	8.12726
0.016125	7.80121	7.936	7.42281	8.03222	7.57674	7.28975	8.09155	7.48389	8.06978
0.0163	7.85818	7.90612	7.76646	7.40835	7.56607	7.40216	7.75487	7.41034	7.82116
0.0164875	8.01462	7.83446	7.82366	7.57019	7.81972	7.84073	7.85004	7.72506	7.72553
0.0166625	7.8293	7.77352	7.7392	7.82111	7.99884	7.51748	7.84662	7.99046	7.99003
0.01685	7.97378	7.95666	7.84379	7.86618	7.96032	7.70853	8.17248	7.45544	7.78184
0.0170375	7.63939	8.04669	7.82857	8.00451	7.65737	7.61121	8.12007	7.72119	7.76386
0.017225	7.49433	7.64203	7.99312	8.18285	7.52914	7.48107	7.74876	7.98229	8.04848
0.0174125	7.80152	8.08878	7.90091	8.05301	7.5421	7.45297	7.98306	7.94812	7.96065
0.0176	7.84463	8.1623	7.39536	7.65985	7.26522	7.93407	7.73112	7.7469	7.96876
0.0178	7.95894	7.63751	7.77567	7.82349	7.9259	7.38702	7.66613	7.93421	7.76779
0.0179875	7.84856	7.71829	7.80304	7.76971	8.04833	7.35513	7.67967	7.71597	7.80888
0.0181875	7.7874	7.97234	7.50278	7.49204	7.67494	7.88031	7.97288	7.55832	7.69322
0.018375	7.86423	7.65276	7.73283	7.82316	7.94183	7.90066	7.74438	7.60271	7.7492
0.018575	7.64292	7.66269	7.83979	7.85657	7.77578	7.44643	7.83934	8.04781	7.33103
0.018775	7.68203	7.85227	7.61413	8.00076	7.74644	7.61504	7.92933	8.01691	7.68655
0.018975	7.97855	7.96766	7.53536	7.76681	7.96131	7.62756	7.61027	7.97157	7.76748
0.019175	7.74886	7.79901	7.82161	7.66918	8.02034	7.88713	7.95992	7.8001	7.81806
0.019375	7.40902	7.90055	8.07453	7.8222	7.51992	7.54578	8.02238	7.57231	7.72347
0.019575	7.85897	7.53309	7.48621	7.7085	7.76889	7.86963	7.85991	7.69808	7.77919
0.0197875	7.82444	7.55588	7.76542	7.89641	7.7408	7.92886	7.57423	7.67696	7.9319
0.0199875	7.68374	7.64739	7.60139	7.86388	7.68106	7.72167	7.45737	7.65789	7.95718
0.0202	7.75839	7.70186	7.69082	7.97588	7.39799	7.33926	7.9534	7.60778	7.95809
0.0204125	7.50295	7.64678	7.88766	7.65896	7.54063	7.58094	7.89231	7.84921	7.81859
0.020625	8.03219	7.71519	8.12185	7.61138	7.59483	7.78935	7.48018	7.56159	7.83148
0.0208375	7.7313	7.74725	7.80376	7.6601	7.79194	7.29099	7.37397	7.61754	7.65332
0.02105	7.70233	7.88024	7.59611	7.95488	7.52763	7.64898	7.61029	7.65244	7.93202
0.0212625	7.99889	7.9682	7.87407	7.69945	7.78367	7.57526	7.74011	7.73479	7.78457
0.021475	7.7907	7.60947	7.96661	7.85427	8.06627	8.00321	7.67777	7.87793	7.96372
0.0217	7.8069	7.62936	7.892	7.69351	7.53125	7.98332	7.76893	7.58643	7.77782
0.0219125	7.52564	7.56444	7.56166	7.53015	7.67802	7.36332	7.73697	7.71416	7.42683
0.0221375	7.6164	7.46162	7.8298	7.82914	7.51174	7.6861	7.46633	7.66582	7.85187
0.0223625	7.41444	7.90451	7.64674	7.62618	7.47694	7.61644	7.61876	7.87367	7.92758
0.0225875	7.65586	7.63925	7.70406	7.72727	7.50541	7.43129	8.02549	7.90459	7.76274
0.0228125	7.79351	7.53685	7.61614	7.65645	7.80113	7.59097	7.98172	7.91627	8.10578
0.0230375	7.52179	7.59661	7.93053	7.93875	7.57648	7.71271	7.8679	7.51667	7.9356
0.0232625	7.61141	7.52565	7.67064	7.57666	7.67576	7.57133	7.67059	7.79207	7.79768
0.0235	7.94946	7.35148	7.56891	7.68229	7.57832	7.78175	7.77525	7.6565	7.72341
0.023725	7.31647	7.7539	7.48067	7.59754	7.69495	7.61591	7.92799	7.85589	8.0074
0.0239625	7.65772	7.51849	7.71773	7.73681	7.74946	7.65321	7.44816	7.57585	7.61248
0.0242	7.74209	7.56947	7.92475	7.70854	7.87883	7.65429	7.93467	7.46404	7.35921
0.0244375	7.77269	7.54262	7.7882	7.5091	7.69572	7.49289	7.7225	7.86863	7.59935
0.024675	7.52592	7.67707	7.70509	7.90961	7.70375	7.4231	7.86087	7.82632	7.63584
0.0249125	7.49976	7.59178	7.45386	7.87295	7.81735	7.87859	7.74976	7.80245	7.71384
0.02515	7.39779	7.99733	7.47748	7.91495	7.47072	7.82049	7.4789	7.48415	7.79794
0.0254	7.63645	7.79997	7.52545	7.85752	7.44364	7.74834	7.83643	7.21927	7.78847
0.02565	7.64543	7.91948	7.87864	7.78125	7.61527	7.40707	7.70048	7.53213	7.58376
0.0258875	8.10696	7.5424	7.9677	7.56646	7.30118	7.34391	7.77002	7.61381	7.87413
0.0261375	7.71755	7.53611	7.76395	7.85178	7.65167	7.85357	7.70441	7.62285	7.74118
0.0263875	7.73098	7.77444	7.58589	7.74107	7.46229	7.5215	7.67329	7.41647	7.48622
0.02665	7.92886	7.4932	7.61017	7.58746	7.65215	7.66305	7.76263	7.54293	7.65927
0.0269	7.54509	7.6879	7.56414	7.66099	7.73735	7.45027	7.89115	7.59631	7.72889
0.02715	7.4559	7.45763	7.43429	7.57672	7.4494	7.61773	7.93697	7.75139	8.14696
0.0274125	7.63133	7.7203	7.55406	7.64904	7.37986	7.64159	7.75844	7.45057	7.88191
0.027675	7.48821	7.76712	7.74595	7.8054	7.56203	7.46647	7.5768	7.48504	7.8129
0.0279375	7.35342	7.89019	7.78832	7.6247	7.54365	7.944	7.63762	7.64635	7.95077
0.0282	7.57033	7.48895	7.5233	7.80957	7.43331	7.57105	7.46156	7.59755	7.64551
0.0284625	7.46561	7.75121	7.68816	7.50352	7.28018	7.59563	7.5182	7.27802	7.56674
0.028725	7.22335	7.93828	7.75801	7.61345	7.59882	7.52498	7.73272	7.40292	7.77335
0.029	7.486	7.70926	7.80693	7.49043	7.63575	7.90836	7.67192	7.73809	7.35522
0.0292625	7.542	8.12547	7.62998	7.66543	7.47581	7.78753	7.70332	7.5132	7.58886
0.0295375	7.58685	7.76586	7.46543	7.70457	7.54056	7.81731	7.78155	7.73551	7.62776
0.0298125	7.7358	7.64575	7.52514	7.72888	7.39646	7.34859	7.51959	7.77333	7.75403
0.0300875	7.38966	7.63237	7.41898	7.6686	7.11159	7.62959	7.45253	7.68691	7.69361
0.0303625	7.76732	7.6432	7.68821	7.75793	7.39159	7.59609	7.67555	7.59464	7.81938
0.03065	7.57767	7.74867	7.61862	7.50923	7.82332	7.68183	7.6301	7.4554	7.72554
0.030925	7.80658	7.53595	7.76253	7.8845	7.47287	7.56764	7.69288	7.55299	7.80775
0.0312125	7.61194	7.77134	7.63198	7.81522	7.48851	7.35062	7.49771	7.82619	7.95141
0.0315	7.81855	8.0172	7.78569	7.93354	7.57555	7.73723	7.88737	7.69566	7.23326
0.0317875	7.7315	7.75019	7.63895	7.47298	7.77153	7.94193	7.39554	7.91585	7.93538
0.032075	7.75064	7.80277	7.51954	7.93239	7.48078	7.68899	7.42707	7.91738	7.70331
0.0323625	7.66287	7.78704	7.60195	7.37232	7.6693	7.62047	7.54133	7.50649	7.78649
0.0326625	7.6781	7.77824	7.55157	7.37662	7.48008	7.68864	7.77858	7.87089	7.71191
0.03295	7.50168	7.5776	7.5144	7.65701	7.55355	7.49772	7.41812	7.62281	7.58877
0.03325	7.5098	7.44282	7.81429	7.44319	7.33727	7.40755	7.65608	7.66843	7.5275
0.03355	7.86437	7.70605	7.41823	7.77193	7.51075	7.75773	8.04725	7.57745	7.58212
0.03385	8.00516	7.46313	7.54733	7.74825	7.61221	7.55755	7.45226	7.5689	7.52626
0.0341625	7.2032	7.77716	7.84911	7.48362	7.29377	7.53821	7.79149	7.5222	7.69161
0.0344625	7.63298	7.49469	7.57821	7.54251	7.48485	7.44841	7.34103	7.50597	7.75709
0.034775	7.55051	7.73858	7.56307	7.60462	7.27871	7.85915	7.40099	7.55745	7.59923
0.0350875	7.50368	7.73881	7.43864	7.77013	7.38681	7.66478	7.63662	7.52897	7.86428
0.0354	7.47383	7.68394	7.7361	7.43236	7.55884	7.55096	7.65467	7.6416	7.79398
0.0357125	7.43397	7.60441	7.65111	7.91343	7.42712	7.37535	7.53532	7.82035	7.60112
0.036025	7.57972	7.78352	7.40671	7.61413	7.50369	7.73793	7.85226	7.60313	7.58417
0.03635	7.39526	7.72253	7.94528	7.52142	7.13792	7.69551	7.45562	7.83828	7.39385
0.0366625	7.50509	7.60122	7.76693	7.7056	7.39238	7.61092	7.52005	7.64329	7.5838
0.0369875	7.46596	7.30181	7.5455	7.53433	7.35134	7.46788	7.55532	7.39282	7.57604
0.0373125	7.40654	7.41102	7.75553	7.7586	7.34326	7.44673	7.57632	7.49566	7.68036
0.0376375	7.78797	7.62532	7.75039	7.74674	7.28826	7.65411	7.23064	7.62034	7.59635
0.037975	7.59453	7.44935	7.48203	7.60455	7.60085	7.42906	7.42151	7.87311	7.6352
0.0383	7.29504	7.48073	7.47931	7.48155	7.74042	7.62701	7.56257	7.54036	7.66066
0.0386375	7.64887	7.6893	7.78164	7.45878	7.3735	7.39715	7.8128	7.28558	7.52561
0.038975	7.51464	7.43158	7.57205	7.57517	7.2625	7.74369	7.55161	7.54162	7.40771
0.0393125	7.49909	7.57486	7.50136	7.47861	7.44743	7.30918	7.22489	7.62457	7.49035
0.0396625	7.58882	7.62551	7.49791	7.58578	7.40923	7.38966	7.18553	7.49048	7.51827
0.04	7.47886	7.50472	7.44838	7.37479	7.1255	7.58153	7.33518	7.74941	7.75213
0.04035	7.64981	7.73962	7.33118	7.39713	7.28235	7.54563	7.73187	7.37376	7.78391
0.0407	7.59298	7.64884	7.59504	7.63546	7.41414	7.38271	7.70674	7.59657	7.57695
0.04105	7.69806	7.56596	7.31271	7.51924	7.50125	7.53125	7.5663	7.51992	7.6482
0.0414	7.5796	7.41549	7.24075	7.5767	7.64032	7.6423	7.57967	7.44307	7.56797
0.0417625	7.46824	7.52638	7.43663	7.59184	7.65862	7.59233	7.65445	7.37057	7.76852
0.042125	7.57948	7.62829	7.6083	7.58748	7.48674	7.51151	7.5989	7.36021	7.65001
0.042475	7.33217	7.5653	7.80603	7.44874	7.31341	7.21378	7.65664	7.23783	7.55598
0.04285	7.53067	7.84594	7.54897	7.28976	7.41924	7.65628	7.47076	7.65487	7.88131
0.0432125	7.47391	7.53022	7.7748	7.55223	7.34465	7.37681	7.33359	7.50237	7.37438
0.043575	7.50227	7.63503	7.28833	7.5288	7.44058	7.34442	7.33726	7.64528	7.65217
0.04395	7.46461	7.7149	7.5192	7.43711	7.10083	7.37653	7.62277	7.43416	7.60115
0.044325	7.40265	7.22367	7.30086	7.55262	7.23236	7.41511	7.27006	7.54306	7.50838
0.0447	7.74512	7.6327	7.69985	7.58618	7.282	7.36331	7.47232	7.65351	7.45586
0.045075	7.32714	7.63746	7.3232	7.43316	7.16047	7.29079	7.50808	7.31832	7.46393
0.0454625	7.46152	7.56064	7.67988	7.6988	7.3184	7.69294	7.49921	7.25148	7.59171
0.04585	7.5792	7.34599	7.16081	7.44546	7.49019	7.68258	7.24599	7.37195	7.73548
0.0462375	7.31761	7.54756	7.46365	7.45035	7.56616	7.57105	8.03341	7.23319	7.69458
0.046625	7.69108	7.24044	7.53826	7.62222	7.16848	7.32506	7.74945	7.56251	7.54277
0.0470125	7.76	7.3664	7.61077	7.59545	7.04097	7.48069	7.30802	7.38798	7.68621
0.0474125	7.36592	7.36385	7.32952	7.70901	7.20787	7.64358	7.65836	7.59098	7.54222
0.0478125	7.64324	7.52675	7.28492	7.56797	7.45599	7.59442	7.45855	7.45935	7.49915
0.0482125	7.84804	7.30826	7.38865	7.39919	7.61105	7.39155	7.42028	7.52377	7.61948
0.0486125	7.56887	7.3443	7.22878	7.32495	7.50844	7.259	7.44465	7.29705	7.71767
0.049025	7.46858	7.77056	7.43179	7.41572	7.35859	7.27701	7.60983	7.37503	7.11996
0.049425	7.31987	7.46792	7.61396	7.5276	7.43359	7.51951	7.30396	7.11436	7.37976
0.0498375	7.68636	7.4733	7.55397	7.7993	7.46775	7.48346	7.395	7.41296	7.55503
0.05025	7.46767	7.63335	7.45021	7.69225	7.24207	7.3893	7.26993	7.36382	7.60256
0.050675	7.2292	7.31366	7.43948	7.70671	7.18797	7.34434	7.74031	7.25114	7.26567
0.0511	7.51564	7.37711	7.36488	7.39748	7.27205	7.37999	7.50668	7.25841	7.37198
0.0515125	7.3235	7.43361	7.50807	7.47792	7.12271	7.31469	7.34224	7.57104	7.32596
0.05195	7.44147	7.66991	7.31993	7.79577	7.47518	7.34185	7.4101	7.52077	7.56157
0.052375	7.51368	7.23261	7.38764	7.45502	7.43979	7.41017	7.32516	7.61753	7.2215
0.0528	7.2186	7.51199	7.35937	7.44193	7.18358	7.21863	7.29612	7.41341	7.36935
0.0532375	7.45776	7.42295	7.39947	7.70275	7.42408	7.15809	7.1821	7.51858	7.35252
0.053675	7.29855	7.347	7.20325	7.43759	7.36571	7.38774	7.37657	7.48309	7.55654
0.054125	7.29595	7.68031	7.48606	7.38173	7.01409	7.37329	7.43251	7.50344	7.51357
0.0545625	7.34204	7.36254	7.41562	7.30311	7.22561	7.3967	7.2253	7.32733	7.59312
0.0550125	7.52852	7.41965	7.35096	7.21615	7.4079	7.23531	7.282	7.67287	7.33192
0.0554625	7.19975	7.571	7.43916	7.21648	7.36313	7.32908	7.53962	7.46389	7.65478
0.0559125	7.49945	7.56681	7.3902	7.55991	7.24779	7.34466	7.36711	7.54227	7.68073
0.056375	7.31201	7.52484	7.43971	7.41892	7.48325	7.20338	7.36761	7.4343	7.3465
0.0568375	7.70097	7.43522	7.33007	7.26875	7.26437	7.34794	7.25907	7.19778	7.51221
0.0573	7.37347	7.40316	7.4296	7.40915	7.14998	6.96521	7.31438	7.27792	7.48747
0.0577625	7.48495	7.71377	7.34508	7.58927	7.32773	7.46784	7.59401	7.41682	7.47031
0.0582375	7.44233	7.31562	7.20968	7.30487	7.22032	7.383	7.48979	7.30562	7.41276
0.0587125	7.64554	7.65175	7.34906	7.56398	7.32064	7.39493	7.17608	7.2601	7.51645
0.0591875	7.20615	7.62844	7.34706	7.45442	7.28736	7.26029	7.55208	7.28367	7.44179
0.0596625	7.33258	7.40128	7.11174	7.62832	7.0736	7.34481	7.60726	7.26862	7.25916
0.06015	7.41861	7.48621	7.46854	7.27005	7.14339	7.48786	7.35173	7.42989	7.58269
0.0606375	7.44116	7.63273	7.28839	7.423	7.37683	7.36102	7.4162	7.31411	7.50954
0.061125	7.49378	7.5628	7.13264	7.61925	7.41833	7.41334	7.23192	7.44375	7.63143
0.0616125	7.35366	7.62288	7.0603	7.39371	7.30505	7.14801	7.28048	7.17521	7.3107
0.0621125	7.20323	7.65183	7.50566	7.18568	7.27061	7.02019	7.33061	7.20698	7.42334
0.0626125	7.1895	7.30576	7.35809	7.1925	7.02507	7.2427	7.26366	7.35217	7.56161
0.0631125	7.48056	7.48448	7.15833	7.35469	7.39009	7.18676	7.5019	7.42149	7.63851
0.063625	7.28151	7.52585	7.33083	7.16969	7.08621	7.21722	7.59818	7.31123	7.39322
0.064125	7.52041	7.39123	7.25286	7.5737	7.24992	7.25607	7.39208	7.25913	7.48137
0.06465	7.26924	7.24261	7.22363	7.57028	7.18704	7.10506	7.4086	7.43946	7.41649
0.0651625	7.32794	7.49341	7.20033	7.52146	7.10114	7.29997	7.32142	7.26603	7.4995
0.0656875	7.36031	7.53531	7.26804	7.25898	7.23365	7.24228	7.3113	7.31015	7.25896
0.0662125	7.43626	7.4032	7.28221	7.36666	7.30165	7.22746	7.40507	7.45605	7.51284
0.0667375	7.3924	7.45147	7.10952	7.40771	7.21483	7.41203	7.19001	7.26255	7.50841
0.0672625	7.3599	7.20797	7.37096	7.31076	7.15837	7.40048	7.25008	7.29074	7.57341
0.0678	7.14148	7.27631	7.23846	7.36175	7.20937	7.04102	7.38824	7.42905	7.54351
0.0683375	7.22679	7.23725	7.26223	7.29125	7.39292	7.0795	7.14059	7.49291	7.29073
0.0688875	7.38022	7.2202	7.37526	7.26797	7.19941	7.29168	7.26059	7.15632	7.62212
0.0694375	7.36654	7.38452	7.19144	7.37219	7.39649	7.41351	7.18691	7.33932	7.40208
0.0699875	7.25482	7.30609	7.23426	7.22043	7.15014	7.16441	7.21717	7.32892	7.34742
0.0705375	7.01602	7.19193	7.30503	7.29153	7.18984	7.18234	7.45177	7.27251	7.19381
0.0711	7.13915	7.51703	7.12405	7.36767	7.0118	7.19977	7.33886	7.12244	7.15342
0.0716625	7.49611	7.49206	7.15065	7.41602	7.21203	7.30418	7.25638	7.43954	7.38665
0.072225	7.17747	7.34967	7.23454	7.45267	7.11276	7.12149	7.41031	7.32895	7.41064
0.0728	7.32769	7.33405	7.30421	7.57748	7.25831	7.21466	7.29069	7.36272	7.27901
0.0733625	7.3562	7.2459	7.25931	7.37112	7.10189	7.26429	7.55448	7.04988	7.20039
0.07395	7.49159	7.20405	7.26293	7.27485	7.32036	7.03672	7.29633	7.11258	7.25707
0.074525	7.3748	7.2281	7.18128	7.32586	7.28133	7.0629	7.34477	7.42023	7.32355
0.0751125	7.3873	7.42306	7.36256	7.4252	7.25847	7.31673	7.24979	7.19983	7.2946
0.0757	7.31351	7.39585	7.33393	7.16572	7.17776	7.07652	7.45462	7.4522	7.39495
0.0763	7.31733	7.23593	7.13604	7.29631	7.10855	7.07618	7.35934	7.41068	7.23026
0.0769	7.33461	7.38758	7.20877	7.39148	6.97539	7.10288	7.19702	7.14484	7.51548
0.0775	7.13691	7.2485	7.19181	7.37416	6.94555	7.06943	7.16589	7.32523	7.49359
0.0781	7.30975	7.42118	7.26901	7.3738	7.08332	7.10762	7.40588	7.16237	7.20914
0.0787125	7.10319	7.54696	7.14664	7.48311	7.12982	7.26795	7.24212	7.2073	7.13999
0.079325	7.3761	7.33089	7.07808	7.47399	7.07867	7.24536	7.23756	7.20236	7.13645
0.07995	7.14381	7.29131	7.16675	7.27808	7.22364	7.12318	7.20327	7.30102	7.28361
0.080575	7.32868	7.24661	7.27843	7.6227	7.11533	7.21986	7.12323	7.1915	7.22524
0.0812	7.34646	7.31577	7.33183	7.26525	7.05459	6.92951	7.34616	7.35481	7.33328
0.0818375	7.31207	7.20843	7.28753	7.29605	7.11393	7.16261	7.13215	7.25602	7.40507
0.082475	7.30699	7.42428	7.30982	7.0917	7.04769	7.18932	7.09958	7.22171	7.34506
0.0831125	7.37139	7.32876	7.1775	7.20403	7.38858	7.35459	7.2048	7.15022	7.27765
0.08375	7.25576	7.26792	7.141	7.24793	7.14622	7.17127	7.19773	7.10278	7.39529
0.0844	7.13247	7.23989	7.15207	7.27338	7.04176	7.12436	7.32467	7.11858	7.32274
0.0850625	7.14435	7.29241	7.08563	7.19717	7.30018	6.93143	7.19286	7.24601	7.46599
0.085725	7.1537	7.12306	7.16474	7.21183	6.98405	7.03718	7.23361	7.27638	7.24615
0.0863875	7.46462	7.21802	7.23975	7.37298	7.02132	7.01109	7.3387	7.13077	7.16666
0.08705	7.2006	7.17302	7.29623	7.26469	7.0687	7.33281	7.22114	7.24458	7.26599
0.087725	7.11354	7.32112	7.29135	7.27646	7.27625	6.74978	7.04664	7.08769	7.12617
0.0884	7.35323	7.28179	7.34557	7.31471	7.06001	7.22205	7.18765	7.00928	7.33773
0.0890875	7.07286	7.32558	7.02755	7.29485	7.08286	7.11772	7.2133	7.16123	7.17701
0.089775	7.17327	7.46932	7.22265	7.16922	6.95302	7.19475	7.0531	7.16651	7.1717
0.0904625	7.32398	7.12022	7.039	7.06579	7.04647	6.87855	7.26538	7.23472	7.15283
0.0911625	7.18413	7.23182	7.07569	7.36588	6.94648	7.07258	7.09303	7.1718	7.48647
0.0918625	7.22564	7.12092	7.153	7.25429	6.95062	7.05321	7.01327	7.08777	7.43948
0.0925625	7.20195	7.22866	7.3059	7.16839	7.08504	6.86187	7.04133	7.175	7.04673
0.093275	7.01686	7.34884	7.32227	7.30744	6.99066	7.3102	7.26362	7.11483	7.14733
0.0939875	7.08416	7.27398	7.12174	7.43247	7.0714	6.90777	6.93502	7.15072	7.39114
0.0947125	7.16071	7.2297	7.01529	7.21092	7.15924	6.94023	7.14776	7.36342	7.20361
0.0954375	7.23464	7.27202	6.91589	7.12031	7.0703	7.12691	7.1078	7.32771	7.23293
0.096175	7.02938	7.1716	7.2619	7.20448	7.12796	6.94046	7.05406	7.06573	7.09687
0.0969	7.2578	7.14915	6.96938	7.25315	7.02232	7.1449	7.00484	7.22426	7.08834
0.09765	7.04512	7.23829	7.16356	7.31462	6.99775	6.9686	7.13748	7.01101	7.18172
0.0983875	7.20439	7.03581	7.01544	7.19652	7.01899	6.91969	7.30846	7.16635	7.23732
0.09915	7.15722	7.10982	7.12732	6.97205	6.92178	6.98936	7.11071	6.96644	7.20602
0.0999	7.12086	7.24068	7.07109	7.27918	7.12613	7.01576	7.2093	7.21954	7.20437
0.100662	7.11893	7.12401	7.14546	7.21175	7.1693	6.72964	7.32277	7.17512	7.22208
0.101425	7.13656	7.13334	7.05446	7.3212	7.12503	7.02903	7.08947	7.15692	7.20819
0.1022	7.03088	7.29891	7.12764	6.92288	6.84718	7.0103	7.27487	7.01959	7.16417
0.102975	7.08833	7.23228	7.13824	7.01855	7.12124	7.03294	7.14924	7.06642	7.12188
0.103762	6.87217	7.2206	7.20677	7.09723	7.0032	7.13082	7.28859	7.0464	7.34756
0.10455	7.05759	7.3065	7.2156	7.26908	6.90182	7.05604	7.0969	6.91265	7.26686
0.10535	7.11263	7.28033	7.10951	7.00638	7.14653	6.94402	7.04757	7.0679	6.9501
0.10615	7.15471	7.17708	7.03915	7.13023	7.10755	7.02877	7.17207	7.07266	7.127
0.10695	7.01148	7.26379	7.20787	7.27084	7.17463	7.07889	7.16472	7.00989	7.21492
0.107763	7.0616	7.12821	6.95752	7.05208	7.01667	7.08754	7.15886	7.00507	7.13213
0.108575	7.22435	7.20911	6.95802	7.21395	7.00995	6.93926	7.00686	7.23608	7.044
0.1094	7.1924	7.3896	7.15367	6.93679	6.92264	6.85671	7.27944	7.24869	7.13934
0.110225	7.03245	7.16976	7.03641	7.06327	7.06693	7.116	7.18639	7.11755	7.13374
0.111062	6.9868	7.18109	7.14202	7.18588	6.91311	7.04053	7.13326	6.92916	7.06509
0.1119	7.02759	7.04914	6.98708	7.21904	6.95089	7.03385	6.97361	7.1764	7.16787
0.11275	7.09155	7.13286	6.92019	7.26611	6.90438	6.77325	7.04064	7.08133	7.32964
0.1136	7.02652	7.0726	7.05054	7.05726	7.11573	7.00598	7.03968	7.29382	7.31956
0.11445	6.90359	7.14727	7.00206	7.16886	6.92281	7.11997	7.2193	7.0391	7.12845
0.115313	7.01345	7.08907	6.8716	7.27752	7.03726	6.87721	7.08103	7.20064	7.12528
0.116187	6.9643	7.14164	7.15599	7.1984	6.82192	6.92173	6.99214	6.99078	7.12144
0.117063	7.08563	7.02725	7.16091	6.99047	6.93613	6.9932	7.06263	6.99262	7.16455
0.117937	6.99836	7.11996	6.99044	7.05203	7.01616	6.62071	7.1327	6.95488	7.01078
0.118825	7.20541	7.10426	7.07088	7.09333	7.0006	7.11945	7.00567	6.96072	7.14385
0.119713	7.11356	7.12342	7.01857	7.02786	6.95908	6.94997	7.0134	7.06936	7.23769
0.120613	7.03655	7.23048	7.00241	7.06087	7.12042	7.00489	7.08507	6.99588	7.22593
0.121525	7.08142	7.21417	6.9671	7.21488	6.94032	6.92959	7.03754	7.07977	6.9876
0.122437	6.9973	7.04113	7.0882	7.09823	6.8667	6.88393	7.05607	6.96905	7.15454
0.12335	6.80541	7.12625	6.96512	7.06921	6.90195	6.94756	6.96336	6.85925	7.11793
0.124275	6.99888	6.96828	6.91438	6.9215	6.96036	7.01797	6.97291	7.07863	6.938
0.125213	6.99205	7.09345	6.81981	7.13281	6.87715	6.92841	7.1023	6.84626	7.14747
0.12615	7.01646	7.02724	6.90287	7.02815	6.99364	6.7532	6.94846	7.01724	7.14516
0.127088	6.85258	7.14339	6.95122	6.9395	6.87309	6.80071	6.9713	6.97614	7.12741
0.128037	7.16342	7.05112	7.05561	6.98444	7.02995	6.98454	7.14377	7.02184	7.08469
0.129	6.96704	7.12947	7.07622	7.09299	6.89631	6.86196	7.1273	6.88733	7.07087
0.129963	6.96696	7.08476	7.00306	7.16224	6.86237	7.07699	6.86228	6.90464	7.22337
0.130925	6.83871	7.02593	7.05617	7.16603	7.00092	6.82402	6.89734	7.09836	7.17959
0.1319	6.98191	6.96257	7.06319	7.02995	6.89902	6.96851	7.04094	6.89615	6.9552
0.132887	6.77319	7.08345	6.98352	6.98798	6.86776	6.82813	6.92311	6.81194	6.97579
0.133875	6.83926	6.97954	6.8886	7.05964	6.96175	6.71691	6.94101	6.85677	7.01317
0.134875	6.91878	7.01694	7.08941	7.13333	6.76872	6.84833	7.04122	7.07194	7.08707
0.135888	7.20573	7.06943	7.09098	7.06648	6.84046	6.95748	7.0437	6.86048	6.9726
0.136888	7.04179	7.18428	7.01644	7.09108	6.96133	6.98594	6.99977	6.95964	7.05096
0.137912	6.83625	6.95493	6.75301	7.08368	6.84802	6.90296	7.01898	6.92843	6.94594
0.138938	6.88025	7.05331	6.8403	6.97382	6.74562	6.85964	6.93513	6.93851	7.04462
0.139962	6.97032	6.95814	6.81888	7.0897	6.7853	6.71295	7.14016	7.02262	7.0569
0.141013	6.82503	6.98468	6.80116	6.94783	6.91911	6.69751	6.97483	6.92874	7.00706
0.14205	6.91985	7.04508	6.84933	7.01524	6.88194	6.84057	7.0317	7.04435	6.99908
0.143112	6.98286	7.03456	6.91627	6.94062	6.93681	6.89556	6.97538	6.9476	7.04172
0.144175	6.8285	7.05665	7.06206	7.11609	6.77361	6.7861	6.90102	6.82894	6.85875
0.145238	6.86708	6.99009	6.89539	7.18171	6.72936	6.73629	6.89471	7.21255	7.05288
0.146313	6.85469	7.09898	6.74437	6.92701	6.85887	6.99931	6.87121	6.94186	6.87048
0.1474	6.89666	7.19573	6.94068	6.97536	6.87957	6.75639	7.02427	6.89105	7.10477
0.148487	6.86064	7.16121	6.78065	7.05524	6.79682	6.90521	6.89486	6.93858	7.0846
0.149587	6.94295	7.03314	7.04517	7.03359	6.88348	6.72748	7.00191	6.93008	6.90501
0.1507	6.92465	7.05804	7.11374	6.99934	6.66748	6.90105	6.89169	6.93356	6.98275
0.151812	6.85057	7.04498	7.05056	6.99667	6.87291	6.80053	6.87722	6.97543	6.89871
0.152925	6.65035	6.79107	6.78943	7.01396	6.93284	6.83838	6.76767	7.02198	6.98612
0.154062	6.86203	7.0318	6.86533	7.02732	6.63646	6.89699	6.98434	6.89114	7.14973
0.1552	6.93807	7.10022	6.95275	6.94904	6.77003	6.81504	6.92977	6.95939	6.88921
0.156337	6.78091	7.27649	6.81904	6.87087	6.66575	6.79315	6.8759	6.95417	7.02789
0.1575	6.85414	6.86201	6.97364	7.01123	6.82357	6.81775	6.8566	6.84702	7.04244
0.15865	6.86911	6.90909	6.81889	6.91163	6.72217	6.76908	6.82406	6.90725	7.07944
0.159825	6.87583	6.97632	6.92344	6.90467	6.75328	6.84963	6.9089	6.82983	6.91776
0.161	6.96059	6.92197	6.94063	6.89353	6.72816	6.76166	6.88742	6.7565	6.8727
0.162188	6.97236	6.97962	6.70874	7.0609	6.74253	6.80436	6.88013	6.78895	6.98838
0.163375	6.70462	7.05111	6.85779	7.12282	6.67865	6.66802	6.95064	6.95186	7.01873
0.164587	6.64762	7.08337	6.99111	7.0985	6.79206	6.7903	6.7674	6.91046	6.9325
0.165788	6.94756	6.93246	6.81226	7.01735	6.78159	6.78459	6.8853	6.90667	7.09526
0.167012	7.04679	6.92925	6.98213	6.88196	6.64905	6.72966	6.85832	6.67645	6.92946
0.168238	6.96742	7.03918	6.73917	6.91714	6.90159	6.64082	6.90924	6.84892	6.90259
0.169475	6.83586	6.87371	6.79583	6.83009	6.67308	6.65472	7.0213	6.89864	6.96976
0.170713	6.88414	6.97594	6.74946	6.96939	6.71536	6.8026	6.7018	6.96975	6.89562
0.171975	6.85576	7.00432	6.89007	6.88922	6.72415	6.65875	6.76955	6.89449	6.95793
0.173238	6.91381	6.96063	6.86033	6.7914	6.7997	6.65921	7.04278	6.92934	6.87157
0.1745	6.99946	7.00144	6.74607	6.93262	6.61837	6.71554	6.93137	6.72735	6.9097
0.175775	6.86391	6.94016	6.88966	6.79878	6.72477	6.817	6.84788	6.78625	6.86327
0.177062	6.8782	7.00068	6.69367	6.96708	6.59218	6.52637	6.94784	6.79086	6.94291
0.178363	6.80894	7.14788	6.74461	6.64196	6.77127	6.65673	6.81425	6.82118	6.83684
0.179675	6.79489	6.98773	6.88744	6.90349	6.561	6.62129	6.75846	6.82701	6.89801
0.180988	6.82642	7.01156	6.82755	6.96746	6.65716	6.60268	6.75633	6.84024	7.06487
0.182313	6.75781	6.86686	6.8676	6.8938	6.64982	6.61945	6.76126	6.78473	6.77686
0.183637	6.83042	6.88772	6.80416	6.92516	6.69881	6.39244	6.79542	6.77412	6.86532
0.184988	6.87627	6.86302	6.76082	6.9527	6.80155	6.86125	6.84691	6.86025	6.9656
0.186338	6.74676	6.82989	6.80866	6.67987	6.73065	6.68434	6.92013	6.82129	6.8519
0.1877	6.75734	6.81465	6.68368	6.88673	6.67014	6.58078	6.75231	6.80269	6.76444
0.189063	6.93879	6.8372	6.80411	6.8658	6.61698	6.64628	6.82618	6.79932	6.97553
0.19045	6.85727	6.92887	6.66777	6.83196	6.66157	6.84928	6.65663	6.78705	6.96888
0.191838	6.87591	6.78714	6.79467	6.90534	6.61559	6.74518	6.72186	6.8699	6.92136
0.193237	6.82629	6.93724	6.66197	6.81096	6.66613	6.70624	6.81896	6.71923	6.94836
0.19465	6.78467	6.86636	6.72782	6.83417	6.79666	6.54754	6.77947	6.86346	6.92688
0.196063	6.78588	6.90209	6.70301	6.69762	6.72264	6.718	6.76947	6.68586	6.78064
0.197488	6.85687	6.93414	6.69824	6.78938	6.67979	6.63562	6.78009	6.69933	6.83395
0.198925	6.73941	6.92653	6.79506	6.90205	6.74749	6.73269	6.64035	6.67687	6.91646
0.200375	6.80972	6.8197	6.71814	6.76798	6.72348	6.84874	6.77044	6.71703	6.836
0.201837	6.8398	6.86209	6.79161	6.77267	6.64945	6.78814	6.70842	6.90252	6.89152
0.2033	6.75134	6.82217	6.74471	6.85632	6.65688	6.57849	6.7679	6.70156	6.85399
0.204787	6.8099	6.88073	6.59069	6.76813	6.63071	6.72282	6.90761	6.70885	6.79657
0.206275	6.79873	6.73506	6.64752	6.68284	6.65837	6.72509	6.70589	6.75743	6.79901
0.207775	6.75432	6.81612	6.74794	6.90692	6.68639	6.65412	6.76811	6.78524	6.68353
0.209275	6.77407	6.88728	6.7275	6.75492	6.65514	6.67999	6.71023	6.73029	6.98372
0.2108	6.80997	6.87498	6.78806	6.80996	6.67452	6.7056	6.70844	6.65395	6.90556
0.212325	6.79051	6.89083	6.72057	6.74028	6.4987	6.66955	6.73372	6.79521	6.85532
0.213875	6.73699	6.78339	6.69672	6.88156	6.76378	6.81104	6.68934	6.74213	6.71763
0.215425	6.71406	6.8455	6.74155	6.75701	6.59344	6.6686	6.79337	6.59057	6.84492
0.216988	6.7066	6.76606	6.76348	6.80182	6.6917	6.7607	6.75251	6.72553	6.8342
0.218562	6.7437	6.84137	6.78122	6.72883	6.69759	6.57669	6.64441	6.74963	6.83555
0.22015	6.71781	6.84142	6.71276	6.88472	6.67826	6.61099	6.87647	6.80327	6.73885
0.221738	6.74491	6.85511	6.71674	6.68795	6.70211	6.673	6.72468	6.71333	6.83136
0.22335	6.69978	6.78276	6.76474	6.77762	6.73086	6.49407	6.70527	6.82693	6.96552
0.224963	6.7114	6.95611	6.81758	6.70336	6.58197	6.81737	6.7739	6.75093	6.81172
0.226588	6.77017	6.88113	6.76426	6.82069	6.58079	6.5617	6.81068	6.73942	6.74141
0.228237	6.76097	6.75821	6.75125	6.77858	6.58991	6.57507	6.7694	6.79621	6.87414
0.229888	6.73659	6.72843	6.63225	6.62344	6.65017	6.51766	6.65999	6.77795	6.86536
0.23155	6.65988	6.74529	6.72252	6.83255	6.65421	6.57151	6.68092	6.7741	6.77313
0.233225	6.64926	6.86541	6.6024	6.74575	6.61559	6.53065	6.70277	6.64907	6.79455
0.234912	6.79952	6.81835	6.56515	6.85635	6.60148	6.62917	6.63382	6.70309	6.7209
0.2366	6.72994	6.74761	6.61107	6.69625	6.57705	6.48525	6.70102	6.75843	6.79068
0.238312	6.6155	6.822	6.69992	6.76983	6.69631	6.64887	6.83558	6.65438	6.80737
0.240038	6.78228	6.77316	6.71807	6.62664	6.61035	6.73147	6.72485	6.75318	6.82848
0.241763	6.66177	6.77006	6.71048	6.75016	6.57535	6.61889	6.67805	6.776	6.74527
0.243512	6.79201	6.65001	6.68959	6.80911	6.6409	6.54956	6.71294	6.65605	6.76858
0.245275	6.6801	6.86744	6.61984	6.68087	6.4619	6.61472	6.80722	6.70033	6.81329
0.247038	6.81516	6.6945	6.56493	6.93931	6.59281	6.74544	6.60458	6.62284	6.62214
0.248825	6.62045	6.71699	6.71898	6.71517	6.62458	6.7202	6.7399	6.5424	6.83183
0.250612	6.60115	6.64593	6.64079	6.70347	6.69371	6.67321	6.68009	6.76771	6.80972
0.252425	6.66615	6.73386	6.75292	6.70236	6.53996	6.65738	6.66929	6.73022	6.75278
0.254238	6.68785	6.76903	6.68134	6.66356	6.68098	6.59249	6.76978	6.64856	6.8188
0.256075	6.682	6.66621	6.62054	6.70307	6.64577	6.54972	6.59854	6.68161	6.83248
0.257912	6.66534	6.75926	6.59969	6.80262	6.57826	6.62058	6.56981	6.60377	6.75505
0.259775	6.73308	6.66881	6.60787	6.80963	6.50027	6.68601	6.61296	6.59022	6.7338
0.26165	6.68819	6.94442	6.58037	6.83558	6.51622	6.52885	6.76544	6.58461	6.61308
0.263525	6.61884	6.74925	6.62655	6.70146	6.59416	6.54774	6.7705	6.70072	6.80347
0.265425	6.65207	6.7037	6.5774	6.6043	6.52455	6.68879	6.5673	6.74733	6.82933
0.267338	6.76777	6.75025	6.66038	6.70283	6.50455	6.53988	6.79279	6.63941	6.82388
0.26925	6.64119	6.68955	6.586	6.52925	6.46885	6.5814	6.68783	6.57234	6.79768
0.271188	6.71736	6.82644	6.68082	6.8252	6.53348	6.4357	6.5976	6.70775	6.70925
0.273138	6.56484	6.79657	6.4549	6.81109	6.58801	6.55352	6.67478	6.69133	6.73538
0.2751	6.65115	6.91652	6.72335	6.58149	6.51324	6.5989	6.65915	6.69493	6.73511
0.277075	6.73972	6.72048	6.56182	6.71354	6.56999	6.56137	6.62466	6.57938	6.63136
0.279063	6.73778	6.69168	6.51115	6.48681	6.48403	6.62542	6.54003	6.62279	6.75308
0.281075	6.72199	6.73864	6.59481	6.63773	6.49661	6.60946	6.59801	6.62309	6.74911
0.283087	6.68654	6.68656	6.64756	6.74717	6.54885	6.59513	6.61681	6.62582	6.76253
0.285125	6.77166	6.69458	6.61788	6.69647	6.51422	6.54612	6.61454	6.60244	6.78647
0.287163	6.76035	6.85518	6.63301	6.62942	6.43361	6.53058	6.49231	6.61482	6.70459
0.289225	6.72549	6.70556	6.64067	6.54507	6.50186	6.54208	6.70233	6.56205	6.88836
0.2913	6.67483	6.75182	6.57173	6.69738	6.47899	6.62078	6.68098	6.56253	6.77376
0.293388	6.57735	6.75813	6.54643	6.61024	6.51601	6.63738	6.63172	6.63561	6.81498
0.295487	6.59966	6.79737	6.63893	6.60053	6.47344	6.51442	6.77491	6.58476	6.73164
0.297612	6.61883	6.70956	6.59903	6.68747	6.59732	6.58819	6.61806	6.63728	6.66251
0.299738	6.69774	6.74994	6.59495	6.67107	6.47937	6.6492	6.63815	6.70213	6.74994
0.301888	6.60685	6.83681	6.64738	6.56447	6.51917	6.65615	6.57906	6.57548	6.83155
0.30405	6.70533	6.62102	6.5894	6.69382	6.52874	6.60983	6.62591	6.64153	6.74398
0.306225	6.64931	6.73736	6.57658	6.64147	6.47453	6.56037	6.60589	6.5455	6.74534
0.308425	6.65135	6.73475	6.50301	6.68085	6.63168	6.66037	6.69088	6.57905	6.70801
0.310625	6.80847	6.66244	6.6047	6.77348	6.50702	6.46528	6.58654	6.58528	6.71742
0.31285	6.61706	6.70712	6.62552	6.65974	6.48159	6.50023	6.6989	6.62041	6.75341
0.315087	6.65632	6.64983	6.58407	6.56972	6.53376	6.50105	6.58941	6.70288	6.65069
0.317338	6.57384	6.7225	6.67098	6.71049	6.50899	6.5407	6.63741	6.55042	6.61511
0.319613	6.71452	6.68073	6.48755	6.66615	6.56893	6.55013	6.62583	6.58061	6.69573
0.3219	6.55138	6.71668	6.5958	6.64205	6.57588	6.51884	6.5754	6.72771	6.70053
0.3242	6.66629	6.7603	6.61186	6.55287	6.51621	6.42026	6.53015	6.70168	6.74622
0.326512	6.76052	6.61254	6.51168	6.59421	6.46305	6.57244	6.60733	6.63137	6.62151
0.32885	6.65399	6.69043	6.63019	6.64448	6.47317	6.52945	6.5913	6.5892	6.63778
0.331187	6.5847	6.587	6.57825	6.63779	6.50928	6.55647	6.65346	6.57148	6.62872
0.333562	6.47742	6.75728	6.62493	6.61597	6.4442	6.55177	6.58807	6.5517	6.62327
0.335938	6.63851	6.70104	6.57288	6.63578	6.38498	6.51346	6.6485	6.68803	6.62739
0.338338	6.68334	6.69258	6.54625	6.67073	6.50051	6.43706	6.63367	6.60965	6.60972
0.34075	6.65786	6.66031	6.54358	6.61056	6.51625	6.66485	6.57811	6.56195	6.68361
0.343188	6.61668	6.77233	6.62781	6.65657	6.39815	6.52644	6.52193	6.58495	6.68201
0.345638	6.68882	6.62202	6.58268	6.58105	6.39554	6.54694	6.53225	6.64621	6.72583
0.3481	6.7029	6.67759	6.6092	6.60856	6.53829	6.58318	6.57976	6.60039	6.61692
0.350575	6.72557	6.65422	6.54442	6.68759	6.415	6.57179	6.54628	6.54625	6.60867
0.353075	6.66508	6.68276	6.62114	6.59622	6.43587	6.48039	6.4884	6.62589	6.69808
0.3556	6.58631	6.55733	6.53616	6.63703	6.49866	6.63279	6.5404	6.52673	6.74353
0.358125	6.565	6.67341	6.47329	6.69704	6.38466	6.4658	6.59361	6.59752	6.71442
0.360675	6.70567	6.63482	6.61904	6.59828	6.40229	6.50347	6.59479	6.52031	6.63258
0.36325	6.57755	6.67945	6.56403	6.67936	6.414	6.53283	6.56788	6.54884	6.70039
0.365838	6.59613	6.59557	6.59123	6.58672	6.4533	6.45845	6.53551	6.58579	6.70303
0.368437	6.62744	6.56708	6.56048	6.7295	6.50237	6.44104	6.53028	6.59023	6.68687
0.371062	6.6023	6.64951	6.55485	6.66491	6.48616	6.50745	6.51671	6.6313	6.64797
0.373713	6.5397	6.78683	6.56997	6.63926	6.50169	6.4992	6.54863	6.57558	6.64506
0.376363	6.52303	6.67881	6.5486	6.62888	6.53693	6.55214	6.64658	6.59795	6.68012
0.37905	6.52196	6.71201	6.56479	6.60052	6.54114	6.51904	6.52401	6.55739	6.71725
0.381738	6.5613	6.69745	6.41689	6.62661	6.4867	6.52021	6.54485	6.50545	6.65889
0.384463	6.59038	6.59341	6.59269	6.65808	6.51471	6.4868	6.45553	6.5015	6.62931
0.387188	6.69525	6.63785	6.51653	6.68102	6.41694	6.46685	6.56835	6.52726	6.6585
0.38995	6.48091	6.61009	6.61332	6.53343	6.40725	6.46228	6.51338	6.42766	6.65016
0.392713	6.60016	6.63008	6.58248	6.60649	6.41962	6.5271	6.55026	6.49997	6.67722
0.395512	6.59746	6.62797	6.51593	6.59959	6.47567	6.58813	6.50187	6.60464	6.67243
0.398325	6.64809	6.68807	6.49882	6.60323	6.44123	6.38714	6.52463	6.45896	6.62778
0.40115	6.63794	6.70671	6.54912	6.48977	6.53065	6.53776	6.57998	6.50021	6.62753
0.404	6.55312	6.62545	6.49218	6.53778	6.47047	6.49521	6.54036	6.52617	6.66407
0.406875	6.60878	6.645	6.50873	6.58814	6.43075	6.49139	6.55827	6.56096	6.70067
0.409763	6.56494	6.58006	6.52734	6.61333	6.34565	6.40654	6.54217	6.51996	6.61119
0.412663	6.65418	6.67796	6.47199	6.62419	6.4307	6.50352	6.60653	6.51129	6.49457
0.4156	6.58782	6.61643	6.55186	6.6549	6.40213	6.44989	6.57112	6.53531	6.6124
0.41855	6.61327	6.69516	6.47727	6.58746	6.36869	6.49461	6.45906	6.54413	6.71151
0.421525	6.58682	6.69506	6.49994	6.54494	6.39388	6.54569	6.4855	6.47691	6.71719
0.424513	6.49371	6.59349	6.49963	6.51461	6.46175	6.49912	6.50018	6.51906	6.64319
0.427525	6.50644	6.55715	6.55688	6.65174	6.38998	6.42581	6.52603	6.51006	6.69219
0.43055	6.72694	6.61676	6.53897	6.53979	6.36233	6.53254	6.57695	6.58809	6.62677
0.433612	6.60831	6.63268	6.56788	6.55909	6.39891	6.47013	6.53584	6.53209	6.61127
0.436687	6.54814	6.56347	6.4479	6.61468	6.45479	6.46929	6.49973	6.47779	6.53691
0.439775	6.61488	6.65423	6.5421	6.63042	6.41402	6.40374	6.6119	6.61857	6.64119
0.4429	6.54752	6.65547	6.41548	6.55984	6.37745	6.5484	6.54144	6.51182	6.6011
0.446038	6.61839	6.63016	6.54731	6.48727	6.43133	6.43428	6.58732	6.47791	6.68393
0.4492	6.55193	6.68113	6.53919	6.61702	6.35205	6.48029	6.49833	6.4505	6.59925
0.452375	6.63693	6.70702	6.50371	6.48889	6.31516	6.53293	6.48046	6.63258	6.56747
0.455588	6.53521	6.69568	6.48242	6.52906	6.35673	6.39726	6.48493	6.582	6.5967
0.458813	6.57433	6.63937	6.45299	6.58417	6.31922	6.45036	6.40975	6.56613	6.61201
0.462063	6.5138	6.60497	6.47363	6.59711	6.34322	6.51559	6.48704	6.51438	6.66245
0.465338	6.53952	6.56399	6.48872	6.62448	6.40925	6.43154	6.46706	6.49754	6.60081
0.468625	6.63173	6.48409	6.51729	6.62158	6.34635	6.40203	6.48782	6.60322	6.4604
0.47195	6.56883	6.61151	6.48846	6.5043	6.33491	6.41564	6.53839	6.52337	6.55376
0.475287	6.57618	6.57495	6.52417	6.57298	6.39802	6.47717	6.57103	6.62969	6.58758
0.47865	6.54084	6.62039	6.53025	6.5808	6.406	6.39655	6.50002	6.50214	6.62236
0.482038	6.62725	6.56565	6.4637	6.52945	6.37194	6.47005	6.56033	6.51153	6.61893
0.48545	6.63037	6.61065	6.52083	6.64082	6.35779	6.48167	6.49724	6.53063	6.57047
0.488887	6.59896	6.50901	6.53055	6.50523	6.36232	6.37353	6.49599	6.53905	6.63334
0.492337	6.53178	6.55707	6.54577	6.5967	6.35938	6.4469	6.50807	6.51267	6.54599
0.495825	6.645	6.57226	6.48392	6.50354	6.36973	6.5126	6.52747	6.5128	6.61413
0.499325	6.57302	6.51639	6.47575	6.59689	6.37833	6.42768	6.5223	6.47433	6.60949
0.502863	6.5257	6.5795	6.4658	6.55651	6.39682	6.39115	6.47289	6.56207	6.61377
0.506413	6.5264	6.62908	6.45037	6.48488	6.34278	6.49781	6.54482	6.49224	6.65045
0.51	6.59019	6.59616	6.50677	6.53396	6.35895	6.42829	6.49978	6.53756	6.58298
0.5136	6.64178	6.67875	6.48375	6.61481	6.40553	6.50839	6.46085	6.54837	6.57563
0.517225	6.57789	6.62474	6.52691	6.53195	6.42685	6.50464	6.54513	6.56971	6.53242
0.520887	6.67937	6.52113	6.49753	6.54164	6.45448	6.42577	6.40855	6.55257	6.6362
0.524562	6.60072	6.51703	6.45283	6.57164	6.40561	6.49332	6.50698	6.47568	6.61064
0.528275	6.56953	6.55379	6.51148	6.53799	6.42691	6.4288	6.4942	6.58538	6.60589
0.532	6.54753	6.5746	6.51527	6.49167	6.39106	6.43672	6.50164	6.51539	6.60034
0.535762	6.46733	6.60386	6.4467	6.55477	6.42527	6.42827	6.4978	6.5544	6.51806
0.539537	6.57979	6.55296	6.47144	6.52733	6.3154	6.4661	6.50348	6.46303	6.54653
0.54335	6.54989	6.57273	6.54941	6.52069	6.40783	6.37237	6.50721	6.55435	6.61876
0.547188	6.55599	6.5893	6.4772	6.5339	6.39043	6.4589	6.49757	6.52996	6.56392
0.55105	6.56216	6.55659	6.51192	6.52584	6.2828	6.54349	6.47522	6.52401	6.56434
0.554937	6.61043	6.56807	6.52203	6.48284	6.33264	6.42583	6.46208	6.59843	6.59542
0.55885	6.53546	6.50972	6.43859	6.50795	6.42466	6.44217	6.46682	6.58656	6.50988
0.5628	6.51697	6.60679	6.46941	6.56325	6.44998	6.44023	6.48799	6.59738	6.61321
0.566763	6.54587	6.57506	6.46977	6.54732	6.35433	6.48747	6.5159	6.58668	6.50985
0.570763	6.49894	6.52854	6.49553	6.54117	6.25101	6.43852	6.46026	6.5813	6.57669
0.574787	6.48451	6.63202	6.52064	6.46769	6.40166	6.44189	6.53087	6.60633	6.54111
0.578838	6.50804	6.52474	6.45171	6.51131	6.28988	6.47499	6.48805	6.5366	6.5531
0.582925	6.52629	6.56431	6.46801	6.49727	6.36442	6.45432	6.47087	6.55432	6.59803
0.587038	6.60734	6.59147	6.47274	6.4877	6.3414	6.44807	6.42692	6.51709	6.57227
0.591175	6.55544	6.58495	6.48079	6.5807	6.40494	6.44981	6.48852	6.47882	6.54936
0.595338	6.52312	6.50552	6.45104	6.54624	6.42874	6.41517	6.38999	6.4963	6.57529
0.599537	6.42145	6.61884	6.51458	6.61037	6.34342	6.58066	6.46175	6.49005	6.56719
0.603763	6.57982	6.55301	6.49979	6.50799	6.36942	6.47669	6.40828	6.51072	6.60276
0.608012	6.61211	6.55445	6.46805	6.4948	6.33322	6.4584	6.53136	6.51261	6.59526
0.6123	6.52278	6.58861	6.50053	6.545	6.36295	6.41028	6.45088	6.57238	6.57996
0.616612	6.49315	6.55057	6.52449	6.48572	6.41752	6.46609	6.40451	6.56087	6.49465
0.620963	6.49682	6.61543	6.47102	6.47458	6.35621	6.46045	6.44179	6.5051	6.5346
0.625325	6.60065	6.60977	6.413	6.48108	6.28813	6.5554	6.47547	6.46084	6.48872
0.629737	6.55791	6.49873	6.45361	6.55642	6.32919	6.43913	6.45667	6.58062	6.59461
0.634175	6.58221	6.52898	6.50433	6.53006	6.36007	6.43309	6.39832	6.51965	6.53456
0.638637	6.54229	6.6555	6.48469	6.506	6.29183	6.49847	6.43108	6.49729	6.51607
0.643125	6.54709	6.53962	6.43197	6.52615	6.3718	6.49851	6.40866	6.49293	6.48656
0.647663	6.52351	6.55445	6.42811	6.52457	6.3105	6.45373	6.49267	6.53821	6.55373
0.652213	6.60562	6.61716	6.4535	6.52801	6.27996	6.55584	6.48156	6.55066	6.57601
0.656812	6.5041	6.56176	6.37978	6.52388	6.28566	6.46515	6.41246	6.64793	6.46408
0.661425	6.50231	6.54464	6.48125	6.49318	6.31348	6.43914	6.51095	6.50671	6.54903
0.666088	6.49702	6.60063	6.48478	6.53714	6.33709	6.41851	6.3922	6.54565	6.59376
0.670775	6.50777	6.52106	6.4526	6.46465	6.36563	6.45766	6.42303	6.52831	6.54213
0.675488	6.45846	6.53514	6.4853	6.48071	6.34451	6.48818	6.4511	6.58	6.58454
0.680237	6.56167	6.47127	6.49811	6.5089	6.30666	6.45476	6.40791	6.47695	6.59214
0.685025	6.5479	6.55231	6.44846	6.50808	6.31464	6.4251	6.39477	6.54321	6.55417
0.689838	6.49389	6.55875	6.47612	6.53629	6.31387	6.42505	6.44282	6.52819	6.58079
0.694687	6.56707	6.61448	6.46725	6.48165	6.33968	6.47724	6.4447	6.50358	6.58674
0.699575	6.49569	6.57565	6.41792	6.50302	6.30831	6.45579	6.44147	6.46423	6.58878
0.7045	6.5188	6.56132	6.49737	6.53277	6.35702	6.46793	6.47459	6.55511	6.52195
0.70945	6.47002	6.54142	6.42918	6.48141	6.30689	6.37876	6.49008	6.47618	6.56357
0.714437	6.57207	6.52306	6.42378	6.46075	6.39789	6.44394	6.47036	6.50089	6.54942
0.719463	6.6129	6.56191	6.54851	6.49471	6.30856	6.54047	6.44139	6.51005	6.56471
0.724513	6.54388	6.5775	6.47015	6.5428	6.34502	6.42411	6.45422	6.45982	6.5052
0.7296	6.56545	6.51865	6.45926	6.45049	6.31628	6.36302	6.4456	6.55527	6.63881
0.734738	6.52191	6.54052	6.42667	6.55451	6.27988	6.42107	6.50884	6.55163	6.46729
0.7399	6.51588	6.48649	6.45434	6.53176	6.3636	6.42533	6.48045	6.51503	6.58647
0.745088	6.50466	6.51745	6.44228	6.46492	6.37276	6.39269	6.40748	6.46596	6.61891
0.750325	6.49643	6.60789	6.5294	6.53147	6.38487	6.48427	6.42288	6.56622	6.5844
0.7556	6.52426	6.5682	6.4543	6.50541	6.3089	6.45935	6.42915	6.49793	6.52915
0.7609	6.56616	6.56977	6.49506	6.50368	6.29787	6.41379	6.38149	6.55584	6.56718
0.76625	6.45889	6.44486	6.49542	6.49727	6.42048	6.52696	6.48881	6.54569	6.58416
0.771625	6.51973	6.63212	6.54531	6.52506	6.36747	6.45165	6.41395	6.51842	6.50847
0.77705	6.4871	6.51419	6.4829	6.47415	6.40003	6.42566	6.42192	6.51084	6.55237
0.7825	6.54836	6.56234	6.51705	6.561	6.35199	6.44204	6.42965	6.50907	6.50971
0.788	6.54551	6.52553	6.54754	6.47582	6.31281	6.46453	6.38887	6.58162	6.55877
0.793525	6.56264	6.58523	6.49945	6.43478	6.37806	6.4155	6.38015	6.46422	6.53587
0.7991	6.53191	6.53249	6.43642	6.49452	6.38878	6.39389	6.36923	6.5009	6.513
0.8047	6.57026	6.56026	6.53811	6.48712	6.31784	6.44479	6.42837	6.50527	6.50524
0.81035	6.55337	6.58778	6.4262	6.47089	6.35238	6.49752	6.49431	6.55284	6.53723
0.816037	6.52139	6.5782	6.47757	6.46306	6.38353	6.36242	6.40363	6.56526	6.52825
0.821763	6.4741	6.53797	6.4508	6.48606	6.37212	6.40579	6.39816	6.52271	6.56423
0.827525	6.5284	6.56272	6.44724	6.45353	6.4016	6.45213	6.47829	6.50963	6.63306
0.833337	6.47746	6.51502	6.41578	6.49655	6.3641	6.44571	6.38643	6.53807	6.54622
0.839175	6.48191	6.55262	6.44885	6.50115	6.32654	6.39444	6.43225	6.5861	6.5538
0.845062	6.51773	6.55971	6.50632	6.55502	6.34649	6.41881	6.41406	6.56434	6.55302
0.851	6.5332	6.60448	6.45912	6.50569	6.34868	6.39233	6.52313	6.60412	6.59211
0.856963	6.5029	6.54489	6.41173	6.40656	6.34494	6.44632	6.47173	6.5481	6.54956
0.862975	6.5141	6.51773	6.45646	6.48208	6.31287	6.41351	6.39272	6.48543	6.51328
0.869025	6.55712	6.54288	6.45528	6.42498	6.37983	6.46851	6.41237	6.53694	6.58962
0.875112	6.51881	6.50878	6.5005	6.43785	6.40441	6.47241	6.36559	6.44466	6.55123
0.88125	6.51278	6.58656	6.46643	6.45836	6.28435	6.40877	6.41486	6.47244	6.53876
0.887425	6.54603	6.55553	6.44894	6.42793	6.37629	6.4751	6.41696	6.48166	6.57085
0.89365	6.55213	6.57429	6.50878	6.50755	6.3569	6.47993	6.43599	6.51245	6.50931
0.899912	6.49529	6.55605	6.46896	6.4735	6.38601	6.43715	6.3994	6.52583	6.58559
0.906225	6.51273	6.5234	6.40558	6.44824	6.33613	6.46028	6.44224	6.53809	6.56993
0.912575	6.4541	6.53885	6.43499	6.51667	6.37006	6.36001	6.48466	6.55473	6.55438
0.918962	6.52105	6.53823	6.45626	6.49257	6.30199	6.45959	6.46657	6.44717	6.5662
0.9254	6.52793	6.55103	6.49243	6.42548	6.3134	6.40451	6.44963	6.52501	6.55946
0.931888	6.49834	6.48677	6.49475	6.48428	6.40302	6.49576	6.43768	6.49752	6.5535
0.938412	6.47342	6.56871	6.47775	6.5064	6.34411	6.39057	6.41598	6.52924	6.63094
0.944987	6.47869	6.52512	6.4924	6.48542	6.36691	6.39268	6.44622	6.57489	6.62519
0.951612	6.49309	6.52449	6.34932	6.50274	6.34399	6.45589	6.39798	6.54434	6.55963
0.958275	6.48545	6.55877	6.41443	6.49592	6.30423	6.47363	6.4337	6.54539	6.54636
0.964988	6.54819	6.55613	6.42106	6.52776	6.34797	6.44321	6.39489	6.49257	6.57408
0.97175	6.511	6.46247	6.44213	6.47315	6.35895	6.36783	6.42142	6.47702	6.58664
0.97855	6.44004	6.52362	6.45806	6.40327	6.37249	6.439	6.45773	6.50863	6.5685
0.9854	6.46028	6.59313	6.47923	6.48169	6.39986	6.40546	6.40513	6.52409	6.61811
0.9923	6.45874	6.54421	6.46131	6.41478	6.33771	6.39705	6.44343	6.51409	6.53826
0.99925	6.53073	6.5777	6.48276	6.49594	6.39779	6.433	6.45122	6.60553	6.57766
1.00625	6.50469	6.57007	6.42446	6.43012	6.37427	6.48478	6.38612	6.52697	6.5627
1.01329	6.5055	6.52217	6.43212	6.4483	6.36475	6.37619	6.42035	6.57069	6.56402
1.02039	6.48288	6.57436	6.40539	6.46211	6.40411	6.42291	6.46622	6.53586	6.53473
1.02752	6.49093	6.53205	6.37402	6.48009	6.35915	6.47155	6.46087	6.49152	6.58539
1.03472	6.49942	6.57108	6.40727	6.48602	6.41758	6.40401	6.41359	6.51602	6.58226
1.04196	6.53855	6.54616	6.43788	6.46729	6.35274	6.40976	6.52416	6.54771	6.56291
1.04925	6.48241	6.49352	6.42869	6.43703	6.42905	6.42358	6.40262	6.55651	6.57576
1.0566	6.5534	6.59309	6.46462	6.45279	6.38862	6.43183	6.38356	6.57537	6.5458
1.06399	6.44663	6.55759	6.42948	6.49865	6.33042	6.44045	6.44588	6.5063	6.5479
1.07144	6.4893	6.59061	6.43917	6.4826	6.34175	6.39128	6.45902	6.52113	6.52872
1.07893	6.48407	6.52021	6.43524	6.48227	6.37121	6.38182	6.39548	6.50575	6.56048
1.08648	6.49116	6.54889	6.40862	6.37809	6.33118	6.43052	6.45312	6.54738	6.56582
1.09407	6.46243	6.52695	6.481	6.44807	6.38036	6.43249	6.46357	6.48212	6.57031
1.10174	6.47931	6.58531	6.4147	6.4568	6.35969	6.46663	6.49574	6.45425	6.60686
1.10944	6.49649	6.59314	6.44591	6.43517	6.36784	6.46704	6.46037	6.57412	6.59477
1.1172	6.54553	6.59124	6.39377	6.43648	6.3903	6.431	6.38896	6.52271	6.57709
1.12501	6.51888	6.57248	6.43243	6.4485	6.33336	6.37571	6.43858	6.54333	6.53511
1.13287	6.50706	6.55322	6.43815	6.4596	6.38826	6.45209	6.43618	6.48361	6.58574
1.1408	6.50407	6.56635	6.36912	6.43744	6.35341	6.4565	6.48123	6.48895	6.57921
1.14877	6.48582	6.52192	6.41384	6.42744	6.38716	6.43509	6.49217	6.53247	6.65333
1.15681	6.52294	6.58042	6.45858	6.45377	6.40566	6.46937	6.48131	6.51948	6.6197
1.1649	6.53798	6.58859	6.47777	6.3993	6.34955	6.45674	6.42147	6.55073	6.55762
1.17304	6.50949	6.52229	6.43304	6.45565	6.36744	6.45672	6.48098	6.45577	6.5555
1.18124	6.47753	6.57118	6.47029	6.44488	6.34664	6.41068	6.45975	6.48423	6.55374
1.1895	6.48868	6.58397	6.44197	6.4158	6.38355	6.42311	6.47572	6.45686	6.53222
1.19781	6.47905	6.51533	6.43912	6.37717	6.42908	6.47905	6.43488	6.50634	6.56604
1.20619	6.42874	6.58735	6.50574	6.45232	6.37398	6.45923	6.49763	6.47908	6.59436
1.21461	6.54	6.55545	6.45247	6.44557	6.38667	6.40894	6.4747	6.45471	6.5655
1.2231	6.49729	6.54207	6.44209	6.46649	6.35966	6.42491	6.45801	6.55082	6.57895
1.23165	6.52469	6.58343	6.4103	6.39276	6.34043	6.43452	6.50097	6.52532	6.58032
1.24026	6.53477	6.54552	6.39748	6.43899	6.37606	6.42961	6.47763	6.5389	6.55251
1.24892	6.4913	6.54825	6.45725	6.43247	6.38026	6.43881	6.45288	6.52362	6.55522
1.25765	6.42092	6.56076	6.42913	6.4206	6.38312	6.43083	6.50029	6.48821	6.55075
1.26644	6.42792	6.53408	6.48921	6.41079	6.3648	6.453	6.48699	6.48934	6.59256
1.27529	6.46996	6.53495	6.39729	6.46907	6.32531	6.3624	6.52332	6.4937	6.58734
1.2842	6.45285	6.50137	6.40258	6.37708	6.40268	6.41237	6.45899	6.47906	6.54538
1.29316	6.48286	6.63758	6.42147	6.40425	6.37242	6.43468	6.44598	6.4989	6.57107
1.3022	6.52941	6.51978	6.43785	6.41139	6.37897	6.4501	6.46974	6.55557	6.48267
1.3113	6.48564	6.54214	6.4292	6.44974	6.34468	6.41912	6.43703	6.59379	6.55829
1.32045	6.44944	6.54419	6.41973	6.38065	6.36167	6.45099	6.48342	6.55768	6.59571
1.32967	6.51459	6.49778	6.42396	6.42659	6.40169	6.44391	6.49767	6.5244	6.54697
1.33896	6.51603	6.54306	6.36592	6.4202	6.38404	6.42504	6.49323	6.59047	6.55892
1.34831	6.49433	6.54766	6.44005	6.3854	6.35887	6.42743	6.47695	6.48342	6.54098
1.35773	6.50098	6.54377	6.43759	6.40944	6.40541	6.4415	6.4894	6.46577	6.57678
1.36721	6.52474	6.52566	6.43434	6.37616	6.34288	6.37465	6.47163	6.52072	6.56137
1.37675	6.46976	6.55778	6.47135	6.38948	6.37752	6.4137	6.45215	6.4874	6.62727
1.38636	6.44303	6.56526	6.44313	6.42976	6.35661	6.43171	6.44108	6.48026	6.55382
1.39605	6.48267	6.57869	6.40821	6.40226	6.36382	6.37346	6.49726	6.4955	6.57376
1.4058	6.4995	6.58916	6.43396	6.4164	6.36938	6.42106	6.40659	6.48395	6.58621
1.41561	6.4908	6.59734	6.48419	6.4582	6.40824	6.45258	6.47008	6.49666	6.59881
1.42549	6.47874	6.56256	6.44947	6.34039	6.35205	6.44717	6.45855	6.50656	6.58276
1.43544	6.50888	6.5307	6.47352	6.38614	6.39209	6.40269	6.46279	6.53108	6.60078
1.44546	6.46407	6.56775	6.41227	6.37174	6.33313	6.45519	6.41957	6.47189	6.57727
1.45555	6.51683	6.51718	6.41107	6.4151	6.41817	6.43198	6.43248	6.48244	6.55981
1.46571	6.54918	6.55229	6.36543	6.41502	6.37776	6.37296	6.46173	6.50422	6.54049
1.47594	6.502	6.57164	6.43615	6.43599	6.38547	6.4075	6.46069	6.51571	6.55736
1.48624	6.51633	6.54856	6.40971	6.44995	6.30893	6.40605	6.48823	6.494	6.54745
1.49661	6.48816	6.52829	6.39496	6.44622	6.38123	6.38162	6.47743	6.49385	6.60314
1.50705	6.50355	6.58125	6.40624	6.39341	6.37383	6.4983	6.39701	6.49426	6.56408
1.51756	6.4753	6.52358	6.45245	6.47821	6.33106	6.41271	6.46087	6.50177	6.62429
1.52815	6.53552	6.53594	6.41233	6.41223	6.33502	6.35755	6.46382	6.51442	6.58937
1.53881	6.51079	6.51836	6.4419	6.38978	6.32925	6.40481	6.45618	6.55791	6.55567
1.54955	6.49317	6.52706	6.43121	6.46475	6.34372	6.40114	6.43611	6.46371	6.52618
1.56036	6.45177	6.57821	6.43338	6.44503	6.3528	6.39817	6.3965	6.50963	6.58282
1.57125	6.4942	6.53645	6.38869	6.48351	6.33929	6.41051	6.46204	6.49509	6.59746
1.58221	6.4651	6.52918	6.43329	6.43899	6.35418	6.39886	6.52031	6.54922	6.61615
1.59325	6.52325	6.53654	6.432	6.43511	6.35302	6.4536	6.47724	6.48275	6.59159
1.60436	6.52226	6.49768	6.41228	6.43661	6.33559	6.42106	6.42038	6.47959	6.57959
1.61555	6.52537	6.50016	6.45245	6.45169	6.32604	6.4337	6.4386	6.50738	6.64355
1.62681	6.52604	6.48801	6.42733	6.43294	6.34497	6.45102	6.42838	6.52081	6.58429
1.63816	6.52869	6.50651	6.41497	6.4189	6.39902	6.44396	6.40882	6.51108	6.6194
1.64959	6.46303	6.53908	6.38876	6.43672	6.34308	6.42335	6.45993	6.48713	6.60725
1.66109	6.54954	6.51426	6.38821	6.46733	6.31218	6.41606	6.41493	6.50534	6.63103
1.67268	6.47072	6.54862	6.38346	6.42155	6.34874	6.4144	6.46505	6.55416	6.63339
1.68434	6.50387	6.54048	6.42955	6.4578	6.36931	6.43475	6.41055	6.50948	6.61481
1.69609	6.4979	6.48912	6.40776	6.43489	6.35691	6.41372	6.40767	6.56523	6.57085
1.70791	6.47818	6.48029	6.41284	6.4366	6.36409	6.40812	6.44124	6.55753	6.55567
1.71981	6.5125	6.49076	6.39153	6.47974	6.30703	6.40612	6.45197	6.48631	6.59742
1.73181	6.46783	6.50099	6.38953	6.43814	6.3645	6.43356	6.40717	6.52172	6.52151
1.74388	6.50521	6.55196	6.37563	6.44937	6.34845	6.41853	6.39675	6.49845	6.60746
1.75604	6.44398	6.51678	6.43143	6.44729	6.36338	6.40729	6.47019	6.50496	6.63296
1.76828	6.53103	6.53247	6.38843	6.44581	6.38654	6.40364	6.45134	6.53725	6.5802
1.7806	6.51037	6.45813	6.40448	6.49918	6.36015	6.45647	6.43778	6.52275	6.52263
1.79301	6.50131	6.51272	6.37655	6.45287	6.37555	6.42488	6.44713	6.50081	6.57543
1.80551	6.46735	6.49303	6.41135	6.44754	6.3866	6.47545	6.40566	6.51274	6.55811
1.8181	6.44522	6.47705	6.40665	6.49651	6.38663	6.42174	6.45782	6.46463	6.56727
1.83078	6.548	6.53113	6.39519	6.42044	6.32819	6.40174	6.42866	6.53035	6.58257
1.84354	6.47449	6.53047	6.32976	6.52561	6.35328	6.44378	6.43248	6.5374	6.54152
1.85637	6.5335	6.52338	6.40668	6.45327	6.42128	6.43703	6.48033	6.5708	6.53753
1.86931	6.50665	6.51556	6.39155	6.47021	6.4034	6.45085	6.43351	6.50346	6.5543
1.88234	6.50885	6.47758	6.37132	6.5002	6.37863	6.44865	6.43017	6.55454	6.59962
1.89546	6.50621	6.50842	6.39721	6.45702	6.35099	6.47979	6.44092	6.49732	6.56262
1.90866	6.54188	6.4853	6.43441	6.5047	6.36785	6.44377	6.43963	6.54762	6.60862
1.92196	6.51626	6.51863	6.36733	6.47663	6.39413	6.46671	6.48829	6.51566	6.52525
1.93536	6.5225	6.54623	6.36592	6.46738	6.38894	6.46858	6.46735	6.5364	6.60002
1.94885	6.51595	6.51275	6.38439	6.47568	6.4103	6.42324	6.45791	6.54092	6.56713
1.96242	6.59465	6.50452	6.40066	6.52037	6.3415	6.45725	6.46583	6.49762	6.57685
1.9761	6.5218	6.47835	6.34172	6.49085	6.43636	6.42154	6.44565	6.50772	6.5774
1.98986	6.53513	6.48217	6.42718	6.49314	6.34835	6.40791	6.44107	6.52979	6.5908
2.00373	6.5563	6.45469	6.36604	6.5183	6.41119	6.42636	6.43996	6.48294	6.5666
2.01769	6.50582	6.53195	6.35774	6.49688	6.3899	6.38856	6.42516	6.55161	6.60477
2.03174	6.56836	6.52579	6.37531	6.4387	6.34526	6.3999	6.47941	6.54445	6.53451
2.04589	6.52352	6.47183	6.34417	6.52395	6.41712	6.45403	6.47609	6.48094	6.59464
2.06014	6.54577	6.46602	6.36319	6.46565	6.38701	6.44105	6.45725	6.53814	6.54748
2.07449	6.52101	6.53908	6.35948	6.4854	6.38908	6.44659	6.49072	6.53609	6.57589
2.08894	6.48843	6.53038	6.35764	6.48943	6.42813	6.42441	6.46531	6.53191	6.58688
2.10349	6.49316	6.52249	6.35973	6.48943	6.36218	6.43066	6.43648	6.53182	6.53931
2.11814	6.50318	6.5435	6.33133	6.45205	6.38284	6.40037	6.45558	6.52993	6.54715
2.13289	6.48929	6.51624	6.39363	6.50278	6.36944	6.39319	6.42974	6.54873	6.56932
2.14775	6.48728	6.50706	6.35219	6.50743	6.36808	6.38886	6.50616	6.55661	6.53879
2.1627	6.47994	6.49664	6.35639	6.49035	6.36825	6.40852	6.46027	6.57066	6.54738
2.17776	6.50592	6.50719	6.34369	6.49537	6.39841	6.39676	6.47451	6.54533	6.59086
2.19292	6.46254	6.51892	6.38024	6.46384	6.37616	6.39474	6.47987	6.55003	6.52052
2.2082	6.4904	6.49475	6.32695	6.50714	6.38488	6.38193	6.49815	6.59302	6.55102
2.22358	6.47007	6.44873	6.40703	6.48409	6.38202	6.40403	6.46198	6.56115	6.55922
2.23905	6.43528	6.50653	6.38939	6.44141	6.40014	6.42616	6.47079	6.54348	6.60509
2.25465	6.47959	6.48086	6.38972	6.45156	6.36951	6.40647	6.47404	6.5739	6.56352
2.27034	6.45144	6.515	6.42377	6.50354	6.37785	6.40788	6.46321	6.54428	6.56536
2.28615	6.48561	6.45385	6.34697	6.47606	6.37423	6.38805	6.5184	6.51062	6.53998
2.30206	6.47316	6.50059	6.44206	6.4383	6.40238	6.3774	6.49588	6.53642	6.5386
2.31809	6.48675	6.46453	6.39808	6.46608	6.3932	6.41507	6.44973	6.55986	6.53293
2.33422	6.4578	6.49555	6.38263	6.49857	6.40665	6.3874	6.43919	6.54145	6.56472
2.35048	6.51655	6.50789	6.40757	6.50819	6.34858	6.39801	6.46023	6.58453	6.56932
2.36684	6.53426	6.47772	6.38487	6.44829	6.36013	6.43034	6.45804	6.54693	6.53684
2.38331	6.50266	6.42489	6.36555	6.48534	6.39116	6.41913	6.4989	6.50536	6.56377
2.3999	6.49572	6.47543	6.37105	6.45835	6.36418	6.41088	6.47705	6.53952	6.5472
2.41661	6.45419	6.4867	6.41486	6.48218	6.40228	6.40985	6.51321	6.54716	6.50568
2.43342	6.47633	6.4374	6.38479	6.48197	6.37761	6.4577	6.45991	6.55955	6.57826
2.45036	6.52502	6.47131	6.38502	6.43842	6.41385	6.3895	6.51596	6.53335	6.53215
2.46743	6.49792	6.47303	6.38012	6.47438	6.40792	6.45637	6.47855	6.54227	6.54003
2.4846	6.50387	6.46888	6.44034	6.49097	6.38593	6.43768	6.51645	6.51424	6.48329
2.50189	6.46575	6.46636	6.3871	6.46856	6.38889	6.46361	6.47944	6.52564	6.59408
2.5193	6.47355	6.47804	6.38774	6.47874	6.41264	6.41323	6.50284	6.54693	6.56562
2.53682	6.52176	6.465	6.37879	6.47759	6.43396	6.41183	6.50897	6.5145	6.52451
2.55449	6.48947	6.44522	6.38028	6.44451	6.39881	6.41673	6.47707	6.496	6.52691
2.57226	6.49593	6.47677	6.42745	6.49251	6.39811	6.40695	6.51559	6.52152	6.52494
2.59016	6.48094	6.47656	6.39576	6.47375	6.44996	6.40696	6.54706	6.52542	6.55709
2.60819	6.52947	6.48742	6.41682	6.45465	6.39746	6.39984	6.5136	6.51278	6.53966
2.62634	6.49063	6.50426	6.43484	6.49354	6.39424	6.44244	6.46852	6.52713	6.51872
2.6446	6.46362	6.50748	6.42829	6.4553	6.40515	6.40279	6.53561	6.508	6.53819
2.66301	6.4858	6.48876	6.42781	6.49707	6.39482	6.41843	6.54256	6.50779	6.56794
2.68154	6.5054	6.45559	6.43891	6.48037	6.42051	6.40464	6.48616	6.4832	6.54053
2.70019	6.52834	6.47406	6.43126	6.44237	6.4027	6.42124	6.53394	6.53417	6.5711
2.71898	6.46078	6.45964	6.45923	6.50593	6.34469	6.41271	6.5093	6.51025	6.53986
2.7379	6.49323	6.45107	6.39225	6.49562	6.37687	6.37529	6.52633	6.53631	6.48207
2.75694	6.45241	6.42372	6.41427	6.48809	6.385	6.42892	6.49684	6.51469	6.50121
2.77612	6.49336	6.46312	6.422	6.45693	6.36607	6.40449	6.49939	6.53363	6.53156
2.79544	6.49248	6.44374	6.41369	6.46974	6.35769	6.38842	6.48697	6.51803	6.52604
2.81487	6.48721	6.42585	6.4015	6.4967	6.35797	6.41879	6.49445	6.51382	6.50693
2.83446	6.45773	6.4508	6.41668	6.50415	6.37781	6.40407	6.49078	6.49907	6.49637
2.85418	6.45487	6.4897	6.40688	6.50283	6.38731	6.40899	6.49954	6.55137	6.47772
2.87404	6.46202	6.48428	6.38569	6.4935	6.35038	6.40011	6.47165	6.5133	6.47743
2.89403	6.46506	6.45224	6.43096	6.47465	6.42564	6.39039	6.49991	6.53277	6.48802
2.91415	6.46562	6.49846	6.41162	6.48553	6.37408	6.3987	6.48083	6.51243	6.46501
2.93443	6.46315	6.48996	6.38233	6.44141	6.39473	6.39269	6.44388	6.52766	6.48428
2.95484	6.4789	6.51958	6.38219	6.47768	6.37729	6.39069	6.49599	6.55363	6.50026
2.97539	6.49048	6.51134	6.38307	6.47459	6.34273	6.4016	6.46814	6.50805	6.4997
2.99607	6.48385	6.50682	6.40947	6.47083	6.38409	6.38125	6.48665	6.45219	6.49704
3.01691	6.48224	6.51175	6.41186	6.49546	6.37587	6.41346	6.48751	6.50167	6.50674
3.0379	6.47272	6.50381	6.40417	6.49314	6.34671	6.36504	6.45651	6.49166	6.47503
3.05903	6.46939	6.48605	6.40905	6.47324	6.34937	6.36449	6.46964	6.50326	6.50503
3.0803	6.48131	6.53796	6.39545	6.49174	6.39775	6.3969	6.49045	6.50098	6.52454
3.10171	6.48365	6.51761	6.38209	6.46517	6.35078	6.35528	6.47298	6.50314	6.50844
3.12329	6.44349	6.50032	6.4047	6.45336	6.36824	6.37926	6.48699	6.53312	6.49852
3.145	6.49106	6.5024	6.38833	6.49154	6.35069	6.33847	6.4702	6.52954	6.52322
3.16687	6.45665	6.49645	6.38843	6.48543	6.39799	6.33689	6.466	6.48516	6.51719
3.1889	6.44796	6.52526	6.40916	6.5177	6.32127	6.35226	6.43431	6.4876	6.50278
3.21108	6.45881	6.52307	6.39332	6.49427	6.37031	6.35994	6.45771	6.50334	6.53839
3.2334	6.43497	6.53773	6.38369	6.53541	6.37298	6.36418	6.45339	6.525	6.51743
3.25588	6.4315	6.5299	6.40225	6.51744	6.32494	6.32655	6.47386	6.50201	6.55539
3.27851	6.4051	6.54467	6.46163	6.51227	6.34948	6.36482	6.45685	6.50915	6.52693
3.30131	6.41634	6.54897	6.40988	6.53003	6.3468	6.35592	6.46568	6.497	6.54291
3.32426	6.41289	6.53703	6.40682	6.50766	6.32485	6.35317	6.46041	6.48599	6.53435
3.34737	6.41535	6.50139	6.39539	6.52537	6.33729	6.34722	6.43377	6.45517	6.52448
3.37065	6.42969	6.53085	6.4387	6.54122	6.36482	6.35633	6.46512	6.4602	6.52609
3.39409	6.41873	6.51726	6.43804	6.48891	6.34327	6.36997	6.44104	6.51457	6.53021
3.41768	6.46801	6.52747	6.44208	6.5227	6.33648	6.39975	6.42379	6.44762	6.5317
3.44144	6.44509	6.50913	6.4156	6.49447	6.32227	6.36939	6.41246	6.47469	6.55413
3.46536	6.42139	6.52196	6.43831	6.46572	6.29664	6.34606	6.47452	6.45403	6.56127
3.48945	6.40477	6.51119	6.43676	6.48027	6.32949	6.40721	6.44879	6.41267	6.57078
3.51371	6.43583	6.50145	6.39902	6.47556	6.29258	6.39281	6.4577	6.44466	6.58797
3.53814	6.45306	6.51024	6.4243	6.47629	6.33459	6.41519	6.45534	6.45923	6.58978
3.56273	6.45556	6.48596	6.40095	6.48244	6.29831	6.42987	6.39285	6.45248	6.55806
3.58749	6.43295	6.49069	6.42028	6.48249	6.30307	6.41206	6.41708	6.4702	6.57494
3.61243	6.45157	6.48321	6.40585	6.51637	6.30613	6.37565	6.40901	6.46628	6.54207
3.63754	6.4591	6.46875	6.427	6.49098	6.30486	6.40331	6.42026	6.41955	6.56267
3.66283	6.42288	6.48844	6.41555	6.45537	6.34585	6.44563	6.45997	6.46228	6.57681
3.68829	6.46179	6.50656	6.43391	6.48824	6.31842	6.4513	6.40481	6.44412	6.52899
3.71391	6.50585	6.48574	6.40975	6.479	6.2803	6.3951	6.42754	6.46665	6.60212
3.73973	6.47134	6.48558	6.41796	6.48552	6.3013	6.41979	6.42376	6.46491	6.55716
3.76572	6.46408	6.48481	6.42975	6.47959	6.31098	6.42728	6.45035	6.4808	6.56679
3.7919	6.47988	6.5035	6.43403	6.47511	6.26851	6.41924	6.43946	6.4791	6.57776
3.81825	6.47514	6.49916	6.4143	6.49496	6.32115	6.44119	6.40296	6.47365	6.52823
3.84479	6.51647	6.47678	6.42531	6.44975	6.27648	6.45955	6.44222	6.45634	6.5403
3.8715	6.49398	6.4961	6.42876	6.47369	6.29242	6.40787	6.39816	6.50962	6.54956
3.89841	6.50056	6.48612	6.40034	6.43949	6.30428	6.40139	6.40836	6.5007	6.54293
3.9255	6.49698	6.4882	6.44441	6.47364	6.29546	6.40734	6.4111	6.50404	6.54466
3.95278	6.4922	6.50679	6.4105	6.47709	6.27847	6.43155	6.3943	6.47657	6.55825
3.98025	6.50879	6.52224	6.43465	6.44522	6.3116	6.3915	6.39905	6.48564	6.56261
4.00791	6.4941	6.52355	6.46122	6.48949	6.32633	6.40585	6.44477	6.53021	6.54508
4.03576	6.49639	6.5005	6.42561	6.44758	6.32305	6.4075	6.39759	6.52282	6.5747
4.0638	6.50943	6.50118	6.45107	6.45512	6.33755	6.3771	6.42714	6.50303	6.56355
4.09204	6.45398	6.49216	6.41024	6.45786	6.36526	6.39935	6.44476	6.51596	6.54195
4.12047	6.49467	6.49799	6.43295	6.4651	6.35258	6.39464	6.44725	6.52125	6.54873
4.1491	6.50043	6.49468	6.41084	6.47689	6.37159	6.38457	6.42039	6.54715	6.58689
4.17794	6.49026	6.51028	6.41196	6.49862	6.34615	6.42091	6.42347	6.51439	6.58245
4.20696	6.50005	6.50986	6.4317	6.43677	6.3875	6.39519	6.43666	6.48162	6.56438
4.2362	6.48063	6.52219	6.41019	6.44627	6.36075	6.40463	6.43138	6.54176	6.59884
4.26563	6.4635	6.51825	6.4059	6.42265	6.37632	6.40322	6.42581	6.50345	6.54865
4.29526	6.46473	6.51575	6.42835	6.44853	6.37195	6.37401	6.45662	6.49914	6.5611
4.32511	6.45045	6.50286	6.4143	6.40935	6.39794	6.41365	6.45055	6.47618	6.57713
4.35516	6.48325	6.48714	6.40306	6.44117	6.36859	6.41549	6.46725	6.5126	6.5828
4.38541	6.49458	6.51335	6.43563	6.42496	6.3905	6.39367	6.45743	6.48122	6.55622
4.41589	6.47443	6.50243	6.39368	6.44972	6.35653	6.41316	6.47876	6.51213	6.58721
4.44656	6.49333	6.50287	6.38064	6.43966	6.377	6.4117	6.45405	6.47186	6.60829
4.47745	6.48876	6.49079	6.40909	6.4372	6.40399	6.42233	6.44705	6.5092	6.56805
4.50856	6.47757	6.48378	6.4173	6.42087	6.38516	6.42636	6.47391	6.48511	6.58003
4.53988	6.4855	6.5353	6.4195	6.41311	6.36137	6.42086	6.46241	6.48961	6.53871
4.57142	6.50051	6.51403	6.36649	6.43477	6.36607	6.4065	6.44275	6.51046	6.5765
4.60318	6.47597	6.53011	6.41289	6.39221	6.35164	6.42726	6.45647	6.51837	6.54948
4.63515	6.46555	6.51152	6.43406	6.40329	6.37564	6.4372	6.44916	6.46753	6.5775
4.66735	6.4861	6.55487	6.39017	6.40856	6.34318	6.40793	6.43613	6.487	6.59239
4.69978	6.49331	6.53576	6.41578	6.40192	6.36563	6.38852	6.43398	6.47203	6.57205
4.73243	6.47335	6.5403	6.42219	6.42051	6.33619	6.39684	6.45139	6.476	6.55672
4.76529	6.48414	6.54386	6.40318	6.41838	6.36275	6.40434	6.40041	6.48525	6.56784
4.79839	6.47499	6.55223	6.39802	6.44064	6.36641	6.38753	6.4067	6.51491	6.59339
4.83173	6.47749	6.49913	6.40882	6.43736	6.33558	6.42093	6.44279	6.5156	6.57278
4.86529	6.47247	6.5184	6.41528	6.44376	6.35185	6.41395	6.44841	6.4949	6.59733
4.89908	6.45793	6.52308	6.40545	6.45792	6.35283	6.3896	6.41837	6.50604	6.60666
4.93311	6.48346	6.49176	6.39064	6.44838	6.32729	6.42224	6.42549	6.49964	6.58282
4.96737	6.49232	6.50594	6.40632	6.43048	6.34585	6.4085	6.41361	6.50685	6.5906
5.00187	6.52266	6.5018	6.39933	6.45741	6.34776	6.40839	6.41618	6.51445	6.59881
5.03661	6.45853	6.52939	6.41634	6.44681	6.3586	6.41925	6.43291	6.51527	6.56199
5.0716	6.49218	6.53527	6.38041	6.5008	6.34655	6.40925	6.45322	6.51209	6.57641
5.10681	6.50049	6.529	6.41111	6.47071	6.3678	6.44279	6.43818	6.51216	6.54066
5.14229	6.49181	6.50103	6.35744	6.48689	6.35924	6.43696	6.42102	6.49395	6.57741
5.178	6.53573	6.51662	6.36346	6.47717	6.34424	6.46772	6.44185	6.51007	6.55959
5.21396	6.50435	6.50226	6.36384	6.48744	6.3847	6.43185	6.44065	6.52319	6.55572
5.25017	6.50441	6.51271	6.36618	6.50036	6.37785	6.45743	6.45394	6.52581	6.55886
5.28664	6.51189	6.52028	6.37597	6.48901	6.37658	6.41418	6.43198	6.53328	6.57434
5.32335	6.52025	6.5351	6.3673	6.45378	6.37289	6.4125	6.42973	6.53125	6.53653
5.36031	6.50602	6.49115	6.32782	6.49115	6.38442	6.38019	6.43553	6.55307	6.5776
5.39754	6.46201	6.48974	6.35893	6.45313	6.38024	6.4097	6.45888	6.53367	6.56502
5.43503	6.46802	6.49486	6.36597	6.47952	6.37877	6.41283	6.45772	6.55516	6.54053
5.47277	6.48023	6.48122	6.37061	6.47639	6.39791	6.40157	6.43819	6.56947	6.55258
5.51078	6.47955	6.48657	6.39522	6.46142	6.36018	6.42968	6.44277	6.53574	6.54001
5.54904	6.47392	6.49242	6.36279	6.46684	6.39743	6.39606	6.43205	6.50898	6.52287
5.58757	6.46022	6.49505	6.40731	6.46353	6.39453	6.38413	6.44913	6.53639	6.53902
5.62638	6.47225	6.47652	6.40017	6.46791	6.39453	6.4149	6.46369	6.52911	6.52494
5.66545	6.47118	6.48403	6.38365	6.46846	6.40579	6.41612	6.44569	6.52817	6.54138
5.70479	6.47956	6.50803	6.39759	6.45641	6.40224	6.42342	6.4815	6.53151	6.50582
5.7444	6.48061	6.48581	6.43054	6.47442	6.42161	6.42626	6.47232	6.53216	6.50435
5.78429	6.46806	6.49335	6.39915	6.47638	6.43027	6.39214	6.48039	6.51405	6.54211
5.82445	6.49207	6.48223	6.40877	6.47818	6.41439	6.4067	6.49008	6.52777	6.51912
5.86489	6.47615	6.49495	6.44897	6.49264	6.40719	6.42055	6.50484	6.55399	6.51022
5.90561	6.46111	6.45756	6.41933	6.48305	6.39652	6.40848	6.51591	6.52412	6.51991
5.94663	6.46753	6.47221	6.43018	6.47589	6.40187	6.38319	6.483	6.54715	6.51286
5.98791	6.46522	6.447	6.44996	6.47293	6.39786	6.38513	6.49409	6.52625	6.53698
6.02949	6.46494	6.48136	6.42118	6.51049	6.36527	6.40252	6.44838	6.5234	6.49761
6.07135	6.4709	6.45591	6.41161	6.47525	6.39118	6.41691	6.45622	6.50337	6.50971
6.1135	6.46934	6.47062	6.42397	6.48038	6.38311	6.38105	6.44435	6.55935	6.50164
6.15595	6.46119	6.45076	6.42378	6.49074	6.38941	6.38723	6.45725	6.53037	6.52258
6.19869	6.45869	6.48379	6.41748	6.4881	6.41836	6.40922	6.44383	6.51191	6.49732
6.24172	6.46556	6.46448	6.40821	6.47254	6.37444	6.39918	6.44323	6.50561	6.47402
6.28506	6.42783	6.50642	6.39867	6.49413	6.38482	6.37079	6.45065	6.50675	6.47725
6.3287	6.47705	6.49365	6.42498	6.48348	6.39113	6.40072	6.46723	6.49188	6.5021
6.37264	6.46351	6.50279	6.39396	6.48803	6.37995	6.39734	6.46906	6.49262	6.51861
6.41687	6.45824	6.51057	6.4196	6.49649	6.39146	6.39788	6.46866	6.50674	6.50865
6.46142	6.44651	6.49492	6.41801	6.51065	6.36611	6.36622	6.46205	6.49403	6.5351
6.50629	6.44637	6.52746	6.41986	6.54298	6.36512	6.3817	6.47333	6.52507	6.50571
6.55145	6.43581	6.52636	6.3975	6.53274	6.35966	6.37287	6.4716	6.47054	6.53163
6.59694	6.42636	6.50568	6.42243	6.49814	6.34925	6.38043	6.46904	6.49518	6.5484
6.64274	6.43747	6.52393	6.42229	6.50807	6.32024	6.36094	6.46052	6.49305	6.53158
6.68885	6.42053	6.51998	6.41054	6.50679	6.35746	6.38689	6.44851	6.47154	6.5541
6.73527	6.4628	6.49986	6.43478	6.45256	6.35861	6.38963	6.40664	6.46514	6.56423
6.78204	6.4543	6.53527	6.42386	6.45876	6.32529	6.409	6.40931	6.46052	6.56279
6.82911	6.47272	6.52236	6.43218	6.47888	6.35518	6.41773	6.42483	6.46093	6.54969
6.87652	6.45971	6.5071	6.41046	6.4804	6.33129	6.41375	6.412	6.4423	6.55054
6.92426	6.47228	6.50564	6.42603	6.48639	6.32562	6.40418	6.41431	6.48876	6.55681
6.97232	6.48131	6.50761	6.42525	6.47131	6.32588	6.42249	6.42301	6.47158	6.54274
7.02072	6.47272	6.49877	6.41244	6.49625	6.30344	6.41961	6.41856	6.48229	6.54511
7.06946	6.50154	6.49765	6.44126	6.48379	6.31267	6.41433	6.40259	6.49495	6.54566
7.11853	6.48535	6.50142	6.41682	6.5	6.32354	6.40987	6.41428	6.48785	6.54617
7.16794	6.49947	6.49612	6.44546	6.47432	6.32187	6.41428	6.41664	6.49692	6.54908
7.2177	6.48683	6.51907	6.42949	6.46942	6.31486	6.41538	6.39084	6.52081	6.57062
7.2678	6.48303	6.52219	6.4361	6.46852	6.32708	6.41911	6.40995	6.51626	6.52335
7.31825	6.4605	6.51031	6.44997	6.44381	6.35431	6.40728	6.40315	6.50099	6.549
7.36904	6.45168	6.51602	6.43022	6.4395	6.34684	6.38014	6.41574	6.54109	6.56532
7.42019	6.44885	6.51176	6.42463	6.4279	6.36473	6.40129	6.38856	6.50719	6.55853
7.4717	6.42974	6.5311	6.44751	6.45792	6.36496	6.40903	6.40704	6.50563	6.55665
7.52355	6.44353	6.5225	6.4193	6.44678	6.37175	6.40889	6.44849	6.51239	6.56948
7.57578	6.45589	6.52371	6.41705	6.44618	6.37209	6.39499	6.4487	6.50438	6.55084
7.62836	6.451	6.51055	6.42619	6.43753	6.3774	6.40701	6.44086	6.51093	6.5773
7.6813	6.44534	6.50626	6.43543	6.42214	6.39767	6.41138	6.47095	6.47609	6.56588
7.73461	6.45	6.52819	6.41091	6.44956	6.3741	6.39412	6.44544	6.4836	6.57933
7.7883	6.46005	6.55617	6.4586	6.4197	6.35945	6.4167	6.46696	6.50965	6.57714
7.84236	6.46011	6.54541	6.43627	6.43232	6.36479	6.41904	6.4827	6.50386	6.572
7.89679	6.47868	6.56113	6.43417	6.43652	6.35166	6.41244	6.47311	6.50434	6.58317
7.95159	6.44781	6.53914	6.4225	6.43866	6.36277	6.41863	6.46722	6.49274	6.57521
8.00677	6.48131	6.52738	6.42324	6.42187	6.35709	6.4264	6.43804	6.49922	6.60058
8.06235	6.4561	6.5098	6.40276	6.46647	6.35572	6.42538	6.4371	6.5151	6.60176
8.1183	6.48702	6.50999	6.40696	6.45625	6.34952	6.40877	6.44991	6.50335	6.61046
8.17465	6.47199	6.52438	6.39235	6.477	6.37026	6.41777	6.42335	6.49696	6.56846
8.23137	6.47977	6.50932	6.38816	6.46655	6.35833	6.42695	6.42258	6.50459	6.59985
8.28851	6.44793	6.49395	6.37325	6.47916	6.37286	6.42706	6.41648	6.52437	6.557
8.34603	6.46608	6.50986	6.3828	6.49693	6.38064	6.43876	6.44441	6.52777	6.55766
8.40395	6.52411	6.49089	6.38461	6.49126	6.39866	6.45617	6.43124	6.51446	6.5792
8.46227	6.49847	6.5352	6.36204	6.48424	6.39447	6.43215	6.42854	6.51034	6.56112
8.521	6.51489	6.51549	6.36655	6.48635	6.38029	6.44399	6.43657	6.51143	6.56733
8.58014	6.46716	6.499	6.34826	6.47438	6.38795	6.42107	6.45106	6.52235	6.54375
8.63968	6.46706	6.49287	6.34771	6.47359	6.38506	6.39947	6.45999	6.5305	6.56569
8.69964	6.47295	6.50515	6.37179	6.44864	6.36451	6.4009	6.45633	6.55032	6.56245
8.76001	6.47334	6.50396	6.38523	6.47	6.38145	6.41257	6.42096	6.54877	6.54741
8.8208	6.48417	6.5051	6.37806	6.47894	6.3854	6.4121	6.43921	6.54616	6.53461
8.88201	6.47804	6.47919	6.37033	6.47015	6.39308	6.41072	6.44787	6.53011	6.53254
8.94365	6.46934	6.48768	6.39107	6.47124	6.3967	6.4046	6.47194	6.53721	6.52997
9.00571	6.47603	6.47523	6.41932	6.46729	6.40764	6.41118	6.43966	6.53582	6.52603
9.0682	6.46211	6.46807	6.42561	6.48347	6.38538	6.40996	6.46534	6.52984	6.50729
9.13114	6.45388	6.45056	6.40504	6.49549	6.3628	6.40043	6.46725	6.52326	6.50375
9.1945	6.47452	6.4634	6.42793	6.49846	6.36891	6.39928	6.49344	6.51101	6.50847
9.2583	6.46067	6.46026	6.41904	6.47518	6.36426	6.38751	6.47681	6.49982	6.47432
9.32254	6.44592	6.45951	6.41606	6.49619	6.37271	6.39038	6.46237	6.50835	6.49859
9.38724	6.45883	6.44722	6.40377	6.48591	6.36732	6.37273	6.46658	6.50308	6.47914
9.45238	6.44345	6.49028	6.41125	6.50893	6.3621	6.37767	6.46704	6.50481	6.51067
9.51796	6.47626	6.48106	6.40892	6.50736	6.35567	6.36413	6.45831	6.49774	6.48111
9.58401	6.45944	6.5119	6.43579	6.5093	6.34948	6.34499	6.47489	6.48153	6.51128
9.65051	6.44752	6.50893	6.41505	6.51758	6.37023	6.35182	6.45392	6.47257	6.50782
9.71747	6.43999	6.51289	6.43304	6.52952	6.36038	6.32837	6.46126	6.48091	6.51188
9.7849	6.41979	6.51611	6.42398	6.51461	6.33826	6.35355	6.4657	6.47728	6.52774
9.8528	6.41841	6.53015	6.42119	6.49338	6.32836	6.34754	6.43872	6.4637	6.54767
9.92116	6.41522	6.50807	6.42311	6.47614	6.34761	6.34742	6.43737	6.45646	6.57026
10	6.43501	6.51921	6.41871	6.46266	6.32242	6.37378	6.46567	6.46355	6.58868
