0.001025	8.29844
0.00205	8.56258
0.003075	8.53265
0.0041	8.50017
0.0051375	8.40721
0.0061625	8.43021
0.0072	8.45279
0.0082375	8.38097
0.009275	8.36743
0.0103125	8.37395
0.01135	8.36942
0.0123875	8.33603
0.0134375	8.3774
0.014475	8.404
0.015525	8.39203
0.016575	8.35508
0.017625	8.35215
0.0186875	8.32111
0.0197375	8.30196
0.0207875	8.25872
0.02185	8.30826
0.0229125	8.32443
0.023975	8.31089
0.0250375	8.31914
0.0261	8.31827
0.027175	8.29827
0.0282375	8.3578
0.0293125	8.34553
0.0303875	8.33598
0.0314625	8.34752
0.0325375	8.308
0.0336125	8.35557
0.0347	8.29547
0.035775	8.26068
0.0368625	8.30283
0.03795	8.28434
0.0390375	8.29322
0.040125	8.3211
0.0412125	8.30715
0.0423125	8.25973
0.0434	8.24389
0.0445	8.25888
0.0456	8.29768
0.0467	8.2871
0.0478	8.24574
0.0489	8.24224
0.0500125	8.33347
0.051125	8.26627
0.052225	8.23556
0.0533375	8.30063
0.0544625	8.21115
0.055575	8.26807
0.0566875	8.20788
0.0578125	8.25055
0.058925	8.25012
0.06005	8.2065
0.061175	8.21688
0.0623125	8.25448
0.0634375	8.25275
0.0645625	8.13137
0.0657	8.17605
0.0668375	8.21399
0.067975	8.23184
0.0691125	8.25695
0.07025	8.17413
0.0714	8.20942
0.0725375	8.20996
0.0736875	8.19179
0.0748375	8.18066
0.0759875	8.17901
0.0771375	8.21167
0.0782875	8.21138
0.07945	8.18007
0.0806125	8.17718
0.0817625	8.21719
0.082925	8.21678
0.0840875	8.15731
0.0852625	8.16463
0.086425	8.19673
0.0876	8.11615
0.088775	8.16887
0.08995	8.21444
0.091125	8.17508
0.0923	8.19457
0.093475	8.15892
0.0946625	8.1723
0.09585	8.12272
0.0970375	8.16223
0.098225	8.13767
0.0994125	8.18796
0.1006	8.18771
0.1018	8.17065
0.103	8.1748
0.104188	8.17434
0.1054	8.16517
0.1066	8.15985
0.1078	8.12021
0.109012	8.16092
0.110212	8.13881
0.111425	8.13982
0.112637	8.17243
0.11385	8.15751
0.115075	8.15236
0.116287	8.15273
0.117513	8.09405
0.118737	8.17241
0.119962	8.19174
0.121188	8.1342
0.122413	8.1278
0.12365	8.15004
0.124888	8.15002
0.126125	8.11562
0.127363	8.07901
0.1286	8.12695
0.129837	8.12675
0.131087	8.13671
0.132325	8.10878
0.133575	8.14921
0.134825	8.16544
0.136088	8.16522
0.137338	8.09757
0.1386	8.10939
0.13985	8.0283
0.141113	8.12068
0.142375	8.08912
0.14365	8.10248
0.144912	8.05342
0.146187	8.10021
0.14745	8.12664
0.148725	8.12694
0.15	8.0856
0.151287	8.08034
0.152562	8.13868
0.15385	8.07085
0.155137	8.09796
0.156425	8.12903
0.157713	8.07295
0.159	8.07584
0.1603	8.14351
0.161588	8.0341
0.162887	8.08173
0.164188	8.07255
0.1655	8.11326
0.1668	8.05473
0.168113	8.0591
0.169412	8.06966
0.170725	8.04673
0.172037	8.03652
0.173362	8.05146
0.174675	8.10311
0.176	8.06546
0.177325	8.00762
0.17865	8.02564
0.179975	8.06915
0.1813	8.08703
0.182637	8.05656
0.183975	8.01954
0.1853	8.01727
0.18665	8.0661
0.187988	8.07254
0.189325	8.04328
0.190675	8.00038
0.192025	7.99401
0.193375	8.07696
0.194725	8.07407
0.196075	8.04665
0.197437	8.07739
0.1988	8.01365
0.200163	8.04928
0.201525	8.0673
0.202888	8.02655
0.204262	8.03618
0.205625	8.014
0.207	8.03566
0.208375	8.03511
0.209762	8.01205
0.211138	8.03333
0.212525	8.01275
0.2139	8.04013
0.2153	8.01383
0.216688	7.97882
0.218075	7.95336
0.219475	7.9855
0.220862	7.94383
0.222263	8.00271
0.223675	7.98676
0.225075	7.96619
0.226475	8.02538
0.227887	8.02351
0.2293	7.99765
0.230713	7.99268
0.232125	8.03724
0.23355	7.99553
0.234975	8.00947
0.2364	8.00117
0.237825	7.99554
0.23925	8.02682
0.240675	8.05622
0.242113	8.02248
0.24355	7.98474
0.244988	7.98198
0.246425	7.9741
0.247875	7.96939
0.249313	7.99492
0.250762	7.9816
0.252212	7.97451
0.253662	7.98654
0.255125	7.93526
0.256575	7.96773
0.258038	7.96888
0.2595	7.99693
0.260975	7.97564
0.262437	7.96604
0.263912	7.96628
0.265375	7.97104
0.26685	7.96798
0.268337	7.92664
0.269812	7.99056
0.2713	7.93939
0.272788	7.95692
0.274275	7.94975
0.275762	7.97296
0.27725	7.95908
0.27875	7.95426
0.28025	7.98543
0.28175	7.94998
0.28325	7.95494
0.284763	7.92037
0.286263	7.92548
0.287775	7.9467
0.289288	7.95172
0.290812	7.9461
0.292325	7.9916
0.29385	7.94415
0.295375	7.89729
0.2969	7.92904
0.298425	7.97313
0.299962	7.91976
0.301488	7.96415
0.303025	7.96049
0.304575	7.92618
0.306112	7.94401
0.30765	7.95163
0.3092	7.91672
0.31075	7.9468
0.3123	7.9077
0.313863	7.93647
0.315425	7.95975
0.316975	7.91396
0.318538	7.93794
0.320112	7.94095
0.321675	7.92316
0.32325	7.91006
0.324825	7.94757
0.3264	7.96756
0.327975	7.89044
0.329562	7.89468
0.33115	7.93131
0.332738	7.94179
0.334325	7.90063
0.335912	7.90742
0.337512	7.89296
0.339112	7.93006
0.340712	7.87558
0.342313	7.89066
0.343925	7.89907
0.345538	7.8684
0.34715	7.9213
0.348763	7.88911
0.350375	7.90997
0.352	7.88023
0.353625	7.89296
0.35525	7.87593
0.356875	7.84099
0.3585	7.86364
0.360137	7.92403
0.361775	7.92058
0.363412	7.89065
0.365063	7.88405
0.3667	7.83475
0.36835	7.88737
0.37	7.84598
0.371662	7.8594
0.373313	7.89164
0.374975	7.82749
0.376637	7.9063
0.3783	7.86221
0.379963	7.84156
0.381638	7.88562
0.383312	7.87518
0.384988	7.83639
0.386663	7.86314
0.38835	7.82589
0.390038	7.82957
0.391725	7.79994
0.393413	7.86506
0.395113	7.866
0.3968	7.88887
0.3985	7.86853
0.4002	7.84609
0.401913	7.85736
0.403625	7.82466
0.405325	7.81902
0.40705	7.83771
0.408763	7.84912
0.410475	7.83324
0.4122	7.79788
0.413925	7.83255
0.415662	7.81121
0.417387	7.81535
0.419125	7.8027
0.420862	7.82769
0.4226	7.80941
0.42435	7.83962
0.426087	7.80208
0.427837	7.78392
0.4296	7.81078
0.43135	7.83015
0.433113	7.79634
0.434875	7.79419
0.436637	7.80948
0.4384	7.78431
0.440175	7.79325
0.44195	7.79635
0.443725	7.76261
0.4455	7.83281
0.447287	7.84123
0.449062	7.78555
0.450862	7.78997
0.45265	7.73956
0.454437	7.79211
0.456237	7.77169
0.458037	7.77198
0.45985	7.79178
0.46165	7.79974
0.463463	7.83016
0.465275	7.77928
0.467088	7.78085
0.468913	7.79227
0.470737	7.76154
0.472562	7.80539
0.474387	7.76292
0.476225	7.74529
0.47805	7.80897
0.479887	7.78271
0.481737	7.764
0.483575	7.76924
0.485425	7.76945
0.487275	7.74664
0.489125	7.75369
0.490988	7.77287
0.49285	7.72282
0.494713	7.71247
0.496575	7.76315
0.49845	7.72804
0.500313	7.78031
0.502187	7.75547
0.504075	7.76237
0.50595	7.78417
0.507837	7.73371
0.509725	7.76872
0.511625	7.7634
0.513512	7.73754
0.515413	7.72512
0.517313	7.75464
0.519225	7.72144
0.521125	7.73595
0.523037	7.75436
0.52495	7.72802
0.526875	7.72176
0.5288	7.72391
0.530725	7.7063
0.53265	7.71233
0.534575	7.73396
0.536512	7.74781
0.53845	7.6848
0.540388	7.71789
0.542337	7.68775
0.544288	7.70218
0.546238	7.72042
0.548187	7.67794
0.55015	7.7211
0.5521	7.68535
0.554075	7.69927
0.556037	7.69289
0.558012	7.67208
0.559987	7.70465
0.561962	7.72813
0.563937	7.70465
0.565925	7.67867
0.567913	7.72548
0.5699	7.69786
0.5719	7.68238
0.5739	7.6821
0.5759	7.69268
0.5779	7.66865
0.579912	7.70773
0.581925	7.68674
0.583938	7.68391
0.585962	7.68672
0.587975	7.68974
0.59	7.69212
0.592037	7.65628
0.594063	7.66108
0.5961	7.68004
0.598137	7.65727
0.600187	7.67391
0.602225	7.6897
0.604275	7.66823
0.606337	7.63708
0.608387	7.66337
0.61045	7.65059
0.612513	7.6111
0.614575	7.662
0.61665	7.681
0.618725	7.66502
0.6208	7.67087
0.622887	7.62922
0.624963	7.6425
0.627062	7.65592
0.62915	7.65573
0.63125	7.64521
0.633337	7.62247
0.63545	7.66515
0.63755	7.64767
0.639663	7.65695
0.641775	7.63151
0.643888	7.66022
0.646012	7.65882
0.648138	7.65061
0.650262	7.59034
0.6524	7.65472
0.654537	7.65337
0.656675	7.63564
0.658813	7.6179
0.660963	7.62898
0.663113	7.65244
0.665263	7.62861
0.667425	7.60552
0.669587	7.58989
0.67175	7.56526
0.673913	7.63047
0.676087	7.62331
0.678262	7.5785
0.680438	7.62984
0.682625	7.60122
0.684812	7.61215
0.687	7.56906
0.6892	7.6356
0.691387	7.59488
0.6936	7.61113
0.6958	7.63589
0.698012	7.62946
0.700225	7.60363
0.702438	7.59269
0.704663	7.59624
0.706887	7.6088
0.709113	7.56698
0.71135	7.57888
0.713575	7.56907
0.715825	7.58072
0.718063	7.57168
0.720312	7.59287
0.722562	7.56359
0.724813	7.54945
0.727075	7.52683
0.729338	7.55681
0.7316	7.55967
0.733875	7.55891
0.73615	7.56686
0.738425	7.57098
0.740713	7.55901
0.742988	7.57348
0.745287	7.56097
0.747575	7.53928
0.749875	7.52924
0.752175	7.5406
0.754475	7.56446
0.756787	7.55143
0.7591	7.55899
0.761425	7.5355
0.763737	7.55078
0.766062	7.5327
0.7684	7.55511
0.770725	7.52081
0.773063	7.56099
0.7754	7.55953
0.77775	7.52529
0.7801	7.53311
0.78245	7.50753
0.784813	7.51699
0.787175	7.52846
0.789537	7.51687
0.7919	7.51605
0.794275	7.49247
0.79665	7.5197
0.799038	7.5185
0.801425	7.51175
0.803813	7.52056
0.8062	7.53041
0.8086	7.49994
0.811	7.52042
0.813412	7.54019
0.815813	7.49356
0.818237	7.51886
0.82065	7.48646
0.823075	7.47755
0.8255	7.50203
0.827925	7.51972
0.830362	7.50838
0.8328	7.48847
0.83525	7.50944
0.837687	7.4572
0.840137	7.4626
0.8426	7.46842
0.845062	7.51872
0.847525	7.48802
0.849988	7.49182
0.852462	7.47237
0.854937	7.48139
0.857413	7.49398
0.8599	7.47241
0.862387	7.4563
0.864887	7.44353
0.867387	7.49982
0.869887	7.48682
0.872388	7.47549
0.8749	7.40991
0.877412	7.46859
0.879938	7.47882
0.88245	7.4395
0.884987	7.45848
0.887513	7.45903
0.89005	7.45595
0.892587	7.42886
0.895137	7.4694
0.897687	7.41384
0.900238	7.44961
0.9028	7.43793
0.905362	7.46542
0.907925	7.45235
0.9105	7.44508
0.913075	7.43337
0.91565	7.44508
0.918238	7.45158
0.920825	7.43352
0.923413	7.47927
0.926013	7.46064
0.928612	7.44791
0.931225	7.41691
0.933837	7.46432
0.93645	7.46309
0.939062	7.42843
0.941688	7.41865
0.944313	7.42983
0.94695	7.42958
0.949588	7.44229
0.952225	7.40838
0.954875	7.41523
0.957525	7.42903
0.960187	7.40957
0.962838	7.41775
0.965513	7.43906
0.968175	7.41115
0.97085	7.41965
0.973525	7.3807
0.976213	7.3907
0.9789	7.40861
0.981588	7.41289
0.984288	7.40174
0.986987	7.39879
0.989688	7.41191
0.9924	7.41304
0.995112	7.36951
0.997837	7.39772
1.00056	7.41974
1.00329	7.3869
1.00602	7.38391
1.00876	7.38288
1.0115	7.36174
1.01425	7.40136
1.017	7.39969
1.01976	7.38798
1.02252	7.38454
1.02529	7.39806
1.02806	7.41147
1.03084	7.39871
1.03361	7.36561
1.0364	7.37348
1.03919	7.34718
1.04199	7.36455
1.04479	7.34962
1.04759	7.356
1.0504	7.33425
1.05321	7.38234
1.05603	7.35824
1.05885	7.3792
1.06169	7.33309
1.06451	7.35099
1.06735	7.35729
1.0702	7.34152
1.07304	7.3295
1.0759	7.33832
1.07875	7.3471
1.08161	7.32965
1.08449	7.3125
1.08735	7.3682
1.09022	7.35339
1.09311	7.34874
1.096	7.3457
1.09889	7.31893
1.10179	7.34363
1.10469	7.34016
1.1076	7.33387
1.1105	7.3335
1.11343	7.34424
1.11634	7.36085
1.11927	7.31374
1.1222	7.3514
1.12514	7.32144
1.12808	7.31177
1.13102	7.30641
1.13398	7.31142
1.13694	7.31758
1.13989	7.31568
1.14286	7.31979
1.14583	7.31232
1.14881	7.30347
1.15179	7.34547
1.15478	7.30237
1.15776	7.2949
1.16076	7.3119
1.16376	7.31119
1.16677	7.30215
1.16979	7.3081
1.1728	7.29833
1.17582	7.34119
1.17885	7.28652
1.18189	7.28949
1.18492	7.26318
1.18796	7.27336
1.19101	7.29609
1.19406	7.28631
1.19712	7.29801
1.20019	7.28683
1.20326	7.2983
1.20634	7.28156
1.20941	7.28473
1.2125	7.28426
1.21559	7.30513
1.21869	7.30819
1.22179	7.29727
1.22489	7.26646
1.228	7.29329
1.23111	7.26247
1.23424	7.2596
1.23736	7.27374
1.2405	7.26465
1.24364	7.26636
1.24678	7.24098
1.24993	7.26898
1.25309	7.27443
1.25624	7.24649
1.25941	7.27787
1.26258	7.27205
1.26575	7.25088
1.26894	7.25133
1.27213	7.23841
1.27531	7.25069
1.27851	7.21411
1.28171	7.22735
1.28492	7.22954
1.28814	7.23429
1.29135	7.24959
1.29457	7.2214
1.29781	7.24263
1.30104	7.25419
1.30429	7.23328
1.30753	7.21228
1.31079	7.24078
1.31404	7.23051
1.3173	7.24023
1.32057	7.22537
1.32385	7.23094
1.32712	7.21051
1.33041	7.2571
1.3337	7.22094
1.337	7.21689
1.3403	7.21532
1.34361	7.22429
1.34693	7.2194
1.35024	7.21018
1.35356	7.22631
1.3569	7.22176
1.36024	7.20687
1.36357	7.21024
1.36693	7.20144
1.37028	7.2203
1.37364	7.1938
1.377	7.21568
1.38038	7.19354
1.38375	7.18412
1.38713	7.19893
1.39051	7.21188
1.39391	7.19393
1.39731	7.18565
1.40071	7.21537
1.40412	7.16791
1.40755	7.18599
1.41096	7.192
1.4144	7.19137
1.41782	7.2269
1.42128	7.19853
1.42471	7.21976
1.42816	7.17047
1.43163	7.16069
1.43509	7.16223
1.43856	7.17048
1.44204	7.16945
1.44551	7.16095
1.449	7.18592
1.4525	7.17459
1.456	7.16284
1.4595	7.1654
1.46301	7.16365
1.46652	7.15019
1.47005	7.13238
1.47359	7.1687
1.47711	7.15469
1.48066	7.16214
1.4842	7.14595
1.48776	7.16994
1.49133	7.15763
1.49489	7.12741
1.49845	7.16088
1.50204	7.15795
1.50561	7.14911
1.50921	7.11476
1.5128	7.15673
1.5164	7.18216
1.52001	7.14736
1.52363	7.15198
1.52725	7.16329
1.53087	7.1367
1.53451	7.1467
1.53815	7.13209
1.54179	7.14235
1.54545	7.13844
1.5491	7.14189
1.55276	7.12063
1.55644	7.11653
1.56011	7.11811
1.5638	7.14357
1.56749	7.11429
1.57117	7.12353
1.57487	7.13074
1.57859	7.11313
1.5823	7.1165
1.58602	7.11908
1.58975	7.10822
1.59349	7.12978
1.59722	7.13139
1.60098	7.09557
1.60473	7.09056
1.60847	7.10268
1.61225	7.12141
1.61601	7.11114
1.6198	7.08968
1.62357	7.11469
1.62738	7.10006
1.63118	7.09925
1.63497	7.0901
1.63879	7.09872
1.6426	7.10359
1.64643	7.10702
1.65025	7.1024
1.65409	7.06747
1.65794	7.10121
1.66179	7.08786
1.66564	7.07668
1.6695	7.07622
1.67338	7.07236
1.67725	7.07279
1.68113	7.0621
1.68501	7.0746
1.68891	7.07918
1.69281	7.06909
1.69673	7.07499
1.70064	7.08124
1.70456	7.06206
1.70849	7.08141
1.71242	7.0725
1.71637	7.05782
1.72032	7.09413
1.72427	7.08526
1.72824	7.05819
1.73221	7.0443
1.73619	7.05521
1.74016	7.0434
1.74415	7.03931
1.74815	7.06622
1.75215	7.05936
1.75616	7.04695
1.76019	7.03829
1.76421	7.0619
1.76824	7.06214
1.77227	7.04587
1.77632	7.01892
1.78038	7.01316
1.78443	7.01002
1.7885	7.01607
1.79256	7.04341
1.79665	7.04469
1.80074	7.0438
1.80482	7.01318
1.80893	7.01775
1.81304	7.01333
1.81715	7.02296
1.82126	7.03426
1.8254	7.02575
1.82952	7.0209
1.83368	7.01176
1.83782	7.04427
1.84197	7.0063
1.84614	7.04096
1.85031	7.00406
1.85449	7.0241
1.85868	7.01806
1.86286	7.0099
1.86706	6.99472
1.87127	7.00847
1.87549	7.01443
1.8797	7.03052
1.88392	7.00701
1.88816	7.0176
1.89241	6.99155
1.89666	7.00086
1.90091	7.00989
1.90517	7.01691
1.90945	6.99635
1.91373	6.98537
1.91801	6.98152
1.9223	6.986
1.9266	6.98257
1.93091	6.98801
1.93523	6.96018
1.93955	6.98245
1.94387	6.99921
1.94821	6.9835
1.95256	6.99062
1.95691	6.9836
1.96127	6.95468
1.96564	6.97556
1.97001	7.01251
1.9744	6.97486
1.97879	6.95703
1.98318	6.98327
1.98759	6.97891
1.992	6.96746
1.99641	6.95726
2.00084	6.96699
2.00528	6.96566
2.00971	6.94944
2.01416	6.95377
2.01863	6.95711
2.02309	6.94901
2.02756	6.96112
2.03204	6.95584
2.03653	6.94835
2.04102	6.94934
2.04553	6.95494
2.05004	6.93871
2.05455	6.92297
2.05908	6.96481
2.06361	6.93383
2.06815	6.94164
2.0727	6.93938
2.07726	6.95046
2.08183	6.93913
2.0864	6.94576
2.09098	6.92359
2.09556	6.92391
2.10016	6.93263
2.10476	6.9198
2.10938	6.93342
2.11399	6.94331
2.11862	6.92064
2.12325	6.91823
2.1279	6.91241
2.13255	6.91652
2.13721	6.92057
2.14188	6.94778
2.14655	6.92495
2.15123	6.9268
2.15593	6.90859
2.16062	6.90618
2.16532	6.90162
2.17004	6.91738
2.17476	6.896
2.1795	6.92768
2.18424	6.9239
2.18898	6.88763
2.19374	6.90062
2.1985	6.91353
2.20327	6.91016
2.20805	6.89964
2.21284	6.90343
2.21764	6.89778
2.22244	6.91436
2.22725	6.9207
2.23206	6.90498
2.2369	6.89227
2.24174	6.91911
2.24658	6.8879
2.25143	6.9029
2.25629	6.89002
2.26116	6.89746
2.26604	6.89063
2.27093	6.88969
2.27583	6.88568
2.28073	6.87832
2.28564	6.88508
2.29055	6.89043
2.29549	6.89951
2.30041	6.86278
2.30536	6.88651
2.31031	6.88339
2.31527	6.87668
2.32025	6.87575
2.32523	6.87506
2.33021	6.88477
2.33521	6.87162
2.34021	6.87035
2.34523	6.8644
2.35025	6.86627
2.35527	6.88618
2.36031	6.85103
2.36536	6.87888
2.37042	6.8609
2.37549	6.8545
2.38056	6.86626
2.38564	6.86577
2.39072	6.85539
2.39582	6.8556
2.40094	6.83715
2.40605	6.85075
2.41118	6.84612
2.41631	6.84179
2.42145	6.83493
2.4266	6.85558
2.43176	6.85249
2.43694	6.86189
2.44211	6.83612
2.4473	6.84656
2.45249	6.85399
2.4577	6.84755
2.46291	6.84447
2.46813	6.84153
2.47336	6.84243
2.4786	6.84162
2.48385	6.85324
2.48911	6.83034
2.49437	6.84307
2.49965	6.83461
2.50494	6.84271
2.51023	6.82762
2.51553	6.8364
2.52084	6.843
2.52616	6.83437
2.53149	6.82706
2.53684	6.82504
2.54218	6.82415
2.54754	6.8312
2.5529	6.81431
2.55827	6.80951
2.56366	6.81543
2.56906	6.82957
2.57446	6.8569
2.57987	6.81321
2.58529	6.81108
2.59072	6.81256
2.59616	6.81464
2.60161	6.81126
2.60707	6.80178
2.61254	6.8127
2.61801	6.79918
2.6235	6.81247
2.629	6.81355
2.6345	6.81139
2.64001	6.81867
2.64554	6.80064
2.65107	6.81195
2.65661	6.8029
2.66217	6.82641
2.66773	6.82126
2.6733	6.80615
2.67889	6.80395
2.68447	6.80946
2.69007	6.81003
2.69569	6.79499
2.7013	6.78948
2.70692	6.79566
2.71256	6.795
2.71821	6.81478
2.72388	6.79407
2.72954	6.80606
2.73521	6.78208
2.7409	6.79278
2.7466	6.79076
2.7523	6.78268
2.75801	6.80163
2.76374	6.79414
2.76947	6.79279
2.77522	6.78693
2.78098	6.78711
2.78674	6.79616
2.79251	6.7755
2.7983	6.77767
2.80409	6.79053
2.8099	6.7721
2.81571	6.77871
2.82154	6.7784
2.82736	6.79349
2.83321	6.79238
2.83906	6.78394
2.84492	6.77648
2.8508	6.78944
2.85669	6.78345
2.86258	6.78672
2.86847	6.77815
2.87439	6.78231
2.88031	6.76904
2.88625	6.78042
2.89219	6.7625
2.89815	6.75926
2.90411	6.76555
2.91009	6.77324
2.91607	6.75531
2.92206	6.76412
2.92806	6.76814
2.93409	6.74144
2.94011	6.7757
2.94615	6.76878
2.95219	6.76491
2.95825	6.76083
2.96431	6.76161
2.97039	6.76726
2.97648	6.76362
2.98257	6.76104
2.98869	6.75436
2.9948	6.75472
3.00093	6.75245
3.00706	6.73555
3.01321	6.74894
3.01938	6.74155
3.02555	6.75482
3.03172	6.73112
3.03793	6.73377
3.04413	6.74257
3.05034	6.74385
3.05656	6.73774
3.0628	6.73186
3.06904	6.75114
3.0753	6.73045
3.08156	6.75228
3.08784	6.74223
3.09413	6.75527
3.10043	6.74248
3.10672	6.75098
3.11305	6.74437
3.11937	6.73644
3.12573	6.73096
3.13208	6.73387
3.13844	6.74242
3.14481	6.7244
3.1512	6.71407
3.15759	6.73464
3.164	6.72286
3.17041	6.731
3.17684	6.73323
3.18327	6.7264
3.18972	6.74653
3.19619	6.71933
3.20266	6.74162
3.20915	6.72602
3.21564	6.72564
3.22215	6.734
3.22866	6.72682
3.23519	6.71397
3.24172	6.72814
3.24828	6.71073
3.25484	6.72935
3.26141	6.71478
3.268	6.70374
3.27459	6.72728
3.2812	6.71825
3.28781	6.71508
3.29444	6.7252
3.30107	6.72238
3.30772	6.69669
3.31439	6.71036
3.32106	6.70759
3.32775	6.71701
3.33445	6.7185
3.34115	6.72384
3.34788	6.70294
3.3546	6.71706
3.36135	6.70536
3.3681	6.6772
3.37486	6.70795
3.38164	6.71611
3.38844	6.71231
3.39524	6.69446
3.40204	6.70273
3.40886	6.70642
3.4157	6.7011
3.42255	6.70871
3.4294	6.69258
3.43628	6.70184
3.44316	6.70125
3.45005	6.6954
3.45695	6.69656
3.46388	6.69933
3.4708	6.68046
3.47774	6.69079
3.48469	6.70103
3.49165	6.69243
3.49864	6.69377
3.50563	6.69413
3.51262	6.68984
3.51962	6.70124
3.52665	6.67742
3.53369	6.67658
3.54074	6.69587
3.5478	6.7031
3.55486	6.68791
3.56195	6.67903
3.56905	6.68712
3.57615	6.68407
3.58328	6.68575
3.59041	6.67012
3.59755	6.69119
3.60471	6.66005
3.61188	6.68068
3.61906	6.68273
3.62625	6.67985
3.63345	6.66655
3.64068	6.68595
3.6479	6.67492
3.65515	6.67814
3.6624	6.69008
3.66966	6.69052
3.67695	6.68594
3.68424	6.67456
3.69154	6.67386
3.69886	6.68139
3.70619	6.67458
3.71353	6.65932
3.72089	6.66505
3.72825	6.66474
3.73563	6.66413
3.74303	6.67319
3.75043	6.65933
3.75784	6.65711
3.76528	6.63388
3.77271	6.6538
3.78017	6.65866
3.78764	6.66973
3.79511	6.66746
3.80261	6.66545
3.81011	6.66394
3.81764	6.66225
3.82516	6.65068
3.83271	6.64306
3.84026	6.64592
3.84784	6.66278
3.85542	6.65063
3.86301	6.65225
3.87063	6.6401
3.87825	6.67846
3.88589	6.6428
3.89352	6.64989
3.90119	6.63467
3.90886	6.64269
3.91655	6.65741
3.92425	6.64982
3.93196	6.64673
3.93969	6.63563
3.94744	6.64392
3.95519	6.64511
3.96295	6.62522
3.97074	6.6458
3.97852	6.6548
3.98633	6.63524
3.99415	6.63725
4.00199	6.64388
4.00983	6.63519
4.01769	6.64383
4.02556	6.63571
4.03345	6.62828
4.04135	6.65054
4.04926	6.62611
4.05719	6.63357
4.06512	6.63249
4.07307	6.63908
4.08105	6.63874
4.08903	6.6344
4.09702	6.63089
4.10502	6.62621
4.11305	6.62127
4.12109	6.64163
4.12914	6.61424
4.1372	6.61812
4.14528	6.62672
4.15336	6.64161
4.16146	6.62559
4.16959	6.64896
4.17771	6.61988
4.18586	6.62219
4.19403	6.62654
4.2022	6.61923
4.21039	6.62346
4.21859	6.62363
4.2268	6.64382
4.23502	6.61831
4.24328	6.60428
4.25152	6.63643
4.2598	6.61732
4.26809	6.6195
4.27639	6.64148
4.2847	6.62097
4.29303	6.6171
4.30136	6.60853
4.30972	6.62771
4.3181	6.61172
4.32648	6.60355
4.33488	6.6215
4.34329	6.62851
4.35173	6.60755
4.36016	6.60641
4.36861	6.61263
4.37709	6.61231
4.38557	6.61176
4.39407	6.61637
4.40259	6.59535
4.41111	6.63066
4.41966	6.60953
4.42823	6.61069
4.43679	6.60615
4.44537	6.59474
4.45398	6.59846
4.4626	6.60522
4.47122	6.60788
4.47988	6.61364
4.48854	6.59508
4.49721	6.60531
4.5059	6.61009
4.5146	6.59537
4.52332	6.59681
4.53206	6.6062
4.54081	6.5919
4.54957	6.60436
4.55835	6.61642
4.56715	6.60672
4.57596	6.5929
4.58479	6.59846
4.59363	6.60334
4.60248	6.60337
4.61135	6.59914
4.62022	6.58241
4.62913	6.60052
4.63805	6.59187
4.64698	6.58963
4.65592	6.60815
4.66489	6.59576
4.67386	6.59903
4.68285	6.60798
4.69185	6.60355
4.70087	6.5925
4.70991	6.59242
4.71896	6.60735
4.72804	6.58299
4.73712	6.58705
4.74622	6.57811
4.75534	6.58577
4.76446	6.59688
4.77361	6.57631
4.78277	6.58368
4.79195	6.58998
4.80114	6.58613
4.81035	6.59423
4.81957	6.59702
4.82881	6.57525
4.83806	6.5789
4.84734	6.59382
4.85663	6.58154
4.86592	6.5862
4.87525	6.58084
4.88459	6.59032
4.89394	6.58009
4.9033	6.5728
4.91269	6.58589
4.92209	6.56753
4.9315	6.57329
4.94093	6.56715
4.95038	6.58456
4.95984	6.57957
4.96931	6.57638
4.97881	6.60201
4.98833	6.57168
4.99785	6.57746
5.00739	6.58894
5.01695	6.57603
5.02653	6.59071
5.03613	6.58961
5.04572	6.57559
5.05535	6.57944
5.065	6.58216
5.07465	6.59639
5.08432	6.5722
5.09403	6.5782
5.10372	6.56386
5.11345	6.57043
5.1232	6.57061
5.13295	6.57036
5.14272	6.57204
5.15251	6.59876
5.16232	6.58062
5.17215	6.57148
5.18199	6.56821
5.19185	6.57556
5.20173	6.57213
5.21161	6.58047
5.22153	6.59084
5.23145	6.56853
5.24139	6.58425
5.25135	6.57614
5.26132	6.56301
5.27131	6.58069
5.28132	6.56627
5.29135	6.58672
5.3014	6.5823
5.31146	6.5718
5.32154	6.57078
5.33164	6.56218
5.34175	6.58113
5.35187	6.57977
5.36202	6.57446
5.37219	6.58261
5.38236	6.59278
5.39256	6.56457
5.40279	6.57007
5.41301	6.57699
5.42327	6.57452
5.43354	6.57519
5.44382	6.56641
5.45412	6.56403
5.46445	6.57001
5.47479	6.58025
5.48515	6.57495
5.49552	6.56113
5.50591	6.56387
5.51632	6.56933
5.52675	6.56407
5.5372	6.56621
5.54766	6.56434
5.55814	6.56148
5.56864	6.56145
5.57916	6.57711
5.58969	6.56969
5.60025	6.55949
5.61081	6.5713
5.6214	6.55776
5.63201	6.57514
5.64264	6.57093
5.65328	6.55683
5.66394	6.57422
5.67462	6.56662
5.68531	6.55978
5.69604	6.5629
5.70676	6.57005
5.71753	6.56369
5.72829	6.56678
5.73908	6.56598
5.74989	6.55407
5.76071	6.55758
5.77156	6.55983
5.78242	6.57007
5.7933	6.55846
5.8042	6.5614
5.81512	6.55667
5.82605	6.54757
5.83701	6.56281
5.84799	6.56064
5.85897	6.55359
5.86999	6.55639
5.88102	6.5504
5.89208	6.55689
5.90314	6.54088
5.91423	6.56078
5.92534	6.56092
5.93646	6.56309
5.9476	6.5507
5.95876	6.55664
5.96995	6.55365
5.98115	6.5509
5.99236	6.55013
6.00361	6.56321
6.01486	6.54536
6.02614	6.55945
6.03744	6.56753
6.04875	6.55806
6.06009	6.55256
6.07145	6.55903
6.08283	6.55876
6.09421	6.55989
6.10563	6.54834
6.11706	6.55007
6.12851	6.56855
6.13999	6.54519
6.15147	6.56081
6.16299	6.55702
6.17451	6.57393
6.18606	6.57025
6.19764	6.55738
6.20923	6.56589
6.22083	6.57312
6.23246	6.55478
6.24411	6.5626
6.25577	6.56167
6.26746	6.55545
6.27917	6.54882
6.2909	6.5567
6.30265	6.57482
6.31441	6.56589
6.32621	6.5438
6.33801	6.54902
6.34984	6.56633
6.36169	6.55822
6.37356	6.56346
6.38545	6.55032
6.39736	6.5514
6.40929	6.56691
6.42124	6.55328
6.43321	6.54424
6.4452	6.55929
6.45721	6.55128
6.46925	6.56199
6.4813	6.55674
6.49337	6.55514
6.50546	6.54165
6.51757	6.54234
6.52971	6.56925
6.54186	6.54517
6.55404	6.54508
6.56624	6.56048
6.57846	6.56754
6.5907	6.54838
6.60295	6.56823
6.61524	6.55563
6.62754	6.55271
6.63986	6.53377
6.6522	6.52951
6.66456	6.56009
6.67695	6.55259
6.68936	6.55092
6.70179	6.55476
6.71424	6.54689
6.7267	6.5408
6.7392	6.54434
6.75171	6.55033
6.76424	6.56399
6.7768	6.54482
6.78937	6.54387
6.80197	6.53436
6.81459	6.55089
6.82724	6.53692
6.8399	6.54783
6.85257	6.55673
6.86529	6.55835
6.87801	6.54827
6.89076	6.54576
6.90354	6.55912
6.91633	6.54912
6.92914	6.54726
6.94198	6.55145
6.95484	6.54704
6.96771	6.54747
6.98061	6.54719
6.99354	6.54258
7.00649	6.56052
7.01945	6.54523
7.03245	6.55265
7.04546	6.54293
7.05849	6.53747
7.07155	6.53615
7.08462	6.55025
7.09772	6.55351
7.11085	6.54397
7.124	6.55183
7.13716	6.54749
7.15036	6.53404
7.16358	6.55255
7.17681	6.54507
7.19006	6.54457
7.20335	6.54656
7.21665	6.54866
7.22998	6.54494
7.24333	6.5479
7.2567	6.54452
7.2701	6.53793
7.28351	6.54865
7.29695	6.53443
7.31041	6.53327
7.3239	6.5507
7.33741	6.53881
7.35095	6.53645
7.3645	6.54507
7.37808	6.54274
7.39167	6.53604
7.4053	6.54186
7.41895	6.54088
7.43262	6.54674
7.44632	6.53877
7.46004	6.53072
7.47377	6.54697
7.48755	6.53345
7.50134	6.53749
7.51515	6.53862
7.52898	6.54083
7.54284	6.52594
7.55673	6.53901
7.57062	6.55785
7.58456	6.53484
7.59851	6.52822
7.61249	6.54671
7.62649	6.54276
7.64051	6.52876
7.65456	6.53119
7.66864	6.54696
7.68274	6.54121
7.69686	6.55039
7.711	6.54649
7.72517	6.55221
7.73936	6.55522
7.75359	6.54914
7.76783	6.54993
7.78209	6.54194
7.79639	6.55575
7.8107	6.53972
7.82504	6.55109
7.8394	6.56109
7.85379	6.55
7.8682	6.54868
7.88264	6.5514
7.8971	6.54689
7.91159	6.56548
7.9261	6.5664
7.94064	6.55893
7.9552	6.53925
7.96978	6.54611
7.98439	6.56037
7.99902	6.55965
8.01369	6.55222
8.02837	6.55397
8.04309	6.55316
8.05781	6.56087
8.07257	6.56257
8.08736	6.56671
8.10217	6.56895
8.11701	6.56153
8.13188	6.56741
8.14676	6.55695
8.16168	6.54912
8.17661	6.5592
8.19158	6.5571
8.20656	6.55454
8.22157	6.5481
8.23661	6.56741
8.25169	6.55506
8.26678	6.55172
8.28189	6.56281
8.29704	6.54728
8.3122	6.55994
8.3274	6.55775
8.34261	6.55564
8.35786	6.55559
8.37314	6.55719
8.38844	6.5635
8.40375	6.55215
8.41911	6.54617
8.43449	6.55208
8.44989	6.55414
8.46531	6.54521
8.48077	6.5452
8.49625	6.55995
8.51176	6.55083
8.5273	6.56381
8.54285	6.55965
8.55844	6.55698
8.57406	6.56155
8.5897	6.55869
8.60536	6.55626
8.62106	6.54766
8.63678	6.56506
8.65252	6.55872
8.6683	6.56248
8.6841	6.56731
8.69994	6.56298
8.71579	6.54831
8.73168	6.55165
8.74757	6.55704
8.76351	6.5676
8.77948	6.54856
8.79548	6.5553
8.81149	6.56374
8.82754	6.54781
8.84361	6.55209
8.85971	6.55533
8.87584	6.56994
8.89199	6.55613
8.90818	6.5684
8.92439	6.56361
8.94063	6.56818
8.95689	6.56505
8.97319	6.56875
8.9895	6.55828
9.00585	6.55603
9.02223	6.56396
9.03864	6.56706
9.05506	6.56997
9.07152	6.55601
9.08801	6.55741
9.10454	6.55961
9.12107	6.55967
9.13765	6.55428
9.15425	6.56117
9.17089	6.56027
9.18754	6.56496
9.20422	6.57116
9.22094	6.54809
9.23769	6.56101
9.25446	6.57433
9.27126	6.55667
9.28809	6.57034
9.30495	6.57283
9.32184	6.56618
9.33875	6.56348
9.3557	6.56825
9.37266	6.55372
9.38968	6.5597
9.4067	6.55707
9.42376	6.5537
9.44085	6.56019
9.45798	6.55807
9.47511	6.5651
9.4923	6.57151
9.5095	6.55335
9.52674	6.56665
9.544	6.56573
9.5613	6.55732
9.57862	6.56096
9.59597	6.56385
9.61335	6.55855
9.63076	6.55947
9.64821	6.57149
9.66569	6.57325
9.68319	6.57427
9.70071	6.56809
9.71828	6.5725
9.73588	6.5758
9.75349	6.56891
9.77114	6.56391
9.78883	6.57615
9.80654	6.59042
9.82428	6.5661
9.84205	6.56144
9.85985	6.57389
9.87769	6.58594
9.89555	6.57066
9.91344	6.5764
9.93136	6.56688
9.94932	6.57257
9.96731	6.58988
9.98532	6.57729
10.0034	6.57725
10.0215	6.5918
10.0396	6.58171
10.0577	6.57351
10.0759	6.58711
10.0941	6.58001
10.1123	6.57873
10.1306	6.57658
10.1489	6.58219
10.1672	6.59194
10.1855	6.57744
10.2039	6.5914
10.2224	6.57262
10.2408	6.58255
10.2593	6.58275
10.2778	6.58475
10.2963	6.57062
10.3149	6.58511
10.3335	6.5832
10.3522	6.57837
10.3708	6.57736
10.3895	6.57904
10.4083	6.57795
10.427	6.57332
10.4459	6.56721
10.4647	6.56771
10.4835	6.5827
10.5024	6.58142
10.5214	6.58563
10.5403	6.58462
10.5593	6.58364
10.5784	6.57539
10.5974	6.58394
10.6165	6.57412
10.6356	6.57426
10.6548	6.57447
10.674	6.5717
10.6932	6.56989
10.7124	6.58464
10.7317	6.58715
10.751	6.56691
10.7704	6.58501
10.7898	6.58034
10.8092	6.58085
10.8287	6.57658
10.8481	6.58445
10.8677	6.5686
10.8872	6.58262
10.9068	6.57828
10.9264	6.58146
10.946	6.59703
10.9657	6.57282
10.9855	6.59427
11.0052	6.58046
11.025	6.58766
11.0448	6.59085
11.0647	6.57431
11.0845	6.57981
11.1045	6.60006
11.1244	6.58003
11.1444	6.59748
11.1644	6.57886
11.1845	6.58785
11.2046	6.57676
11.2247	6.58776
11.2449	6.58861
11.2651	6.57778
11.2853	6.59677
11.3056	6.60076
11.3259	6.58954
11.3462	6.5986
11.3666	6.60153
11.387	6.592
11.4074	6.58898
11.4279	6.58484
11.4484	6.58915
11.4689	6.59634
11.4895	6.60156
11.5101	6.60272
11.5308	6.59255
11.5514	6.59421
11.5722	6.5983
11.5929	6.58045
11.6137	6.59381
11.6345	6.60145
11.6554	6.58801
11.6763	6.6006
11.6972	6.60004
11.7182	6.59874
11.7392	6.59756
11.7602	6.59423
11.7813	6.60173
11.8024	6.60112
11.8235	6.59935
11.8447	6.58932
11.8659	6.59406
11.8872	6.59637
11.9085	6.59996
11.9298	6.59544
11.9511	6.59197
11.9726	6.58318
11.994	6.59262
12.0154	6.58961
12.037	6.59287
12.0585	6.58127
12.0801	6.59721
12.1017	6.5906
12.1234	6.596
12.1451	6.58217
12.1668	6.59058
12.1885	6.5844
12.2104	6.59427
12.2322	6.59518
12.2541	6.59398
12.276	6.59849
12.2979	6.60197
12.3199	6.59156
12.342	6.59604
12.364	6.60314
12.3861	6.60668
12.4083	6.59239
12.4304	6.59117
12.4527	6.59306
12.4749	6.5958
12.4972	6.5948
12.5195	6.5992
12.5419	6.59462
12.5643	6.59855
12.5868	6.60526
12.6092	6.60552
12.6318	6.60075
12.6543	6.60655
12.6769	6.59689
12.6995	6.60879
12.7222	6.61002
12.7449	6.61361
12.7677	6.60768
12.7905	6.60486
12.8133	6.61482
12.8362	6.61725
12.8591	6.61805
12.882	6.61966
12.905	6.61886
12.928	6.609
12.9511	6.6088
12.9742	6.61811
12.9973	6.61345
13.0205	6.61498
13.0437	6.62098
13.067	6.61326
13.0903	6.6118
13.1136	6.61791
13.137	6.60401
13.1604	6.61209
13.1839	6.60715
13.2074	6.61662
13.2309	6.62242
13.2545	6.61396
13.2781	6.6186
13.3018	6.61937
13.3255	6.6136
13.3492	6.61788
13.373	6.6279
13.3968	6.61616
13.4207	6.61899
13.4446	6.6248
13.4686	6.61415
13.4925	6.62034
13.5166	6.62574
13.5406	6.60956
13.5647	6.61476
13.5889	6.62346
13.6131	6.63386
13.6373	6.61658
13.6616	6.61295
13.6859	6.62406
13.7103	6.62866
13.7347	6.62888
13.7591	6.6158
13.7836	6.62159
13.8081	6.60796
13.8327	6.60847
13.8573	6.62156
13.8819	6.61239
13.9066	6.61495
13.9313	6.62642
13.9561	6.61359
13.9809	6.60881
14.0058	6.62023
14.0307	6.6293
14.0556	6.60982
14.0806	6.6237
14.1056	6.62263
14.1307	6.61503
14.1558	6.61799
14.181	6.62485
14.2062	6.62999
14.2314	6.63306
14.2567	6.62935
14.2821	6.6268
14.3074	6.63134
14.3329	6.62498
14.3583	6.62152
14.3838	6.62778
14.4094	6.62787
14.4349	6.62788
14.4606	6.62953
14.4862	6.62501
14.512	6.63078
14.5377	6.62743
14.5635	6.62174
14.5894	6.62411
14.6153	6.62869
14.6412	6.62567
14.6672	6.62954
14.6932	6.62444
14.7193	6.62805
14.7454	6.63241
14.7716	6.62758
14.7978	6.63378
14.8241	6.64218
14.8504	6.6317
14.8767	6.63714
14.9031	6.62067
14.9295	6.63251
14.956	6.63398
14.9825	6.63078
15.0091	6.64554
15.0357	6.64795
15.0624	6.63777
15.0891	6.63905
15.1158	6.64297
15.1426	6.64225
15.1694	6.63833
15.1963	6.63679
15.2233	6.64695
15.2502	6.64115
15.2773	6.6448
15.3043	6.64231
15.3314	6.65338
15.3586	6.63571
15.3858	6.6469
15.413	6.63522
15.4403	6.64452
15.4677	6.63511
15.4951	6.65524
15.5225	6.649
15.55	6.6375
15.5775	6.64157
15.6051	6.65574
15.6328	6.64081
15.6604	6.65103
15.6882	6.64789
15.7159	6.64502
15.7437	6.64453
15.7716	6.65025
15.7995	6.64062
15.8275	6.6383
15.8555	6.6428
15.8835	6.6385
15.9116	6.63845
15.9398	6.64299
15.968	6.64632
15.9962	6.64477
16.0245	6.64414
16.0529	6.64815
16.0813	6.64573
16.1097	6.64183
16.1382	6.63909
16.1667	6.64808
16.1953	6.64617
16.2239	6.64561
16.2526	6.64611
16.2814	6.6557
16.3102	6.64779
16.339	6.65213
16.3679	6.66011
16.3968	6.65012
16.4258	6.65094
16.4548	6.65304
16.4839	6.64183
16.513	6.64838
16.5422	6.64808
16.5714	6.64412
16.6007	6.64296
16.63	6.64914
16.6594	6.64494
16.6888	6.64416
16.7183	6.6509
16.7478	6.64392
16.7774	6.63667
16.807	6.64896
16.8367	6.64004
16.8664	6.64287
16.8962	6.63746
16.926	6.64527
16.9559	6.64185
16.9858	6.63795
17.0158	6.64341
17.0458	6.64401
17.0759	6.6458
17.1061	6.65437
17.1362	6.65177
17.1665	6.64138
17.1968	6.65228
17.2271	6.65196
17.2575	6.65871
17.288	6.65498
17.3185	6.65492
17.349	6.65388
17.3796	6.65598
17.4102	6.64768
17.441	6.65427
17.4717	6.6465
17.5025	6.65869
17.5334	6.66147
17.5643	6.65895
17.5953	6.65683
17.6263	6.66208
17.6574	6.66623
17.6885	6.65507
17.7197	6.66667
17.7509	6.66408
17.7822	6.66104
17.8135	6.66071
17.8449	6.65895
17.8764	6.66219
17.9079	6.65601
17.9394	6.66222
17.971	6.67288
18.0027	6.66341
18.0344	6.65789
18.0662	6.67189
18.098	6.67733
18.1299	6.67029
18.1618	6.672
18.1938	6.67102
18.2258	6.67123
18.2579	6.67611
18.2901	6.67944
18.3223	6.66938
18.3546	6.66488
18.3869	6.66502
18.4193	6.66313
18.4517	6.67366
18.4841	6.67732
18.5167	6.67311
18.5493	6.66811
18.5819	6.66965
18.6146	6.67778
18.6474	6.68334
18.6802	6.67339
18.7131	6.67467
18.746	6.68093
18.779	6.68064
18.812	6.67944
18.8451	6.67998
18.8783	6.69031
18.9115	6.68263
18.9447	6.6826
18.9781	6.68564
19.0114	6.68873
19.0449	6.6877
19.0784	6.69102
19.1119	6.69072
19.1455	6.68826
19.1792	6.69769
19.2129	6.69897
19.2467	6.69959
19.2805	6.69788
19.3144	6.69979
19.3484	6.68192
19.3824	6.69189
19.4165	6.69925
19.4506	6.70347
19.4848	6.69452
19.519	6.69582
19.5533	6.69273
19.5877	6.69218
19.6221	6.69996
19.6566	6.69938
19.6911	6.70798
19.7257	6.69623
19.7603	6.69809
19.795	6.69043
19.8298	6.69315
19.8647	6.69923
19.8995	6.69738
19.9345	6.6961
19.9695	6.69484
20.0046	6.7012
20.0397	6.69983
20.0749	6.70747
20.1101	6.70371
20.1455	6.71193
20.1808	6.70531
20.2162	6.69974
20.2517	6.70642
20.2873	6.71233
20.3229	6.71112
20.3586	6.68985
20.3943	6.70569
20.4301	6.70404
20.4659	6.7068
20.5019	6.70356
20.5378	6.69508
20.5739	6.70758
20.61	6.69527
20.6461	6.70133
20.6824	6.70257
20.7186	6.69884
20.755	6.70836
20.7914	6.70021
20.8279	6.71109
20.8644	6.7113
20.901	6.7093
20.9377	6.69831
20.9744	6.69964
21.0112	6.69622
21.048	6.69905
21.0849	6.70163
21.1219	6.69712
21.1589	6.69466
21.196	6.69838
21.2332	6.69938
21.2704	6.70834
21.3077	6.70359
21.345	6.7061
21.3824	6.69999
21.4199	6.70066
21.4575	6.7031
21.4951	6.70684
21.5327	6.70716
21.5705	6.70445
21.6083	6.70251
21.6461	6.71126
21.684	6.70697
21.722	6.70732
21.7601	6.70968
21.7982	6.7024
21.8364	6.70543
21.8747	6.70687
21.913	6.70701
21.9514	6.70977
21.9898	6.70866
22.0283	6.70799
22.0669	6.70299
22.1055	6.71005
22.1443	6.70195
22.183	6.70731
22.2219	6.70276
22.2608	6.70193
22.2997	6.69671
22.3388	6.70599
22.3779	6.70974
22.4171	6.7075
22.4563	6.70507
22.4956	6.70862
22.535	6.70642
22.5744	6.70703
22.614	6.70152
22.6535	6.70431
22.6932	6.71123
22.7329	6.71513
22.7727	6.71891
22.8125	6.71281
22.8524	6.71493
22.8924	6.70943
22.9325	6.71468
22.9726	6.70508
23.0128	6.7203
23.053	6.72598
23.0934	6.71267
23.1338	6.71086
23.1742	6.72042
23.2148	6.71289
23.2554	6.72398
23.296	6.71794
23.3368	6.7201
23.3776	6.7272
23.4184	6.72084
23.4594	6.71844
23.5004	6.72407
23.5415	6.72105
23.5827	6.71988
23.6239	6.72485
23.6652	6.73597
23.7066	6.73104
23.748	6.73113
23.7895	6.73012
23.8311	6.72914
23.8727	6.72394
23.9145	6.73048
23.9563	6.73728
23.9981	6.73404
24.0401	6.73948
24.0821	6.73227
24.1242	6.73444
24.1663	6.73927
24.2085	6.73062
24.2508	6.73576
24.2932	6.73387
24.3356	6.72996
24.3782	6.7373
24.4207	6.73503
24.4634	6.73185
24.5061	6.737
24.5489	6.72918
24.5918	6.73543
24.6348	6.73272
24.6778	6.73324
24.7209	6.72764
24.764	6.73158
24.8073	6.73438
24.8506	6.73604
24.894	6.73521
24.9375	6.73436
24.981	6.73737
25.0246	6.7392
25.0683	6.739
25.1121	6.73678
25.1559	6.74035
25.1998	6.73075
25.2438	6.74297
25.2878	6.73522
25.332	6.73398
25.3762	6.73122
25.4205	6.74916
25.4648	6.73777
25.5093	6.74217
25.5538	6.74129
25.5984	6.74602
25.643	6.73591
25.6878	6.73641
25.7326	6.73772
25.7775	6.73734
25.8225	6.73342
25.8675	6.74011
25.9126	6.73608
25.9578	6.73597
26.0031	6.7323
26.0485	6.736
26.0939	6.73112
26.1394	6.7298
26.185	6.73418
26.2307	6.73163
26.2764	6.72874
26.3223	6.73626
26.3681	6.73532
26.4141	6.73351
26.4602	6.73763
26.5063	6.73495
26.5525	6.73444
26.5988	6.7427
26.6452	6.7374
26.6916	6.74512
26.7382	6.74347
26.7848	6.73849
26.8315	6.74038
26.8782	6.74305
26.9251	6.73914
26.972	6.75063
27.019	6.73969
27.0661	6.73696
27.1133	6.74901
27.1605	6.73644
27.2078	6.74302
27.2553	6.73808
27.3027	6.73506
27.3503	6.73383
27.398	6.74389
27.4457	6.74215
27.4935	6.73909
27.5414	6.7396
27.5894	6.74802
27.6374	6.74182
27.6856	6.74375
27.7338	6.74491
27.7821	6.74809
27.8305	6.74342
27.879	6.75011
27.9275	6.75448
27.9762	6.75055
28.0249	6.74199
28.0737	6.75667
28.1226	6.75527
28.1716	6.74868
28.2206	6.74676
28.2697	6.74565
28.319	6.74754
28.3683	6.75307
28.4177	6.75297
28.4671	6.75151
28.5167	6.74592
28.5663	6.75691
28.616	6.74355
28.6658	6.74811
28.7157	6.75483
28.7657	6.755
28.8158	6.76071
28.8659	6.76453
28.9162	6.76197
28.9665	6.76074
29.0169	6.76017
29.0674	6.75988
29.118	6.76139
29.1686	6.75561
29.2194	6.76282
29.2702	6.75963
29.3212	6.75349
29.3722	6.75291
29.4233	6.75859
29.4745	6.75756
29.5257	6.75678
29.5771	6.759
29.6285	6.75887
29.6801	6.76205
29.7317	6.76005
29.7834	6.7561
29.8352	6.75408
29.8871	6.75671
29.9391	6.76208
29.9911	6.755
30.0433	6.76226
30.0956	6.75791
30.1479	6.76456
30.2003	6.75492
30.2528	6.76186
30.3054	6.7667
30.3581	6.76367
30.4109	6.75666
30.4638	6.75509
30.5167	6.75992
30.5698	6.7592
30.6229	6.76169
30.6761	6.75282
30.7295	6.75394
30.7829	6.7526
30.8364	6.76001
30.89	6.75031
30.9437	6.75831
30.9974	6.75027
31.0513	6.75774
31.1053	6.75117
31.1593	6.75589
31.2135	6.76193
31.2677	6.75606
31.322	6.75772
31.3765	6.75855
31.431	6.76109
31.4856	6.7627
31.5403	6.76892
31.5951	6.75818
31.65	6.76206
31.705	6.75702
31.76	6.7615
31.8152	6.76318
31.8705	6.75421
31.9258	6.75979
31.9813	6.76298
32.0368	6.75939
32.0925	6.75187
32.1482	6.75758
32.204	6.76516
32.26	6.76403
32.316	6.76256
32.3721	6.76158
32.4283	6.76679
32.4846	6.76468
32.541	6.75912
32.5975	6.77481
32.6541	6.76319
32.7108	6.77022
32.7676	6.76877
32.8245	6.76928
32.8815	6.76907
32.9386	6.76348
32.9958	6.77067
33.053	6.76318
33.1104	6.76453
33.1679	6.76251
33.2254	6.76489
33.2831	6.76628
33.3409	6.76486
33.3988	6.76752
33.4567	6.76845
33.5148	6.76681
33.5729	6.77313
33.6312	6.77166
33.6896	6.77052
33.748	6.77404
33.8066	6.76928
33.8652	6.76915
33.924	6.77408
33.9829	6.7777
34.0418	6.77154
34.1009	6.77015
34.16	6.76328
34.2193	6.76956
34.2787	6.76547
34.3381	6.77021
34.3977	6.77596
34.4574	6.77468
34.5171	6.77076
34.577	6.77362
34.637	6.77897
34.6971	6.78559
34.7572	6.77333
34.8175	6.77789
34.8779	6.77751
34.9384	6.77498
34.999	6.76963
35.0597	6.77532
35.1205	6.76851
35.1814	6.76779
35.2424	6.77185
35.3035	6.77368
35.3647	6.77329
35.426	6.76919
35.4874	6.77584
35.549	6.7648
35.6106	6.77387
35.6723	6.7715
35.7341	6.77665
35.7961	6.76851
35.8582	6.77776
35.9203	6.77783
35.9826	6.77074
36.0449	6.77754
36.1074	6.77415
36.17	6.77681
36.2327	6.77677
36.2955	6.77161
36.3584	6.77125
36.4214	6.77091
36.4845	6.76677
36.5477	6.77386
36.6111	6.7786
36.6745	6.76942
36.738	6.77258
36.8017	6.78121
36.8655	6.77811
36.9294	6.77959
36.9933	6.77538
37.0574	6.78402
37.1216	6.782
37.1859	6.78063
37.2504	6.78059
37.3149	6.7749
37.3795	6.78239
37.4443	6.78285
37.5092	6.77394
37.5741	6.76924
37.6392	6.77593
37.7044	6.77609
37.7697	6.77583
37.8351	6.78138
37.9007	6.78116
37.9663	6.78492
38.032	6.78022
38.0979	6.78482
38.1639	6.78234
38.23	6.78256
38.2962	6.77775
38.3625	6.78501
38.4289	6.78045
38.4954	6.78683
38.5621	6.78828
38.6289	6.78245
38.6958	6.78672
38.7627	6.78218
38.8298	6.78313
38.8971	6.77884
38.9644	6.78212
39.0319	6.78553
39.0994	6.7847
39.1671	6.78338
39.2349	6.7904
39.3028	6.78146
39.3709	6.77795
39.439	6.78177
39.5073	6.7809
39.5756	6.78561
39.6441	6.78817
39.7127	6.78714
39.7815	6.78844
39.8503	6.78621
39.9193	6.79398
39.9884	6.78547
40.0576	6.78837
40.1269	6.78529
40.1963	6.77823
40.2659	6.78539
40.3355	6.7841
40.4053	6.78368
40.4753	6.78688
40.5453	6.78407
40.6154	6.78763
40.6857	6.77577
40.7561	6.78051
40.8266	6.78789
40.8972	6.78017
40.968	6.77832
41.0388	6.78409
41.1098	6.78606
41.1809	6.78293
41.2522	6.78844
41.3235	6.78686
41.395	6.78063
41.4666	6.7815
41.5383	6.77953
41.6101	6.77983
41.6821	6.78853
41.7542	6.78097
41.8264	6.78147
41.8987	6.78577
41.9712	6.7836
42.0438	6.7843
42.1165	6.78615
42.1893	6.78306
42.2622	6.78365
42.3353	6.78083
42.4085	6.77851
42.4818	6.78579
42.5553	6.784
42.6289	6.78631
42.7026	6.79207
42.7764	6.78937
42.8504	6.79248
42.9244	6.79549
42.9986	6.78928
43.073	6.79373
43.1474	6.78975
43.222	6.78626
43.2967	6.78937
43.3716	6.79359
43.4465	6.78773
43.5216	6.78946
43.5969	6.79617
43.6722	6.78969
43.7477	6.79562
43.8233	6.79429
43.899	6.79688
43.9749	6.79566
44.0509	6.79243
44.127	6.79122
44.2033	6.78855
44.2797	6.78816
44.3562	6.78697
44.4328	6.7808
44.5096	6.79477
44.5865	6.79366
44.6635	6.7825
44.7407	6.79167
44.818	6.78968
44.8954	6.79425
44.973	6.78566
45.0507	6.78457
45.1285	6.78819
45.2065	6.78105
45.2846	6.78813
45.3628	6.78738
45.4412	6.78255
45.5197	6.77909
45.5983	6.78426
45.6771	6.78108
45.756	6.78706
45.835	6.78359
45.9142	6.78176
45.9935	6.78385
46.0729	6.78561
46.1525	6.78737
46.2322	6.79222
46.312	6.78856
46.392	6.78829
46.4721	6.79375
46.5524	6.79334
46.6328	6.79634
46.7133	6.79754
46.7939	6.79828
46.8747	6.80021
46.9557	6.799
47.0368	6.80447
47.118	6.79761
47.1993	6.80373
47.2808	6.8049
47.3625	6.80147
47.4442	6.79492
47.5261	6.79284
47.6082	6.79337
47.6904	6.79593
47.7727	6.79181
47.8552	6.79962
47.9378	6.79369
48.0205	6.7967
48.1034	6.79863
48.1865	6.79994
48.2696	6.79718
48.353	6.7973
48.4364	6.79654
48.52	6.79953
48.6038	6.8001
48.6876	6.79902
48.7717	6.79642
48.8559	6.79338
48.9402	6.80141
49.0246	6.80268
49.1092	6.80274
49.194	6.80323
49.2789	6.80345
49.3639	6.80093
49.4491	6.80167
49.5344	6.79826
49.6199	6.79874
49.7055	6.80188
49.7913	6.80601
49.8772	6.80709
49.9633	6.8065
50.0495	6.81103
50.1358	6.80961
50.2223	6.80429
50.309	6.80925
50.3957	6.80577
50.4827	6.81017
50.5698	6.80603
50.657	6.80657
50.7444	6.80714
50.832	6.80611
50.9196	6.79849
51.0075	6.80313
51.0955	6.79778
51.1836	6.80761
51.2719	6.80587
51.3603	6.80413
51.4489	6.80763
51.5376	6.79558
51.6265	6.79208
51.7156	6.79389
51.8048	6.79721
51.8941	6.79772
51.9836	6.79788
52.0732	6.79981
52.1631	6.80873
52.253	6.80617
52.3431	6.8102
52.4334	6.80885
52.5238	6.80494
52.6144	6.80856
52.7051	6.803
52.796	6.80395
52.887	6.80122
52.9782	6.80587
53.0695	6.80723
53.161	6.80354
53.2527	6.80206
53.3445	6.80581
53.4365	6.80698
53.5286	6.80326
53.6209	6.80405
53.7133	6.80447
53.8059	6.80573
53.8987	6.80412
53.9916	6.80272
54.0847	6.80579
54.1779	6.80687
54.2713	6.80873
54.3648	6.81069
54.4585	6.80948
54.5524	6.80752
54.6464	6.80329
54.7406	6.80728
54.835	6.80743
54.9295	6.81178
55.0242	6.81044
55.119	6.80858
55.214	6.80782
55.3092	6.80689
55.4045	6.80598
55.5	6.80014
55.5956	6.80507
55.6914	6.80149
55.7874	6.79919
55.8835	6.80679
55.9798	6.80932
56.0763	6.80556
56.1729	6.80798
56.2697	6.80857
56.3666	6.8075
56.4638	6.80647
56.5611	6.81029
56.6585	6.81082
56.7561	6.80934
56.8539	6.81093
56.9519	6.80647
57.05	6.80286
57.1483	6.80099
57.2467	6.80766
57.3453	6.80693
57.4441	6.8036
57.5431	6.80587
57.6422	6.80582
57.7415	6.80572
57.841	6.80252
57.9406	6.80654
58.0404	6.80971
58.1404	6.80907
58.2406	6.81152
58.3409	6.81266
58.4413	6.80634
58.542	6.80286
58.6428	6.80952
58.7438	6.80063
58.845	6.80643
58.9464	6.80289
59.0479	6.80339
59.1496	6.80793
59.2514	6.80973
59.3535	6.80631
59.4557	6.80934
59.5581	6.81114
59.6606	6.80986
59.7634	6.81367
59.8663	6.80536
59.9694	6.80868
60.0727	6.8081
60.1761	6.80586
60.2797	6.80656
60.3835	6.79983
60.4875	6.79813
60.5916	6.80025
60.6959	6.80161
60.8004	6.80923
60.9051	6.80803
61.01	6.80338
61.115	6.8033
61.2202	6.80149
61.3256	6.79997
61.4312	6.80019
61.537	6.80371
61.6429	6.80544
61.749	6.81206
61.8553	6.81753
61.9618	6.81308
62.0685	6.80773
62.1753	6.80156
62.2823	6.80788
62.3895	6.80514
62.4969	6.7975
62.6045	6.80658
62.7123	6.80852
62.8202	6.81075
62.9283	6.80962
63.0366	6.81063
63.1451	6.8101
63.2538	6.81229
63.3627	6.81503
63.4717	6.80982
63.581	6.81176
63.6904	6.80821
63.8	6.81265
63.9098	6.80792
64.0198	6.80829
64.1299	6.80682
64.2403	6.81557
64.3508	6.80899
64.4616	6.8087
64.5725	6.81285
64.6836	6.80946
64.7949	6.81026
64.9064	6.81901
65.0181	6.82099
65.13	6.81121
65.242	6.81742
65.3543	6.81934
65.4667	6.80949
65.5794	6.81437
65.6922	6.81133
65.8052	6.81175
65.9184	6.8115
66.0318	6.80614
66.1454	6.81269
66.2592	6.81398
66.3732	6.80733
66.4874	6.81101
66.6018	6.80537
66.7163	6.8115
66.8311	6.81089
66.9461	6.80938
67.0612	6.80936
67.1766	6.80906
67.2921	6.81047
67.4079	6.81197
67.5238	6.8109
67.64	6.81253
67.7563	6.81501
67.8728	6.81525
67.9896	6.82093
68.1065	6.81716
68.2237	6.81436
68.341	6.81336
68.4585	6.81065
68.5763	6.80995
68.6942	6.80835
68.8123	6.80806
68.9307	6.80674
69.0492	6.80982
69.168	6.8107
69.2869	6.80941
69.4061	6.81721
69.5254	6.8092
69.645	6.80948
69.7647	6.8115
69.8847	6.81005
70.0049	6.81287
70.1252	6.81225
70.2458	6.81474
70.3666	6.81182
70.4876	6.8126
70.6088	6.809
70.7302	6.81111
70.8518	6.81003
70.9736	6.80894
71.0956	6.80968
71.2179	6.80811
71.3403	6.80429
71.463	6.8025
71.5858	6.802
71.7089	6.80474
71.8322	6.80344
71.9557	6.79848
72.0794	6.79921
72.2033	6.79752
72.3274	6.80222
72.4517	6.79863
72.5763	6.80175
72.701	6.80314
72.826	6.80005
72.9512	6.79859
73.0766	6.80347
73.2022	6.80465
73.328	6.81136
73.4541	6.81428
73.5803	6.8135
73.7068	6.81415
73.8335	6.81093
73.9604	6.80928
74.0875	6.8064
74.2148	6.80732
74.3424	6.80317
74.4701	6.80539
74.5981	6.81086
74.7263	6.80448
74.8548	6.80731
74.9834	6.80251
75.1123	6.80374
75.2413	6.79697
75.3706	6.79466
75.5002	6.79518
75.6299	6.79751
75.7599	6.80465
75.8901	6.80472
76.0205	6.80925
76.1511	6.80739
76.282	6.81231
76.413	6.81006
76.5443	6.81224
76.6758	6.81655
76.8076	6.81498
76.9396	6.81009
77.0717	6.81387
77.2042	6.81407
77.3368	6.8141
77.4697	6.81641
77.6028	6.81425
77.7361	6.81511
77.8697	6.8064
78.0035	6.80166
78.1375	6.80181
78.2717	6.80092
78.4062	6.80436
78.5409	6.80615
78.6758	6.81074
78.811	6.80661
78.9464	6.80187
79.082	6.80139
79.2178	6.80318
79.3539	6.80648
79.4902	6.81095
79.6267	6.8121
79.7635	6.81083
79.9005	6.81019
80.0378	6.81161
80.1753	6.81433
80.313	6.81578
80.4509	6.81758
80.5891	6.81434
80.7275	6.81634
80.8662	6.81712
81.0051	6.8144
81.1442	6.81075
81.2836	6.81153
81.4232	6.80977
81.563	6.81599
81.7031	6.81289
81.8434	6.81041
81.984	6.80869
82.1248	6.8075
82.2658	6.80748
82.4071	6.81222
82.5486	6.8103
82.6904	6.8157
82.8324	6.81179
82.9746	6.80716
83.1171	6.80747
83.2598	6.80125
83.4028	6.8002
83.546	6.80089
83.6895	6.80046
83.8332	6.79502
83.9771	6.79969
84.1213	6.80552
84.2657	6.80625
84.4104	6.80799
84.5554	6.81045
84.7005	6.80857
84.846	6.80982
84.9917	6.81094
85.1376	6.80631
85.2838	6.8106
85.4302	6.80878
85.5768	6.80678
85.7238	6.80752
85.8709	6.80948
86.0184	6.80987
86.166	6.8094
86.314	6.81389
86.4621	6.81606
86.6106	6.81147
86.7592	6.81401
86.9082	6.80842
87.0574	6.80124
87.2068	6.7969
87.3565	6.80457
87.5065	6.79862
87.6567	6.7959
87.8072	6.79908
87.9579	6.79618
88.1089	6.79931
88.2601	6.79816
88.4116	6.80846
88.5634	6.81129
88.7154	6.8093
88.8677	6.80649
89.0202	6.80569
89.173	6.80878
89.326	6.80404
89.4793	6.80597
89.6329	6.81253
89.7868	6.80918
89.9408	6.81165
90.0952	6.81306
90.2498	6.81322
90.4047	6.81117
90.5599	6.80646
90.7153	6.80757
90.871	6.80515
91.0269	6.80493
91.1832	6.8014
91.3396	6.8026
91.4964	6.80377
91.6534	6.80215
91.8107	6.80975
91.9682	6.8047
92.126	6.79947
92.2841	6.80073
92.4425	6.80179
92.6011	6.80339
92.76	6.801
92.9192	6.79976
93.0786	6.79832
93.2383	6.80006
93.3983	6.80373
93.5586	6.8104
93.7191	6.81121
93.8799	6.81302
94.041	6.81047
94.2023	6.80558
94.364	6.80696
94.5259	6.81428
94.688	6.81026
94.8505	6.80428
95.0132	6.7986
95.1762	6.79947
95.3395	6.79657
95.5031	6.79419
95.6669	6.79313
95.8311	6.79828
95.9955	6.79378
96.1601	6.79806
96.3251	6.79611
96.4904	6.8008
96.6559	6.79967
96.8217	6.80462
96.9878	6.81012
97.1542	6.81173
97.3208	6.80628
97.4878	6.80465
97.655	6.79657
97.8225	6.79791
97.9903	6.80444
98.1584	6.80386
98.3268	6.80375
98.4954	6.8039
98.6644	6.80665
98.8336	6.80524
99.0032	6.80764
99.173	6.80704
99.3431	6.80372
99.5135	6.80055
99.6841	6.81348
99.8551	6.80823
100.026	6.81019
100.198	6.8007
100.37	6.80059
100.542	6.79663
100.714	6.79481
100.887	6.79613
101.06	6.80277
101.233	6.80119
101.407	6.80029
101.581	6.80044
101.755	6.79546
101.93	6.79706
102.104	6.802
102.28	6.8064
102.455	6.8054
102.631	6.80693
102.807	6.80542
102.983	6.80428
103.16	6.80596
103.336	6.80303
103.514	6.80661
103.691	6.80767
103.869	6.80909
104.047	6.80859
104.225	6.80994
104.404	6.80827
104.583	6.80556
104.763	6.80145
104.942	6.80425
105.122	6.80175
105.302	6.80231
105.483	6.80562
105.664	6.80774
105.845	6.80885
106.026	6.80929
106.208	6.80476
106.39	6.80668
106.573	6.80073
106.755	6.8033
106.938	6.80627
107.122	6.81073
107.305	6.8108
107.489	6.81277
107.674	6.80857
107.858	6.81019
108.043	6.80624
108.228	6.81164
108.414	6.81242
108.6	6.81105
108.786	6.80926
108.972	6.80446
109.159	6.80598
109.346	6.80966
109.534	6.80336
109.722	6.8072
109.91	6.8019
110.098	6.80671
110.287	6.80637
110.476	6.80317
110.665	6.80915
110.855	6.8118
111.045	6.80981
111.235	6.80954
111.426	6.79964
111.617	6.79824
111.808	6.8033
112	6.80464
112.192	6.80565
112.384	6.80196
112.577	6.79839
112.77	6.80418
112.963	6.80606
113.157	6.80847
113.351	6.80427
113.545	6.80592
113.74	6.80627
113.934	6.80596
114.13	6.80362
114.325	6.80369
114.521	6.80351
114.718	6.80606
114.914	6.80393
115.111	6.80753
115.308	6.808
115.506	6.80381
115.704	6.80916
115.902	6.80715
116.101	6.8066
116.3	6.80459
116.499	6.80524
116.699	6.80293
116.899	6.80128
117.099	6.80205
117.3	6.79719
117.501	6.79329
117.702	6.79246
117.904	6.79466
118.106	6.79855
118.308	6.79752
118.511	6.7984
118.714	6.79985
118.917	6.8062
119.121	6.80392
119.325	6.80272
119.53	6.80587
119.735	6.80066
119.94	6.80139
120.145	6.79952
120.351	6.79489
120.557	6.79667
120.764	6.79777
120.971	6.80239
121.178	6.80489
121.386	6.80077
121.594	6.8005
121.802	6.79907
122.011	6.79401
122.22	6.79117
122.429	6.78667
122.639	6.784
122.849	6.78815
123.059	6.79132
123.27	6.78615
123.481	6.78298
123.693	6.78701
123.905	6.79389
124.117	6.80248
124.33	6.80509
124.543	6.80728
124.756	6.80916
124.97	6.8065
125.184	6.81156
125.398	6.8082
125.613	6.80807
125.828	6.79958
126.044	6.79942
126.26	6.79675
126.476	6.79376
126.693	6.79501
126.91	6.79552
127.127	6.8026
127.345	6.80624
127.563	6.80432
127.781	6.79677
128	6.78945
128.22	6.78679
128.439	6.79165
128.659	6.80521
128.88	6.80913
129.1	6.80749
129.321	6.80522
129.543	6.81676
129.765	6.81464
129.987	6.8141
130.21	6.80789
130.433	6.80683
130.656	6.80529
130.88	6.80387
131.104	6.80406
131.329	6.80268
131.554	6.7951
131.779	6.79661
132.005	6.78951
132.231	6.78979
132.457	6.79227
132.684	6.79171
132.911	6.79588
133.139	6.79943
133.367	6.80535
133.595	6.80092
133.824	6.80198
134.053	6.8025
134.283	6.80053
134.513	6.79878
134.743	6.79703
134.974	6.79173
135.205	6.78931
135.436	6.79377
135.668	6.79282
135.901	6.79903
136.133	6.80081
136.367	6.79745
136.6	6.79851
136.834	6.79975
137.068	6.79352
137.303	6.78984
137.538	6.78499
137.774	6.7845
138.01	6.78098
138.246	6.78543
138.483	6.79103
138.72	6.79189
138.957	6.79642
139.195	6.7993
139.433	6.79619
139.672	6.79453
139.911	6.79146
140.151	6.79182
140.391	6.79233
140.631	6.79356
140.872	6.79664
141.113	6.79656
141.355	6.79189
141.597	6.79161
141.839	6.79698
142.082	6.79575
142.325	6.79879
142.569	6.79785
142.813	6.79951
143.058	6.7956
143.303	6.79849
143.548	6.79366
143.794	6.79177
144.04	6.79204
144.286	6.79484
144.533	6.79843
144.781	6.79741
145.029	6.79557
145.277	6.80121
145.526	6.79884
145.775	6.79934
146.024	6.79458
146.274	6.79518
146.525	6.79626
146.776	6.79949
147.027	6.80251
147.279	6.79746
147.531	6.79958
147.783	6.79715
148.036	6.79375
148.29	6.79092
148.543	6.78711
148.798	6.78376
149.052	6.78384
149.308	6.78569
149.563	6.78597
149.819	6.79357
150.076	6.79635
150.333	6.79722
150.59	6.79403
150.848	6.79651
151.106	6.79605
151.364	6.79441
151.624	6.79541
151.883	6.79258
152.143	6.7945
152.403	6.79109
152.664	6.78789
152.926	6.79166
153.187	6.79548
153.45	6.79604
153.712	6.79809
153.975	6.79436
154.239	6.79258
154.503	6.78949
154.767	6.79435
155.032	6.79109
155.297	6.79277
155.563	6.79004
155.829	6.79208
156.096	6.79175
156.363	6.78931
156.631	6.79481
156.899	6.78737
157.167	6.77812
157.436	6.7772
157.706	6.77554
157.976	6.78225
158.246	6.78452
158.517	6.78856
158.788	6.79009
159.06	6.78709
159.332	6.78786
159.605	6.78393
159.878	6.7842
160.152	6.78396
160.426	6.77993
