0.0001875	8.07566	7.85243	8.15906	7.61888	7.75678
0.0003875	7.83043	8.06458	8.05735	7.53738	7.79388
0.000575	7.92464	7.85828	7.99891	7.49814	8.04133
0.0007625	8.20982	7.79864	7.954	7.64612	7.8322
0.0009625	7.93836	8.04349	8.09561	7.69583	7.81695
0.00115	8.10326	7.86318	7.9721	7.85354	8.17695
0.00135	7.92521	7.75425	8.17579	7.75251	8.04144
0.0015375	7.81965	7.85709	8.14422	7.63225	8.10336
0.0017375	8.06246	7.77492	7.7978	7.99541	7.99405
0.0019375	8.16172	7.78688	8.10117	7.77069	7.74144
0.0021375	7.86974	7.53144	7.96386	7.88706	7.65302
0.0023375	7.76324	7.84248	7.82881	7.71064	7.78379
0.0025375	8.0381	7.66493	7.73075	7.81002	7.87586
0.0027375	8.0039	7.58619	7.68248	7.70335	7.67332
0.0029375	8.19588	7.85008	7.88223	7.92634	7.9401
0.0031375	7.95521	7.79215	8.06925	7.79611	7.85956
0.0033375	8.16362	7.81316	7.84158	7.93477	7.90394
0.0035375	7.9301	7.74552	7.9701	7.654	8.04562
0.00375	7.97417	7.70819	7.7138	7.73711	7.83058
0.00395	8.05354	7.81049	8.04896	7.67085	8.0758
0.00415	8.10877	7.82259	7.86247	7.6181	7.95411
0.0043625	8.06991	7.73723	7.97438	7.51042	7.87721
0.0045625	8.18731	7.64772	7.95375	7.57544	7.52531
0.004775	8.25599	7.82917	8.06205	7.73057	8.21793
0.0049875	7.77311	7.85069	7.965	7.54033	7.64665
0.0051875	7.94096	7.82017	7.94133	7.66166	7.94991
0.0054	7.92404	7.51131	7.91379	7.66691	7.7444
0.0056125	7.85467	7.75872	7.8635	7.7712	8.02817
0.005825	7.87238	7.66359	7.96702	7.66997	7.98687
0.0060375	7.97352	7.8509	8.08783	7.68205	7.99972
0.00625	7.91201	8.01952	7.93312	7.79835	7.79863
0.0064625	7.85719	7.98827	7.91045	7.61978	8.09507
0.006675	7.80516	7.89327	8.0156	7.69375	7.84209
0.0069	7.70421	7.82161	7.67929	7.79404	7.79855
0.0071125	7.77057	7.80143	7.73629	7.70699	7.53403
0.007325	7.97965	7.72183	7.8077	7.72627	7.80313
0.00755	7.98396	7.92542	7.88914	7.75425	7.85397
0.0077625	7.67452	7.67417	7.81586	7.586	7.99237
0.0079875	8.27043	7.89687	7.89081	7.72366	8.09328
0.0082125	8.2232	7.82837	8.00681	8.1794	8.00859
0.008425	8.00334	7.87102	8.03893	7.9432	8.08835
0.00865	7.98851	7.60857	7.95468	7.78488	7.60073
0.008875	7.8847	7.76248	8.12236	8.01358	7.76954
0.0091	7.98163	7.64645	7.83168	8.02626	7.84563
0.009325	8.07652	7.78306	7.86309	7.75353	8.06803
0.00955	8.19507	7.83572	7.98517	7.79896	7.90999
0.009775	8.05217	7.72917	7.67386	7.50704	7.8738
0.01	7.54414	7.89006	7.61997	7.8399	7.74123
0.0102375	7.67435	7.93882	8.14381	8.00921	8.15368
0.0104625	7.84762	7.63705	8.13443	8.01265	7.96871
0.0107	8.00648	7.67099	8.00524	7.91409	7.89843
0.010925	8.06461	7.8859	7.99372	8.002	7.93385
0.0111625	7.82087	7.72674	7.94398	7.77565	7.97735
0.0113875	7.85627	7.49398	7.88943	8.02743	8.04906
0.011625	8.18395	7.51721	7.74055	7.94233	7.93251
0.0118625	8.10935	7.79609	7.87265	7.73303	7.89121
0.0121	7.99315	7.89101	7.98028	7.82844	8.0077
0.012325	7.64266	7.81248	8.10155	7.82629	8.00652
0.0125625	7.87272	8.05323	7.81723	7.92097	7.9811
0.0128	7.88827	7.49916	7.91346	7.63213	7.89882
0.01305	7.98252	7.64283	7.80696	7.92202	8.04387
0.0132875	7.87657	7.65033	8.14926	7.72717	7.82553
0.013525	8.16213	7.84593	7.87776	7.9743	7.73823
0.0137625	7.66592	7.6503	7.81191	7.9394	8.00858
0.0140125	7.78051	7.69345	7.94964	7.72888	8.07515
0.01425	8.09796	7.78037	7.96076	7.93789	7.93448
0.0145	7.9327	7.87	7.69199	7.80202	7.70058
0.01475	7.8128	7.65085	8.04182	7.79627	8.05925
0.0149875	8.16677	7.67673	8.14127	8.08141	7.72282
0.0152375	7.72648	7.73866	8.08721	7.94598	7.75249
0.0154875	7.90243	7.81809	7.84458	7.94167	8.08383
0.0157375	7.72348	7.70905	8.03822	7.79112	7.87625
0.0159875	7.81914	7.96563	7.79544	7.67915	8.06077
0.0162375	7.65957	8.02528	7.89973	7.74431	8.01445
0.0164875	7.72183	7.90324	7.8981	7.99076	8.09001
0.0167375	8.11885	7.72935	7.94518	7.93688	7.88427
0.017	8.19889	7.78577	7.6113	7.92227	7.88505
0.01725	8.00484	7.96097	7.81765	7.87428	7.91453
0.0175125	8.19587	8.12252	7.89671	7.87982	7.82899
0.0177625	7.91157	7.96553	7.79507	7.96075	7.9663
0.018025	7.91353	8.0086	7.73357	7.81585	7.85432
0.0182875	7.74166	7.64608	8.06837	7.90184	7.97249
0.0185375	7.76879	7.85729	7.91177	7.98814	8.02421
0.0188	7.89994	7.90233	7.98044	7.97386	7.97267
0.0190625	8.18062	7.94158	7.99723	7.8389	7.99016
0.019325	7.97685	7.77583	8.0517	7.96368	7.77273
0.0195875	8.08305	7.70514	7.88196	7.86323	7.6493
0.0198625	8.07642	7.79799	7.62665	7.66994	7.76745
0.020125	7.93697	7.75623	7.65961	7.52428	7.72005
0.0203875	7.93866	7.57055	8.02372	7.74926	7.595
0.0206625	7.84274	7.65137	7.90801	7.73169	7.82209
0.020925	7.80241	8.15789	7.83259	7.66586	7.76387
0.0212	7.92735	7.79579	8.07544	7.78782	7.65566
0.021475	7.80878	7.58021	7.82874	7.78603	8.0291
0.0217375	7.90045	7.55105	7.98092	7.75962	7.86278
0.0220125	7.96092	7.54208	8.19959	7.64245	7.85582
0.0222875	7.83181	7.50874	7.83861	7.6986	7.89098
0.0225625	7.82252	7.49621	7.94811	7.60345	7.96988
0.0228375	8.00902	7.71688	7.7684	7.68616	7.85739
0.0231125	7.93104	7.71974	7.79641	7.81402	8.04251
0.0234	7.90543	7.50739	7.98806	7.63883	7.83281
0.023675	8.01655	7.73129	7.90022	7.68118	7.76388
0.02395	7.81308	7.6501	7.78378	7.81465	8.05756
0.0242375	8.11845	7.91664	7.89258	7.93016	8.13772
0.024525	8.01769	7.7119	7.91637	7.92458	7.88821
0.0248	8.00278	7.55664	7.82876	7.72665	7.97201
0.0250875	7.6941	7.82665	7.9638	7.72185	7.80812
0.025375	7.8401	7.90729	7.75725	7.84322	8.10353
0.0256625	7.9822	7.66769	7.86093	7.71423	7.69328
0.02595	7.71215	7.59468	7.77964	7.9446	7.78432
0.0262375	7.89968	7.53732	7.92141	7.80265	7.73848
0.026525	7.77853	7.55675	7.76914	7.86888	7.72869
0.026825	7.9939	7.63976	7.94054	7.9245	7.76137
0.0271125	8.04736	7.84925	8.10192	7.75114	7.94776
0.0274125	8.03897	7.89952	7.84708	7.68732	7.94858
0.0277	7.99555	7.67036	7.78405	7.52519	8.05181
0.028	7.98648	7.74772	7.9159	7.6591	8.00116
0.0283	8.1622	7.71705	7.89977	7.7369	7.86025
0.0285875	7.9117	7.93858	7.9669	7.53876	7.82069
0.0288875	7.88307	7.93242	8.06443	8.03431	7.83457
0.0291875	7.8914	7.69393	7.73735	7.66267	7.8668
0.0294875	8.01637	7.76446	7.82975	7.75168	7.91396
0.0298	7.89513	7.64065	8.01353	7.62633	7.89119
0.0301	7.91162	7.69306	8.08629	7.81712	7.98519
0.0304	7.8233	7.74473	7.90393	7.97024	7.81496
0.0307125	7.80968	7.73868	7.89161	7.90516	7.99906
0.0310125	7.95954	7.71256	7.85644	7.86083	8.01231
0.031325	7.84128	7.8796	7.79171	7.78139	7.68153
0.0316375	7.87046	7.76766	8.03252	8.01335	7.81943
0.03195	7.9958	7.72545	7.83913	7.721	8.02051
0.0322625	7.89781	7.88351	7.87362	7.99731	7.9537
0.032575	7.87647	7.87201	7.91418	7.89959	7.87245
0.0328875	8.05193	7.9152	8.1203	7.91678	7.87704
0.0332	7.96659	7.65391	7.96118	7.84189	7.85459
0.033525	7.91141	7.76203	7.85329	7.83717	7.73911
0.0338375	8.11738	7.77617	7.85875	7.78325	7.8638
0.0341625	7.86785	7.70703	8.0236	7.7345	7.92367
0.034475	8.08505	7.69567	7.84622	7.88225	7.93712
0.0348	7.9022	7.97941	8.0036	7.75114	7.87637
0.035125	8.04823	7.79243	7.79216	7.62925	7.90128
0.03545	8.04373	7.83385	7.79012	7.76162	7.54917
0.035775	7.88792	7.91719	8.11238	7.79706	7.70966
0.0361	7.97448	7.81266	7.71587	7.68529	7.84415
0.036425	7.64088	7.73274	7.9765	7.77366	7.9811
0.03675	7.81787	7.76141	7.85638	8.03807	8.01172
0.0370875	7.83861	7.79105	7.99085	7.96938	7.95714
0.0374125	7.82201	7.8134	7.96017	7.87686	7.6454
0.03775	7.98826	7.87794	7.91772	7.67787	7.90706
0.0380875	7.75261	7.89131	7.88517	7.66496	7.84679
0.038425	8.05631	7.69878	7.95681	7.85087	7.83534
0.03875	8.14796	7.78828	7.72831	7.60724	7.98362
0.0391	8.1481	7.80486	7.78315	7.59122	7.74394
0.0394375	8.15451	7.99056	7.76019	7.93499	7.84439
0.039775	8.08824	7.56387	7.77253	7.73425	7.91593
0.0401125	7.89403	7.72493	7.88633	7.99018	7.77612
0.0404625	7.80985	7.70076	7.95279	7.84729	7.88186
0.0408	7.99982	7.73592	7.94091	7.70276	7.68682
0.04115	8.03176	7.71533	7.799	7.7653	7.74722
0.0415	7.95122	7.53775	8.13741	7.70299	7.91968
0.04185	7.84663	7.68061	8.06433	7.73225	8.01058
0.0422	7.89156	7.6114	7.88623	7.64433	8.02042
0.04255	7.85345	7.78878	7.89912	7.55922	7.93488
0.0429	7.885	7.83342	7.97936	7.61458	7.73985
0.04325	7.72198	7.89726	7.70858	7.58714	7.68396
0.0436125	7.93103	7.79725	7.89762	7.54453	7.92537
0.0439625	8.08126	7.68505	7.74759	7.96575	7.90645
0.044325	7.83269	7.92082	8.04749	7.83907	8.00677
0.044675	8.02689	7.90913	7.96544	7.69653	7.74103
0.0450375	7.96017	7.76827	7.79593	7.8731	8.02126
0.0454	8.24179	7.82433	8.01423	7.779	7.72393
0.0457625	8.13215	7.92893	7.89579	7.9393	7.87165
0.046125	7.97794	7.95733	7.81198	7.57478	7.84901
0.0465	8.05346	7.88379	7.88708	7.7365	7.76893
0.0468625	8.11228	7.8838	8.04843	7.54967	7.82566
0.0472375	7.96098	7.65419	7.94178	7.6399	7.81316
0.0476	8.11422	7.97604	7.82185	7.80046	7.7972
0.047975	8.02085	7.81239	7.95229	7.6689	7.67293
0.04835	8.00277	7.84124	7.93926	7.59943	7.75303
0.048725	7.78659	7.6209	7.92207	7.70078	7.83727
0.0491	7.89102	7.73113	7.9718	7.62052	8.01372
0.049475	8.12447	7.8764	8.20912	7.75017	8.12645
0.04985	8.00842	7.90166	8.01022	7.86774	7.9708
0.0502375	8.05562	7.74469	7.88706	7.62985	7.645
0.0506125	7.99027	7.69623	7.7428	7.79082	7.90289
0.051	7.81853	7.77881	8.05624	7.80275	7.97438
0.0513875	8.1248	7.6519	7.82336	7.71037	7.71079
0.051775	7.97488	7.7051	7.79505	7.84833	7.92257
0.0521625	8.00525	7.94277	7.79405	7.79493	7.78539
0.05255	8.05957	7.82547	7.77754	7.59299	7.97748
0.0529375	7.89603	7.81527	7.81065	7.65978	7.83918
0.053325	7.92636	7.60505	8.09484	7.79628	8.02021
0.053725	8.195	7.68721	7.85793	7.71308	7.76378
0.0541125	8.1386	7.83581	7.80442	7.62407	7.69124
0.0545125	7.99102	7.82105	7.8654	7.83489	7.80785
0.0549125	7.9495	7.79238	8.03044	7.70004	8.02847
0.0553125	8.05631	7.82028	7.77794	7.82438	7.72327
0.0557125	8.0608	7.80464	7.67557	8.09622	7.75578
0.0561125	7.85807	7.79397	7.79128	7.90861	8.01807
0.0565125	8.03119	7.70166	7.94387	7.72576	7.8438
0.056925	7.96136	7.73752	7.92921	7.7156	7.97705
0.057325	7.96937	7.90495	7.93934	7.49696	7.86447
0.0577375	7.8583	7.70216	7.89675	7.79001	8.05461
0.05815	7.94394	7.58428	7.76664	7.32165	7.80668
0.0585625	8.03904	7.90332	7.96322	7.74019	7.61153
0.058975	8.11508	7.80697	7.93218	7.63357	7.96012
0.0593875	7.81793	7.79085	8.0101	7.68643	7.86971
0.0598	8.12155	7.79731	7.90842	7.56362	7.89828
0.060225	7.84581	7.87647	7.72456	7.60816	7.77826
0.06065	7.89964	7.87831	7.81908	7.72979	7.84223
0.0610625	8.03349	7.73725	7.82995	7.64026	7.77366
0.0614875	7.87748	7.72001	7.87162	7.87154	7.90194
0.0619125	7.96919	7.80782	7.88157	7.59331	7.86471
0.0623375	8.10785	7.74971	7.96473	7.80125	7.915
0.0627625	7.94652	7.69727	8.00204	7.74105	7.71527
0.0632	7.94774	7.89249	7.76606	7.63854	7.83038
0.063625	8.11094	7.83377	7.90299	7.56425	7.77175
0.0640625	7.96006	7.83599	7.90375	7.70795	7.80621
0.0645	7.95707	7.87853	7.77479	7.79744	7.71844
0.064925	8.03179	7.74659	7.83233	7.58905	7.91489
0.0653625	8.09629	7.75459	7.78225	7.88635	7.9329
0.0658125	8.12543	7.76199	7.99763	7.68201	7.71528
0.06625	8.12714	7.81437	7.87483	7.60412	8.05957
0.0666875	7.82757	7.84572	7.86643	7.8206	7.72424
0.0671375	7.95362	7.77828	7.70935	7.67827	7.79218
0.067575	8.13945	7.7464	8.14398	7.84089	7.7943
0.068025	7.95112	7.7607	7.88481	7.60941	8.13071
0.068475	8.01673	7.70256	7.74812	7.8742	7.80647
0.068925	7.99197	7.85674	7.92102	7.89537	7.97738
0.0693875	8.21217	7.73574	7.80625	7.67781	7.79886
0.0698375	8.14283	7.91149	7.92678	7.63069	7.96728
0.0702875	7.92907	7.78198	7.90171	7.70105	7.9016
0.07075	8.13882	7.86412	7.5565	7.96886	7.79559
0.0712125	8.07425	7.95853	7.86647	7.79969	7.90941
0.071675	8.07731	7.89065	7.82539	7.75417	7.73366
0.0721375	8.05526	8.0227	7.85321	7.7671	7.9143
0.0726	7.992	7.71478	7.9916	7.84571	7.77596
0.0730625	8.03234	7.69186	7.83932	7.72017	7.95215
0.0735375	8.00352	7.67566	7.80807	7.79799	7.74426
0.074	8.01898	7.95499	7.81929	7.72106	8.07858
0.074475	7.93236	7.95372	7.84407	7.69212	7.97847
0.07495	7.91264	7.70271	7.91092	7.68119	7.80637
0.075425	7.81205	7.79658	7.66912	7.60086	7.79683
0.0759	8.02066	7.85891	7.89345	7.64348	7.52821
0.0763875	8.07447	7.92733	7.8763	7.61199	7.91006
0.0768625	7.95054	7.93365	7.97501	7.66938	7.88584
0.07735	7.94948	7.77194	7.83803	7.66343	7.93359
0.0778375	8.08663	7.89969	7.93417	7.83802	7.86737
0.078325	8.02199	7.92804	7.88114	7.81677	7.93533
0.0788125	7.88171	7.87606	7.75044	7.69861	7.77845
0.0793	7.94189	7.84149	7.99938	7.84249	7.78295
0.0797875	7.93164	7.91232	7.89643	7.62113	7.7619
0.0802875	8.05004	7.79231	8.02953	7.76788	7.7298
0.0807875	7.87003	7.81027	7.88221	7.56408	7.84518
0.081275	7.9626	7.71534	7.8064	7.76019	7.8019
0.081775	7.88774	7.9086	7.71868	7.84006	7.83547
0.0822875	7.94011	7.98838	7.74072	7.52434	7.87669
0.0827875	7.94396	7.80418	7.7634	7.8759	7.83582
0.0832875	7.81879	7.91633	7.8352	7.7605	7.89341
0.0838	8.14282	7.95853	7.83704	7.76079	7.80367
0.0843125	7.96798	7.78162	8.0303	7.66267	7.87659
0.084825	8.04039	7.81078	7.8932	7.60637	7.87894
0.0853375	7.99467	7.92176	8.03871	7.88928	8.01833
0.08585	8.08014	7.89688	7.88934	7.7317	7.99443
0.0863625	8.11185	7.84952	8.00992	7.8995	7.80352
0.0868875	7.85527	7.91184	7.69109	7.76623	7.7898
0.0874125	7.98009	7.65619	8.00435	7.75448	7.65358
0.087925	8.07376	7.69835	7.9866	7.62369	7.79179
0.08845	8.03679	7.74256	8.00889	7.60583	7.83506
0.0889875	8.11845	7.77486	7.72691	7.61998	7.94616
0.0895125	7.93546	7.67901	7.85157	7.76915	7.97019
0.0900375	8.09167	7.89976	7.85372	7.70039	7.71533
0.090575	7.98205	7.86328	7.74409	7.74189	7.74826
0.0911125	8.2087	7.82164	7.83196	7.93775	7.70718
0.09165	8.1292	7.77948	7.88177	7.7195	7.75346
0.0921875	8.01265	7.91155	7.7008	7.77285	7.83252
0.092725	7.84833	7.7513	7.77895	7.6637	7.77398
0.093275	7.94023	7.97917	7.78214	7.90428	7.81704
0.0938125	8.09828	7.8101	8.04117	7.53529	7.79247
0.0943625	7.85331	7.90079	7.91933	7.74977	7.88123
0.0949125	7.8942	7.7539	7.96021	7.44881	7.70784
0.0954625	8.05959	7.60872	7.84312	7.79995	7.91239
0.096025	7.87595	7.8867	7.8059	7.67131	7.90519
0.096575	8.1484	7.75742	7.89228	7.87067	7.84551
0.0971375	7.82526	7.71327	7.86726	7.70926	7.90817
0.0977	8.00505	7.79515	7.89721	7.7166	7.80895
0.0982625	7.83551	7.87447	7.75252	7.59032	7.94838
0.098825	7.9335	8.02851	7.73171	7.72918	7.71204
0.0993875	7.99775	7.75226	7.89245	7.8526	8.03355
0.0999625	7.90159	7.6021	7.89258	7.57795	7.74035
0.100525	7.89105	7.84582	8.01175	7.80058	7.86745
0.1011	8.0236	7.72446	7.98559	7.76207	7.73929
0.101675	8.20548	7.70685	8.02194	7.69688	7.78987
0.10225	7.92182	7.83052	7.82887	7.73542	7.66372
0.102838	7.92312	7.87215	7.81295	7.77155	7.7432
0.103413	7.8449	7.75847	7.88098	7.80418	7.78269
0.104	8.11704	7.7982	7.90783	7.80303	7.86906
0.104588	7.96305	7.86036	7.79522	7.64111	7.88472
0.105175	7.90071	7.77965	7.90039	7.6512	7.78055
0.105762	8.04349	7.76613	7.90364	7.74829	7.68469
0.106362	7.9669	7.88882	7.80012	7.74876	7.8588
0.10695	7.9299	7.80819	7.83693	7.77241	7.92542
0.10755	7.87655	8.08714	7.83433	7.95862	7.86191
0.10815	8.02408	7.62313	7.85564	7.73876	7.78854
0.10875	7.93383	7.59455	7.92247	7.74204	7.67533
0.109362	8.01143	7.85915	8.05801	7.75699	7.85778
0.109963	7.92976	7.74849	7.79262	7.90082	7.68304
0.110575	7.90771	7.8563	7.80234	7.8593	7.77749
0.111188	7.91582	7.95005	8.00451	7.64043	7.9127
0.1118	7.96532	7.90602	7.84518	7.81572	7.85495
0.112412	8.01927	7.94574	7.80302	7.83183	7.79085
0.113037	8.15162	7.71199	7.75017	7.82534	7.80208
0.11365	7.80436	7.76788	7.81911	7.75009	8.01582
0.114275	8.05279	7.89929	7.84338	7.86928	7.69026
0.1149	7.92859	7.91207	7.7855	7.70746	7.80979
0.115538	8.04606	8.01774	7.95904	7.71847	7.83316
0.116163	7.90109	7.81943	7.77743	7.74891	7.81809
0.1168	7.83397	7.84795	8.03628	7.6569	7.92488
0.117425	8.13886	7.66888	7.96365	7.5888	7.87338
0.118063	8.01077	7.69771	7.90299	7.8063	7.86266
0.118712	7.91575	7.70612	7.87245	7.77893	7.78861
0.11935	8.02801	7.78333	7.94606	7.69242	7.94438
0.12	7.91674	7.86511	7.84291	7.85791	7.71968
0.120637	7.94963	7.94035	7.90714	7.66161	7.69517
0.121288	7.9219	7.97524	7.97839	7.72453	7.86981
0.12195	7.88637	8.01373	7.7912	7.73429	7.70461
0.1226	8.04772	7.86783	7.71447	7.78233	7.85658
0.12325	7.93422	7.96959	7.91477	7.72752	7.87025
0.123912	7.89342	7.69335	7.82357	7.68931	7.82377
0.124575	8.06458	7.57155	7.82036	7.69896	7.85922
0.125237	8.04172	7.99343	7.94184	7.69975	7.77172
0.125913	8.11918	7.95726	7.85796	7.64594	7.90279
0.126575	8.00081	7.78582	7.81027	7.66293	7.63163
0.12725	7.92869	7.77297	7.85749	7.6363	7.90598
0.127925	7.98723	7.93133	8.05474	7.56841	7.89102
0.1286	7.9169	7.95203	7.87565	7.74019	7.80209
0.129287	8.01261	7.73316	7.8694	7.61874	7.76948
0.129963	7.97354	7.69114	7.89232	7.73731	7.90414
0.13065	8.04901	7.82377	7.94225	7.77156	7.89486
0.131337	7.90967	7.85357	7.84502	7.77358	7.8182
0.132025	8.09873	7.85599	7.835	7.79276	7.86964
0.132725	8.03251	7.68682	7.83544	7.81907	7.74687
0.133425	7.98331	7.73433	7.64674	7.776	7.85362
0.134113	7.89896	7.75102	7.77185	7.64626	7.88049
0.134825	7.99014	7.99995	7.95487	7.70422	7.86515
0.135525	7.83102	7.70056	7.59507	7.6873	7.86374
0.136225	7.99781	7.9319	7.91061	7.76638	7.89513
0.136937	7.90597	7.67836	7.79283	7.80315	7.81124
0.13765	8.08006	7.79562	7.75819	7.62874	7.73656
0.138362	7.97348	7.79835	7.86962	7.76211	7.64578
0.139087	8.09877	7.85965	7.91098	7.81711	7.86268
0.1398	8.085	7.68567	7.82135	7.73762	7.85397
0.140525	7.91277	7.76501	7.9114	7.60117	7.87126
0.14125	7.98923	7.86205	7.86799	7.73024	7.89765
0.141975	7.93852	7.81595	7.92228	7.81902	7.9183
0.142713	8.09762	7.69867	7.89326	7.76809	7.93153
0.143438	8.09272	7.84294	7.98097	7.84742	7.81337
0.144175	7.95092	7.97454	7.82059	7.71744	7.85988
0.144925	7.99705	7.78748	7.80077	7.64817	7.92193
0.145663	8.00707	7.78978	7.9056	7.75623	7.89641
0.146413	7.91237	7.75673	7.806	7.74341	7.78637
0.14715	7.80639	7.90152	8.01434	7.596	7.80677
0.1479	8.00161	7.79221	7.96542	7.65215	7.6899
0.148662	7.99993	7.86518	8.06491	7.66824	8.00356
0.149412	7.92632	7.9698	7.87966	7.89122	7.98596
0.150175	7.99375	7.77047	7.88577	7.67564	7.86309
0.150937	7.93202	7.93737	7.92484	7.69816	7.70299
0.1517	7.95862	7.84766	7.78645	7.77423	7.8131
0.152475	7.84221	7.65444	7.99511	7.77332	7.70525
0.153238	7.97822	7.72447	7.85008	7.77967	7.81837
0.154013	7.83697	7.87654	7.89013	7.7626	7.98119
0.154787	7.98795	7.74351	7.94256	7.64279	7.9767
0.155575	7.98986	7.78184	7.82095	7.81616	7.75952
0.15635	8.06804	7.9657	7.9296	7.6703	7.88209
0.157137	7.93267	7.81367	7.88908	7.6345	7.83207
0.157925	8.00364	7.66746	7.98422	7.71607	7.8987
0.158725	7.97171	7.66911	7.95646	7.73617	7.86695
0.159513	7.93418	7.70567	7.80355	7.68463	7.88238
0.160313	7.95253	7.80368	7.89962	7.70745	7.88832
0.161113	7.88743	7.63481	7.9035	7.88429	7.75437
0.161913	8.07978	7.77257	7.85039	7.77136	7.79714
0.162725	8.03004	7.84497	7.73392	7.75275	7.66939
0.163538	7.95248	7.85597	7.79382	7.69281	7.85098
0.16435	7.75643	7.82595	7.75568	7.72808	7.89865
0.165163	7.88754	7.75499	8.03623	7.7314	7.87157
0.165988	8.05561	7.8839	7.8017	7.88125	7.821
0.1668	7.93961	7.79253	7.82128	7.79874	7.88027
0.167625	8.01397	8.00164	7.70743	7.66065	7.8268
0.168462	7.93253	7.81582	7.90777	7.79032	7.90159
0.169288	7.97473	7.82685	7.96704	7.80023	7.93205
0.170125	7.91106	7.83645	7.91947	7.80497	7.79051
0.170962	7.95215	7.8496	7.92042	7.68522	7.87669
0.1718	7.95499	7.76805	7.87032	7.72235	7.94546
0.17265	7.80811	7.76666	7.79857	7.64446	7.95298
0.1735	7.86241	7.82761	7.80328	7.56188	7.8144
0.17435	8.18477	7.71499	7.84347	7.72005	7.80955
0.1752	7.81585	7.82604	7.88105	7.59599	7.84626
0.176062	7.77325	7.6974	7.68617	7.84133	7.8962
0.176925	7.9721	7.81748	7.8752	7.61955	7.77843
0.177787	7.91382	7.82194	7.87772	7.6083	7.80139
0.17865	8.04472	7.86596	7.89068	7.52963	7.82196
0.179525	7.87156	7.7347	7.9777	7.84712	7.85498
0.1804	8.04484	7.80096	7.76957	7.66992	7.89106
0.181275	7.90053	7.70398	7.89029	7.7169	7.87301
0.18215	7.94882	7.80935	7.79317	7.79052	7.80022
0.183038	7.98647	7.76149	7.71526	7.58532	7.80852
0.183925	8.13787	7.81637	7.88258	7.67646	7.69735
0.184813	8.06186	7.77783	7.83539	7.82616	8.04203
0.185713	7.92094	7.68622	7.82042	7.62996	7.79541
0.186613	8.03756	7.82793	8.00202	7.82935	7.8509
0.187513	7.90178	7.84755	7.86259	7.73695	7.86804
0.188413	7.92259	7.90018	7.97983	7.95813	7.8561
0.189325	7.94818	7.87012	7.95022	7.73919	7.88786
0.190238	8.00794	7.92009	7.75085	7.72941	7.75707
0.19115	8.05113	7.92594	7.89717	7.59921	7.82593
0.192062	7.98965	7.823	7.87056	7.57853	7.69725
0.192988	7.91625	7.83182	7.90857	7.82178	7.86549
0.193913	7.84835	7.90684	7.90431	7.62654	7.8168
0.194837	7.99764	7.8745	7.77488	7.71789	7.86148
0.195775	7.76428	7.95436	7.69732	7.90931	7.85275
0.196712	8.03552	7.83602	7.95232	7.7337	7.81662
0.19765	7.95317	7.95241	7.86809	7.56348	7.93376
0.198588	7.99487	7.95485	8.02085	7.76161	7.64918
0.199538	7.95762	7.82602	7.94013	7.75937	7.78944
0.200487	7.94332	7.85593	7.86796	7.62255	7.84216
0.201438	8.08001	7.80746	7.87831	7.69783	7.92431
0.2024	7.80815	7.79516	7.9142	7.61666	7.82605
0.203362	7.82681	7.69668	7.83298	7.62308	7.83547
0.204325	8.09404	7.85976	7.78402	7.6673	7.92442
0.2053	7.95475	7.78481	7.82097	7.77721	7.90524
0.206262	8.08345	7.81932	7.79256	7.75367	7.97929
0.207237	7.87909	7.7776	7.89413	7.8239	7.89097
0.208225	8.02882	7.72032	7.98194	7.67787	7.70569
0.2092	8.0237	7.81918	7.91516	7.75928	7.87226
0.210187	7.8892	7.65335	7.8654	7.60949	7.73735
0.211187	7.93651	7.66562	7.76521	7.68004	7.82666
0.212175	7.79005	7.75847	7.69352	7.76494	7.83665
0.213175	7.97621	7.74928	7.88155	7.68193	7.82497
0.214175	7.88762	7.7833	7.82144	7.61331	7.73917
0.215188	8.05373	7.97858	7.83757	7.77285	7.7575
0.216188	7.98736	7.78728	7.79906	7.71756	7.83678
0.217212	8.06365	7.91817	7.93352	7.63676	7.84813
0.218225	8.0523	7.8593	7.85711	7.74307	7.81193
0.21925	7.96733	7.83453	7.73097	7.84927	7.87554
0.220275	7.87457	7.88494	7.9647	7.76366	7.80462
0.2213	7.94132	7.75334	7.79817	7.70308	7.82586
0.222337	7.8482	7.78971	7.64869	7.64905	7.77443
0.223375	8.04687	7.78752	7.80344	7.66879	7.90094
0.224413	7.95595	7.83762	7.80729	7.78367	7.72804
0.22545	7.90544	7.82923	7.79165	7.75141	7.84174
0.2265	7.9059	7.77857	7.80215	7.60735	7.85587
0.227563	7.99292	7.77518	7.86792	7.76455	7.72247
0.228612	7.91721	7.80822	7.88692	7.75758	7.82836
0.229675	7.91602	7.78262	7.87551	7.72306	7.77672
0.230738	7.87331	7.76184	7.91707	7.78447	7.92313
0.231813	7.83088	7.83097	7.89857	7.62551	7.76568
0.232888	8.00365	7.79806	7.89289	7.69284	7.86778
0.233963	7.8353	7.83747	7.92172	7.82839	7.77359
0.235038	8.0616	7.87542	7.85078	7.71267	7.79516
0.236125	7.93995	7.86612	7.64554	7.67089	7.81162
0.237212	7.9127	7.88261	8.01926	7.68187	7.82267
0.238312	7.97627	7.78338	7.97925	7.69513	7.91026
0.239413	7.90687	7.6014	7.87227	7.76102	7.80132
0.240513	7.89502	7.77008	7.8529	7.70115	7.8371
0.241612	7.96715	7.78664	7.77472	7.81606	7.8266
0.242725	7.8873	7.77869	7.91471	7.74908	7.91326
0.243838	7.88515	7.82845	7.89731	7.79851	7.91806
0.244962	7.96598	7.82698	7.77463	7.74953	7.71552
0.246088	8.01445	7.85675	7.96023	7.69986	7.83233
0.247212	7.99881	7.80772	7.88662	7.73076	7.72808
0.248338	7.87601	7.80193	7.80453	7.76494	7.77142
0.249475	7.91445	7.77091	7.84761	7.65408	7.89356
0.250612	7.91329	7.74973	7.96242	7.62781	7.78383
0.251763	7.83422	7.77558	7.87684	7.63658	7.81617
0.252912	7.86717	7.78838	7.8337	7.81363	7.77726
0.254063	7.90753	7.64484	7.78803	7.69944	7.92243
0.255225	7.84841	7.81846	7.89581	7.72308	7.93497
0.256388	7.89156	7.89257	7.92955	7.79836	7.821
0.25755	7.93123	7.84193	7.79191	7.68199	7.78223
0.258725	7.95946	7.85244	7.94511	7.73965	7.73084
0.2599	7.95543	7.83888	7.76388	7.72685	7.90081
0.261075	7.98239	7.77093	7.86722	7.81447	7.83232
0.262262	7.96934	7.78679	7.85632	7.71985	7.70877
0.26345	8.07642	7.70317	7.92394	7.74972	7.82535
0.26465	8.02403	7.8335	7.95853	7.62829	7.80695
0.265837	7.93455	7.74053	7.97457	7.75838	7.88757
0.26705	7.98227	7.87145	7.67393	7.68234	7.81413
0.26825	7.95013	7.81225	7.89295	7.72432	7.79184
0.269462	7.94832	7.72439	7.7409	7.70525	7.88069
0.270675	7.95551	7.72837	7.87644	7.73238	7.77909
0.2719	7.98057	7.81239	7.7112	7.60184	7.84703
0.273125	7.99172	7.71187	7.82132	7.68514	7.75352
0.274363	7.98539	7.83767	7.86505	7.78874	7.97503
0.275587	7.98148	7.64452	7.87262	7.75306	7.77154
0.276837	7.95614	7.77703	7.7719	7.75432	7.65926
0.278075	7.91977	7.80515	7.83442	7.82198	7.77738
0.279325	7.89327	7.71213	7.80712	7.73486	7.90223
0.280575	7.99589	7.69543	7.86898	7.88689	7.82411
0.281837	7.92966	7.78073	7.88474	7.67976	7.85969
0.2831	7.84799	7.72633	7.81036	7.79596	7.8908
0.284375	7.88511	7.84989	7.8566	7.74812	7.89478
0.285637	7.88633	7.85719	7.77929	7.63092	7.83737
0.286925	7.93261	7.83689	7.77787	7.71095	7.84999
0.2882	7.90761	7.77615	7.86581	7.84872	7.86235
0.289488	7.9791	7.81889	7.8284	7.79217	7.7458
0.290787	7.96314	7.77081	7.88975	7.88327	7.83669
0.292087	7.86325	7.71228	7.80842	7.75938	7.65934
0.293388	7.8552	7.86761	7.82428	7.71425	7.92376
0.294688	7.97988	7.83097	7.88506	7.71685	7.8411
0.296	7.91858	7.76021	7.88072	7.69002	7.84749
0.297325	7.8895	7.82347	7.86671	7.58553	7.83819
0.29865	7.99038	7.76339	7.76919	7.67168	7.92806
0.299975	7.91988	7.76254	8.03239	7.73247	7.84119
0.3013	7.89082	7.74509	7.91801	7.67435	7.78574
0.302637	7.97379	7.77839	7.8184	7.79582	7.85383
0.303988	7.92278	7.80439	7.88892	7.79423	7.83317
0.305337	7.82316	7.67618	7.78149	7.80386	7.90198
0.306688	7.96704	7.68431	7.84477	7.69432	7.7672
0.30805	7.89976	7.74734	7.86135	7.72526	7.7395
0.309413	7.95016	7.81702	7.88948	7.72765	7.86939
0.310775	7.83751	7.83427	7.98542	7.59566	7.81707
0.31215	8.03449	7.76706	7.71067	7.67534	7.77431
0.313525	7.92171	7.81819	7.89053	7.59936	7.85754
0.314912	7.91283	7.80681	7.89757	7.74233	7.84231
0.3163	7.90605	7.71639	8.05356	7.69416	7.90666
0.3177	8.03003	7.79955	7.99712	7.76352	7.87819
0.3191	7.92214	7.59628	7.84971	7.66977	7.84335
0.3205	7.87983	7.72501	7.88789	7.8061	7.81821
0.321912	7.89122	7.82804	7.70126	7.72349	7.76215
0.323325	7.80174	7.71828	7.94948	7.71122	7.87184
0.32475	8.04492	7.83288	7.89639	7.83552	7.86577
0.326175	7.92045	7.77672	7.89497	7.74887	7.82201
0.327612	7.91837	7.74308	7.80969	7.72458	7.7227
0.32905	7.99433	7.89803	7.80942	7.72546	7.86037
0.330487	7.91564	7.78764	7.9425	7.62837	7.82608
0.331937	8.0468	7.80658	7.76737	7.69761	7.79369
0.3334	8.07087	7.71843	7.73035	7.80599	7.85205
0.33485	8.04457	7.88007	7.74717	7.72688	7.77713
0.336325	7.96098	7.69883	7.73821	7.7284	7.82723
0.337788	8.0481	7.76563	7.79016	7.66964	7.90387
0.339262	7.87241	7.81363	7.8687	7.72918	7.80567
0.34075	7.98167	7.76794	7.93563	7.80282	7.8466
0.342238	7.95275	7.88136	7.71938	7.63632	7.93211
0.343725	7.81301	7.69048	7.83766	7.64695	7.86049
0.345225	7.90246	7.76056	7.84221	7.57797	7.80143
0.346738	7.92533	7.739	7.79003	7.72433	7.88574
0.34825	7.73845	7.80401	7.82319	7.74184	7.77575
0.349762	7.94941	7.81417	7.87889	7.76764	7.70715
0.351288	7.88837	7.66697	7.77639	7.67182	7.81757
0.352812	7.88908	7.7703	7.95288	7.69528	7.9018
0.35435	7.93045	7.88427	7.83395	7.70584	7.83319
0.355888	7.9488	7.67267	7.80374	7.71803	7.82814
0.357425	7.90359	7.71768	7.86799	7.71003	7.87198
0.358988	7.99594	7.64733	7.83881	7.64476	7.86747
0.360537	7.9103	7.87905	7.80155	7.69527	7.77782
0.3621	7.99542	7.79707	7.90472	7.70969	7.81004
0.363675	7.98954	7.92461	7.81389	7.62395	7.78519
0.36525	7.93955	7.78771	7.75644	7.72749	7.77576
0.366825	7.86139	7.75681	7.89372	7.73571	7.77065
0.368412	7.8548	7.72226	7.91183	7.68758	7.82478
0.370012	7.95195	7.81956	7.72888	7.69007	7.82892
0.371612	7.85761	7.80597	7.80998	7.67153	7.88345
0.373212	7.96134	7.83536	7.87235	7.73984	7.73155
0.374825	7.85364	7.76886	7.91508	7.7145	7.87365
0.376437	7.97648	7.71571	7.75466	7.82704	7.81726
0.378062	7.93715	7.796	7.92101	7.7709	7.91621
0.3797	7.87379	7.83162	7.90827	7.64997	7.874
0.381337	8.02912	7.74451	7.90188	7.69656	7.76518
0.382975	7.91184	7.71981	7.92431	7.78916	7.81588
0.384625	7.8763	7.68606	7.90249	7.6432	7.77168
0.386275	8.07967	7.68785	7.87047	7.68723	7.75772
0.387937	7.90723	7.74296	7.90371	7.72391	7.81555
0.389612	7.87923	7.7609	7.94091	7.68536	7.70934
0.391275	7.84528	7.85965	7.80427	7.7504	7.85809
0.392962	7.9568	7.75281	7.96657	7.77024	7.7767
0.39465	7.83221	7.85347	7.97731	7.74481	7.79809
0.396338	7.9971	7.70395	7.77503	7.68534	7.75511
0.398037	7.88302	7.76832	7.82958	7.71744	7.85751
0.39975	7.918	7.79355	7.82678	7.76326	7.86597
0.401462	7.8508	7.83053	7.88272	7.8291	7.83214
0.403175	7.90599	7.76922	7.92179	7.72707	7.78837
0.4049	7.91821	7.81899	7.83121	7.71406	7.89928
0.406637	7.88011	7.70467	7.81468	7.71693	7.84935
0.408375	8.02368	7.81355	7.79439	7.58341	7.84296
0.410125	8.0203	7.72238	7.80395	7.68347	7.79809
0.411875	7.99851	7.77345	7.91761	7.82732	7.8245
0.413625	7.95912	7.79145	7.86598	7.74105	7.85275
0.4154	7.92945	7.73376	7.878	7.79727	7.7921
0.417163	7.99299	7.758	7.84752	7.61427	7.88395
0.41895	7.90471	7.78894	7.85537	7.78052	7.84631
0.420738	7.80446	7.80957	7.66235	7.75499	7.8909
0.422525	7.94974	7.80379	7.8045	7.83408	7.76949
0.424325	7.96274	7.87519	7.84347	7.73151	7.65758
0.426125	8.07792	7.79625	7.79172	7.65527	7.7988
0.427938	7.90075	7.83827	7.8631	7.72671	7.79668
0.429763	7.90545	7.94405	7.83949	7.69794	7.86889
0.431587	7.97807	7.71943	7.90987	7.72244	7.8359
0.433425	7.95354	7.80505	7.83119	7.73308	7.89845
0.435263	7.98946	7.7328	7.89615	7.70854	7.85136
0.437113	7.93342	7.76188	7.82949	7.73591	7.81986
0.438962	7.90419	7.79517	7.8353	7.76063	7.79145
0.440825	8.01576	7.71904	7.87905	7.7463	7.82939
0.4427	7.92067	7.82325	7.82225	7.62104	7.86377
0.444575	7.93399	7.75027	7.91123	7.78371	7.90813
0.446463	7.8524	7.83958	7.88743	7.75266	7.75928
0.44835	7.94	7.7634	7.86963	7.63384	7.7625
0.45025	7.90795	7.71914	7.85857	7.6897	7.88502
0.45215	7.89117	7.82465	7.83973	7.67266	7.77684
0.454062	7.92502	7.76127	7.78262	7.83937	7.78983
0.455975	7.83422	7.76857	7.83827	7.72394	7.79152
0.457913	7.90362	7.63387	7.84194	7.69202	7.75223
0.459837	7.90236	7.85779	7.85566	7.81366	7.85502
0.461787	7.95927	7.71694	7.72866	7.66586	7.8037
0.463725	7.92811	7.77618	7.911	7.66084	7.79065
0.465688	7.93108	7.83056	7.762	7.72874	7.89877
0.46765	7.96947	7.76457	7.80924	7.76537	7.82777
0.469625	7.91626	7.76736	7.77481	7.65917	7.76927
0.4716	7.90038	7.78433	7.82137	7.68411	7.81053
0.473588	7.88137	7.80989	7.83652	7.6724	7.83631
0.475575	7.95703	7.70334	7.87275	7.77422	7.85156
0.477575	7.99285	7.70265	7.81793	7.71509	7.75797
0.479587	8.06314	7.80321	7.83189	7.76214	7.80486
0.481613	7.91157	7.90504	7.8109	7.72343	7.78919
0.483625	7.90144	7.66756	7.81373	7.73099	7.84603
0.485662	7.87375	7.72262	7.8973	7.67769	7.80727
0.4877	7.84378	7.75963	7.87933	7.68959	7.89285
0.48975	7.84948	7.8047	7.87693	7.69415	7.76881
0.4918	7.96897	7.79386	7.78142	7.79278	7.82467
0.493863	7.84345	7.76143	7.863	7.72189	7.84947
0.495937	7.86085	7.81465	7.83426	7.66547	7.89885
0.498013	7.86228	7.82821	7.88422	7.83113	7.86283
0.5001	7.78332	7.74215	7.81063	7.74017	7.79193
0.5022	7.93046	7.83921	7.87661	7.79405	7.79357
0.5043	7.97955	7.87831	7.81849	7.75168	7.78944
0.506413	7.92299	7.73537	7.82376	7.81839	7.78294
0.508525	7.90536	7.77839	7.87216	7.69775	7.77163
0.510662	7.91348	7.81234	7.82514	7.67376	7.78686
0.512788	7.91623	7.82334	7.82289	7.70131	7.83181
0.514938	7.88123	7.75151	7.81851	7.72283	7.84989
0.517088	7.84039	7.71122	7.91946	7.82004	7.81359
0.51925	7.90771	7.78457	7.88766	7.63481	7.80085
0.521412	7.90269	7.69871	7.78381	7.72802	7.88677
0.523588	7.81954	7.82854	7.84026	7.77309	7.8874
0.525775	7.94897	7.85738	7.78922	7.67481	7.88868
0.527963	7.962	7.75603	7.85984	7.50445	7.81554
0.530163	7.91593	7.79957	7.83493	7.78189	7.82335
0.532375	7.92011	7.77267	7.8375	7.6889	7.77959
0.534588	7.9218	7.83529	7.8688	7.61532	7.83213
0.536812	7.95273	7.83993	7.76399	7.62461	7.76163
0.53905	7.88192	7.64662	7.81849	7.79446	7.8794
0.5413	7.87573	7.80488	7.7542	7.73252	7.83071
0.54355	7.91228	7.83589	7.82969	7.74575	7.83318
0.545812	8.00709	7.7874	7.8818	7.66234	7.80172
0.548075	7.8861	7.87082	7.88681	7.66422	7.85149
0.55035	7.85669	7.87985	7.85391	7.68781	7.74621
0.552638	7.82701	7.82164	7.8184	7.66272	7.77545
0.554937	7.98451	7.78139	7.84182	7.77428	7.84886
0.557238	7.84158	7.84923	7.84704	7.80364	7.91664
0.55955	7.86821	7.82941	7.87858	7.74071	7.79398
0.561875	7.88681	7.82543	7.82432	7.71276	7.81165
0.5642	7.92883	7.84969	7.93712	7.73929	7.76822
0.566537	7.96952	7.78265	7.74855	7.71851	7.802
0.568887	7.89677	7.74658	7.73539	7.8735	7.86132
0.571238	7.98114	7.82968	7.82676	7.63337	7.83976
0.573613	7.99583	7.77567	7.84362	7.72083	7.85193
0.575988	7.90937	7.79413	7.78634	7.59014	7.82338
0.578363	7.86265	7.83359	7.8496	7.70552	7.83563
0.580763	7.87942	7.80257	7.93039	7.66332	7.86932
0.583162	7.91968	7.78708	7.89512	7.69171	7.77205
0.585575	7.88589	7.80152	7.9174	7.73029	7.90394
0.587987	7.91292	7.74763	7.91091	7.74997	7.79323
0.590425	7.90489	7.83932	7.74354	7.7318	7.70991
0.592862	7.9112	7.78478	7.87923	7.73819	7.78142
0.595312	7.85001	7.83866	7.92395	7.74904	7.8228
0.597763	7.92936	7.85892	7.77779	7.68939	7.85433
0.600225	7.94083	7.74279	7.85901	7.67852	7.91187
0.602713	7.90077	7.85118	7.82858	7.61654	7.80532
0.605187	7.90254	7.70317	7.7689	7.77338	7.87595
0.607687	7.84197	7.73694	7.73439	7.72036	7.81714
0.610187	7.83528	7.81788	7.84772	7.71004	7.83319
0.6127	7.9208	7.73533	7.79985	7.71991	7.795
0.615225	7.96306	7.75125	7.85945	7.74466	7.83546
0.617763	7.97876	7.83965	7.74903	7.72161	7.72372
0.6203	7.90766	7.76358	7.91034	7.74215	7.79789
0.62285	7.83683	7.79187	7.78373	7.68482	7.7547
0.625413	7.86502	7.77344	7.82766	7.73986	7.77722
0.627988	7.93941	7.90202	7.94677	7.74307	7.90506
0.630575	7.91066	7.81839	7.76599	7.64605	7.75614
0.633162	7.89891	7.78856	7.83533	7.69296	7.86303
0.635763	7.829	7.7486	7.86918	7.77046	7.90213
0.638375	7.92394	7.76408	7.92131	7.75833	7.74124
0.641	7.90827	7.80646	7.86866	7.68733	7.86269
0.643625	7.88437	7.74228	7.8347	7.67563	7.84726
0.646263	7.90172	7.65246	7.84509	7.72098	7.83849
0.648925	7.95312	7.77528	7.86798	7.69807	7.81086
0.651575	7.87369	7.75023	7.83142	7.7555	7.7403
0.65425	7.91323	7.76893	7.8536	7.72462	7.80051
0.656937	7.90766	7.79126	7.86116	7.69742	7.76892
0.659625	7.92667	7.7821	7.86186	7.68159	7.84715
0.662325	7.9684	7.77236	7.76672	7.7778	7.78859
0.665038	7.83735	7.83386	7.90419	7.71795	7.85119
0.667763	7.82596	7.7074	7.84556	7.68087	7.72928
0.6705	7.9282	7.89071	7.85419	7.76419	7.83592
0.673238	7.88726	7.79132	7.82043	7.69053	7.83255
0.675987	7.88601	7.8184	7.91843	7.71687	7.82262
0.678762	7.80506	7.79001	7.8251	7.76663	7.82466
0.681538	7.94811	7.76982	7.81475	7.62845	7.78933
0.684313	7.93623	7.77327	7.87953	7.70095	7.80941
0.687113	8.01328	7.77679	7.92612	7.77985	7.7562
0.689925	7.94755	7.81985	7.8533	7.80879	7.80883
0.692738	7.83569	7.79039	7.851	7.63993	7.87423
0.695562	7.89379	7.78065	7.83058	7.66732	7.79864
0.6984	7.91544	7.80461	7.76814	7.64023	7.80533
0.70125	7.89506	7.7484	7.84271	7.75237	7.84186
0.704113	7.81984	7.80225	7.87282	7.71426	7.83217
0.706988	7.9219	7.77445	7.82511	7.69768	7.77755
0.709875	7.87424	7.73759	7.81444	7.72918	7.84827
0.712762	7.84952	7.83387	7.84626	7.80006	7.79171
0.715662	7.87733	7.72482	7.79779	7.71634	7.76888
0.718588	7.87241	7.80071	7.85306	7.73845	7.82809
0.721512	7.88368	7.76871	7.773	7.72118	7.90213
0.72445	7.87311	7.75563	7.82598	7.72461	7.90999
0.7274	7.94052	7.75933	7.84342	7.74599	7.85331
0.73035	7.95063	7.77325	7.75779	7.72634	7.75026
0.733325	7.91509	7.85176	7.85737	7.68661	7.89438
0.736313	7.91913	7.77365	7.88222	7.57218	7.79394
0.7393	7.93945	7.80081	7.85374	7.71421	7.81406
0.742312	7.80996	7.77228	7.91529	7.7703	7.77681
0.745325	7.83436	7.79719	7.82448	7.78565	7.78484
0.74835	7.89232	7.8311	7.87001	7.70945	7.83032
0.7514	7.89123	7.77521	7.86553	7.6529	7.81116
0.75445	7.85244	7.68244	7.77736	7.74158	7.7818
0.757513	7.87025	7.82686	7.80451	7.72628	7.89662
0.760588	7.92244	7.77512	7.92082	7.74354	7.8632
0.763675	7.86275	7.78608	7.8069	7.73293	7.77659
0.766762	7.87495	7.82794	7.84817	7.70179	7.7616
0.769875	7.86989	7.80599	7.83785	7.65528	7.89446
0.773	7.87863	7.76365	7.78059	7.65374	7.81795
0.776137	7.894	7.76608	7.892	7.70837	7.80175
0.779275	7.92704	7.73985	7.81102	7.63664	7.80577
0.782438	7.86709	7.70797	7.81898	7.66778	7.79492
0.7856	7.94143	7.66053	7.8453	7.6596	7.86113
0.788787	7.84067	7.75943	7.78924	7.67554	7.86109
0.791987	7.81443	7.80275	7.8607	7.67475	7.83632
0.795187	7.86265	7.80075	7.82228	7.67324	7.67899
0.7984	7.88677	7.79585	7.8801	7.76968	7.78493
0.801637	7.92986	7.79562	7.83505	7.69566	7.92191
0.804875	7.93166	7.78677	7.78861	7.69428	7.79485
0.808137	7.89255	7.78593	7.90453	7.70771	7.7996
0.8114	7.89824	7.70178	7.78647	7.7614	7.78061
0.814687	7.92013	7.75484	7.80682	7.72811	7.78389
0.817975	7.88226	7.76139	7.86255	7.69025	7.77139
0.821275	7.88225	7.72417	7.80413	7.64723	7.87904
0.8246	7.92752	7.72053	7.84536	7.65229	7.81909
0.827925	7.84343	7.78776	7.90457	7.67554	7.87057
0.831275	7.89988	7.70079	7.88109	7.73983	7.87017
0.834625	7.95074	7.76713	7.88636	7.66807	7.82138
0.837987	7.89048	7.82375	7.8045	7.7882	7.81146
0.841375	7.86265	7.69492	7.85819	7.69998	7.83515
0.844775	7.84957	7.74379	7.79223	7.74212	7.78627
0.848175	7.87172	7.74114	7.82898	7.66159	7.81682
0.8516	7.90726	7.75478	7.83177	7.69311	7.80268
0.855025	7.86366	7.80695	7.77809	7.68807	7.8011
0.858475	7.82299	7.79517	7.81853	7.70675	7.85817
0.861938	7.91953	7.84951	7.92932	7.70582	7.86787
0.865412	7.88159	7.76235	7.8773	7.74873	7.76702
0.868887	7.89171	7.7507	7.76336	7.73176	7.82304
0.872388	7.94892	7.73819	7.85488	7.72022	7.82939
0.8759	7.93467	7.7302	7.8064	7.65924	7.79351
0.879425	7.83067	7.81696	7.84939	7.65892	7.86448
0.882963	7.82845	7.7849	7.86257	7.67616	7.80679
0.886525	7.86248	7.80718	7.8478	7.68947	7.78243
0.890087	7.87883	7.7194	7.7875	7.6738	7.83643
0.893663	7.96067	7.81761	7.86753	7.65388	7.83006
0.897263	7.90872	7.79081	7.85642	7.68721	7.81595
0.900863	7.8408	7.84288	7.74569	7.80877	7.74584
0.904487	7.94885	7.82599	7.90393	7.75346	7.84998
0.908125	7.84673	7.8014	7.81261	7.73293	7.8299
0.911775	7.89742	7.75574	7.85317	7.71022	7.823
0.915425	7.87883	7.78102	7.79532	7.677	7.74476
0.919113	7.8649	7.72914	7.88334	7.71353	7.8532
0.9228	7.86775	7.72424	7.77182	7.73018	7.88945
0.9265	7.87966	7.70827	7.79139	7.70737	7.82502
0.930225	7.88264	7.8459	7.74269	7.69454	7.86451
0.93395	7.9011	7.7789	7.84291	7.67956	7.81012
0.9377	7.816	7.84359	7.86582	7.71245	7.82077
0.941463	7.82315	7.76493	7.86015	7.74116	7.80873
0.945238	7.90018	7.75078	7.77738	7.71302	7.77385
0.949025	7.84538	7.78241	7.82934	7.66983	7.74377
0.952825	7.88107	7.76653	7.80796	7.63756	7.83014
0.95665	7.9089	7.79251	7.84937	7.69776	7.74901
0.960475	7.95747	7.72292	7.766	7.74896	7.85064
0.964325	7.82259	7.80742	7.78768	7.71714	7.90027
0.968188	7.89178	7.75504	7.9113	7.67281	7.77175
0.972063	7.90191	7.76567	7.85362	7.67507	7.84493
0.975963	7.89734	7.76484	7.84925	7.7265	7.80057
0.979863	7.8532	7.82899	7.8024	7.66517	7.77579
0.983787	7.92208	7.78017	7.85631	7.72202	7.84156
0.987725	7.88206	7.74214	7.81233	7.77621	7.80891
0.991675	7.86699	7.82184	7.80323	7.63658	7.78649
0.995637	7.86017	7.82582	7.80191	7.76633	7.86577
0.999625	7.85832	7.77693	7.79033	7.70462	7.86549
1.00361	7.84646	7.7728	7.82302	7.70618	7.85879
1.00762	7.87275	7.77975	7.85892	7.70208	7.79074
1.01166	7.91252	7.7464	7.77761	7.72639	7.80014
1.0157	7.86797	7.81416	7.83508	7.72743	7.78049
1.01976	7.91029	7.81401	7.89823	7.71578	7.79814
1.02383	7.89739	7.75302	7.83379	7.74947	7.80136
1.02793	7.87591	7.78736	7.82673	7.68584	7.81301
1.03202	7.9459	7.69818	7.83313	7.72557	7.89293
1.03614	7.8775	7.77666	7.85234	7.70928	7.81811
1.04027	7.92076	7.82075	7.83722	7.6562	7.78177
1.04443	7.90991	7.75916	7.81706	7.6487	7.83011
1.0486	7.83859	7.81869	7.81573	7.7616	7.7422
1.05278	7.90093	7.79863	7.88579	7.67989	7.80122
1.05698	7.90082	7.8222	7.75746	7.72612	7.75105
1.0612	7.92238	7.75032	7.79478	7.77774	7.83784
1.06543	7.83994	7.70707	7.84491	7.71504	7.83173
1.06967	7.90129	7.77214	7.85976	7.66024	7.77235
1.07394	7.79871	7.76482	7.82275	7.68437	7.83761
1.07821	7.84939	7.75764	7.74268	7.72943	7.7791
1.08251	7.89485	7.71164	7.83134	7.71761	7.7974
1.08683	7.88355	7.77023	7.86066	7.75433	7.81217
1.09115	7.89896	7.72837	7.75717	7.64096	7.73733
1.0955	7.8979	7.76494	7.81477	7.73267	7.8378
1.09986	7.89307	7.69445	7.82948	7.62762	7.86124
1.10424	7.91858	7.75773	7.8615	7.65251	7.86334
1.10864	7.94167	7.83406	7.76006	7.77269	7.80049
1.11305	7.82278	7.75131	7.81363	7.7407	7.86321
1.11748	7.81826	7.84658	7.87302	7.64801	7.76667
1.12191	7.90266	7.81867	7.84986	7.71596	7.79194
1.12637	7.9168	7.75124	7.87766	7.71469	7.81677
1.13086	7.91009	7.76074	7.77058	7.682	7.85094
1.13536	7.85155	7.78591	7.87248	7.73626	7.83871
1.13988	7.89773	7.7173	7.8518	7.71093	7.858
1.1444	7.8499	7.78873	7.828	7.71945	7.86887
1.14895	7.88401	7.81239	7.85062	7.66704	7.76013
1.15351	7.90072	7.69689	7.83627	7.70906	7.8415
1.1581	7.90373	7.74003	7.92099	7.72703	7.78683
1.1627	7.85128	7.7916	7.79829	7.69061	7.84041
1.16731	7.85808	7.80376	7.84751	7.74316	7.80558
1.17195	7.85865	7.7687	7.81148	7.71614	7.79044
1.1766	7.88982	7.73385	7.84085	7.72489	7.79426
1.18128	7.88918	7.80067	7.80657	7.67844	7.80642
1.18596	7.89777	7.75906	7.81232	7.69093	7.80203
1.19066	7.84873	7.79217	7.77096	7.66021	7.74978
1.19539	7.8498	7.72714	7.82072	7.68416	7.76708
1.20014	7.85988	7.75534	7.86381	7.76737	7.7973
1.20489	7.84057	7.79331	7.84998	7.7453	7.86221
1.20967	7.91607	7.74903	7.86745	7.67316	7.82999
1.21446	7.8437	7.79441	7.84086	7.70238	7.82416
1.21929	7.91139	7.8059	7.89246	7.69971	7.78591
1.22411	7.89986	7.82596	7.86973	7.69207	7.83252
1.22896	7.8058	7.76686	7.8155	7.72273	7.80379
1.23384	7.88272	7.76435	7.78515	7.72132	7.86314
1.23872	7.89132	7.73718	7.77122	7.73324	7.82342
1.24364	7.86964	7.81951	7.8892	7.70478	7.75609
1.24856	7.88616	7.73869	7.82147	7.65073	7.83215
1.2535	7.89599	7.72358	7.77161	7.63884	7.8059
1.25846	7.80107	7.8278	7.8356	7.68999	7.79172
1.26345	7.84213	7.76667	7.81761	7.69253	7.82639
1.26845	7.91342	7.72182	7.81233	7.70838	7.79447
1.27348	7.83885	7.799	7.83373	7.73003	7.82447
1.27851	7.80048	7.74859	7.9135	7.68848	7.78965
1.28356	7.83003	7.74004	7.82389	7.70237	7.81046
1.28865	7.82941	7.71633	7.79693	7.68223	7.80745
1.29374	7.82671	7.77584	7.8465	7.79259	7.80248
1.29886	7.86109	7.71137	7.81024	7.71592	7.7873
1.304	7.86244	7.70214	7.83176	7.72501	7.79551
1.30915	7.89881	7.78487	7.83341	7.69906	7.80997
1.31432	7.87273	7.74989	7.79132	7.69936	7.81301
1.31953	7.83687	7.75623	7.80234	7.70416	7.82668
1.32474	7.86705	7.76633	7.83501	7.72612	7.8496
1.32998	7.81778	7.73674	7.90108	7.68537	7.81602
1.33522	7.92947	7.76603	7.80579	7.76155	7.76272
1.3405	7.85066	7.7611	7.87042	7.72801	7.81886
1.34579	7.85325	7.78298	7.84563	7.65884	7.74643
1.35111	7.90479	7.81205	7.821	7.66821	7.79341
1.35644	7.86803	7.75182	7.87536	7.69387	7.80769
1.3618	7.88005	7.793	7.86079	7.73042	7.83721
1.36717	7.83367	7.79561	7.74085	7.69956	7.75278
1.37258	7.90116	7.7436	7.75831	7.6681	7.81281
1.37799	7.90562	7.77859	7.85169	7.73852	7.75318
1.38342	7.90878	7.75226	7.85771	7.70394	7.7442
1.38889	7.87669	7.76161	7.86357	7.70265	7.86562
1.39436	7.87645	7.80314	7.86944	7.65564	7.8386
1.39986	7.82697	7.75435	7.79428	7.67368	7.77414
1.40539	7.92338	7.81198	7.85853	7.74107	7.87705
1.41093	7.83518	7.76604	7.89199	7.74083	7.82484
1.41649	7.86219	7.78117	7.84626	7.71591	7.7895
1.42208	7.8617	7.79778	7.81126	7.67861	7.77188
1.42768	7.85509	7.72359	7.89539	7.71699	7.80849
1.4333	7.8192	7.74605	7.79428	7.68872	7.8368
1.43895	7.87075	7.73674	7.80474	7.68294	7.82908
1.44461	7.85083	7.7922	7.84405	7.73455	7.83037
1.45031	7.87786	7.78527	7.84628	7.68246	7.79896
1.45603	7.8639	7.73386	7.84863	7.65669	7.78064
1.46176	7.90686	7.80088	7.83486	7.71725	7.80974
1.46751	7.8371	7.77059	7.82428	7.74632	7.81243
1.47329	7.87039	7.78946	7.82433	7.76057	7.79728
1.47909	7.88553	7.74581	7.82475	7.75282	7.866
1.48491	7.88075	7.73375	7.80858	7.68899	7.79265
1.49076	7.88061	7.76513	7.77398	7.72528	7.83734
1.49662	7.86285	7.78284	7.78273	7.69325	7.795
1.50251	7.84895	7.76167	7.87028	7.73064	7.80781
1.50842	7.85317	7.70584	7.80887	7.64884	7.79131
1.51436	7.91484	7.75558	7.80759	7.73555	7.8004
1.52031	7.81667	7.76057	7.82147	7.68088	7.8511
1.5263	7.80695	7.70431	7.82321	7.70231	7.80506
1.5323	7.89638	7.74342	7.77789	7.66412	7.81446
1.53832	7.80452	7.79278	7.8369	7.72968	7.77554
1.54437	7.90607	7.75041	7.85314	7.69785	7.75135
1.55044	7.87719	7.7727	7.82619	7.69883	7.82496
1.55654	7.85171	7.78214	7.83999	7.67244	7.78181
1.56265	7.86184	7.75356	7.78592	7.68591	7.80278
1.56879	7.81557	7.76592	7.84177	7.68877	7.82459
1.57496	7.83999	7.76693	7.80027	7.7358	7.81979
1.58115	7.88493	7.75814	7.80855	7.78193	7.80862
1.58735	7.84325	7.76695	7.85398	7.70017	7.85838
1.59359	7.87887	7.78121	7.78379	7.71544	7.84997
1.59985	7.808	7.75694	7.78917	7.67049	7.82425
1.60612	7.94847	7.73847	7.82274	7.65053	7.88764
1.61244	7.81703	7.70312	7.81021	7.68329	7.77302
1.61876	7.87115	7.77326	7.8093	7.74622	7.802
1.62513	7.85103	7.73145	7.7969	7.68153	7.77893
1.6315	7.85557	7.78097	7.81843	7.73348	7.81462
1.6379	7.82264	7.72538	7.82563	7.70273	7.79037
1.64433	7.83493	7.74743	7.7767	7.65697	7.83009
1.65077	7.879	7.72046	7.84517	7.68155	7.80402
1.65725	7.84774	7.73521	7.83897	7.70949	7.81204
1.66375	7.8604	7.76231	7.79881	7.71912	7.80848
1.67029	7.85765	7.83419	7.83134	7.71249	7.80181
1.67684	7.82479	7.74261	7.83236	7.64633	7.85036
1.68341	7.84881	7.75004	7.74633	7.71424	7.83859
1.69001	7.79604	7.82145	7.78557	7.67494	7.79995
1.69664	7.83991	7.76206	7.81372	7.79482	7.73273
1.70329	7.82794	7.79754	7.80556	7.6822	7.77767
1.70996	7.85737	7.78558	7.83464	7.67269	7.84803
1.71666	7.84725	7.78419	7.82192	7.63819	7.7937
1.72339	7.78038	7.73099	7.8727	7.66766	7.79088
1.73014	7.84112	7.75084	7.84472	7.7243	7.8028
1.73691	7.88282	7.766	7.79689	7.65051	7.79469
1.74372	7.87059	7.78669	7.86209	7.67668	7.82577
1.75055	7.8712	7.69971	7.7887	7.71961	7.80884
1.75741	7.81923	7.7667	7.80524	7.71198	7.80111
1.76429	7.78113	7.73272	7.80867	7.67789	7.7941
1.7712	7.83619	7.75017	7.83995	7.63681	7.79924
1.77814	7.87918	7.77115	7.81949	7.67157	7.79427
1.78509	7.82423	7.76632	7.77374	7.71651	7.83979
1.79208	7.88713	7.76298	7.77034	7.74298	7.81212
1.7991	7.81882	7.76475	7.85851	7.68598	7.84369
1.80614	7.88393	7.76357	7.81912	7.69665	7.76329
1.8132	7.8548	7.74185	7.76627	7.66874	7.80505
1.8203	7.80688	7.79828	7.796	7.68116	7.77574
1.82743	7.87976	7.79853	7.84526	7.66129	7.75848
1.83456	7.79675	7.71035	7.81742	7.73083	7.81912
1.84175	7.84208	7.79083	7.77514	7.72563	7.79672
1.84895	7.81227	7.75514	7.84849	7.72253	7.78953
1.85617	7.88202	7.76296	7.81088	7.65646	7.80114
1.86344	7.83496	7.80544	7.78293	7.64448	7.78504
1.87073	7.88188	7.72495	7.81559	7.65432	7.84704
1.87804	7.90018	7.72958	7.79881	7.63763	7.8032
1.88538	7.8527	7.80074	7.81114	7.67215	7.87202
1.89275	7.86975	7.73141	7.8199	7.71188	7.82114
1.90014	7.80539	7.76526	7.80831	7.69483	7.79946
1.90756	7.84009	7.78153	7.8141	7.66066	7.74686
1.91502	7.84256	7.77829	7.80027	7.68675	7.768
1.9225	7.83649	7.81641	7.83669	7.74897	7.80196
1.93001	7.86157	7.76155	7.78951	7.66845	7.8172
1.93755	7.83108	7.77024	7.78332	7.68759	7.79246
1.94512	7.89549	7.75777	7.85538	7.74363	7.75725
1.95273	7.90551	7.73015	7.75685	7.70781	7.83173
1.96035	7.82644	7.78652	7.78101	7.71436	7.77165
1.968	7.83244	7.77686	7.78497	7.68147	7.77296
1.97569	7.85867	7.72795	7.82263	7.69858	7.85531
1.9834	7.85354	7.71519	7.82786	7.73722	7.80205
1.99114	7.84914	7.73999	7.83181	7.67698	7.77872
1.99891	7.78588	7.73429	7.79757	7.69561	7.80442
2.00671	7.85217	7.79444	7.82686	7.67528	7.7612
2.01455	7.88643	7.737	7.84101	7.6517	7.83147
2.0224	7.87877	7.74778	7.81758	7.70768	7.82043
2.0303	7.76296	7.73556	7.82213	7.69665	7.79099
2.03821	7.81136	7.77233	7.7645	7.7092	7.77189
2.04618	7.81679	7.7752	7.82911	7.67648	7.76929
2.05415	7.82154	7.77633	7.80056	7.69988	7.76379
2.06216	7.81782	7.78421	7.83239	7.73896	7.77784
2.0702	7.80625	7.68862	7.82943	7.66823	7.78265
2.07827	7.83976	7.72154	7.85239	7.72819	7.76569
2.08639	7.84582	7.70576	7.82794	7.72491	7.77272
2.09451	7.82767	7.7198	7.82867	7.65769	7.7835
2.10269	7.83217	7.73678	7.82619	7.74091	7.78192
2.11087	7.81894	7.72256	7.7834	7.73002	7.82651
2.11911	7.77554	7.72697	7.82517	7.65588	7.78909
2.12736	7.80387	7.75934	7.80039	7.74932	7.74303
2.13566	7.82141	7.76525	7.82796	7.70593	7.84003
2.14398	7.8097	7.76249	7.85659	7.66857	7.80292
2.15234	7.79427	7.77745	7.8036	7.70077	7.81532
2.16071	7.84019	7.79015	7.80791	7.68203	7.78865
2.16914	7.8372	7.74454	7.81724	7.71247	7.78919
2.17759	7.83806	7.73818	7.84584	7.68642	7.78842
2.18606	7.86774	7.71936	7.82613	7.72196	7.76822
2.19459	7.83325	7.77479	7.84137	7.68918	7.76836
2.20313	7.83703	7.7529	7.76418	7.72441	7.81797
2.21171	7.84161	7.79947	7.80252	7.70942	7.77771
2.22032	7.80996	7.77987	7.78658	7.71018	7.80932
2.22896	7.82058	7.7545	7.82134	7.70459	7.77606
2.23764	7.8212	7.73243	7.78405	7.6675	7.75533
2.24635	7.81266	7.73456	7.86099	7.68269	7.7813
2.2551	7.8199	7.74566	7.83093	7.66628	7.827
2.26388	7.81338	7.8136	7.85623	7.67304	7.73202
2.27269	7.86165	7.76718	7.82675	7.70011	7.81389
2.28152	7.8207	7.77363	7.7823	7.69752	7.83009
2.2904	7.80154	7.76312	7.78639	7.71702	7.77164
2.29931	7.84455	7.67287	7.80138	7.68003	7.75767
2.30826	7.85594	7.75102	7.83974	7.7036	7.7922
2.31724	7.78997	7.75024	7.80661	7.70077	7.77727
2.32625	7.86496	7.74466	7.79991	7.75691	7.82058
2.3353	7.83544	7.75253	7.84427	7.66823	7.82335
2.34439	7.8407	7.76173	7.83908	7.70227	7.80422
2.3535	7.82557	7.75998	7.83869	7.70152	7.83554
2.36265	7.84144	7.76938	7.84102	7.66296	7.8339
2.37184	7.83486	7.74549	7.85157	7.67915	7.79563
2.38106	7.84372	7.71683	7.82253	7.674	7.81104
2.39033	7.86001	7.73955	7.81338	7.69731	7.8284
2.39961	7.81402	7.75651	7.84069	7.65487	7.77444
2.40894	7.77012	7.76414	7.80704	7.6846	7.76216
2.4183	7.80935	7.70612	7.81919	7.69079	7.7555
2.4277	7.81802	7.75939	7.79193	7.646	7.77828
2.43714	7.79866	7.741	7.84319	7.66976	7.79286
2.4466	7.77344	7.74924	7.79534	7.68564	7.78595
2.45611	7.84692	7.712	7.80343	7.70074	7.8001
2.46565	7.81981	7.70951	7.85074	7.72403	7.82511
2.47524	7.77125	7.74169	7.84881	7.6951	7.78372
2.48485	7.85058	7.75906	7.80931	7.70646	7.79165
2.4945	7.8542	7.77603	7.82346	7.67226	7.76437
2.50419	7.88588	7.74909	7.84555	7.70947	7.7954
2.51391	7.83875	7.78086	7.81121	7.72406	7.79467
2.52367	7.80836	7.75125	7.78138	7.6957	7.78796
2.53347	7.82363	7.7637	7.75812	7.75209	7.82329
2.54331	7.81258	7.76739	7.8197	7.69436	7.8271
2.55319	7.80489	7.73342	7.79875	7.70579	7.78838
2.5631	7.81702	7.73533	7.83483	7.74972	7.77411
2.57305	7.7949	7.71471	7.81791	7.71723	7.81291
2.58304	7.82297	7.7383	7.81377	7.65899	7.76649
2.59306	7.79543	7.70261	7.82097	7.69679	7.82657
2.60313	7.82109	7.7906	7.79136	7.70158	7.77122
2.61322	7.7839	7.81265	7.80518	7.68718	7.7513
2.62337	7.83678	7.74793	7.8113	7.72585	7.79182
2.63355	7.86226	7.75116	7.80026	7.65945	7.77843
2.64376	7.84222	7.73847	7.81858	7.69358	7.78236
2.65403	7.81993	7.76356	7.77759	7.68677	7.78391
2.66432	7.81569	7.74488	7.77133	7.69495	7.78487
2.67466	7.83861	7.74158	7.81038	7.71155	7.81264
2.68504	7.79702	7.74136	7.78736	7.69295	7.74673
2.69545	7.7955	7.76432	7.76956	7.67712	7.80403
2.7059	7.80311	7.80673	7.81311	7.6503	7.7799
2.71639	7.75047	7.76599	7.78789	7.69036	7.78165
2.72692	7.78065	7.76208	7.80735	7.71573	7.81507
2.7375	7.79151	7.75462	7.82743	7.66768	7.78413
2.74811	7.8306	7.76934	7.82231	7.66962	7.76013
2.75876	7.79927	7.73712	7.80757	7.67865	7.79136
2.76946	7.80189	7.75218	7.79565	7.7077	7.79703
2.7802	7.78332	7.71678	7.81888	7.69126	7.78207
2.79098	7.81401	7.79897	7.86582	7.70216	7.78933
2.80179	7.8209	7.70681	7.7577	7.66914	7.79396
2.81265	7.82952	7.74906	7.76866	7.69588	7.77968
2.82355	7.84436	7.7694	7.80942	7.67498	7.76176
2.83449	7.79742	7.7612	7.81407	7.69361	7.7972
2.84547	7.79208	7.72313	7.83782	7.66235	7.76471
2.8565	7.79833	7.76712	7.77618	7.72453	7.81212
2.86756	7.84086	7.72776	7.8004	7.66645	7.81139
2.87867	7.81436	7.73148	7.77038	7.71168	7.78663
2.88983	7.83584	7.7593	7.80661	7.67717	7.80703
2.90103	7.85711	7.74876	7.77711	7.70656	7.78342
2.91226	7.81105	7.72309	7.84521	7.69909	7.8149
2.92354	7.80848	7.73453	7.79282	7.72008	7.76235
2.93486	7.79406	7.72774	7.81116	7.67465	7.74245
2.94622	7.83181	7.7194	7.82959	7.66561	7.80541
2.95764	7.77292	7.72794	7.79213	7.68615	7.80948
2.96909	7.80737	7.77695	7.76722	7.64002	7.8254
2.98059	7.77995	7.73897	7.81083	7.68673	7.76914
2.99213	7.82937	7.73838	7.78428	7.63784	7.76576
3.0037	7.83906	7.78161	7.81173	7.66562	7.74781
3.01534	7.82852	7.75318	7.80127	7.68872	7.7788
3.027	7.791	7.72761	7.81678	7.67341	7.78432
3.03872	7.79866	7.7047	7.79919	7.69307	7.77001
3.05049	7.83631	7.76196	7.78248	7.69795	7.7867
3.06229	7.77992	7.7541	7.85184	7.69322	7.78504
3.07414	7.8114	7.69394	7.82269	7.66647	7.80178
3.08604	7.82551	7.76405	7.82435	7.68783	7.75533
3.09798	7.82934	7.75768	7.76404	7.71111	7.78252
3.10996	7.83976	7.7237	7.7942	7.6609	7.74463
3.122	7.79711	7.72555	7.82759	7.70976	7.80461
3.13407	7.79763	7.73058	7.78734	7.6544	7.80123
3.1462	7.83134	7.75659	7.77225	7.69358	7.78847
3.15836	7.82821	7.75075	7.77682	7.68698	7.75006
3.17059	7.82583	7.74367	7.78011	7.65849	7.77113
3.18285	7.82992	7.74275	7.82702	7.70679	7.78517
3.19515	7.81218	7.7411	7.82681	7.69204	7.82226
3.20751	7.82166	7.7742	7.79531	7.6603	7.77175
3.21991	7.82128	7.76055	7.79001	7.66217	7.78811
3.23236	7.79749	7.74911	7.78224	7.69856	7.76401
3.24486	7.81686	7.72653	7.77955	7.6384	7.79641
3.25741	7.8181	7.77339	7.77946	7.68362	7.77107
3.27	7.81501	7.77795	7.78725	7.68615	7.73901
3.28265	7.82899	7.71738	7.84649	7.65022	7.81515
3.29534	7.84411	7.74843	7.81409	7.6791	7.7968
3.30807	7.81456	7.71663	7.85101	7.66269	7.76842
3.32086	7.80843	7.71105	7.78127	7.63584	7.77562
3.3337	7.82889	7.72924	7.7946	7.69711	7.77423
3.34658	7.80572	7.75536	7.79622	7.70147	7.80683
3.35951	7.79716	7.72375	7.80571	7.64515	7.76336
3.3725	7.79018	7.72523	7.80672	7.68076	7.81376
3.38552	7.83257	7.7732	7.82941	7.68723	7.81373
3.39861	7.81823	7.74348	7.81675	7.6488	7.81214
3.41174	7.83741	7.70229	7.77746	7.69079	7.80102
3.42493	7.79655	7.72799	7.79594	7.61555	7.77529
3.43815	7.78693	7.75508	7.83164	7.68993	7.81734
3.45144	7.79346	7.72872	7.84117	7.66609	7.7549
3.46476	7.79856	7.74514	7.79295	7.67066	7.75688
3.47815	7.77079	7.71763	7.82374	7.70558	7.79745
3.49159	7.80243	7.71381	7.81606	7.67996	7.77295
3.50506	7.79503	7.7412	7.81149	7.69963	7.71578
3.5186	7.78598	7.7317	7.78366	7.68841	7.80481
3.53219	7.7995	7.74161	7.81393	7.69034	7.77222
3.54584	7.80346	7.73261	7.75621	7.68461	7.75009
3.55953	7.84142	7.74435	7.77725	7.69061	7.78141
3.57326	7.83914	7.7225	7.80811	7.66015	7.7947
3.58706	7.8412	7.70074	7.78566	7.67715	7.80642
3.60091	7.78132	7.73446	7.80229	7.68418	7.78995
3.61481	7.82798	7.74615	7.79394	7.68878	7.78438
3.62876	7.78262	7.75229	7.75326	7.65653	7.79678
3.64278	7.77745	7.75937	7.81641	7.65202	7.78799
3.65684	7.80301	7.7111	7.83522	7.68569	7.78137
3.67095	7.84193	7.76164	7.8177	7.70584	7.74404
3.68513	7.77099	7.72217	7.7717	7.6604	7.74606
3.69934	7.79825	7.75884	7.804	7.67039	7.78046
3.71361	7.76985	7.76263	7.8249	7.68763	7.74513
3.72795	7.79849	7.70849	7.77667	7.65914	7.69172
3.74234	7.78785	7.74675	7.78931	7.68468	7.80856
3.75677	7.81264	7.76227	7.80677	7.68327	7.76247
3.77128	7.80199	7.76777	7.82231	7.70467	7.76666
3.78583	7.79675	7.70922	7.80539	7.67387	7.76579
3.80043	7.78492	7.72959	7.76512	7.66791	7.7458
3.81509	7.78713	7.74252	7.78566	7.69133	7.8217
3.8298	7.79382	7.74916	7.77335	7.63811	7.78115
3.84457	7.79786	7.75657	7.80291	7.69317	7.77426
3.8594	7.80519	7.71795	7.80785	7.67136	7.77956
3.87429	7.77373	7.74357	7.79067	7.67832	7.78007
3.88924	7.79547	7.73603	7.82177	7.64813	7.77749
3.90424	7.77615	7.73317	7.78703	7.69004	7.76028
3.91929	7.78249	7.73016	7.80838	7.68528	7.75639
3.9344	7.8001	7.7193	7.76715	7.69255	7.75437
3.94957	7.76027	7.75075	7.81222	7.70316	7.81134
3.9648	7.79258	7.68917	7.79256	7.66022	7.73916
3.98009	7.80627	7.73725	7.80397	7.71256	7.78933
3.99544	7.78661	7.71085	7.77648	7.66469	7.75473
4.01084	7.80793	7.73822	7.7932	7.67879	7.76828
4.0263	7.8167	7.7473	7.80386	7.64937	7.7392
4.04182	7.77832	7.72811	7.8043	7.69001	7.75545
4.0574	7.80996	7.71513	7.78033	7.70981	7.75
4.07304	7.78282	7.71969	7.76009	7.71924	7.77968
4.08874	7.8191	7.70501	7.79176	7.64509	7.7493
4.1045	7.8272	7.73988	7.78952	7.66661	7.77348
4.12033	7.80666	7.74981	7.79405	7.68767	7.78225
4.1362	7.76432	7.73321	7.83622	7.67087	7.75207
4.15214	7.81184	7.70643	7.82027	7.64164	7.77778
4.16814	7.76921	7.72736	7.80748	7.6537	7.79296
4.1842	7.80152	7.71945	7.75715	7.66677	7.81363
4.20033	7.78438	7.73894	7.78854	7.66334	7.78239
4.21651	7.81688	7.74447	7.80236	7.61666	7.78311
4.23275	7.79655	7.7335	7.79644	7.63407	7.75475
4.24906	7.79896	7.75381	7.81398	7.69765	7.76777
4.26543	7.8185	7.70916	7.78013	7.63014	7.74719
4.28186	7.78584	7.74554	7.7977	7.63921	7.76344
4.29836	7.78517	7.7087	7.78034	7.64566	7.78839
4.31491	7.79905	7.7084	7.76629	7.69922	7.7719
4.33154	7.74777	7.75027	7.79246	7.67448	7.78043
4.34821	7.77989	7.74165	7.78443	7.67863	7.76765
4.36496	7.78431	7.73189	7.82624	7.67202	7.77704
4.38177	7.77251	7.71721	7.77587	7.65727	7.82352
4.39865	7.81058	7.70634	7.76088	7.68061	7.76017
4.41559	7.7938	7.705	7.78468	7.6981	7.77359
4.43259	7.77291	7.72624	7.78983	7.69417	7.76242
4.44966	7.79538	7.74291	7.82279	7.68814	7.79127
4.4668	7.80177	7.77116	7.74526	7.66239	7.7306
4.48399	7.78678	7.74157	7.77505	7.64825	7.76926
4.50126	7.7516	7.73565	7.77264	7.65062	7.74384
4.51859	7.79947	7.72997	7.78949	7.66404	7.76937
4.53599	7.78575	7.71911	7.80485	7.67568	7.77222
4.55345	7.79346	7.71427	7.79328	7.64517	7.77706
4.57097	7.80899	7.70103	7.78209	7.71172	7.78304
4.58856	7.7877	7.70917	7.76113	7.67352	7.7703
4.60623	7.78551	7.73818	7.78017	7.66968	7.77948
4.62396	7.80889	7.73809	7.8339	7.66291	7.77638
4.64175	7.77696	7.72599	7.81168	7.69401	7.76592
4.65963	7.76526	7.72583	7.77086	7.68964	7.76605
4.67755	7.82021	7.69127	7.76407	7.65879	7.73168
4.69555	7.80593	7.7306	7.78793	7.65433	7.76966
4.71362	7.78976	7.73047	7.76487	7.6885	7.75312
4.73176	7.77776	7.72177	7.77138	7.68995	7.77294
4.74998	7.78908	7.71005	7.76919	7.66735	7.78415
4.76825	7.79125	7.72181	7.78243	7.65496	7.76803
4.78659	7.77004	7.74753	7.79271	7.69855	7.7448
4.80501	7.80979	7.71088	7.79028	7.63858	7.7796
4.8235	7.77706	7.67677	7.75863	7.64149	7.77434
4.84205	7.76048	7.71167	7.80183	7.68181	7.75349
4.86067	7.78911	7.72503	7.79395	7.66493	7.76028
4.87937	7.78282	7.7362	7.80854	7.67723	7.76646
4.89815	7.81472	7.71396	7.73466	7.66129	7.76007
4.91699	7.7754	7.69042	7.79086	7.65691	7.78165
4.9359	7.79961	7.67656	7.79047	7.62793	7.75817
4.95489	7.78775	7.72083	7.75443	7.65243	7.79758
4.97394	7.80015	7.70838	7.76539	7.64869	7.81221
4.99307	7.76355	7.70656	7.79294	7.66124	7.74449
5.01228	7.78487	7.72054	7.76766	7.65258	7.77866
5.03155	7.75742	7.73194	7.785	7.63394	7.79255
5.0509	7.8005	7.72444	7.74858	7.6581	7.75493
5.07032	7.77308	7.68277	7.76165	7.65408	7.77084
5.08981	7.76901	7.72794	7.80463	7.6478	7.76967
5.10939	7.80062	7.69628	7.75385	7.67644	7.76466
5.12904	7.78975	7.68794	7.78085	7.67076	7.7806
5.14875	7.79846	7.70166	7.74632	7.62804	7.79699
5.16855	7.79071	7.71532	7.81623	7.65387	7.75238
5.18843	7.81073	7.70695	7.76983	7.66275	7.79947
5.20836	7.75576	7.68316	7.79797	7.65005	7.77009
5.22839	7.76908	7.69294	7.79319	7.64333	7.76574
5.24849	7.78129	7.71383	7.74524	7.612	7.7651
5.26866	7.81035	7.7072	7.74748	7.63349	7.7713
5.28891	7.75028	7.71248	7.78789	7.66417	7.74154
5.30924	7.74442	7.71384	7.81241	7.6561	7.76355
5.32965	7.76901	7.66739	7.78641	7.64726	7.79375
5.35014	7.77364	7.70663	7.80304	7.67654	7.74738
5.3707	7.75732	7.6672	7.79465	7.64409	7.76595
5.39134	7.79105	7.70723	7.79431	7.66246	7.7971
5.41205	7.77008	7.68233	7.80038	7.6583	7.74625
5.43285	7.76748	7.70025	7.79507	7.64907	7.75337
5.45372	7.75402	7.70596	7.76965	7.65263	7.76232
5.47469	7.76601	7.72253	7.78819	7.63543	7.79943
5.49573	7.79468	7.71068	7.73807	7.65027	7.72576
5.51684	7.77337	7.70346	7.74452	7.65114	7.77664
5.53804	7.80393	7.70828	7.7712	7.6593	7.7719
5.55931	7.79715	7.6795	7.78465	7.62804	7.79835
5.58068	7.78146	7.70205	7.7899	7.65344	7.75176
5.60211	7.76643	7.68351	7.77388	7.64592	7.77353
5.62364	7.80202	7.72809	7.77862	7.67349	7.75562
5.64524	7.7756	7.68519	7.77084	7.63914	7.76716
5.66692	7.78172	7.70788	7.76222	7.63788	7.76162
5.68869	7.75491	7.70424	7.7487	7.65298	7.73223
5.71054	7.79564	7.71528	7.78046	7.64588	7.75642
5.73247	7.80026	7.69713	7.79018	7.64486	7.7489
5.75449	7.76772	7.72766	7.76666	7.65382	7.74395
5.7766	7.78184	7.66408	7.75866	7.68332	7.74613
5.79878	7.7517	7.69149	7.75179	7.63334	7.76938
5.82105	7.77638	7.72663	7.7743	7.64167	7.74873
5.8434	7.77179	7.70436	7.77185	7.62497	7.7343
5.86585	7.80385	7.69337	7.77484	7.66295	7.77011
5.88837	7.79362	7.70106	7.77969	7.63169	7.74155
5.91099	7.79609	7.72015	7.78602	7.64517	7.78323
5.93367	7.78057	7.71629	7.77687	7.62416	7.77007
5.95646	7.78853	7.71542	7.75595	7.65105	7.78109
5.97934	7.76226	7.69922	7.74945	7.6232	7.75435
6.00229	7.77422	7.6862	7.79176	7.63362	7.75031
6.02534	7.80763	7.70905	7.77742	7.65106	7.76506
6.04847	7.77699	7.6882	7.76666	7.64716	7.77798
6.07169	7.76111	7.6944	7.76063	7.63252	7.71763
6.095	7.76542	7.70563	7.73603	7.65125	7.75143
6.1184	7.79289	7.71683	7.77719	7.62696	7.75079
6.14189	7.78459	7.69187	7.77127	7.62277	7.72616
6.16546	7.76376	7.69886	7.78114	7.64677	7.76863
6.18913	7.79586	7.70251	7.77501	7.63666	7.74004
6.21289	7.76098	7.69691	7.78499	7.67161	7.76958
6.23674	7.76481	7.72417	7.74957	7.64102	7.77155
6.26067	7.77568	7.70564	7.79342	7.61303	7.76259
6.2847	7.77179	7.7291	7.78654	7.65034	7.73162
6.30883	7.78286	7.71744	7.7562	7.6288	7.72635
6.33304	7.77485	7.69724	7.72479	7.64537	7.74733
6.35734	7.77084	7.72589	7.77262	7.6689	7.73605
6.38174	7.78992	7.70725	7.78824	7.65486	7.733
6.40623	7.74267	7.71347	7.76549	7.65704	7.758
6.43081	7.77363	7.67216	7.77028	7.65147	7.7544
6.45549	7.78543	7.71084	7.7653	7.66038	7.75862
6.48026	7.75765	7.71065	7.76618	7.66375	7.74642
6.50513	7.76309	7.70076	7.77669	7.63358	7.75137
6.53009	7.76458	7.71066	7.76468	7.6322	7.76528
6.55514	7.75749	7.70308	7.77423	7.6329	7.76778
6.58029	7.76714	7.70062	7.77042	7.62656	7.73891
6.60554	7.75186	7.7069	7.7938	7.63697	7.75815
6.63088	7.76406	7.71375	7.77259	7.64618	7.75699
6.65631	7.76935	7.70919	7.75873	7.63991	7.78958
6.68185	7.78059	7.71705	7.78213	7.63933	7.76257
6.70749	7.7935	7.71423	7.75375	7.66595	7.74219
6.73321	7.77775	7.69445	7.75129	7.62292	7.72325
6.75904	7.75363	7.71866	7.7618	7.66204	7.75072
6.78496	7.78714	7.72484	7.74628	7.64634	7.75587
6.81099	7.77555	7.67037	7.78257	7.64168	7.73228
6.83711	7.73646	7.71404	7.7979	7.64132	7.74291
6.86334	7.7648	7.74166	7.76115	7.64535	7.74959
6.88966	7.77013	7.68294	7.79071	7.63401	7.74421
6.91609	7.75908	7.70554	7.77545	7.64623	7.70599
6.94261	7.78566	7.71664	7.75955	7.64748	7.73671
6.96924	7.74343	7.69286	7.7587	7.63	7.75875
6.99596	7.78133	7.70685	7.78788	7.62394	7.74514
7.0228	7.75847	7.6871	7.76393	7.61606	7.75138
7.04973	7.7566	7.68266	7.77793	7.63542	7.72302
7.07676	7.77796	7.6897	7.79047	7.62692	7.76213
7.1039	7.76062	7.70428	7.77817	7.63356	7.75054
7.13114	7.74558	7.71543	7.76242	7.63649	7.7513
7.15847	7.78836	7.67531	7.7845	7.64486	7.72249
7.18593	7.73793	7.71058	7.77288	7.67691	7.74186
7.21348	7.76914	7.70638	7.76504	7.64189	7.75554
7.24114	7.78683	7.70872	7.77841	7.65771	7.71549
7.2689	7.77005	7.69714	7.77033	7.61242	7.74051
7.29676	7.7718	7.68149	7.76599	7.63933	7.73193
7.32474	7.74042	7.72224	7.76688	7.6332	7.73081
7.35283	7.7613	7.70491	7.77031	7.64589	7.75186
7.38101	7.76501	7.70935	7.7757	7.6316	7.71963
7.4093	7.75936	7.70421	7.77044	7.61777	7.7235
7.4377	7.75309	7.69606	7.79612	7.62284	7.7149
7.46621	7.73848	7.69606	7.77883	7.64968	7.72708
7.49484	7.77798	7.71576	7.75765	7.62063	7.73704
7.52356	7.78621	7.67958	7.74422	7.60001	7.74989
7.5524	7.77597	7.6989	7.76922	7.62041	7.71743
7.58135	7.76125	7.69073	7.78735	7.62143	7.75707
7.61041	7.74979	7.69433	7.75783	7.62324	7.72931
7.63958	7.74975	7.67576	7.77355	7.64615	7.76152
7.66885	7.78744	7.69032	7.72971	7.65729	7.73434
7.69825	7.74104	7.68944	7.76097	7.64249	7.74835
7.72775	7.77301	7.70264	7.773	7.6545	7.7437
7.75736	7.77267	7.67448	7.77671	7.64668	7.73589
7.78709	7.76984	7.69675	7.77165	7.63188	7.74094
7.81694	7.72316	7.68151	7.74028	7.63177	7.74681
7.84689	7.73516	7.70629	7.78354	7.62546	7.75796
7.87696	7.77349	7.67814	7.76018	7.63578	7.74
7.90714	7.78738	7.72228	7.76607	7.62965	7.78621
7.93744	7.7809	7.6948	7.76244	7.61774	7.76067
7.96785	7.7695	7.70718	7.76215	7.63728	7.73733
7.99839	7.77472	7.69251	7.79021	7.65023	7.72786
8.02903	7.74023	7.65558	7.76222	7.6193	7.72662
8.05979	7.76663	7.68317	7.74461	7.63913	7.73785
8.09068	7.75635	7.7085	7.78408	7.63584	7.72177
8.12166	7.76834	7.7089	7.74556	7.61466	7.73272
8.15279	7.76173	7.7045	7.76584	7.62992	7.73602
8.18401	7.7395	7.7031	7.76349	7.6251	7.71112
8.21536	7.73648	7.70335	7.76946	7.61846	7.72356
8.24684	7.72428	7.69499	7.70907	7.64287	7.74939
8.27843	7.7424	7.6725	7.74805	7.64438	7.72608
8.31014	7.77406	7.66404	7.73544	7.60863	7.73507
8.34198	7.76664	7.67864	7.77644	7.64512	7.74644
8.37393	7.76401	7.69953	7.78276	7.63604	7.72962
8.406	7.76264	7.6845	7.78617	7.62529	7.73587
8.4382	7.75539	7.71319	7.75367	7.62317	7.73622
8.47052	7.74737	7.69621	7.75138	7.61858	7.73602
8.50296	7.77092	7.71335	7.77623	7.63684	7.73362
8.53554	7.75618	7.6923	7.76658	7.63754	7.74308
8.56822	7.76982	7.71914	7.77214	7.63877	7.73183
8.60104	7.75839	7.69526	7.74369	7.6298	7.73173
8.63398	7.73868	7.69304	7.76088	7.6304	7.74706
8.66705	7.76274	7.67795	7.76186	7.61977	7.7178
8.70024	7.76619	7.7047	7.76206	7.65527	7.73631
8.73356	7.74848	7.69879	7.75425	7.64834	7.73133
8.767	7.7493	7.68212	7.77605	7.64074	7.74127
8.80058	7.7397	7.6908	7.78516	7.63313	7.73015
8.83428	7.75462	7.67978	7.79207	7.62884	7.72464
8.8681	7.74984	7.67433	7.73169	7.64057	7.72171
8.90206	7.7611	7.68533	7.76168	7.65796	7.73148
8.93615	7.76185	7.69299	7.74004	7.64804	7.74034
8.97036	7.77556	7.67007	7.76011	7.62687	7.73039
9.00471	7.74165	7.70189	7.75545	7.65142	7.73934
9.03919	7.7733	7.67639	7.74454	7.63462	7.73379
9.0738	7.75802	7.66792	7.74401	7.64946	7.72118
9.10854	7.75661	7.66753	7.7541	7.63756	7.73358
9.14341	7.7595	7.70262	7.76206	7.62325	7.73549
9.17841	7.74294	7.6776	7.75806	7.6276	7.70822
9.21355	7.72616	7.69853	7.76528	7.62014	7.71683
9.24883	7.75491	7.69578	7.765	7.62543	7.71726
9.28424	7.76877	7.67966	7.76315	7.63914	7.71915
9.31977	7.74304	7.6935	7.77368	7.59654	7.70634
9.35545	7.75589	7.70125	7.78046	7.63875	7.72779
9.39126	7.74022	7.67832	7.76547	7.62603	7.72057
9.42721	7.76875	7.67411	7.77324	7.63726	7.72742
9.4633	7.76973	7.68612	7.75043	7.63239	7.71875
9.49953	7.73281	7.68527	7.73477	7.62289	7.71542
9.53589	7.7268	7.67305	7.7587	7.62507	7.74521
9.57239	7.75232	7.69112	7.77558	7.62942	7.73011
9.60903	7.75358	7.67122	7.7686	7.6276	7.72539
9.6458	7.74412	7.69961	7.75508	7.60851	7.70458
9.68272	7.7418	7.65274	7.75504	7.64111	7.73632
9.71978	7.75717	7.67215	7.76691	7.63605	7.71775
9.75698	7.74193	7.70905	7.75135	7.60519	7.73514
9.79432	7.75374	7.70649	7.75872	7.6217	7.7563
9.83181	7.74995	7.64439	7.76716	7.61765	7.72867
9.86944	7.73998	7.69297	7.7471	7.60753	7.74074
9.9072	7.76227	7.68542	7.76119	7.62063	7.72769
9.94511	7.7708	7.71733	7.76127	7.65003	7.73267
9.98318	7.76451	7.69499	7.75996	7.63183	7.72126
10.0214	7.76355	7.69244	7.75511	7.62576	7.72251
10.0597	7.74681	7.68781	7.75683	7.64013	7.7194
10.0982	7.76556	7.68927	7.75517	7.6314	7.7398
10.1369	7.74536	7.68068	7.7539	7.605	7.74197
10.1756	7.77174	7.70036	7.74651	7.62567	7.7107
10.2146	7.75844	7.69267	7.76699	7.63647	7.74439
10.2537	7.75834	7.66143	7.76227	7.62157	7.73424
10.2929	7.74328	7.6936	7.74739	7.61383	7.74164
10.3323	7.76208	7.66791	7.75154	7.62576	7.70888
10.3718	7.76152	7.69512	7.74747	7.65643	7.72587
10.4115	7.76397	7.66979	7.74498	7.63896	7.70158
10.4513	7.76352	7.68249	7.75749	7.62912	7.72371
10.4913	7.77102	7.6781	7.76095	7.63078	7.72187
10.5315	7.75578	7.69732	7.74405	7.62041	7.7095
10.5717	7.73405	7.7017	7.7527	7.63577	7.73582
10.6122	7.75377	7.69996	7.76092	7.62191	7.73434
10.6528	7.76386	7.67997	7.75463	7.60775	7.7119
10.6936	7.7448	7.65773	7.75723	7.62872	7.71083
10.7345	7.72893	7.67797	7.74065	7.63431	7.72489
10.7755	7.74531	7.70128	7.7622	7.6188	7.7345
10.8167	7.74182	7.69371	7.759	7.62021	7.72768
10.8581	7.76439	7.70646	7.75362	7.63338	7.73331
10.8996	7.74255	7.67693	7.7511	7.63059	7.71096
10.9413	7.75066	7.67517	7.75425	7.62706	7.73499
10.9832	7.7503	7.68321	7.7741	7.62926	7.72012
11.0252	7.7515	7.68632	7.74294	7.62314	7.72744
11.0674	7.73596	7.69291	7.76463	7.60215	7.74531
11.1097	7.7433	7.69953	7.74859	7.62	7.72744
11.1522	7.7597	7.68486	7.74565	7.62025	7.73598
11.1948	7.75447	7.683	7.7657	7.61025	7.73378
11.2377	7.74977	7.70543	7.75568	7.61863	7.72815
11.2807	7.75969	7.70499	7.73959	7.63414	7.75041
11.3238	7.76901	7.66846	7.75414	7.61466	7.69743
11.3671	7.77143	7.69501	7.7622	7.61904	7.73203
11.4106	7.7395	7.68418	7.72469	7.6078	7.69922
11.4542	7.73211	7.68291	7.74531	7.61825	7.71497
11.498	7.74524	7.67348	7.76251	7.63256	7.73289
11.542	7.76294	7.66316	7.77154	7.63587	7.75842
11.5861	7.75383	7.67904	7.77508	7.63625	7.73084
11.6304	7.75604	7.68821	7.74482	7.6103	7.71677
11.6749	7.76074	7.69082	7.74595	7.59854	7.74021
11.7196	7.75241	7.67539	7.74169	7.61735	7.70688
11.7644	7.74353	7.67605	7.75109	7.63414	7.73166
11.8094	7.73354	7.68985	7.766	7.63307	7.72265
11.8545	7.74568	7.68118	7.74581	7.6519	7.7153
11.8998	7.73243	7.67039	7.74068	7.62962	7.74625
11.9453	7.74539	7.68241	7.74345	7.62351	7.7456
11.991	7.73445	7.67382	7.76632	7.62792	7.71221
12.0369	7.75011	7.67387	7.78103	7.63745	7.72179
12.0829	7.73306	7.6905	7.7486	7.63497	7.71736
12.1291	7.74525	7.68903	7.74481	7.61829	7.73992
12.1755	7.73863	7.68176	7.75463	7.60353	7.72987
12.222	7.76308	7.67694	7.76563	7.61171	7.70685
12.2687	7.73793	7.66331	7.76298	7.63879	7.72978
12.3156	7.74847	7.66442	7.7556	7.62929	7.739
12.3627	7.75658	7.66351	7.75475	7.6249	7.72364
12.41	7.74422	7.66884	7.74012	7.63307	7.71792
12.4574	7.75433	7.68621	7.72361	7.64344	7.71053
12.5051	7.73747	7.64596	7.73002	7.62298	7.72761
12.5529	7.73104	7.67337	7.72355	7.62113	7.73099
12.6009	7.75378	7.66999	7.74756	7.6355	7.73054
12.649	7.74476	7.69107	7.73634	7.62353	7.70988
12.6974	7.74802	7.65365	7.75328	7.63415	7.71661
12.7459	7.74014	7.66775	7.75312	7.6258	7.71253
12.7946	7.75764	7.66006	7.74909	7.62507	7.71965
12.8435	7.76112	7.69695	7.74004	7.60825	7.70982
12.8926	7.75534	7.67837	7.74746	7.62453	7.71637
12.9419	7.73903	7.67257	7.75535	7.62685	7.72337
12.9914	7.73839	7.68181	7.74171	7.62064	7.73767
13.041	7.75658	7.67768	7.74458	7.61893	7.72535
13.0909	7.77158	7.66568	7.74892	7.63456	7.72245
13.1409	7.75841	7.67224	7.75288	7.61003	7.71014
13.1912	7.76336	7.65957	7.74719	7.60889	7.72055
13.2416	7.76532	7.66552	7.74417	7.63072	7.71323
13.2922	7.75063	7.66321	7.76151	7.60552	7.72571
13.343	7.7598	7.6701	7.74492	7.61303	7.72003
13.394	7.75923	7.66982	7.7527	7.62224	7.72473
13.4452	7.75063	7.65213	7.73332	7.62131	7.73066
13.4966	7.74871	7.65285	7.75971	7.61712	7.7297
13.5481	7.76459	7.67304	7.74684	7.602	7.71983
13.5999	7.7337	7.68042	7.73693	7.61764	7.70665
13.6519	7.72765	7.67217	7.74822	7.63034	7.73381
13.7041	7.73414	7.66323	7.74813	7.60688	7.72748
13.7564	7.74175	7.65478	7.76149	7.61464	7.73505
13.809	7.75022	7.65988	7.73485	7.60852	7.71377
13.8618	7.74361	7.67699	7.737	7.61773	7.72891
13.9148	7.73672	7.67629	7.74187	7.61746	7.74075
13.9679	7.7476	7.6714	7.73173	7.60874	7.72835
14.0213	7.72636	7.67776	7.76518	7.62054	7.7126
14.0749	7.73634	7.66891	7.74942	7.59852	7.71216
14.1287	7.73718	7.65952	7.72024	7.63285	7.71402
14.1826	7.75206	7.68303	7.73798	7.61134	7.72974
14.2368	7.7665	7.6599	7.73272	7.60195	7.72892
14.2913	7.72686	7.66345	7.76005	7.63179	7.70804
14.3458	7.72415	7.68143	7.73923	7.6129	7.70785
14.4007	7.73367	7.6828	7.73362	7.61049	7.7237
14.4557	7.72869	7.65834	7.75053	7.61403	7.72373
14.5109	7.72538	7.67644	7.7452	7.60224	7.7118
14.5664	7.73806	7.67243	7.72999	7.61017	7.74546
14.622	7.7402	7.67858	7.73364	7.60766	7.70559
14.6779	7.74689	7.67535	7.73967	7.61581	7.72074
14.734	7.74321	7.65596	7.75109	7.612	7.73311
14.7903	7.73937	7.66043	7.7316	7.60947	7.72368
14.8468	7.74177	7.69519	7.74184	7.61932	7.71906
14.9035	7.74856	7.685	7.72513	7.61544	7.73056
14.9604	7.75563	7.67678	7.74506	7.60549	7.73199
15.0176	7.73344	7.66623	7.75412	7.61244	7.72344
15.075	7.74357	7.66581	7.76103	7.60645	7.72638
15.1326	7.73682	7.67562	7.75623	7.61658	7.70622
15.1903	7.73471	7.68137	7.74644	7.60793	7.71161
15.2484	7.73808	7.6816	7.75723	7.61869	7.72888
15.3066	7.75766	7.68896	7.74352	7.62231	7.70916
15.3651	7.76486	7.67325	7.73107	7.60523	7.71892
15.4238	7.74421	7.6834	7.74081	7.59925	7.7242
15.4827	7.75589	7.67648	7.74704	7.61342	7.72093
15.5419	7.74502	7.66925	7.74731	7.61433	7.71665
15.6012	7.74534	7.70723	7.75048	7.59374	7.73479
15.6608	7.7458	7.69144	7.74934	7.61151	7.70557
15.7206	7.73717	7.66652	7.73951	7.61442	7.73148
15.7807	7.74562	7.68189	7.73961	7.61322	7.72197
15.841	7.74067	7.68451	7.7475	7.60184	7.71335
15.9015	7.71504	7.6863	7.7416	7.61058	7.72022
15.9622	7.74096	7.68367	7.71657	7.60236	7.7257
16.0232	7.74247	7.66678	7.74821	7.594	7.71361
16.0844	7.73559	7.67158	7.74309	7.60815	7.72246
16.1458	7.7385	7.6656	7.74806	7.61953	7.72777
16.2075	7.73588	7.66168	7.74005	7.62121	7.72652
16.2694	7.76136	7.66703	7.75038	7.60846	7.72602
16.3316	7.72903	7.66935	7.73182	7.61662	7.71273
16.3939	7.75046	7.66329	7.74432	7.61359	7.72077
16.4565	7.74375	7.66223	7.74202	7.59343	7.73082
16.5194	7.73123	7.67886	7.73551	7.60349	7.72016
16.5825	7.72945	7.67169	7.73747	7.61989	7.70723
16.6458	7.74707	7.66061	7.74836	7.60246	7.72841
16.7094	7.74099	7.67856	7.74742	7.60171	7.71922
16.7732	7.75671	7.67517	7.74509	7.6292	7.73239
16.8372	7.72738	7.66666	7.72992	7.61967	7.71753
16.9016	7.73841	7.6781	7.73392	7.60047	7.72775
16.9661	7.72416	7.65471	7.7476	7.59273	7.71342
17.0309	7.7484	7.65771	7.76726	7.6065	7.72288
17.0959	7.75481	7.66766	7.74159	7.6079	7.70712
17.1612	7.72782	7.66812	7.73104	7.61851	7.72261
17.2267	7.73464	7.66783	7.73953	7.59825	7.70275
17.2925	7.74455	7.67845	7.73845	7.59651	7.71809
17.3586	7.74261	7.66906	7.73545	7.611	7.70917
17.4249	7.72046	7.67186	7.7503	7.60992	7.71449
17.4914	7.73655	7.66755	7.74626	7.6038	7.71123
17.5582	7.73267	7.67317	7.73971	7.6004	7.7158
17.6252	7.7437	7.67972	7.74658	7.6117	7.71664
17.6925	7.74357	7.67802	7.74463	7.6143	7.73302
17.7601	7.75115	7.67263	7.73645	7.63327	7.70738
17.8279	7.73324	7.67093	7.72495	7.62889	7.72093
17.896	7.7277	7.66268	7.73068	7.61206	7.71839
17.9643	7.72739	7.65725	7.73481	7.60592	7.72133
18.0329	7.73355	7.65779	7.73767	7.61791	7.73702
18.1018	7.73644	7.65247	7.74827	7.59966	7.71267
18.1709	7.73681	7.68263	7.73398	7.62457	7.73074
18.2403	7.74749	7.67462	7.75174	7.6101	7.71564
18.3099	7.74686	7.66849	7.72887	7.59287	7.71254
18.3798	7.7421	7.68183	7.71598	7.61416	7.73227
18.45	7.74379	7.65545	7.7354	7.61451	7.72542
18.5204	7.74436	7.67029	7.73176	7.606	7.72674
18.5911	7.73733	7.68532	7.73733	7.59795	7.72355
18.6621	7.72738	7.66436	7.73015	7.60731	7.72574
18.7334	7.74244	7.6696	7.74803	7.61102	7.70985
18.8049	7.72709	7.66613	7.73965	7.59208	7.72497
18.8767	7.73439	7.66358	7.75154	7.61513	7.70892
18.9487	7.73678	7.67075	7.73976	7.62694	7.7143
19.0211	7.74756	7.68676	7.72923	7.5991	7.71144
19.0937	7.73231	7.66055	7.7483	7.62088	7.71111
19.1666	7.74608	7.68306	7.74337	7.60678	7.73209
19.2398	7.7463	7.67108	7.73943	7.60752	7.72292
19.3132	7.73937	7.66169	7.7262	7.62114	7.73086
19.3869	7.72311	7.67652	7.74088	7.61996	7.7201
19.461	7.73954	7.66431	7.72496	7.61292	7.7163
19.5352	7.7221	7.65806	7.73631	7.61487	7.71476
19.6098	7.72768	7.67204	7.73571	7.59381	7.72073
19.6847	7.74462	7.65527	7.75403	7.59876	7.72251
19.7598	7.72773	7.66677	7.73784	7.61566	7.70946
19.8353	7.74042	7.66633	7.72631	7.61409	7.69354
19.911	7.73586	7.67299	7.73838	7.60302	7.72563
19.987	7.72719	7.64877	7.75066	7.60189	7.72394
20.0633	7.73695	7.67509	7.73748	7.6232	7.71414
20.1399	7.73705	7.66146	7.74175	7.62532	7.7117
20.2167	7.74573	7.66996	7.72827	7.60815	7.70761
20.2939	7.74016	7.66366	7.73858	7.60179	7.72672
20.3714	7.75772	7.67776	7.72711	7.62051	7.71603
20.4491	7.73584	7.6685	7.73066	7.60322	7.7244
20.5272	7.73045	7.67262	7.73293	7.60742	7.70156
20.6055	7.71867	7.66484	7.75104	7.5982	7.7396
20.6842	7.73864	7.66617	7.74237	7.61461	7.71465
20.7631	7.72862	7.66288	7.74586	7.60691	7.71665
20.8424	7.73468	7.66915	7.73384	7.59825	7.7092
20.9219	7.73912	7.66324	7.72302	7.60656	7.69116
21.0018	7.73183	7.66314	7.72825	7.60075	7.68871
21.0819	7.73139	7.65864	7.73782	7.58961	7.69805
21.1624	7.74599	7.66189	7.74011	7.6075	7.69495
21.2432	7.73534	7.65946	7.72771	7.59543	7.70984
21.3242	7.74489	7.65378	7.73454	7.60737	7.70273
21.4056	7.7586	7.67766	7.73167	7.59245	7.69501
21.4873	7.72087	7.65312	7.73349	7.60423	7.70353
21.5693	7.7432	7.65713	7.7323	7.60461	7.69253
21.6517	7.72786	7.67238	7.73504	7.60808	7.6931
21.7343	7.72704	7.65174	7.71999	7.57839	7.68991
21.8172	7.73591	7.65539	7.72403	7.59683	7.69266
21.9005	7.74583	7.65666	7.72052	7.61384	7.69628
21.9841	7.74576	7.66258	7.72085	7.61341	7.70936
22.068	7.73067	7.65019	7.72719	7.59865	7.71758
22.1522	7.72769	7.65747	7.74477	7.59816	7.68702
22.2367	7.72504	7.66945	7.74206	7.59433	7.69959
22.3216	7.71991	7.66946	7.72964	7.58942	7.69572
22.4068	7.73127	7.65445	7.72878	7.60942	7.6928
22.4923	7.72415	7.65805	7.72582	7.61376	7.7066
22.5781	7.72224	7.64356	7.73709	7.61267	7.71291
22.6643	7.71844	7.63942	7.73308	7.60321	7.68376
22.7508	7.7238	7.66411	7.73628	7.60731	7.71429
22.8376	7.72511	7.68437	7.73251	7.60747	7.7283
22.9247	7.72784	7.6543	7.7194	7.59219	7.68768
23.0122	7.71174	7.66358	7.736	7.59822	7.69979
23.1	7.72341	7.66888	7.74447	7.61971	7.70349
23.1882	7.73441	7.65224	7.75211	7.61482	7.70675
23.2767	7.72899	7.65193	7.73502	7.59503	7.71117
23.3655	7.7211	7.66139	7.74167	7.60756	7.7076
23.4547	7.74317	7.6572	7.7271	7.60714	7.71663
23.5441	7.73923	7.64905	7.72949	7.60272	7.70565
23.634	7.73544	7.64553	7.72604	7.60463	7.72956
23.7242	7.74541	7.65999	7.73434	7.59556	7.72449
23.8147	7.74838	7.65689	7.73958	7.61773	7.71313
23.9056	7.74142	7.65806	7.73588	7.60249	7.70761
23.9968	7.74348	7.6571	7.74015	7.60887	7.70818
24.0883	7.73126	7.65671	7.74432	7.60597	7.72358
24.1803	7.72742	7.65015	7.74142	7.59504	7.72862
24.2725	7.73934	7.65389	7.74285	7.59374	7.72647
24.3651	7.73471	7.66455	7.74496	7.60278	7.7015
24.4581	7.75128	7.67758	7.73951	7.61336	7.71849
24.5514	7.73005	7.67006	7.74352	7.6074	7.69518
24.6451	7.73478	7.66106	7.73482	7.60718	7.72734
24.7391	7.742	7.65914	7.73411	7.59815	7.71084
24.8335	7.73605	7.65919	7.74305	7.58751	7.72134
24.9282	7.73656	7.66425	7.73099	7.60465	7.72907
25.0234	7.73339	7.65958	7.73579	7.6207	7.72433
25.1188	7.73379	7.66083	7.72892	7.59835	7.71692
25.2147	7.73197	7.66601	7.74084	7.59092	7.70855
25.3109	7.71673	7.67152	7.73167	7.60292	7.71604
25.4074	7.7228	7.65946	7.74012	7.60054	7.70199
25.5044	7.72831	7.66638	7.72204	7.59928	7.6988
25.6017	7.7222	7.65701	7.73621	7.61785	7.71512
25.6993	7.7239	7.64797	7.73234	7.60223	7.69531
25.7974	7.72403	7.6557	7.74501	7.59247	7.71292
25.8958	7.72121	7.66804	7.75063	7.60607	7.69618
25.9946	7.73136	7.656	7.73543	7.59584	7.70116
26.0938	7.73344	7.65429	7.73756	7.61232	7.6914
26.1933	7.72419	7.67222	7.74734	7.5923	7.69207
26.2932	7.72557	7.66043	7.74177	7.61718	7.7159
26.3936	7.75181	7.66017	7.74517	7.60648	7.69602
26.4942	7.72433	7.67831	7.73469	7.60024	7.69979
26.5953	7.74675	7.66821	7.74611	7.6016	7.68992
26.6968	7.73926	7.65507	7.73887	7.61593	7.69265
26.7986	7.73753	7.66549	7.72662	7.60437	7.70718
26.9008	7.73804	7.66087	7.74209	7.60416	7.69211
27.0035	7.72405	7.66301	7.73469	7.6178	7.70778
27.1065	7.72475	7.66203	7.7389	7.60839	7.7125
27.2099	7.73293	7.662	7.73392	7.59964	7.70272
27.3137	7.72024	7.65928	7.74869	7.60459	7.69896
27.4179	7.72111	7.65197	7.72579	7.60671	7.71857
27.5224	7.71982	7.65257	7.73859	7.6112	7.71046
27.6274	7.73474	7.65528	7.73586	7.61471	7.72082
27.7328	7.72773	7.65653	7.73392	7.60615	7.70548
27.8386	7.72567	7.67133	7.73088	7.60284	7.70065
27.9448	7.71762	7.6614	7.72431	7.60832	7.71645
28.0514	7.71787	7.67374	7.72963	7.59802	7.71088
28.1584	7.72995	7.66764	7.73529	7.61532	7.71406
28.2658	7.72549	7.65228	7.73134	7.59399	7.72647
28.3736	7.73981	7.65616	7.73412	7.61291	7.70825
28.4819	7.72975	7.65969	7.73391	7.61289	7.70866
28.5905	7.72808	7.65879	7.72712	7.59804	7.70593
28.6996	7.73563	7.65589	7.73063	7.60861	7.69704
28.809	7.73386	7.66325	7.7331	7.61404	7.70577
28.9189	7.73208	7.66052	7.73611	7.59742	7.69371
29.0292	7.73132	7.66452	7.72732	7.59734	7.70776
29.1399	7.73317	7.66656	7.72712	7.61121	7.71698
29.2511	7.7282	7.66206	7.73039	7.60487	7.69939
29.3626	7.72311	7.66733	7.73607	7.59992	7.71467
29.4746	7.73433	7.65925	7.74533	7.61388	7.6816
29.5871	7.74619	7.66133	7.73382	7.59581	7.69488
29.6999	7.73743	7.67383	7.74231	7.61219	7.70095
29.8132	7.72773	7.65982	7.73358	7.60821	7.7061
29.9269	7.73424	7.66014	7.73708	7.60735	7.72099
30.041	7.74502	7.66603	7.72336	7.602	7.69692
30.1556	7.74127	7.65602	7.72627	7.61961	7.71386
30.2706	7.72977	7.66754	7.7342	7.60822	7.69878
30.3861	7.73775	7.65682	7.73485	7.60127	7.71028
30.502	7.72238	7.66336	7.72178	7.60888	7.708
30.6183	7.72891	7.66608	7.7315	7.60552	7.71303
30.7351	7.72554	7.65812	7.7363	7.60154	7.72559
30.8523	7.72484	7.65948	7.73087	7.60011	7.7169
30.97	7.74441	7.66141	7.72537	7.61211	7.71654
31.0881	7.74877	7.65383	7.73499	7.60539	7.708
31.2066	7.73412	7.66203	7.74776	7.60588	7.70688
31.3257	7.72574	7.66971	7.72921	7.59723	7.71175
31.4451	7.7337	7.66699	7.72132	7.5956	7.71199
31.5651	7.72233	7.66443	7.73761	7.59748	7.71192
31.6854	7.74123	7.65911	7.72976	7.60595	7.71745
31.8063	7.72902	7.6565	7.7431	7.6047	7.71937
31.9276	7.73055	7.66539	7.72645	7.60573	7.7175
32.0493	7.72473	7.67137	7.73439	7.59724	7.70414
32.1716	7.71806	7.66783	7.73628	7.59085	7.72717
32.2943	7.72636	7.65781	7.72522	7.60142	7.70974
32.4174	7.72857	7.66736	7.7388	7.59938	7.71637
32.541	7.72743	7.67928	7.74563	7.60891	7.71683
32.6651	7.73459	7.66829	7.73176	7.60444	7.72254
32.7897	7.71955	7.65989	7.73505	7.60493	7.72361
32.9147	7.72548	7.65346	7.72086	7.60125	7.7281
33.0403	7.72871	7.65948	7.73887	7.602	7.73074
33.1662	7.72804	7.67531	7.73331	7.60359	7.71635
33.2927	7.73806	7.66409	7.71846	7.60063	7.73568
33.4197	7.73472	7.67453	7.73288	7.59944	7.72465
33.5471	7.75017	7.65307	7.7401	7.6016	7.7167
33.6751	7.73058	7.67018	7.73318	7.60184	7.71295
33.8035	7.74382	7.67466	7.7339	7.58168	7.72457
33.9324	7.73833	7.66733	7.72876	7.61327	7.71095
34.0618	7.73534	7.66837	7.73344	7.60727	7.70917
34.1917	7.74439	7.65785	7.73832	7.60338	7.71637
34.322	7.72229	7.64707	7.73673	7.61598	7.71722
34.4529	7.73853	7.6491	7.73031	7.60569	7.71115
34.5843	7.72922	7.67126	7.73748	7.60318	7.71737
34.7162	7.74324	7.66153	7.73738	7.60397	7.71063
34.8485	7.74585	7.65934	7.72528	7.59701	7.71251
34.9814	7.72773	7.66039	7.73842	7.61551	7.71644
35.1148	7.74595	7.64926	7.74171	7.60574	7.71362
35.2487	7.72638	7.66405	7.7434	7.59581	7.71947
35.3831	7.74517	7.66802	7.74302	7.60024	7.719
35.518	7.72789	7.67265	7.73895	7.60574	7.71759
35.6535	7.73166	7.66997	7.73329	7.60749	7.72244
35.7894	7.73538	7.66292	7.726	7.60942	7.71736
35.9259	7.72342	7.65314	7.74357	7.60972	7.71414
36.0629	7.725	7.66016	7.72594	7.60328	7.72646
36.2004	7.72995	7.66121	7.7317	7.6084	7.71218
36.3384	7.73069	7.66671	7.72106	7.61127	7.71501
36.477	7.73556	7.65534	7.74551	7.60774	7.7284
36.616	7.73777	7.66163	7.73643	7.59866	7.70972
36.7556	7.73543	7.6532	7.74159	7.59817	7.7295
36.8958	7.73574	7.66624	7.72783	7.60309	7.70941
37.0365	7.73371	7.66078	7.73775	7.61693	7.71806
37.1777	7.74206	7.65729	7.73271	7.60742	7.70478
37.3194	7.7243	7.66552	7.73541	7.61571	7.73228
37.4617	7.73195	7.6578	7.72624	7.60221	7.72058
37.6046	7.74106	7.67977	7.7343	7.60842	7.70911
37.7479	7.74197	7.67607	7.73062	7.60777	7.70097
37.8919	7.72676	7.67109	7.72469	7.60386	7.70635
38.0363	7.73008	7.67189	7.72854	7.59751	7.71517
38.1814	7.73544	7.66895	7.73909	7.59936	7.70601
38.3269	7.74183	7.67071	7.73485	7.60688	7.71082
38.4731	7.71892	7.67139	7.73173	7.60308	7.70052
38.6197	7.72142	7.66617	7.72932	7.61315	7.69984
38.767	7.72561	7.64916	7.73487	7.60076	7.70146
38.9148	7.72876	7.65347	7.74812	7.59773	7.70868
39.0631	7.72447	7.65928	7.74214	7.60638	7.71755
39.2121	7.73818	7.65714	7.73977	7.60948	7.71289
39.3616	7.73976	7.66434	7.73291	7.58966	7.70311
39.5117	7.72811	7.65801	7.74685	7.60407	7.71194
39.6623	7.72963	7.65055	7.73349	7.59488	7.71718
39.8135	7.74048	7.65714	7.72547	7.59769	7.71923
39.9653	7.73183	7.64992	7.7149	7.59107	7.70906
40.1176	7.73426	7.65817	7.73584	7.59815	7.70487
40.2706	7.73895	7.65791	7.74023	7.60239	7.71393
40.4241	7.73575	7.65639	7.73363	7.60705	7.7274
40.5782	7.72717	7.65453	7.73021	7.60554	7.70578
40.7329	7.72435	7.64978	7.72631	7.60097	7.73157
40.8882	7.72619	7.66175	7.73454	7.59755	7.719
41.0441	7.72567	7.66185	7.74182	7.60864	7.7121
41.2006	7.73448	7.64773	7.73389	7.60631	7.71708
41.3577	7.7397	7.65974	7.73092	7.60631	7.72429
41.5153	7.72418	7.65291	7.73875	7.60895	7.71389
41.6736	7.7269	7.64762	7.73467	7.60319	7.71867
41.8325	7.72447	7.65926	7.72215	7.59834	7.72105
41.9919	7.72045	7.65424	7.74065	7.59288	7.72777
42.152	7.72777	7.66057	7.73526	7.61082	7.71413
42.3127	7.73271	7.64619	7.73144	7.59284	7.71871
42.474	7.72929	7.65005	7.73369	7.60107	7.7193
42.6359	7.73533	7.65056	7.7337	7.5926	7.7192
42.7985	7.73364	7.65147	7.73624	7.60456	7.71353
42.9616	7.73869	7.65193	7.73735	7.61324	7.7108
43.1254	7.72863	7.65343	7.72979	7.59153	7.71478
43.2898	7.72955	7.6518	7.73112	7.60403	7.72575
43.4548	7.72625	7.65629	7.73323	7.58733	7.7184
43.6205	7.72363	7.66207	7.728	7.6055	7.7238
43.7867	7.72874	7.6605	7.73274	7.59991	7.70334
43.9537	7.71258	7.67151	7.73252	7.59949	7.70907
44.1212	7.72403	7.66574	7.73956	7.60312	7.72029
44.2894	7.72628	7.65408	7.73708	7.60737	7.70553
44.4582	7.72179	7.64829	7.73431	7.60645	7.70838
44.6277	7.72991	7.65437	7.72972	7.60573	7.70753
44.7978	7.73202	7.65485	7.7285	7.59911	7.71515
44.9686	7.74639	7.65568	7.73964	7.59861	7.7126
45.14	7.74045	7.65769	7.74272	7.61373	7.71731
45.3121	7.72712	7.6619	7.73265	7.61576	7.71274
45.4848	7.72081	7.6651	7.725	7.61412	7.71416
45.6582	7.71639	7.65065	7.73737	7.61443	7.68951
45.8322	7.72608	7.65478	7.73883	7.59479	7.71263
46.0069	7.72046	7.65797	7.73605	7.59928	7.69279
46.1823	7.72527	7.65036	7.73183	7.59957	7.70448
46.3583	7.72069	7.65802	7.74547	7.60611	7.71561
46.535	7.73089	7.6532	7.74699	7.60769	7.70259
46.7124	7.72152	7.66573	7.73975	7.61029	7.71197
46.8905	7.74035	7.66475	7.73612	7.59178	7.71599
47.0692	7.72668	7.65841	7.72973	7.60131	7.70639
47.2486	7.74101	7.66257	7.7395	7.60665	7.71893
47.4287	7.73742	7.66694	7.73967	7.6061	7.71009
47.6095	7.73906	7.65812	7.74055	7.60858	7.7101
47.791	7.73168	7.6517	7.74773	7.60475	7.71576
47.9731	7.72963	7.66638	7.74143	7.60303	7.71864
48.156	7.73835	7.6619	7.74087	7.6047	7.71355
48.3396	7.74043	7.66546	7.749	7.58475	7.70437
48.5238	7.73387	7.6676	7.74104	7.60704	7.71636
48.7088	7.73549	7.66866	7.74587	7.59731	7.71608
48.8944	7.72974	7.66299	7.7422	7.59758	7.7071
49.0808	7.72593	7.66823	7.73211	7.60234	7.70897
49.2679	7.73521	7.65618	7.74281	7.60786	7.70453
49.4557	7.72137	7.66533	7.73512	7.60846	7.70686
49.6441	7.72509	7.66515	7.73239	7.60132	7.70204
49.8334	7.73203	7.66674	7.73964	7.60617	7.6962
50.0233	7.73201	7.66519	7.74593	7.60965	7.70317
50.214	7.72923	7.65819	7.73974	7.60079	7.71745
50.4054	7.73983	7.66628	7.74854	7.59474	7.70901
50.5975	7.73445	7.66371	7.73306	7.59418	7.71617
50.7903	7.73948	7.65945	7.73507	7.59781	7.71745
50.9839	7.73608	7.66343	7.72929	7.60357	7.70461
51.1782	7.7241	7.67827	7.7261	7.60125	7.70905
51.3733	7.73836	7.66578	7.74505	7.59198	7.71178
51.5691	7.73594	7.65966	7.73864	7.59386	7.7085
51.7657	7.73616	7.66311	7.72532	7.60539	7.6949
51.9629	7.74328	7.6603	7.7367	7.60211	7.70621
52.161	7.74586	7.66163	7.73876	7.60353	7.70469
52.3598	7.73466	7.66364	7.73297	7.6049	7.69871
52.5593	7.74927	7.66332	7.733	7.59987	7.68867
52.7597	7.73684	7.65725	7.73675	7.60217	7.68705
52.9608	7.73349	7.66068	7.73795	7.60733	7.70314
53.1626	7.73809	7.65138	7.74141	7.61127	7.69578
53.3652	7.72853	7.66579	7.73182	7.60847	7.70528
53.5686	7.73799	7.65993	7.73697	7.601	7.70642
53.7728	7.72601	7.66002	7.73452	7.60987	7.69686
53.9777	7.73256	7.6641	7.72865	7.60255	7.71424
54.1834	7.73004	7.66319	7.72742	7.60931	7.71442
54.3899	7.73526	7.66105	7.73706	7.61877	7.72049
54.5972	7.73553	7.66419	7.72006	7.60516	7.71744
54.8053	7.73539	7.66694	7.73527	7.60513	7.71825
55.0142	7.74038	7.66722	7.73189	7.60497	7.71853
55.2238	7.73094	7.66479	7.73234	7.59618	7.72682
55.4343	7.7373	7.65078	7.74519	7.60779	7.72045
55.6456	7.73654	7.65768	7.73382	7.59325	7.72102
55.8577	7.7392	7.66105	7.73422	7.59662	7.7089
56.0705	7.73452	7.66299	7.73225	7.59644	7.70689
56.2842	7.7289	7.66272	7.74421	7.60051	7.70187
56.4987	7.72305	7.66254	7.72753	7.60455	7.71414
56.714	7.72119	7.67514	7.73712	7.60679	7.71442
56.9302	7.72904	7.65774	7.74083	7.60336	7.71111
57.1471	7.72652	7.65928	7.75062	7.59982	7.71999
57.3649	7.7347	7.66081	7.74198	7.59204	7.71302
57.5835	7.71935	7.65573	7.74522	7.5988	7.71021
57.803	7.73492	7.6577	7.742	7.60224	7.72548
58.0233	7.74021	7.66041	7.74481	7.60184	7.70263
58.2444	7.7352	7.65542	7.74143	7.60618	7.71627
58.4664	7.7406	7.66331	7.74007	7.60742	7.70906
58.6892	7.74297	7.66273	7.73168	7.60519	7.71824
58.9128	7.74234	7.66109	7.74378	7.60263	7.72615
59.1373	7.73202	7.66313	7.74018	7.59969	7.7112
59.3627	7.72459	7.6568	7.74786	7.60155	7.70983
59.589	7.73592	7.65616	7.74124	7.60836	7.7051
59.816	7.74054	7.65341	7.737	7.61043	7.71058
60.044	7.72794	7.66346	7.74169	7.60564	7.71114
60.2728	7.73393	7.65592	7.74629	7.60215	7.72183
60.5025	7.73788	7.64923	7.73389	7.60467	7.72036
60.7331	7.73355	7.65417	7.72704	7.61196	7.71118
60.9645	7.73857	7.65891	7.7327	7.60469	7.70686
61.1968	7.73107	7.66365	7.7389	7.60844	7.71825
61.43	7.74088	7.66441	7.73769	7.60033	7.71988
61.6641	7.73797	7.66249	7.73552	7.60761	7.71891
61.8991	7.73377	7.66497	7.73865	7.60406	7.71538
62.135	7.73239	7.66823	7.73974	7.59883	7.70495
62.3718	7.73586	7.67004	7.75164	7.60074	7.71429
62.6095	7.7334	7.65999	7.7294	7.59859	7.70419
62.848	7.73133	7.66566	7.73386	7.60613	7.70532
63.0876	7.73235	7.65806	7.74017	7.59832	7.70589
63.3279	7.73026	7.66203	7.73898	7.60291	7.70769
63.5693	7.73197	7.65939	7.73482	7.60853	7.71286
63.8115	7.74431	7.66474	7.73223	7.60053	7.69999
64.0547	7.73665	7.66054	7.7389	7.60187	7.7036
64.2988	7.73601	7.66065	7.74153	7.59732	7.71387
64.5438	7.73855	7.66161	7.73481	7.60246	7.71675
64.7897	7.72843	7.66184	7.7484	7.60615	7.7138
65.0366	7.73592	7.66944	7.73986	7.606	7.70812
65.2845	7.74076	7.65958	7.7453	7.59596	7.71263
65.5332	7.73992	7.66032	7.73499	7.59106	7.71392
65.783	7.74868	7.66533	7.74285	7.60196	7.71824
66.0336	7.73203	7.66613	7.74323	7.61305	7.72497
66.2852	7.73719	7.65847	7.7461	7.60459	7.71392
66.5378	7.7395	7.66005	7.74753	7.60526	7.6967
66.7914	7.73381	7.65939	7.75139	7.60699	7.70468
67.0459	7.73046	7.65682	7.74407	7.60058	7.7108
67.3014	7.72934	7.65767	7.73502	7.61378	7.7072
67.5578	7.73641	7.6636	7.74189	7.60068	7.69623
67.8152	7.73285	7.65548	7.73699	7.59381	7.69137
68.0737	7.73479	7.66429	7.73859	7.60743	7.69342
68.3331	7.73306	7.65789	7.73592	7.61356	7.70734
68.5934	7.73073	7.65934	7.74273	7.61135	7.70324
68.8548	7.73501	7.66668	7.74298	7.6016	7.70921
69.1172	7.7317	7.66968	7.73924	7.60599	7.7135
69.3805	7.73591	7.66259	7.74298	7.60778	7.71097
69.6449	7.73715	7.67063	7.743	7.60669	7.71361
69.9103	7.73034	7.66054	7.73775	7.6183	7.7132
70.1767	7.74952	7.6685	7.74131	7.61084	7.70384
70.4441	7.74283	7.66608	7.74216	7.6134	7.71001
70.7125	7.7316	7.66596	7.73976	7.60444	7.71166
70.9819	7.72934	7.66628	7.73517	7.6094	7.71978
71.2524	7.73481	7.66195	7.73519	7.61219	7.71682
71.5239	7.7348	7.66352	7.73756	7.61708	7.71429
71.7964	7.72979	7.64635	7.74058	7.60991	7.7197
72.07	7.72518	7.66555	7.74719	7.61077	7.71595
72.3446	7.74108	7.6624	7.74184	7.60906	7.71811
72.6203	7.73545	7.66775	7.74	7.61375	7.70933
72.897	7.73443	7.65394	7.73693	7.60754	7.70819
73.1747	7.72725	7.66217	7.74543	7.60589	7.71892
73.4536	7.7336	7.66738	7.7412	7.60663	7.71858
73.7334	7.72802	7.65419	7.74213	7.60566	7.71586
74.0144	7.71848	7.67035	7.7399	7.60159	7.71897
74.2964	7.73355	7.66829	7.74483	7.59834	7.71524
74.5795	7.72976	7.66178	7.72734	7.59711	7.71703
74.8636	7.73301	7.66958	7.742	7.6008	7.72046
75.1489	7.73402	7.65814	7.73453	7.61239	7.70832
75.4352	7.73832	7.66099	7.73804	7.60507	7.71816
75.7226	7.72662	7.66376	7.74371	7.61281	7.71357
76.0111	7.72825	7.66053	7.74121	7.60695	7.72564
76.3008	7.73325	7.65847	7.73739	7.60126	7.71802
76.5915	7.72451	7.66319	7.74323	7.59896	7.71021
76.8833	7.72658	7.67011	7.73751	7.60971	7.71653
77.1762	7.72631	7.66075	7.73088	7.60659	7.71424
77.4703	7.72717	7.66476	7.73319	7.60405	7.70843
77.7655	7.73873	7.65726	7.73829	7.60715	7.70984
78.0618	7.722	7.66471	7.73311	7.60276	7.70476
78.3592	7.72991	7.6649	7.7448	7.60124	7.69885
78.6578	7.72552	7.66191	7.73912	7.59838	7.70929
78.9575	7.72297	7.6627	7.74019	7.61143	7.70532
79.2583	7.72775	7.66188	7.74022	7.60532	7.70918
79.5603	7.7274	7.66298	7.74945	7.60395	7.71223
79.8634	7.72727	7.67335	7.73944	7.60783	7.71889
80.1677	7.72911	7.66448	7.74059	7.61614	7.71548
80.4731	7.73618	7.65826	7.73756	7.60879	7.70787
80.7797	7.73756	7.65646	7.75016	7.61058	7.69692
81.0875	7.72033	7.66228	7.7429	7.61111	7.70654
81.3964	7.72826	7.65824	7.74529	7.61596	7.71537
81.7066	7.73736	7.65886	7.74605	7.60816	7.721
82.0179	7.71984	7.66529	7.75011	7.61063	7.7076
82.3304	7.74133	7.6599	7.74167	7.60617	7.71735
82.6441	7.73311	7.64567	7.74481	7.61391	7.71756
82.9589	7.73841	7.65781	7.73966	7.61621	7.71279
83.275	7.73398	7.66581	7.74389	7.61176	7.71714
83.5923	7.73934	7.66409	7.74294	7.61435	7.72076
83.9108	7.72978	7.66099	7.74234	7.6098	7.71837
84.2305	7.73027	7.65749	7.74242	7.60983	7.71775
84.5514	7.72617	7.66592	7.73894	7.60648	7.71721
84.8735	7.73396	7.664	7.74143	7.59739	7.71271
85.1969	7.73288	7.65991	7.73302	7.59974	7.7119
85.5214	7.73413	7.65994	7.74347	7.60645	7.72248
85.8473	7.73846	7.66999	7.74177	7.60899	7.71208
86.1743	7.72787	7.65997	7.74284	7.60861	7.71691
86.5027	7.73573	7.65727	7.7378	7.6165	7.70939
86.8322	7.72986	7.66691	7.74397	7.61173	7.72037
87.163	7.74155	7.66961	7.74688	7.61015	7.7252
87.4951	7.7339	7.66322	7.74465	7.61248	7.71734
87.8285	7.73791	7.6637	7.74033	7.60665	7.71982
88.1631	7.73097	7.67171	7.74464	7.60824	7.72375
88.499	7.74307	7.67518	7.74177	7.61179	7.71895
88.8361	7.73435	7.65782	7.74626	7.61224	7.72346
89.1746	7.7373	7.66001	7.75056	7.61225	7.72204
89.5143	7.7307	7.67154	7.74402	7.61482	7.70779
89.8554	7.72664	7.66663	7.74386	7.60437	7.71295
90.1977	7.73491	7.66488	7.75219	7.61089	7.71374
90.5413	7.72933	7.66345	7.74538	7.62012	7.72012
90.8863	7.73363	7.65834	7.74599	7.61629	7.7122
91.2325	7.73945	7.65921	7.74468	7.61398	7.71954
91.5801	7.74093	7.65818	7.7444	7.61422	7.70546
91.929	7.73368	7.6671	7.73923	7.60518	7.72008
92.2792	7.73686	7.67252	7.73785	7.60831	7.71603
92.6308	7.73669	7.66389	7.73945	7.60784	7.71996
92.9837	7.73091	7.66238	7.74048	7.60649	7.71618
93.3379	7.73058	7.66288	7.74386	7.60705	7.7119
93.6935	7.72555	7.65836	7.74083	7.61011	7.70973
94.0505	7.72664	7.67158	7.73928	7.60883	7.69892
94.4088	7.72553	7.6695	7.74671	7.60521	7.69431
94.7684	7.72935	7.66476	7.7371	7.59618	7.69555
95.1295	7.72331	7.66616	7.7489	7.6088	7.70668
95.4919	7.72658	7.66737	7.74054	7.61075	7.71363
95.8557	7.73005	7.67139	7.74454	7.6187	7.7089
96.2209	7.72491	7.66621	7.74233	7.60061	7.71802
96.5874	7.7334	7.66147	7.74097	7.60524	7.71453
96.9554	7.73395	7.67055	7.74717	7.6071	7.71595
97.3248	7.7274	7.66741	7.7387	7.60456	7.70887
97.6955	7.73178	7.65677	7.74049	7.61264	7.71654
98.0677	7.73703	7.66352	7.74182	7.61492	7.70801
98.4413	7.73311	7.66081	7.74795	7.61315	7.71172
98.8163	7.73509	7.66011	7.75203	7.60814	7.71329
99.1928	7.74766	7.66067	7.74228	7.60705	7.71692
99.5707	7.73794	7.66601	7.74006	7.61486	7.71323
100	7.73551	7.65613	7.73715	7.61256	7.71734