0.0007625	7.93355	7.9326	7.52273
0.001525	7.95122	7.9871	7.45816
0.0022875	8.04093	8.02479	7.75398
0.0030625	8.01219	8.04769	7.82407
0.0038375	8.02501	8.01164	7.76819
0.0046125	8.09864	8.002	7.68151
0.0053875	7.94451	7.99867	7.75574
0.006175	8.06623	7.93151	7.81605
0.0069625	8.07287	8.09857	7.78546
0.00775	8.01065	7.92996	7.81166
0.0085375	8.05604	7.91585	7.72822
0.0093375	7.93906	7.97097	7.7191
0.010125	7.91964	7.98578	7.70204
0.010925	7.95906	7.93595	7.69769
0.0117375	7.97282	8.00086	7.86464
0.0125375	7.96675	7.88844	7.70784
0.01335	8.01177	8.00824	7.85601
0.0141625	7.87024	7.99109	7.68764
0.014975	7.99729	7.94901	7.75521
0.0158	8.01919	7.9214	7.74415
0.0166125	8.00494	7.90775	7.64619
0.0174375	7.95221	7.94513	7.66211
0.018275	7.98435	7.94389	7.71481
0.0191	8.00088	7.90061	7.7155
0.0199375	7.97091	7.8304	7.74673
0.020775	8.03767	7.93903	7.70964
0.0216125	7.95284	7.91115	7.68064
0.02245	8.0038	7.90472	7.72416
0.0233	7.99331	7.83274	7.72299
0.02415	8.01482	7.94353	7.71928
0.0250125	8.00201	7.98756	7.81845
0.0258625	7.94534	7.89001	7.75769
0.026725	7.89654	7.89271	7.72424
0.0275875	8.00622	8.00001	7.71949
0.02845	7.95072	7.90329	7.76144
0.029325	7.92896	7.89083	7.76216
0.0302	7.99975	7.97034	7.74375
0.031075	7.90466	7.95305	7.70681
0.03195	7.98092	7.8712	7.70871
0.0328375	7.93552	7.82756	7.73373
0.033725	7.91235	7.85694	7.71703
0.0346125	7.97327	7.9353	7.80482
0.0355	7.96603	7.90341	7.71728
0.0364	8.02367	7.94765	7.65729
0.0373	7.99265	7.97743	7.59052
0.0382125	7.92744	7.8898	7.635
0.0391125	7.93923	7.98088	7.62397
0.040025	7.93508	7.95483	7.73062
0.0409375	7.87518	7.87051	7.75954
0.04185	7.96633	7.85918	7.63392
0.042775	7.97838	7.85093	7.71446
0.0437	7.84323	7.87882	7.576
0.044625	7.94062	7.9198	7.6117
0.0455625	8.00159	7.83116	7.65792
0.0465	8.01322	7.94378	7.67496
0.0474375	7.93813	7.90105	7.55095
0.048375	7.98144	7.85368	7.55073
0.049325	8.00617	7.85065	7.61919
0.050275	7.9049	7.81321	7.58608
0.051225	7.88308	7.93685	7.68931
0.052175	7.89361	7.88543	7.6728
0.0531375	8.00713	7.88903	7.57468
0.0541	7.93887	7.79387	7.58966
0.055075	7.92492	7.88971	7.61047
0.0560375	7.91344	7.86703	7.66202
0.0570125	7.82847	7.90508	7.59875
0.058	7.93395	7.86333	7.68817
0.058975	7.85735	7.89656	7.583
0.0599625	7.94159	7.80314	7.57167
0.06095	7.86865	7.87014	7.56854
0.06195	7.89563	7.88291	7.58003
0.06295	7.81545	7.88404	7.62502
0.06395	7.99133	7.85974	7.64764
0.06495	7.89286	7.84208	7.57343
0.0659625	7.87369	7.90815	7.55272
0.066975	7.86686	7.82969	7.60074
0.0679875	7.89089	7.87588	7.60412
0.0690125	7.88389	7.84105	7.57888
0.0700375	7.89432	7.83521	7.58261
0.0710625	7.814	7.80604	7.52039
0.0721	7.851	7.79238	7.56531
0.0731375	7.86407	7.84085	7.5647
0.074175	7.95841	7.86157	7.58508
0.0752125	7.8829	7.8626	7.49412
0.0762625	7.87123	7.85186	7.59439
0.0773125	7.9091	7.86712	7.61476
0.078375	7.91438	7.87527	7.52207
0.0794375	7.85239	7.88683	7.66334
0.0805	7.83937	7.81036	7.54657
0.0815625	7.85787	7.88171	7.50054
0.0826375	7.89215	7.77486	7.56599
0.0837125	7.86111	7.75437	7.54817
0.0847875	7.91285	7.86863	7.55135
0.085875	7.79977	7.78404	7.44658
0.0869625	7.92644	7.83915	7.61962
0.0880625	7.82464	7.8996	7.54775
0.08915	7.87125	7.89604	7.49638
0.09025	7.8639	7.84267	7.5956
0.0913625	7.87181	7.77425	7.56384
0.092475	7.86564	7.8555	7.64507
0.0935875	7.87796	7.84452	7.61357
0.0947	7.75498	7.80823	7.57809
0.095825	7.9312	7.8913	7.5961
0.09695	7.88209	7.81136	7.54039
0.098075	7.87668	7.7897	7.46697
0.0992125	7.85802	7.88067	7.52711
0.10035	7.82975	7.82255	7.5937
0.1015	7.81288	7.82943	7.55676
0.10265	7.84539	7.89166	7.58356
0.1038	7.81721	7.8468	7.46838
0.10495	7.87616	7.81286	7.54207
0.106113	7.86864	7.79064	7.56701
0.107287	7.93546	7.79614	7.61233
0.10845	7.82927	7.85801	7.54382
0.109625	7.89363	7.80359	7.64487
0.1108	7.87357	7.81287	7.49868
0.111988	7.87097	7.8076	7.5524
0.113175	7.85757	7.83062	7.50185
0.114375	7.87625	7.81911	7.53437
0.115562	7.84121	7.78486	7.55892
0.116762	7.82409	7.82909	7.49056
0.117975	7.86865	7.75426	7.48595
0.119187	7.88094	7.78046	7.56795
0.1204	7.76434	7.73674	7.4901
0.121625	7.94476	7.82673	7.50021
0.12285	7.89527	7.81783	7.63241
0.124075	7.80306	7.7983	7.57561
0.125313	7.80027	7.79462	7.53542
0.12655	7.80855	7.79423	7.55854
0.127788	7.84521	7.84435	7.62169
0.129037	7.79863	7.81913	7.56106
0.130287	7.82495	7.80347	7.51823
0.13155	7.8541	7.85109	7.54516
0.132813	7.8303	7.83501	7.48145
0.134075	7.83942	7.8105	7.58656
0.13535	7.83322	7.83464	7.50692
0.136625	7.83305	7.79585	7.5583
0.137912	7.86829	7.73243	7.5166
0.1392	7.84633	7.75502	7.53354
0.140488	7.8345	7.82723	7.60848
0.141787	7.82887	7.83609	7.56364
0.143088	7.87521	7.81204	7.48788
0.144387	7.8757	7.81213	7.56272
0.1457	7.8466	7.79047	7.59198
0.147025	7.87374	7.76252	7.58185
0.148337	7.86865	7.781	7.50192
0.149662	7.84839	7.79512	7.51841
0.151	7.79066	7.82569	7.53181
0.152338	7.80672	7.82397	7.50254
0.153675	7.79992	7.82172	7.54911
0.155025	7.87234	7.80542	7.55517
0.156375	7.87606	7.77185	7.58735
0.157737	7.83842	7.8686	7.53148
0.1591	7.81429	7.73808	7.50621
0.160462	7.86784	7.81864	7.50261
0.161838	7.83605	7.81702	7.5386
0.163212	7.86268	7.81042	7.51951
0.1646	7.88893	7.82976	7.51738
0.165988	7.81289	7.81106	7.44955
0.167375	7.89619	7.87287	7.48838
0.168775	7.90113	7.78247	7.52745
0.170175	7.81302	7.71579	7.55002
0.171587	7.83554	7.80392	7.56481
0.173	7.8701	7.78479	7.55587
0.174425	7.82756	7.82921	7.50461
0.17585	7.8018	7.82339	7.49843
0.177288	7.80545	7.8051	7.52066
0.178713	7.81351	7.82096	7.52519
0.180163	7.79464	7.78288	7.55259
0.181613	7.86747	7.80791	7.48523
0.183062	7.83705	7.71	7.47163
0.184525	7.81681	7.74001	7.49418
0.185988	7.8343	7.88976	7.57542
0.18745	7.77825	7.82772	7.53913
0.188925	7.79126	7.82113	7.53872
0.190413	7.82246	7.87152	7.51009
0.1919	7.78889	7.80028	7.52116
0.193387	7.81415	7.70396	7.47085
0.194888	7.87245	7.77946	7.48722
0.196387	7.82424	7.82034	7.45007
0.1979	7.78362	7.75343	7.55396
0.199412	7.83247	7.77111	7.53102
0.200937	7.81461	7.81541	7.54225
0.202462	7.80276	7.81127	7.52878
0.204	7.81223	7.79049	7.64519
0.205537	7.84077	7.75532	7.5981
0.207075	7.79054	7.78805	7.55711
0.208625	7.84711	7.85244	7.59103
0.210187	7.78694	7.79998	7.49271
0.21175	7.83212	7.74327	7.51428
0.213313	7.8774	7.68094	7.55619
0.214887	7.83938	7.76026	7.54501
0.216462	7.80382	7.7595	7.53554
0.21805	7.85012	7.76782	7.49327
0.219637	7.8486	7.77687	7.52303
0.221237	7.81114	7.79966	7.50218
0.22285	7.80823	7.77074	7.46438
0.22445	7.77604	7.77442	7.61673
0.226075	7.82503	7.82043	7.55523
0.2277	7.78951	7.69991	7.4928
0.229325	7.80379	7.74593	7.57419
0.230962	7.80958	7.75363	7.56597
0.2326	7.71022	7.80569	7.52322
0.23425	7.78911	7.73197	7.54486
0.2359	7.83156	7.74203	7.50921
0.237563	7.80674	7.76938	7.52286
0.239225	7.78803	7.71459	7.5125
0.2409	7.86011	7.75813	7.52308
0.242575	7.84063	7.78344	7.52567
0.244263	7.78147	7.74057	7.54389
0.24595	7.79332	7.74501	7.46051
0.24765	7.77903	7.73471	7.48764
0.24935	7.76133	7.76334	7.45031
0.251063	7.80088	7.80435	7.50126
0.252788	7.80071	7.69141	7.45226
0.254512	7.86689	7.81316	7.44052
0.256238	7.77799	7.75705	7.44975
0.257975	7.75043	7.74632	7.53814
0.259725	7.78427	7.75236	7.47738
0.261475	7.81564	7.75096	7.47142
0.263225	7.83288	7.79727	7.49552
0.264987	7.80005	7.72708	7.52916
0.266762	7.76933	7.75166	7.48771
0.268537	7.76898	7.74086	7.5072
0.270325	7.84399	7.75424	7.48924
0.272112	7.78581	7.71897	7.45615
0.273912	7.7768	7.78687	7.47107
0.275712	7.81272	7.78421	7.48423
0.277525	7.76521	7.74904	7.50823
0.27935	7.77025	7.73845	7.45237
0.281175	7.8132	7.72269	7.5335
0.283	7.81091	7.75114	7.48691
0.284838	7.78875	7.73267	7.44844
0.286687	7.77149	7.7266	7.44274
0.288538	7.77911	7.6955	7.50118
0.2904	7.70504	7.76246	7.49633
0.292262	7.76914	7.69714	7.46687
0.294138	7.81038	7.74883	7.48855
0.296025	7.78388	7.75939	7.54751
0.297913	7.80424	7.70957	7.51704
0.299812	7.8157	7.79407	7.52202
0.301713	7.75388	7.81147	7.3999
0.303625	7.828	7.70834	7.50842
0.305537	7.80887	7.7276	7.48169
0.307463	7.80627	7.75919	7.4154
0.3094	7.76453	7.81739	7.44193
0.311338	7.7989	7.70842	7.52817
0.313287	7.8261	7.69998	7.40588
0.315237	7.78989	7.74827	7.5091
0.3172	7.80128	7.76192	7.49723
0.319175	7.75977	7.74594	7.49117
0.32115	7.73494	7.78641	7.43282
0.323125	7.77553	7.70307	7.4616
0.325125	7.82957	7.69719	7.45092
0.327125	7.77998	7.76073	7.48904
0.329125	7.72029	7.68975	7.46249
0.33115	7.82809	7.73808	7.44072
0.333162	7.76364	7.77756	7.49127
0.3352	7.73445	7.71858	7.44763
0.337238	7.77678	7.72271	7.47622
0.339275	7.75922	7.74027	7.44543
0.341338	7.79656	7.70943	7.50449
0.3434	7.83827	7.7602	7.48462
0.345463	7.70127	7.71165	7.43347
0.347537	7.76448	7.72254	7.45789
0.349625	7.77367	7.73111	7.51853
0.351712	7.77064	7.72074	7.45543
0.353825	7.78727	7.68264	7.47108
0.355925	7.7468	7.73831	7.40676
0.35805	7.75244	7.71005	7.43327
0.360175	7.72031	7.65952	7.46501
0.3623	7.71322	7.71135	7.4622
0.364437	7.76017	7.7433	7.52941
0.366587	7.73967	7.72877	7.44244
0.36875	7.77145	7.69161	7.47782
0.370912	7.79723	7.69343	7.48154
0.373087	7.69524	7.694	7.44429
0.375275	7.73025	7.64908	7.41817
0.377463	7.70202	7.71289	7.44714
0.379663	7.73437	7.70784	7.46674
0.381862	7.78545	7.69262	7.4701
0.384088	7.75984	7.71259	7.47059
0.386313	7.72219	7.7441	7.46792
0.388537	7.75933	7.72531	7.43907
0.390788	7.76503	7.68184	7.44187
0.393025	7.75949	7.73843	7.45897
0.395288	7.76888	7.70219	7.43994
0.39755	7.78856	7.6891	7.41636
0.399825	7.76126	7.70051	7.49784
0.402113	7.77292	7.69834	7.4397
0.404413	7.76323	7.71721	7.45653
0.406713	7.7335	7.65767	7.43633
0.409025	7.70242	7.70956	7.43574
0.411337	7.71971	7.67392	7.42389
0.413662	7.73322	7.78024	7.44742
0.416	7.76126	7.75231	7.44309
0.41835	7.73159	7.74166	7.43952
0.4207	7.7283	7.68567	7.44331
0.423063	7.71619	7.69326	7.39325
0.425438	7.74816	7.67509	7.4544
0.427825	7.75325	7.74257	7.46449
0.430212	7.72437	7.67729	7.43686
0.432613	7.72516	7.72925	7.40858
0.435025	7.74469	7.66525	7.38073
0.437438	7.75444	7.70901	7.52181
0.439862	7.79069	7.68021	7.39138
0.4423	7.69549	7.68446	7.45021
0.44475	7.7367	7.64674	7.45987
0.4472	7.68071	7.68781	7.48936
0.449663	7.71456	7.68294	7.44678
0.452138	7.78654	7.65096	7.46492
0.454625	7.6805	7.68515	7.43413
0.457112	7.74702	7.71981	7.46573
0.459612	7.73804	7.68298	7.40127
0.462125	7.66767	7.61839	7.43854
0.46465	7.71597	7.66888	7.41216
0.467175	7.7163	7.68992	7.44513
0.469725	7.62669	7.67074	7.44834
0.472275	7.69522	7.6439	7.43482
0.474825	7.73558	7.64222	7.44964
0.4774	7.71497	7.68341	7.42464
0.479975	7.72342	7.65627	7.43053
0.482563	7.71088	7.68511	7.40817
0.485162	7.6804	7.69141	7.41615
0.487775	7.74654	7.67757	7.45933
0.4904	7.64984	7.69909	7.43898
0.493025	7.69365	7.69048	7.39128
0.495663	7.74672	7.64481	7.41973
0.498313	7.73081	7.7125	7.44292
0.500975	7.7287	7.68074	7.42329
0.503637	7.72402	7.6545	7.40933
0.506325	7.72934	7.63491	7.42206
0.509013	7.66841	7.67699	7.43767
0.511712	7.69269	7.65884	7.42559
0.514413	7.67347	7.73122	7.43389
0.517138	7.70756	7.68278	7.44344
0.519875	7.68405	7.6873	7.44481
0.522613	7.6946	7.63484	7.40767
0.525362	7.71507	7.65055	7.39312
0.528125	7.68753	7.70363	7.43482
0.5309	7.66819	7.67865	7.43969
0.533675	7.66739	7.64547	7.43035
0.536475	7.67816	7.67738	7.37488
0.539275	7.68247	7.67755	7.39211
0.542087	7.69335	7.67291	7.39563
0.544913	7.67971	7.6583	7.41809
0.54775	7.67318	7.64467	7.44148
0.5506	7.71033	7.68393	7.47322
0.553463	7.68287	7.63266	7.46032
0.556325	7.67188	7.66018	7.38522
0.559213	7.62595	7.67332	7.38553
0.5621	7.72185	7.60535	7.37324
0.565	7.68238	7.65493	7.475
0.567913	7.6874	7.64898	7.41913
0.570837	7.71844	7.63938	7.39491
0.573775	7.67677	7.63739	7.40706
0.576725	7.66306	7.61415	7.34713
0.579675	7.65569	7.59531	7.42393
0.58265	7.67519	7.62747	7.39629
0.585625	7.68865	7.68158	7.39757
0.588612	7.63819	7.61623	7.37173
0.591625	7.63683	7.65573	7.42775
0.594638	7.66606	7.61348	7.36219
0.597663	7.64775	7.60097	7.40163
0.6007	7.70893	7.60029	7.35272
0.60375	7.64898	7.6372	7.41648
0.6068	7.69917	7.61555	7.40577
0.609875	7.63858	7.62255	7.36407
0.612962	7.70867	7.66788	7.38034
0.616063	7.62954	7.67152	7.39332
0.619162	7.65324	7.66556	7.36572
0.622288	7.6187	7.63534	7.36497
0.625413	7.62931	7.65876	7.37091
0.628563	7.66966	7.62446	7.36211
0.631712	7.66879	7.58383	7.37869
0.634875	7.62014	7.68337	7.41839
0.638062	7.62475	7.59537	7.39639
0.64125	7.62911	7.60984	7.39755
0.64445	7.62058	7.62331	7.34403
0.647663	7.63051	7.64358	7.38256
0.6509	7.67225	7.62179	7.3663
0.654137	7.63088	7.64182	7.35297
0.657387	7.69457	7.59377	7.40553
0.66065	7.63424	7.62315	7.38295
0.663925	7.66183	7.59705	7.34577
0.667225	7.64116	7.60189	7.38171
0.670525	7.65899	7.59332	7.3656
0.673837	7.67654	7.61716	7.39541
0.677163	7.6344	7.62184	7.38127
0.6805	7.66382	7.63952	7.36564
0.68385	7.64225	7.56415	7.36448
0.687225	7.65421	7.58633	7.3648
0.6906	7.58815	7.57457	7.35311
0.693987	7.61542	7.56336	7.35337
0.6974	7.64708	7.57911	7.39832
0.700813	7.64617	7.59449	7.35417
0.704238	7.63344	7.62664	7.36472
0.707687	7.62408	7.58979	7.35095
0.711137	7.54996	7.56961	7.39403
0.714612	7.60494	7.64293	7.34678
0.718087	7.64009	7.6046	7.35306
0.721587	7.61568	7.5667	7.3207
0.7251	7.60364	7.59464	7.34174
0.728625	7.59512	7.59291	7.30607
0.73215	7.59221	7.55708	7.34501
0.7357	7.60999	7.53476	7.37534
0.739263	7.58185	7.56891	7.34921
0.74285	7.59022	7.58434	7.32069
0.746437	7.5889	7.56223	7.36334
0.750037	7.61199	7.55966	7.34267
0.75365	7.63911	7.56488	7.3802
0.757288	7.6083	7.59292	7.27473
0.760938	7.64217	7.55059	7.36524
0.764588	7.59639	7.61003	7.32416
0.768263	7.57284	7.57631	7.32839
0.77195	7.5967	7.5838	7.36836
0.77565	7.58954	7.54812	7.3419
0.779362	7.58334	7.57031	7.28708
0.7831	7.59199	7.57257	7.31795
0.786838	7.62756	7.57649	7.37189
0.7906	7.57128	7.5663	7.31947
0.794362	7.58975	7.5791	7.34782
0.79815	7.62197	7.53902	7.32048
0.80195	7.5717	7.58666	7.33884
0.805775	7.65174	7.54705	7.3092
0.8096	7.60552	7.59136	7.31908
0.81345	7.56856	7.56989	7.29169
0.8173	7.57876	7.57087	7.37947
0.821175	7.56128	7.57773	7.32018
0.825063	7.55071	7.56898	7.29561
0.828963	7.621	7.54889	7.34152
0.832887	7.59614	7.53432	7.3269
0.836825	7.60926	7.54271	7.32793
0.840762	7.54463	7.50231	7.34661
0.844725	7.57348	7.5142	7.28742
0.848713	7.60027	7.58133	7.31747
0.8527	7.57731	7.5366	7.338
0.856713	7.56617	7.55799	7.33431
0.860738	7.5713	7.52403	7.32621
0.864775	7.55531	7.57859	7.30542
0.868825	7.59026	7.56448	7.29047
0.8729	7.56818	7.55839	7.30601
0.876975	7.55697	7.58448	7.33782
0.881087	7.57318	7.49814	7.29598
0.8852	7.57906	7.51367	7.33611
0.889325	7.54296	7.58172	7.30332
0.893475	7.57047	7.53333	7.31305
0.897637	7.55728	7.53932	7.3002
0.901825	7.57601	7.55064	7.30376
0.906012	7.56854	7.53763	7.30019
0.910225	7.56082	7.51667	7.29145
0.91445	7.57909	7.48501	7.32848
0.9187	7.56494	7.52552	7.25014
0.922962	7.51833	7.53048	7.28769
0.927238	7.52756	7.52952	7.33355
0.931525	7.56083	7.5322	7.3125
0.935838	7.55377	7.49828	7.29748
0.940162	7.52135	7.51428	7.28118
0.9445	7.52428	7.50313	7.27686
0.948862	7.55489	7.53921	7.31168
0.953237	7.56271	7.51542	7.2403
0.957625	7.55748	7.52819	7.30861
0.962038	7.53387	7.47861	7.25301
0.966462	7.53864	7.48517	7.26687
0.9709	7.54452	7.52054	7.24859
0.975362	7.52791	7.52886	7.27947
0.979837	7.53165	7.51516	7.28775
0.984325	7.53811	7.50432	7.27876
0.988837	7.53449	7.53267	7.25548
0.993362	7.54204	7.51269	7.24758
0.9979	7.51938	7.48193	7.29589
1.00246	7.52534	7.49508	7.28926
1.00705	7.49873	7.48372	7.28289
1.01164	7.55867	7.46478	7.27109
1.01625	7.52307	7.47894	7.27994
1.02089	7.50881	7.47992	7.27445
1.02554	7.51864	7.48208	7.26493
1.0302	7.54813	7.48897	7.25614
1.03489	7.51092	7.48644	7.28982
1.03959	7.52911	7.46548	7.236
1.04431	7.50549	7.47484	7.27723
1.04905	7.54334	7.53583	7.26614
1.0538	7.52528	7.49801	7.26204
1.05858	7.53632	7.48194	7.2973
1.06336	7.52535	7.50069	7.23982
1.06817	7.50193	7.46279	7.24009
1.07301	7.46488	7.47023	7.25274
1.07785	7.52144	7.50442	7.28165
1.08273	7.53197	7.52075	7.31089
1.0876	7.49479	7.45256	7.28603
1.09251	7.45204	7.48312	7.25388
1.09742	7.49271	7.49771	7.24023
1.10236	7.49601	7.45622	7.2488
1.10732	7.50308	7.45097	7.2017
1.1123	7.51629	7.45506	7.21022
1.1173	7.48576	7.47809	7.21518
1.12231	7.49814	7.49678	7.24096
1.12735	7.4994	7.489	7.25799
1.13241	7.49655	7.51615	7.22736
1.13748	7.4961	7.52884	7.24095
1.14258	7.48753	7.42776	7.19731
1.14769	7.49421	7.48769	7.25438
1.15281	7.44618	7.50262	7.26534
1.15796	7.48326	7.47166	7.24976
1.16314	7.48304	7.45343	7.22853
1.16832	7.47699	7.47437	7.26086
1.17354	7.51932	7.46131	7.20687
1.17877	7.48703	7.4418	7.21467
1.18403	7.50164	7.46248	7.2526
1.18929	7.43939	7.4482	7.24624
1.19457	7.46218	7.45951	7.19943
1.19989	7.46611	7.42426	7.23412
1.20522	7.47152	7.43994	7.17897
1.21057	7.47043	7.42231	7.20319
1.21594	7.4583	7.46767	7.19897
1.22134	7.47487	7.4776	7.17962
1.22675	7.44075	7.4313	7.2048
1.23217	7.45264	7.44527	7.21873
1.23763	7.45818	7.44499	7.20104
1.2431	7.46817	7.41132	7.20106
1.2486	7.48838	7.44299	7.20283
1.25411	7.42856	7.43303	7.21365
1.25965	7.43898	7.42732	7.18922
1.26521	7.42204	7.47179	7.18125
1.27079	7.46364	7.40057	7.21229
1.27639	7.44657	7.40308	7.19203
1.28201	7.4299	7.4353	7.16635
1.28765	7.47964	7.41754	7.19364
1.29331	7.44379	7.44963	7.17737
1.299	7.4548	7.44323	7.16649
1.30471	7.42973	7.44982	7.18047
1.31044	7.413	7.41754	7.20802
1.31619	7.42922	7.45058	7.20351
1.32196	7.41114	7.41633	7.19535
1.32776	7.43213	7.3975	7.17792
1.33358	7.4023	7.41008	7.24665
1.33941	7.42322	7.39978	7.2218
1.34528	7.45679	7.44782	7.16563
1.35116	7.40068	7.38397	7.18613
1.35707	7.42027	7.44454	7.16617
1.363	7.41008	7.45178	7.15723
1.36895	7.43293	7.37042	7.17006
1.37493	7.45485	7.39768	7.159
1.38093	7.45972	7.40659	7.1569
1.38694	7.44446	7.41393	7.15934
1.39299	7.44249	7.40326	7.20633
1.39905	7.43064	7.38177	7.15284
1.40514	7.44199	7.39875	7.16383
1.41125	7.41761	7.42027	7.15508
1.41739	7.4103	7.38956	7.16308
1.42354	7.40486	7.37356	7.16941
1.42973	7.41012	7.38485	7.18323
1.43593	7.41021	7.40508	7.14785
1.44216	7.40274	7.37264	7.18167
1.44841	7.41439	7.42302	7.13964
1.45469	7.40131	7.42377	7.1308
1.46099	7.42085	7.35615	7.14405
1.46731	7.4153	7.37002	7.18876
1.47366	7.3705	7.40025	7.15222
1.48004	7.3671	7.37357	7.16042
1.48644	7.38331	7.38874	7.16218
1.49285	7.38061	7.37029	7.15458
1.4993	7.38273	7.34217	7.18861
1.50577	7.41735	7.38507	7.15126
1.51226	7.41814	7.3722	7.12399
1.51879	7.36425	7.40905	7.14243
1.52532	7.38468	7.39799	7.14195
1.5319	7.38571	7.38917	7.14145
1.53849	7.39102	7.37641	7.11802
1.54511	7.39195	7.3356	7.09362
1.55176	7.36575	7.36675	7.10837
1.55842	7.37985	7.37864	7.10896
1.56512	7.37659	7.35897	7.1433
1.57185	7.35015	7.35618	7.13905
1.57859	7.32909	7.37386	7.11864
1.58536	7.36873	7.35629	7.12181
1.59216	7.35627	7.35703	7.12269
1.59899	7.34666	7.33172	7.12476
1.60584	7.38414	7.35837	7.11835
1.61271	7.352	7.37659	7.11993
1.61961	7.34588	7.34244	7.12668
1.62654	7.35099	7.37103	7.1277
1.6335	7.35796	7.3403	7.14257
1.64048	7.31729	7.35276	7.1034
1.64749	7.31599	7.35286	7.11756
1.65453	7.36363	7.34001	7.09382
1.66159	7.35299	7.3292	7.10173
1.66867	7.34198	7.3795	7.05496
1.67579	7.32497	7.33184	7.09009
1.68292	7.35001	7.33597	7.08547
1.6901	7.34299	7.34663	7.11036
1.6973	7.33627	7.33309	7.09663
1.70452	7.33979	7.32272	7.08591
1.71177	7.3498	7.30698	7.07388
1.71905	7.34719	7.34458	7.07599
1.72636	7.3277	7.34981	7.0762
1.73369	7.32876	7.33354	7.07788
1.74105	7.3194	7.32995	7.11565
1.74845	7.31319	7.31619	7.10497
1.75586	7.31882	7.3305	7.0702
1.76331	7.30536	7.29079	7.07487
1.77079	7.32328	7.29204	7.08196
1.77829	7.3245	7.3184	7.0727
1.78583	7.313	7.31765	7.07994
1.79339	7.31402	7.31724	7.08993
1.80097	7.34589	7.29357	7.07587
1.8086	7.31826	7.32279	7.0715
1.81625	7.30975	7.32804	7.07001
1.82393	7.30004	7.3041	7.08931
1.83162	7.32271	7.3144	7.06018
1.83936	7.28466	7.28652	7.03994
1.84713	7.30192	7.3153	7.08435
1.85493	7.33705	7.29189	7.07164
1.86275	7.28791	7.28002	7.06627
1.8706	7.2869	7.27875	7.06672
1.87849	7.258	7.27221	7.06422
1.8864	7.27682	7.27159	7.0694
1.89435	7.29138	7.25804	7.06436
1.90233	7.30564	7.28223	7.03338
1.91033	7.2814	7.28371	7.08114
1.91836	7.28965	7.26655	7.06175
1.92642	7.26465	7.28864	7.03947
1.93453	7.29562	7.28205	7.03972
1.94265	7.27256	7.28833	7.01597
1.95081	7.27655	7.29737	7.04745
1.959	7.2814	7.2701	7.05617
1.96722	7.2607	7.2926	7.02698
1.97547	7.27575	7.27513	7.05688
1.98375	7.25955	7.24592	7.03283
1.99207	7.2644	7.28644	7.02004
2.00041	7.25423	7.2983	7.03611
2.0088	7.25037	7.26029	7.01483
2.0172	7.28548	7.27787	7.01788
2.02565	7.24555	7.26006	7.0176
2.03413	7.24642	7.24837	7.02483
2.04262	7.2595	7.26561	7.03334
2.05116	7.25262	7.27184	7.02524
2.05974	7.26304	7.23332	7.03069
2.06835	7.24218	7.25452	7.01525
2.07699	7.24101	7.25201	7.03844
2.08565	7.24055	7.26707	7.0285
2.09435	7.2356	7.22712	7.04992
2.10309	7.24	7.25137	7.01723
2.11186	7.24173	7.24293	7.0037
2.12066	7.22655	7.22632	7.03552
2.1295	7.239	7.23655	7.00286
2.13838	7.23522	7.27293	7.02481
2.14727	7.2463	7.22875	7.00007
2.15621	7.23533	7.24826	6.97397
2.16519	7.24688	7.23089	7.00546
2.17419	7.21528	7.24017	6.97619
2.18322	7.2488	7.25553	7.01064
2.1923	7.24943	7.22724	7.00434
2.20141	7.23031	7.23686	6.96026
2.21056	7.25547	7.23521	6.9962
2.21974	7.20945	7.26526	6.97429
2.22895	7.20375	7.22093	6.9924
2.2382	7.19622	7.23108	6.98199
2.24749	7.1965	7.22162	6.99412
2.2568	7.23205	7.21881	6.97423
2.26615	7.20514	7.21568	6.97121
2.27555	7.20793	7.19456	6.98189
2.28498	7.20922	7.21551	6.9839
2.29444	7.19059	7.21859	6.98517
2.30394	7.197	7.20587	6.96998
2.31346	7.21536	7.19883	6.95709
2.32304	7.19811	7.20096	6.96966
2.33264	7.19302	7.19927	6.97395
2.34229	7.1991	7.21259	6.97754
2.35196	7.20002	7.17736	6.96397
2.36169	7.21471	7.19289	6.97106
2.37144	7.1772	7.21114	6.96825
2.38123	7.19824	7.21955	6.96379
2.39106	7.19155	7.18823	6.95332
2.40092	7.19066	7.20004	6.98754
2.41083	7.18928	7.19341	6.97873
2.42076	7.18152	7.20567	6.96264
2.43075	7.18067	7.19316	6.97401
2.44076	7.17053	7.15818	6.97915
2.45082	7.18636	7.18797	6.94969
2.46091	7.18316	7.15937	6.93659
2.47105	7.17134	7.17742	6.95675
2.48121	7.17236	7.19613	6.9683
2.49143	7.15069	7.18225	6.93775
2.50167	7.1682	7.15484	6.95398
2.51196	7.19377	7.19076	6.95668
2.52229	7.14961	7.15602	6.94514
2.53265	7.15244	7.17327	6.93997
2.54306	7.1773	7.1728	6.92309
2.5535	7.14535	7.16394	6.92253
2.56399	7.15831	7.1596	6.91004
2.57451	7.14695	7.12845	6.90955
2.58507	7.15709	7.16251	6.94138
2.59567	7.14912	7.15143	6.96751
2.60632	7.16069	7.14265	6.92495
2.61701	7.1239	7.14313	6.92837
2.62774	7.14336	7.15736	6.91388
2.6385	7.12266	7.15475	6.9166
2.64931	7.13964	7.1638	6.91124
2.66016	7.13242	7.14158	6.90724
2.67105	7.12097	7.12464	6.91065
2.68199	7.14828	7.16295	6.92377
2.69296	7.14412	7.13724	6.90729
2.70397	7.14246	7.13643	6.94743
2.71502	7.11318	7.122	6.89716
2.72613	7.12116	7.12559	6.8864
2.73727	7.14782	7.1395	6.91136
2.74845	7.12573	7.11043	6.89243
2.75969	7.11933	7.12709	6.87708
2.77095	7.12124	7.11033	6.89657
2.78226	7.10971	7.12186	6.89926
2.79363	7.10237	7.12941	6.89646
2.80503	7.11307	7.12213	6.88048
2.81646	7.11363	7.09797	6.8913
2.82795	7.13013	7.13126	6.8835
2.83947	7.0884	7.11267	6.89582
2.85105	7.10033	7.10898	6.8953
2.86266	7.11026	7.09962	6.87923
2.87433	7.07202	7.09499	6.88071
2.88604	7.07511	7.08934	6.90844
2.89779	7.08389	7.10267	6.88354
2.90957	7.08193	7.10361	6.86747
2.92143	7.08125	7.11781	6.8858
2.93331	7.10183	7.07459	6.88979
2.94524	7.07163	7.0892	6.86937
2.95721	7.06518	7.10114	6.87576
2.96924	7.09024	7.09802	6.88179
2.9813	7.08702	7.10766	6.869
2.99341	7.07225	7.10369	6.86634
3.00557	7.06124	7.07764	6.85414
3.01778	7.06798	7.069	6.88571
3.03004	7.06641	7.09464	6.8554
3.04234	7.03238	7.10675	6.87791
3.05468	7.05639	7.07168	6.85765
3.06708	7.05569	7.07382	6.84144
3.07951	7.05635	7.08084	6.83807
3.092	7.05162	7.0891	6.87158
3.10454	7.04684	7.07367	6.82812
3.11711	7.06834	7.07502	6.85052
3.12975	7.07691	7.05349	6.85069
3.14243	7.05977	7.0646	6.85588
3.15515	7.04529	7.05162	6.84529
3.16792	7.0332	7.07632	6.8424
3.18075	7.02619	7.06032	6.8375
3.19362	7.05046	7.05569	6.83069
3.20655	7.04322	7.05352	6.84153
3.21951	7.02884	7.05012	6.82175
3.23254	7.01366	7.05809	6.84131
3.24561	7.02814	7.05056	6.8406
3.25872	7.00382	7.04664	6.83373
3.2719	7.05941	7.05005	6.84358
3.28511	7.01976	7.03031	6.82617
3.29839	7.02144	7.04955	6.85868
3.31171	7.02031	7.04467	6.8101
3.32507	7.01628	7.06298	6.81885
3.3385	7.01811	7.05698	6.81991
3.35197	7.02068	7.03288	6.82012
3.3655	7.02854	7.05492	6.81124
3.37908	7.0078	7.02464	6.81775
3.3927	6.9833	7.02588	6.80756
3.40639	7.01596	7.02125	6.82116
3.42011	7.00149	7.02705	6.79968
3.4339	7.00887	7.03041	6.80471
3.44774	6.99493	7.02797	6.79667
3.46163	6.99497	7.03451	6.80103
3.47556	6.97812	7.03343	6.79503
3.48956	6.99001	7.04037	6.79288
3.50361	7.00149	7.01973	6.78687
3.51771	6.99377	7.03163	6.78545
3.53187	6.98014	7.01589	6.78279
3.54608	6.95242	7.00215	6.781
3.56035	6.97779	7.0227	6.80637
3.57466	6.97894	6.98661	6.79061
3.58904	6.99805	7.01752	6.7798
3.60346	6.97724	6.98615	6.77656
3.61795	6.96041	7.01193	6.78148
3.63249	6.96634	7.00037	6.78762
3.64707	6.97765	6.9976	6.77471
3.66173	6.95445	7.00444	6.78305
3.67642	6.98491	7.02465	6.80361
3.69119	6.99206	7.01437	6.75483
3.706	6.95845	7.00207	6.77998
3.72088	6.95317	6.99339	6.76791
3.73581	6.96233	6.98141	6.76898
3.75079	6.95058	6.98703	6.75856
3.76584	6.95233	6.97616	6.77339
3.78094	6.9734	7.01175	6.76509
3.7961	6.95147	6.96556	6.75714
3.81131	6.95054	6.96243	6.77112
3.82659	6.94008	6.99259	6.75288
3.84191	6.96728	6.96531	6.76139
3.85731	6.94982	6.98507	6.76923
3.87275	6.9271	6.97935	6.74089
3.88826	6.9249	6.98992	6.76357
3.90383	6.93905	6.9598	6.76123
3.91946	6.95514	6.97012	6.74653
3.93514	6.92309	6.97319	6.74157
3.95089	6.94673	6.97103	6.72771
3.96669	6.93351	6.96159	6.72736
3.98256	6.94	6.95693	6.73933
3.99849	6.93586	6.99024	6.73218
4.01447	6.93464	6.96545	6.72664
4.03051	6.93684	6.94512	6.7413
4.04663	6.92111	6.93206	6.72316
4.0628	6.92015	6.92757	6.71852
4.07902	6.92958	6.95784	6.7512
4.09532	6.92479	6.93275	6.73831
4.11167	6.91296	6.94193	6.72097
4.12809	6.90108	6.94255	6.73906
4.14458	6.90855	6.93263	6.72723
4.16111	6.90295	6.93411	6.72727
4.17772	6.91453	6.93902	6.73648
4.19439	6.90403	6.9242	6.70861
4.21112	6.90304	6.94908	6.71732
4.22792	6.88489	6.93183	6.71619
4.24477	6.89796	6.94071	6.70833
4.2617	6.90105	6.9286	6.70432
4.27869	6.89632	6.92753	6.71497
4.29575	6.91628	6.93308	6.7143
4.31286	6.88702	6.91305	6.70315
4.33005	6.91568	6.92557	6.71127
4.3473	6.89699	6.91331	6.71907
4.36461	6.88771	6.91438	6.70914
4.38199	6.87008	6.91579	6.70644
4.39944	6.87209	6.90912	6.69953
4.41695	6.8612	6.90602	6.67855
4.43454	6.88456	6.93205	6.7056
4.45218	6.88058	6.89979	6.68727
4.46989	6.88693	6.89767	6.69049
4.48768	6.87508	6.89132	6.69766
4.50553	6.86582	6.89395	6.7046
4.52344	6.85994	6.89059	6.68394
4.54143	6.85488	6.88754	6.68575
4.55947	6.87441	6.88696	6.68173
4.5776	6.85725	6.89292	6.69258
4.5958	6.85668	6.89491	6.67794
4.61405	6.83646	6.89757	6.69833
4.63239	6.84256	6.88083	6.68971
4.65079	6.85409	6.86295	6.68456
4.66925	6.84658	6.87542	6.68619
4.6878	6.85628	6.86417	6.67588
4.70641	6.84229	6.86354	6.66372
4.72509	6.84289	6.85479	6.65802
4.74384	6.84296	6.86507	6.65305
4.76266	6.84563	6.87447	6.64132
4.78156	6.85046	6.85972	6.66029
4.80054	6.83424	6.86908	6.64527
4.81957	6.83834	6.87581	6.65265
4.83869	6.83321	6.8676	6.64708
4.85787	6.82585	6.85841	6.64638
4.87712	6.82845	6.84362	6.65337
4.89646	6.83417	6.85799	6.64096
4.91586	6.8138	6.83859	6.65203
4.93535	6.81213	6.84374	6.63628
4.9549	6.81221	6.86562	6.64313
4.97452	6.81578	6.82945	6.64619
4.99424	6.82273	6.86565	6.64045
5.01401	6.82806	6.83808	6.6413
5.03386	6.8091	6.86431	6.61997
5.05379	6.79479	6.85437	6.63572
5.0738	6.79603	6.8391	6.62899
5.09387	6.79327	6.8329	6.63507
5.11404	6.81108	6.85372	6.65028
5.13427	6.7807	6.84057	6.63189
5.15457	6.80149	6.84167	6.62405
5.17497	6.79783	6.83145	6.6233
5.19544	6.78548	6.8301	6.6074
5.21597	6.80252	6.82934	6.62022
5.2366	6.78668	6.82431	6.62126
5.2573	6.80209	6.83288	6.62191
5.27809	6.78262	6.81684	6.62381
5.29894	6.78453	6.83753	6.60553
5.31987	6.78985	6.81672	6.5986
5.3409	6.77662	6.82105	6.6198
5.362	6.77014	6.80616	6.61077
5.38317	6.77098	6.814	6.6073
5.40444	6.78072	6.81161	6.60138
5.42578	6.78128	6.81802	6.61486
5.44719	6.77778	6.80995	6.60017
5.4687	6.77383	6.80668	6.59756
5.49027	6.7512	6.82229	6.59305
5.51195	6.76239	6.80058	6.59156
5.5337	6.76667	6.80804	6.60194
5.55552	6.76728	6.80786	6.59266
5.57745	6.76479	6.80436	6.5881
5.59944	6.75133	6.7915	6.59608
5.62152	6.7659	6.79542	6.59047
5.64369	6.76274	6.80488	6.58922
5.66594	6.76943	6.80453	6.59936
5.68827	6.76574	6.79257	6.57639
5.7107	6.74318	6.78159	6.56973
5.7332	6.72636	6.8112	6.5829
5.7558	6.75176	6.79208	6.57881
5.77847	6.75009	6.78707	6.58427
5.80124	6.75406	6.79631	6.56637
5.82409	6.7278	6.7923	6.58464
5.84702	6.74977	6.80606	6.56639
5.87005	6.73547	6.77496	6.56652
5.89316	6.74163	6.75717	6.56381
5.91636	6.74002	6.76765	6.56406
5.93965	6.74305	6.7857	6.54729
5.96304	6.73233	6.77759	6.55826
5.9865	6.73318	6.76737	6.57865
6.01006	6.75281	6.7797	6.57096
6.0337	6.72812	6.77394	6.56898
6.05744	6.73401	6.78023	6.56244
6.08126	6.7231	6.75909	6.55018
6.10519	6.7285	6.76634	6.55486
6.12919	6.72296	6.76241	6.56073
6.15329	6.72933	6.77526	6.54704
6.17747	6.70912	6.77123	6.55217
6.20176	6.71245	6.76742	6.53557
6.22614	6.70582	6.76609	6.53853
6.25061	6.71411	6.75588	6.5486
6.27518	6.70814	6.74628	6.55384
6.29983	6.70685	6.74255	6.54338
6.32457	6.70074	6.75502	6.54661
6.34942	6.71307	6.75444	6.55184
6.37436	6.70984	6.72541	6.53708
6.39939	6.70025	6.75948	6.54778
6.42451	6.71074	6.73627	6.54028
6.44974	6.69709	6.7414	6.52886
6.47506	6.70113	6.7387	6.52316
6.50047	6.69132	6.73417	6.54276
6.52599	6.69019	6.73039	6.52872
6.5516	6.69945	6.72393	6.51872
6.57731	6.69359	6.7333	6.52298
6.60311	6.68899	6.74033	6.53709
6.62902	6.67926	6.73867	6.52843
6.65503	6.68459	6.72555	6.5161
6.68113	6.67634	6.72824	6.52335
6.70732	6.68099	6.72587	6.53702
6.73362	6.67164	6.71564	6.52848
6.76003	6.67574	6.70163	6.51688
6.78652	6.66385	6.70958	6.52375
6.81314	6.68169	6.70458	6.51478
6.83984	6.67214	6.72455	6.49623
6.86664	6.66087	6.71608	6.48334
6.89355	6.67383	6.69989	6.52281
6.92056	6.65849	6.70656	6.50535
6.94768	6.65455	6.70807	6.50761
6.97489	6.67338	6.69714	6.49491
7.00221	6.6602	6.6945	6.50016
7.02964	6.66425	6.6953	6.50411
7.05716	6.64932	6.7143	6.49868
7.08479	6.65937	6.69258	6.4913
7.11252	6.64504	6.71784	6.48972
7.14038	6.65766	6.6962	6.49527
7.16832	6.67337	6.69939	6.48456
7.19637	6.6341	6.70147	6.47793
7.22454	6.6438	6.6868	6.47628
7.25281	6.64729	6.69963	6.47315
7.28119	6.65023	6.68081	6.47627
7.30968	6.64127	6.68679	6.47643
7.33827	6.62808	6.69305	6.48863
7.36697	6.63628	6.69537	6.48305
7.39579	6.65657	6.67521	6.49373
7.42471	6.6281	6.67824	6.48275
7.45374	6.63843	6.68387	6.48733
7.48289	6.62924	6.68925	6.46898
7.51214	6.64384	6.68018	6.47854
7.5415	6.63338	6.6856	6.46236
7.57099	6.63721	6.6704	6.48021
7.60057	6.62392	6.67067	6.46842
7.63027	6.61913	6.6756	6.47214
7.66009	6.62933	6.66665	6.47127
7.69001	6.62456	6.66351	6.47545
7.72006	6.61779	6.67009	6.47321
7.75021	6.62304	6.66671	6.46837
7.78049	6.61455	6.68104	6.45393
7.81087	6.6228	6.66467	6.46346
7.84137	6.62733	6.66718	6.45429
7.872	6.61366	6.66525	6.45089
7.90274	6.61422	6.67527	6.45253
7.93359	6.62361	6.65216	6.44112
7.96456	6.59416	6.66826	6.46872
7.99565	6.62243	6.65857	6.45515
8.02685	6.61153	6.65532	6.44498
8.05818	6.6126	6.65097	6.45579
8.08963	6.60034	6.66021	6.45337
8.12119	6.60015	6.65995	6.45157
8.15287	6.62535	6.64374	6.45683
8.18468	6.60386	6.6541	6.43823
8.2166	6.61614	6.65701	6.44048
8.24865	6.60164	6.65228	6.44576
8.28082	6.57968	6.65259	6.44737
8.31311	6.598	6.65058	6.45129
8.34552	6.59953	6.6448	6.44305
8.37806	6.59866	6.65479	6.43826
8.41072	6.58834	6.65059	6.43297
8.44351	6.59921	6.65226	6.43459
8.47643	6.58679	6.64826	6.43219
8.50946	6.59235	6.65014	6.43098
8.54263	6.60007	6.64668	6.42744
8.57591	6.59654	6.64261	6.42171
8.60933	6.58273	6.64564	6.44709
8.64287	6.59177	6.64607	6.42106
8.67655	6.58057	6.64052	6.43752
8.71035	6.56377	6.64803	6.42255
8.74428	6.58404	6.63697	6.42871
8.77833	6.60113	6.63643	6.4187
8.81251	6.58584	6.64146	6.42404
8.84684	6.58048	6.63144	6.41371
8.88128	6.5802	6.63486	6.40886
8.91586	6.57375	6.62132	6.40835
8.95056	6.57584	6.63617	6.42388
8.98541	6.58844	6.62271	6.41059
9.02039	6.58577	6.62946	6.41159
9.0555	6.56472	6.63131	6.41909
9.09074	6.57113	6.63249	6.4088
9.12611	6.56496	6.63421	6.40136
9.16162	6.57706	6.62152	6.40064
9.19728	6.57195	6.62743	6.4095
9.23305	6.57317	6.61248	6.38982
9.26898	6.5521	6.61518	6.39553
9.30503	6.57388	6.60525	6.41027
9.34121	6.56443	6.60571	6.40243
9.37755	6.57042	6.61223	6.40757
9.41401	6.5651	6.61073	6.39566
9.45063	6.56265	6.60676	6.39921
9.48736	6.55996	6.61272	6.39177
9.52425	6.54601	6.60541	6.39694
9.56129	6.55338	6.59787	6.40583
9.59845	6.54915	6.60766	6.37792
9.63576	6.53439	6.59961	6.39388
9.67321	6.56436	6.59969	6.39815
9.7108	6.55923	6.60025	6.39491
9.74854	6.54323	6.59065	6.3938
9.78642	6.542	6.58708	6.38684
9.82445	6.54202	6.59279	6.39142
9.86261	6.54705	6.59626	6.39657
9.90094	6.55208	6.5829	6.3806
9.93939	6.53806	6.58743	6.38743
9.978	6.53169	6.56244	6.36833
10.0168	6.54168	6.59169	6.37675
10.0557	6.53388	6.5805	6.37592
10.0947	6.53219	6.58244	6.38245
10.1339	6.5357	6.58087	6.38168
10.1733	6.52241	6.57697	6.37368
10.2128	6.54333	6.56838	6.3698
10.2524	6.53631	6.56319	6.37148
10.2922	6.52419	6.5768	6.37744
10.3322	6.53463	6.57622	6.37941
10.3722	6.52629	6.57995	6.37489
10.4125	6.52059	6.57626	6.37057
10.4529	6.51402	6.58384	6.36595
10.4935	6.52388	6.58157	6.34533
10.5342	6.53602	6.58291	6.37062
10.5751	6.51531	6.57727	6.37164
10.6161	6.52246	6.57472	6.36597
10.6573	6.52288	6.57177	6.36458
10.6986	6.52649	6.57505	6.35979
10.7401	6.51813	6.56856	6.36022
10.7818	6.51502	6.57129	6.36252
10.8236	6.51834	6.56043	6.36581
10.8656	6.52109	6.57087	6.35084
10.9077	6.52123	6.557	6.35846
10.95	6.52609	6.57145	6.35598
10.9924	6.5111	6.57208	6.37905
11.0351	6.51999	6.54724	6.37128
11.0779	6.51415	6.56586	6.34193
11.1208	6.51674	6.56937	6.35525
11.1639	6.50511	6.56462	6.34714
11.2072	6.51774	6.548	6.34969
11.2506	6.50342	6.55317	6.34288
11.2942	6.50381	6.56528	6.35285
11.338	6.51033	6.55188	6.34646
11.3819	6.49942	6.5667	6.33236
11.426	6.50889	6.55479	6.34648
11.4703	6.50541	6.54845	6.33538
11.5147	6.501	6.54197	6.33678
11.5593	6.50192	6.55841	6.3327
11.6041	6.49787	6.55309	6.33971
11.649	6.49275	6.54682	6.33433
11.6941	6.49903	6.54265	6.31772
11.7395	6.48695	6.53781	6.32742
11.7849	6.49571	6.54659	6.33067
11.8305	6.48322	6.55258	6.31957
11.8764	6.49152	6.54561	6.34398
11.9223	6.49155	6.5443	6.33313
11.9685	6.48536	6.54316	6.33289
12.0148	6.48955	6.53761	6.32458
12.0613	6.48566	6.53642	6.32707
12.108	6.48089	6.54188	6.33454
12.1549	6.48343	6.53778	6.33016
12.2019	6.47832	6.52484	6.31978
12.2492	6.47982	6.51976	6.3193
12.2965	6.48728	6.53264	6.33223
12.3441	6.48224	6.52328	6.33589
12.3919	6.47153	6.52495	6.31717
12.4398	6.48111	6.52903	6.33601
12.488	6.48233	6.5237	6.32312
12.5363	6.48554	6.52443	6.32336
12.5848	6.48617	6.53162	6.31832
12.6335	6.48257	6.51953	6.33348
12.6823	6.47512	6.5371	6.31576
12.7314	6.47487	6.51965	6.32114
12.7806	6.46873	6.53045	6.33003
12.8301	6.47797	6.5255	6.32683
12.8797	6.47827	6.52546	6.32238
12.9295	6.47089	6.51608	6.32431
12.9795	6.47915	6.53381	6.31394
13.0296	6.46959	6.51125	6.31021
13.08	6.47425	6.5238	6.31569
13.1306	6.47028	6.52847	6.31776
13.1813	6.48039	6.52085	6.3062
13.2323	6.47874	6.52309	6.30993
13.2834	6.4709	6.52191	6.31511
13.3348	6.46658	6.52559	6.30649
13.3863	6.46075	6.52311	6.32109
13.4381	6.475	6.51709	6.31424
13.49	6.45877	6.51804	6.30826
13.5421	6.4719	6.51706	6.30319
13.5944	6.47465	6.51905	6.30349
13.6469	6.47663	6.51261	6.30821
13.6997	6.46439	6.52701	6.30979
13.7526	6.45591	6.4984	6.31008
13.8057	6.46915	6.51057	6.30836
13.8591	6.4617	6.48698	6.31444
13.9126	6.46645	6.49911	6.30168
13.9663	6.46749	6.49903	6.29987
14.0203	6.47524	6.50279	6.30058
14.0744	6.46363	6.49928	6.30829
14.1288	6.46992	6.50314	6.2935
14.1833	6.45247	6.49393	6.30442
14.2381	6.46535	6.49112	6.30154
14.2931	6.45514	6.49786	6.30176
14.3483	6.45787	6.48322	6.30664
14.4037	6.4576	6.50071	6.29053
14.4593	6.46092	6.49991	6.29051
14.5151	6.46046	6.48671	6.29499
14.5711	6.45362	6.4895	6.2838
14.6273	6.45674	6.49747	6.29011
14.6838	6.46853	6.49323	6.28796
14.7405	6.45762	6.49022	6.29115
14.7974	6.44916	6.49305	6.28533
14.8545	6.45112	6.49954	6.27261
14.9118	6.44966	6.50673	6.28563
14.9693	6.44319	6.49827	6.28753
15.0271	6.45701	6.49476	6.28176
15.0851	6.45489	6.50124	6.29249
15.1433	6.45306	6.4881	6.27977
15.2017	6.45236	6.49687	6.28164
15.2604	6.44892	6.49431	6.27934
15.3192	6.43641	6.48903	6.29299
15.3783	6.44517	6.49765	6.27803
15.4376	6.4437	6.48826	6.28652
15.4972	6.44198	6.48298	6.28495
15.5569	6.45034	6.47812	6.28522
15.6169	6.4476	6.49238	6.29567
15.6772	6.44538	6.48249	6.28601
15.7376	6.44677	6.4901	6.28122
15.7983	6.44763	6.48569	6.27717
15.8592	6.44306	6.48204	6.28652
15.9204	6.44029	6.48828	6.29411
15.9817	6.44101	6.48647	6.28676
16.0434	6.44425	6.47917	6.28332
16.1052	6.42857	6.48656	6.28507
16.1673	6.44283	6.4867	6.28867
16.2296	6.43759	6.49365	6.2833
16.2922	6.43864	6.48719	6.27694
16.355	6.4444	6.48255	6.28858
16.418	6.43039	6.49255	6.27573
16.4813	6.42781	6.48925	6.27056
16.5448	6.42772	6.47894	6.28316
16.6086	6.42596	6.49341	6.28284
16.6726	6.42436	6.49343	6.28376
16.7368	6.42364	6.48669	6.27791
16.8013	6.42857	6.47993	6.27818
16.866	6.42131	6.49736	6.27433
16.931	6.42261	6.47884	6.26269
16.9962	6.42132	6.48561	6.26287
17.0617	6.41949	6.48564	6.27305
17.1275	6.4179	6.48546	6.26303
17.1934	6.41385	6.47457	6.26143
17.2596	6.40294	6.47867	6.25178
17.3261	6.40494	6.46622	6.25646
17.3929	6.40556	6.48547	6.25331
17.4599	6.41271	6.48398	6.24566
17.5271	6.41282	6.47777	6.25471
17.5946	6.42108	6.48826	6.25197
17.6623	6.41622	6.46824	6.25362
17.7304	6.42274	6.47691	6.25026
17.7986	6.42263	6.46532	6.2464
17.8672	6.42583	6.47683	6.24532
17.936	6.41205	6.46912	6.24732
18.005	6.41046	6.47436	6.25754
18.0744	6.40805	6.46702	6.24824
18.1439	6.41518	6.47351	6.24893
18.2138	6.4102	6.45664	6.25641
18.2839	6.4125	6.46079	6.2554
18.3543	6.40812	6.46672	6.26184
18.4249	6.42217	6.46504	6.26387
18.4958	6.42112	6.46232	6.25783
18.567	6.41892	6.45525	6.2559
18.6385	6.41975	6.46547	6.25157
18.7102	6.41791	6.45681	6.25973
18.7822	6.41241	6.4616	6.25918
18.8545	6.42064	6.46396	6.25583
18.927	6.41767	6.45526	6.25621
18.9999	6.42555	6.45265	6.25654
19.073	6.42796	6.44659	6.25562
19.1464	6.41799	6.46438	6.25248
19.22	6.41106	6.45273	6.26202
19.294	6.4221	6.45511	6.2527
19.3682	6.42875	6.44825	6.2564
19.4427	6.42261	6.44746	6.2456
19.5175	6.40833	6.44887	6.2514
19.5926	6.41807	6.45329	6.24997
19.6679	6.42397	6.4623	6.24199
19.7436	6.40589	6.45218	6.25141
19.8195	6.413	6.45147	6.24441
19.8958	6.40558	6.45326	6.24463
19.9723	6.4189	6.45329	6.2436
20.0491	6.40691	6.44304	6.25867
20.1262	6.40736	6.45648	6.24357
20.2036	6.41167	6.44598	6.24724
20.2813	6.4167	6.45035	6.24653
20.3593	6.40565	6.44998	6.24205
20.4376	6.39956	6.45702	6.23988
20.5161	6.40077	6.45321	6.23952
20.595	6.40793	6.44666	6.25161
20.6742	6.39302	6.44776	6.24878
20.7537	6.40124	6.45395	6.24998
20.8335	6.38971	6.43994	6.24127
20.9135	6.40592	6.4442	6.24855
20.9939	6.38964	6.44784	6.24624
21.0746	6.39135	6.45364	6.24174
21.1557	6.39133	6.44414	6.24614
21.237	6.39527	6.44724	6.25391
21.3186	6.3879	6.45395	6.24831
21.4005	6.39797	6.4564	6.24595
21.4828	6.4037	6.44829	6.24792
21.5653	6.39402	6.45124	6.24735
21.6482	6.39569	6.4588	6.24024
21.7314	6.39628	6.44454	6.23883
21.8149	6.39405	6.44889	6.24057
21.8987	6.39401	6.44859	6.24222
21.9829	6.39892	6.45053	6.24037
22.0674	6.39548	6.45584	6.2414
22.1521	6.39292	6.45612	6.23368
22.2372	6.39288	6.45466	6.23572
22.3227	6.38799	6.44444	6.24338
22.4084	6.39583	6.45117	6.2267
22.4945	6.39317	6.4478	6.22897
22.5809	6.38944	6.44259	6.23509
22.6677	6.39138	6.43724	6.23192
22.7548	6.39178	6.4377	6.22751
22.8422	6.39735	6.44167	6.2268
22.9299	6.4009	6.43902	6.22959
23.018	6.39863	6.44645	6.23476
23.1064	6.40824	6.43628	6.23037
23.1951	6.40048	6.43006	6.22572
23.2842	6.39591	6.44202	6.23309
23.3736	6.39298	6.44007	6.23309
23.4634	6.39646	6.43938	6.23319
23.5535	6.38931	6.43928	6.21816
23.6439	6.39558	6.43904	6.22554
23.7347	6.39658	6.44058	6.22724
23.8259	6.38713	6.44724	6.23068
23.9173	6.38707	6.44271	6.23415
24.0092	6.39825	6.44128	6.21687
24.1014	6.38549	6.44631	6.21984
24.1939	6.38715	6.43471	6.21966
24.2868	6.3836	6.43482	6.21715
24.38	6.38184	6.43034	6.21462
24.4736	6.38336	6.43017	6.22734
24.5676	6.38872	6.42883	6.22551
24.6618	6.38575	6.43006	6.22862
24.7565	6.38276	6.43035	6.22796
24.8515	6.37849	6.4332	6.21707
24.9469	6.38554	6.42811	6.22575
25.0427	6.38972	6.42644	6.22408
25.1388	6.39043	6.42922	6.22482
25.2353	6.38541	6.43268	6.21855
25.3321	6.39252	6.43346	6.23362
25.4293	6.37993	6.43501	6.23201
25.5269	6.38064	6.43517	6.22025
25.6249	6.39439	6.43816	6.2317
25.7232	6.37815	6.42818	6.22353
25.8219	6.38227	6.43013	6.23363
25.921	6.38546	6.43346	6.2272
26.0205	6.3848	6.43682	6.23475
26.1203	6.38821	6.43554	6.22778
26.2206	6.38425	6.42931	6.23345
26.3211	6.38569	6.43725	6.23527
26.4221	6.3859	6.42646	6.22942
26.5235	6.37732	6.43006	6.23295
26.6252	6.38005	6.43446	6.22349
26.7274	6.37721	6.43496	6.24083
26.8299	6.38053	6.43128	6.23187
26.9328	6.37995	6.42238	6.22831
27.0362	6.37351	6.42143	6.21973
27.1399	6.38161	6.43046	6.22814
27.244	6.37695	6.42417	6.21947
27.3485	6.38246	6.42757	6.21243
27.4534	6.38056	6.42581	6.21034
27.5587	6.38681	6.43018	6.20722
27.6644	6.37953	6.42709	6.21205
27.7705	6.38683	6.42606	6.21065
27.8769	6.39067	6.42758	6.21012
27.9839	6.38166	6.42752	6.20531
28.0912	6.38871	6.42939	6.19995
28.1989	6.38209	6.42345	6.20166
28.307	6.37883	6.42669	6.20242
28.4156	6.37803	6.42982	6.20367
28.5245	6.37569	6.42421	6.20547
28.6339	6.37711	6.42395	6.21004
28.7437	6.38795	6.43009	6.2059
28.8539	6.38047	6.42778	6.21904
28.9645	6.37218	6.42561	6.22323
29.0756	6.37551	6.42483	6.2224
29.1871	6.38662	6.42828	6.22057
29.299	6.37882	6.43442	6.2276
29.4113	6.36724	6.43563	6.23643
29.524	6.37086	6.4332	6.22631
29.6372	6.37404	6.43222	6.2285
29.7508	6.37679	6.42749	6.2294
29.8649	6.37873	6.4246	6.22781
29.9793	6.37224	6.42384	6.22535
30.0943	6.37847	6.42209	6.21891
30.2096	6.3758	6.42933	6.21936
30.3254	6.37071	6.41883	6.21708
30.4416	6.37343	6.41945	6.20308
30.5583	6.36806	6.41704	6.20967
30.6754	6.37787	6.42069	6.1972
30.793	6.36922	6.4226	6.20614
30.911	6.37703	6.42136	6.20798
31.0295	6.37476	6.41336	6.21185
31.1484	6.37337	6.42303	6.2099
31.2677	6.37398	6.42067	6.20492
31.3876	6.37451	6.41478	6.21599
31.5078	6.37652	6.41967	6.21258
31.6286	6.37181	6.42003	6.215
31.7498	6.3829	6.42004	6.2206
31.8714	6.37823	6.41013	6.21804
31.9935	6.37397	6.40691	6.21521
32.1161	6.38117	6.40806	6.2184
32.2392	6.37463	6.40846	6.20916
32.3627	6.37527	6.40232	6.21558
32.4867	6.37474	6.40406	6.20606
32.6111	6.38112	6.41467	6.2078
32.7361	6.37577	6.41345	6.20434
32.8615	6.37128	6.41359	6.20516
32.9874	6.37387	6.41153	6.20354
33.1137	6.37313	6.41225	6.20346
33.2406	6.37119	6.41504	6.20262
33.3679	6.37291	6.42248	6.20542
33.4957	6.37469	6.41641	6.20802
33.624	6.36437	6.41974	6.20926
33.7528	6.37093	6.41173	6.21871
33.8821	6.3812	6.42475	6.20852
34.0119	6.37896	6.41606	6.21443
34.1421	6.37047	6.41136	6.21813
34.2729	6.36879	6.41304	6.2055
34.4042	6.36959	6.40989	6.2205
34.5359	6.36984	6.41447	6.20918
34.6682	6.36629	6.40889	6.21172
34.8009	6.36491	6.41443	6.21339
34.9342	6.36265	6.40903	6.2071
35.068	6.36098	6.41553	6.20417
35.2023	6.36107	6.41618	6.18821
35.3371	6.36231	6.41436	6.18906
35.4724	6.36114	6.4193	6.1892
35.6082	6.36377	6.42225	6.18628
35.7446	6.36407	6.41736	6.19059
35.8815	6.37031	6.41573	6.19866
36.0188	6.37282	6.41593	6.20129
36.1567	6.37291	6.41509	6.20774
36.2952	6.36888	6.40791	6.20717
36.4342	6.37777	6.41643	6.20805
36.5736	6.37377	6.41386	6.20615
36.7137	6.37343	6.41825	6.20488
36.8542	6.36463	6.41391	6.20929
36.9953	6.36021	6.41685	6.20877
37.1369	6.36196	6.41469	6.20941
37.2791	6.36498	6.40928	6.20334
37.4218	6.3591	6.40423	6.20556
37.5651	6.36713	6.41324	6.20214
37.7089	6.36199	6.40644	6.19885
37.8532	6.36552	6.4067	6.2072
37.9981	6.36722	6.40214	6.20852
38.1435	6.36763	6.41165	6.21009
38.2895	6.36628	6.41274	6.21283
38.4361	6.37127	6.41581	6.21185
38.5832	6.36753	6.42109	6.19722
38.7309	6.37125	6.418	6.20638
38.8791	6.37475	6.41661	6.20193
39.0279	6.37417	6.41394	6.20282
39.1773	6.37006	6.40858	6.206
39.3272	6.37171	6.40927	6.20783
39.4777	6.37072	6.40409	6.1991
39.6288	6.36571	6.40819	6.20062
39.7805	6.36706	6.40099	6.19982
39.9327	6.36521	6.40928	6.19562
40.0855	6.35795	6.41377	6.19341
40.2389	6.35903	6.41639	6.20084
40.3929	6.35403	6.40879	6.19402
40.5475	6.35998	6.4093	6.1947
40.7026	6.37	6.40832	6.18768
40.8583	6.36738	6.41624	6.19172
41.0147	6.36398	6.41807	6.19235
41.1716	6.36963	6.41232	6.19229
41.3292	6.36825	6.41128	6.19185
41.4873	6.36156	6.40833	6.1965
41.646	6.36334	6.40698	6.20222
41.8054	6.36412	6.403	6.19538
41.9653	6.36392	6.41573	6.20528
42.1259	6.36316	6.41	6.20037
42.287	6.36295	6.40375	6.20716
42.4488	6.36389	6.40923	6.20543
42.6112	6.36021	6.41012	6.20055
42.7742	6.35873	6.40509	6.20612
42.9378	6.36297	6.40819	6.20462
43.1021	6.36748	6.40704	6.20026
43.267	6.36791	6.40375	6.20303
43.4325	6.37391	6.40591	6.19935
43.5986	6.36998	6.40255	6.1976
43.7654	6.3665	6.40343	6.19294
43.9328	6.36534	6.39617	6.20437
44.1008	6.3609	6.40848	6.19908
44.2695	6.35811	6.40659	6.19314
44.4388	6.35684	6.40606	6.19741
44.6088	6.35785	6.40294	6.1991
44.7794	6.353	6.40802	6.19835
44.9507	6.35608	6.40869	6.19891
45.1226	6.355	6.41466	6.20011
45.2952	6.35619	6.40447	6.19484
45.4684	6.35574	6.39972	6.19115
45.6423	6.35835	6.41102	6.19367
45.8169	6.35679	6.40324	6.19027
45.9921	6.36578	6.40357	6.18803
46.168	6.36031	6.402	6.19049
46.3445	6.35653	6.40461	6.20062
46.5217	6.36268	6.40692	6.19358
46.6996	6.35232	6.40128	6.19644
46.8782	6.35813	6.40485	6.20345
47.0575	6.36016	6.4098	6.2038
47.2374	6.3566	6.40247	6.20365
47.418	6.36781	6.40366	6.19993
47.5994	6.36475	6.4065	6.2014
47.7814	6.3614	6.40626	6.20607
47.9641	6.36387	6.40834	6.19818
48.1475	6.36478	6.40807	6.19768
48.3316	6.35198	6.40869	6.197
48.5163	6.35319	6.4115	6.19942
48.7018	6.35324	6.40654	6.19783
48.888	6.35178	6.41193	6.19654
49.075	6.3594	6.40699	6.19676
49.2626	6.36081	6.39771	6.19092
49.4509	6.35617	6.40719	6.19287
49.64	6.35388	6.40921	6.18935
49.8298	6.36524	6.41	6.19326
50.0202	6.35829	6.41147	6.19017
50.2115	6.35407	6.40288	6.18788
50.4034	6.348	6.40365	6.18941
50.5961	6.35136	6.40296	6.19417
50.7895	6.35626	6.39737	6.19718
50.9837	6.34967	6.39963	6.19386
51.1786	6.35115	6.39262	6.19627
51.3742	6.353	6.40085	6.20082
51.5706	6.35105	6.40233	6.20317
51.7677	6.35358	6.40216	6.19265
51.9656	6.35546	6.40678	6.20495
52.1642	6.35318	6.41132	6.19807
52.3636	6.35603	6.40519	6.20016
52.5637	6.35828	6.40758	6.19613
52.7646	6.36043	6.40462	6.19726
52.9663	6.36276	6.41108	6.19339
53.1688	6.35806	6.40464	6.19565
53.372	6.35087	6.40134	6.19583
53.576	6.35027	6.40794	6.19503
53.7807	6.35081	6.40913	6.2004
53.9863	6.3574	6.40626	6.19694
54.1926	6.35449	6.40236	6.19032
54.3997	6.35131	6.40219	6.18782
54.6076	6.35691	6.39281	6.18613
54.8163	6.35713	6.39188	6.18702
55.0258	6.35529	6.39288	6.18822
55.236	6.35316	6.39235	6.18866
55.4471	6.35182	6.39581	6.19028
55.659	6.35274	6.39623	6.19213
55.8717	6.34959	6.40002	6.19581
56.0852	6.35268	6.4052	6.19993
56.2995	6.35031	6.40287	6.20317
56.5146	6.35787	6.40254	6.19724
56.7306	6.35454	6.4031	6.20332
56.9474	6.35965	6.40447	6.19498
57.165	6.35472	6.39944	6.19704
57.3834	6.35826	6.40488	6.20083
57.6027	6.35268	6.40277	6.19357
57.8228	6.35011	6.40253	6.19396
58.0437	6.34917	6.39593	6.19274
58.2655	6.3487	6.39315	6.18924
58.4881	6.34715	6.39364	6.19106
58.7116	6.35168	6.39149	6.19264
58.9359	6.36071	6.40002	6.1942
59.161	6.35405	6.401	6.19515
59.3871	6.35386	6.39839	6.19267
59.6139	6.3461	6.40596	6.19644
59.8417	6.34666	6.40208	6.19305
60.0703	6.35115	6.39724	6.20153
60.2998	6.34606	6.401	6.19523
60.5302	6.34892	6.39542	6.19519
60.7614	6.34351	6.39966	6.19549
60.9935	6.35286	6.40163	6.18946
61.2266	6.3553	6.39741	6.19754
61.4604	6.35877	6.39431	6.19855
61.6952	6.3489	6.39375	6.19981
61.9309	6.35032	6.39766	6.19745
62.1675	6.35589	6.4002	6.19733
62.4049	6.35174	6.39871	6.19802
62.6433	6.35219	6.40284	6.19895
62.8826	6.35283	6.4055	6.19348
63.1228	6.34514	6.40217	6.18545
63.3639	6.34806	6.40288	6.18327
63.606	6.34406	6.39477	6.18802
63.8489	6.34415	6.39183	6.18949
64.0928	6.3502	6.3908	6.1927
64.3376	6.3527	6.39217	6.19464
64.5833	6.35423	6.39807	6.1939
64.83	6.34976	6.39537	6.19605
65.0776	6.35292	6.39848	6.19416
65.3262	6.35101	6.3949	6.19774
65.5757	6.34937	6.39747	6.18637
65.8261	6.3494	6.39388	6.19258
66.0775	6.35363	6.38382	6.18933
66.3299	6.34928	6.39581	6.18269
66.5832	6.34544	6.39476	6.17638
66.8375	6.35094	6.3992	6.1799
67.0928	6.34143	6.39655	6.17712
67.349	6.34416	6.39781	6.1904
67.6062	6.34692	6.39441	6.19532
67.8644	6.35058	6.39585	6.19592
68.1236	6.35287	6.39717	6.18636
68.3837	6.35353	6.39485	6.1837
68.6449	6.35282	6.39403	6.1858
68.907	6.34749	6.3917	6.18668
69.1701	6.34872	6.38967	6.19068
69.4343	6.33747	6.3878	6.18967
69.6994	6.34636	6.39655	6.19384
69.9656	6.34451	6.40031	6.18419
70.2327	6.35442	6.395	6.1895
70.5009	6.35206	6.39791	6.19005
70.7701	6.35441	6.40393	6.19029
71.0404	6.35025	6.39648	6.18944
71.3116	6.35073	6.39732	6.17704
71.5839	6.34587	6.39529	6.17093
71.8573	6.3496	6.39305	6.17603
72.1316	6.34615	6.39744	6.18059
72.4071	6.34454	6.39032	6.18668
72.6835	6.34275	6.393	6.19067
72.961	6.3461	6.38709	6.18914
73.2396	6.35014	6.38951	6.18886
73.5192	6.34935	6.38984	6.18893
73.7999	6.34581	6.39143	6.18956
74.0817	6.35207	6.39782	6.18512
74.3645	6.35271	6.39633	6.18377
74.6485	6.3535	6.39074	6.19326
74.9335	6.35037	6.38463	6.18768
75.2196	6.35102	6.38755	6.18181
75.5067	6.34998	6.39158	6.17661
75.795	6.34527	6.3952	6.17335
76.0844	6.34333	6.39682	6.17946
76.3748	6.34157	6.39445	6.19157
76.6664	6.3367	6.39512	6.18914
76.9591	6.33586	6.38658	6.18755
77.2529	6.34009	6.38697	6.18784
77.5478	6.34228	6.39193	6.18603
77.8438	6.34742	6.39534	6.18845
78.141	6.3473	6.39936	6.18858
78.4393	6.34837	6.39325	6.17944
78.7387	6.34243	6.39525	6.18363
79.0393	6.3492	6.39264	6.17978
79.341	6.34476	6.38587	6.1844
79.6439	6.34879	6.38752	6.18838
79.9479	6.34525	6.38568	6.18572
80.2531	6.34185	6.39075	6.18962
80.5594	6.3372	6.39393	6.18582
80.8669	6.3405	6.39747	6.1816
81.1756	6.34772	6.39768	6.18543
81.4855	6.3523	6.39779	6.18236
81.7965	6.34984	6.39177	6.18116
82.1087	6.34467	6.38974	6.18148
82.4221	6.34205	6.38741	6.18135
82.7367	6.33956	6.38549	6.1792
83.0525	6.34773	6.39151	6.17903
83.3695	6.34888	6.39196	6.17254
83.6877	6.35039	6.39072	6.17373
84.0071	6.34947	6.39066	6.17801
84.3278	6.34703	6.39123	6.18042
84.6496	6.34923	6.38918	6.17852
84.9727	6.34656	6.3951	6.18129
85.297	6.34775	6.39473	6.17671
85.6226	6.34909	6.39703	6.17581
85.9493	6.33972	6.39339	6.18091
86.2774	6.34684	6.39224	6.18083
86.6066	6.34627	6.39337	6.18442
86.9372	6.34898	6.39802	6.18658
87.269	6.34652	6.38897	6.18261
87.602	6.34291	6.38863	6.18368
87.9363	6.33965	6.38971	6.18112
88.2719	6.33779	6.39151	6.1796
88.6088	6.34424	6.39181	6.17748
88.947	6.34524	6.39178	6.18036
89.2864	6.34538	6.38863	6.17772
89.6272	6.34315	6.39496	6.17817
89.9692	6.33807	6.39613	6.17852
90.3125	6.33952	6.39214	6.18106
90.6572	6.34381	6.38922	6.17766
91.0031	6.34023	6.38525	6.17129
91.3504	6.34719	6.38852	6.1821
91.699	6.34188	6.39154	6.184
92.0489	6.33666	6.39064	6.17991
92.4001	6.34034	6.3928	6.18321
92.7527	6.3452	6.39259	6.17081
93.1067	6.35145	6.38689	6.16917
93.462	6.34268	6.38597	6.17153
93.8186	6.34681	6.38221	6.17729
94.1766	6.34363	6.387	6.1859
94.5359	6.33658	6.39162	6.18674
94.8967	6.33862	6.39259	6.18838
95.2588	6.33282	6.3891	6.18651
95.6223	6.33522	6.38959	6.18476
95.9871	6.34037	6.39082	6.18953
96.3534	6.34425	6.38914	6.18737
96.721	6.34157	6.38934	6.19224
97.09	6.34444	6.38839	6.18962
97.4605	6.34746	6.3888	6.18944
97.8324	6.34463	6.38238	6.18387
98.2056	6.34547	6.38608	6.18463
98.5803	6.34284	6.39375	6.18843
98.9565	6.34316	6.39226	6.18212
99.334	6.33993	6.3954	6.18322
99.713	6.33547	6.39023	6.17617
100.093	6.3362	6.38623	6.17275
100.475	6.33867	6.38192	6.17992
100.859	6.33988	6.3816	6.18351
101.243	6.33624	6.385	6.18579
101.63	6.33957	6.38599	6.18794
102.017	6.34049	6.39108	6.19323
102.407	6.34241	6.40001	6.19186
102.797	6.34182	6.39878	6.18343
103.19	6.33577	6.39381	6.18301
103.583	6.33699	6.38885	6.1744
103.978	6.34205	6.38577	6.17438
104.375	6.34143	6.38311	6.17521
104.773	6.33966	6.38592	6.17881
105.173	6.34056	6.38166	6.18921
105.574	6.33669	6.38229	6.19097
105.977	6.34637	6.39124	6.1899
106.381	6.34326	6.3911	6.19017
106.787	6.34706	6.38659	6.18875
107.194	6.35098	6.38238	6.1886
107.603	6.3462	6.37875	6.18475
108.014	6.34085	6.38409	6.18167
108.426	6.3352	6.38619	6.1875
108.84	6.33952	6.38783	6.18361
109.255	6.3459	6.38828	6.18214
109.671	6.34465	6.38536	6.19072
110.09	6.34741	6.38188	6.19053
110.51	6.33803	6.37975	6.19138
110.931	6.34089	6.3845	6.19124
111.354	6.34269	6.37912	6.18268
111.779	6.34606	6.385	6.17533
112.206	6.34372	6.39021	6.18115
112.634	6.33891	6.38692	6.1883
113.063	6.33697	6.38321	6.1873
113.495	6.34049	6.38513	6.17978
113.927	6.3468	6.38749	6.16435
114.362	6.34622	6.37808	6.17401
114.798	6.34205	6.38065	6.18542
115.236	6.34883	6.38308	6.18821
115.676	6.34825	6.38738	6.19086
116.117	6.34445	6.38404	6.19069
116.56	6.34148	6.39057	6.18379
117.004	6.34176	6.38949	6.17933
117.451	6.34846	6.38617	6.18008
117.899	6.34108	6.38327	6.18188
118.348	6.34036	6.37695	6.18571
118.8	6.34555	6.37926	6.18049
119.253	6.34734	6.38147	6.17667
119.708	6.34374	6.3807	6.18148
120.164	6.34194	6.38454	6.18475
120.622	6.34056	6.39036	6.18774
121.083	6.33741	6.38603	6.18541
121.544	6.34335	6.38857	6.17568
122.008	6.34197	6.37998	6.17584
122.473	6.34265	6.38132	6.16984
122.94	6.34557	6.37475	6.16911
123.409	6.33641	6.37727	6.18208
123.88	6.33606	6.38529	6.18134
124.352	6.33725	6.37746	6.18388
124.827	6.33963	6.38444	6.18171
125.303	6.3412	6.38913	6.17749
125.781	6.34431	6.38494	6.17621
126.26	6.34136	6.38733	6.18047
126.742	6.33593	6.38765	6.18309
127.225	6.34211	6.37937	6.18349
127.71	6.33974	6.37351	6.17318
128.197	6.33553	6.37247	6.17347
128.686	6.34608	6.38185	6.18044
129.177	6.34611	6.38076	6.18306
129.67	6.34046	6.38791	6.18356
130.164	6.3389	6.38564	6.1799
130.661	6.33863	6.38135	6.17517
131.159	6.33663	6.38138	6.1697
131.659	6.33922	6.37911	6.17335
132.161	6.34192	6.37576	6.18121
132.665	6.33669	6.37067	6.18452
133.171	6.34282	6.37775	6.17543
133.679	6.34271	6.38009	6.17684
134.189	6.33778	6.37998	6.18099
134.7	6.3334	6.37505	6.18076
135.214	6.33139	6.37946	6.18211
135.73	6.33443	6.38061	6.18291
136.247	6.34304	6.38299	6.17185
136.767	6.34623	6.38362	6.1743
137.288	6.33921	6.37896	6.17924
137.812	6.33909	6.37341	6.18127
138.337	6.34178	6.38222	6.17531
138.865	6.34019	6.38018	6.17167
139.394	6.33665	6.38173	6.1786
139.926	6.33284	6.38081	6.17909
140.459	6.33531	6.38922	6.18078
140.995	6.33939	6.3824	6.17526
141.532	6.34016	6.37888	6.17354
142.072	6.34423	6.37945	6.16686
142.614	6.33563	6.38188	6.16931
143.158	6.33821	6.38096	6.17087
143.704	6.33211	6.37954	6.16639
144.251	6.33263	6.3842	6.17137
144.801	6.33431	6.38507	6.17557
145.354	6.33651	6.37558	6.17408
145.908	6.33825	6.37184	6.1709
146.464	6.335	6.37566	6.1736
147.023	6.33577	6.38482	6.17193
147.583	6.33982	6.379	6.16919
148.146	6.33817	6.38074	6.16509
148.711	6.33867	6.38274	6.17812
149.278	6.33806	6.38167	6.17556
149.847	6.33255	6.38503	6.1737
150.418	6.33214	6.37839	6.16946
150.992	6.33301	6.36772	6.16171
151.567	6.3369	6.38211	6.17069
152.145	6.34281	6.38392	6.1667
152.725	6.33968	6.38309	6.16054
153.308	6.33733	6.37905	6.16146
153.892	6.33028	6.38497	6.17002
154.479	6.32981	6.38168	6.17401
155.068	6.33218	6.37096	6.17661
155.659	6.33165	6.37232	6.17373
156.253	6.3337	6.37628	6.17318
156.848	6.33591	6.37787	6.17869
157.446	6.32921	6.38074	6.17202
158.047	6.32718	6.38204	6.15624
158.649	6.33149	6.38303	6.16444
159.254	6.33269	6.37447	6.17874
159.861	6.33077	6.37931	6.18262
160.471	6.32873	6.38052	6.17929
161.082	6.33819	6.38329	6.17219
161.696	6.34081	6.38194	6.17168
162.313	6.33857	6.37796	6.16811
162.932	6.32686	6.37959	6.16188
163.553	6.33166	6.38137	6.16404
164.176	6.33551	6.3757	6.17984
164.802	6.33251	6.37157	6.183
165.431	6.33209	6.37649	6.18299
166.061	6.33972	6.37492	6.17386
166.694	6.33195	6.374	6.16812
167.33	6.32618	6.3763	6.16941
167.968	6.32248	6.38303	6.16639
168.608	6.33105	6.37417	6.16696
169.251	6.32803	6.37247	6.18185
169.896	6.3366	6.37995	6.17802
170.544	6.34282	6.3795	6.17674
171.194	6.33683	6.37932	6.17373
171.846	6.33554	6.3807	6.16814
172.502	6.32834	6.3816	6.1693
173.159	6.33561	6.37547	6.17185
173.819	6.33807	6.37188	6.17027
174.482	6.33366	6.37575	6.1741
175.147	6.32924	6.37217	6.17165
175.815	6.33921	6.37036	6.17967
176.485	6.33322	6.37714	6.17891
177.158	6.32556	6.37539	6.17662
177.833	6.33123	6.37166	6.17126
178.511	6.32771	6.37927	6.17497
179.191	6.3321	6.37962	6.17678
179.874	6.33641	6.37401	6.17728
180.56	6.33204	6.37035	6.17578
181.248	6.33392	6.38021	6.1819
181.939	6.33252	6.38374	6.17982
182.633	6.33216	6.37298	6.17525
183.329	6.33206	6.36578	6.17
184.028	6.33232	6.37361	6.16546
184.729	6.33383	6.3742	6.17471
185.433	6.33177	6.36978	6.17462
186.14	6.33082	6.37679	6.17633
186.85	6.32922	6.37972	6.17584
187.562	6.32847	6.37682	6.17301
188.277	6.32897	6.37581	6.17158
188.995	6.33048	6.37278	6.16744
189.715	6.3331	6.37618	6.16722
190.438	6.32654	6.379	6.17527
191.164	6.33256	6.37962	6.17582
191.893	6.33583	6.37479	6.17585
192.624	6.328	6.37281	6.16671
193.358	6.33284	6.37259	6.17031
194.095	6.33636	6.37272	6.16531
194.835	6.32887	6.37103	6.17051
195.578	6.32767	6.3795	6.1671
196.323	6.33101	6.37644	6.16608
197.071	6.33606	6.37695	6.16991
197.823	6.33917	6.37517	6.16461
198.577	6.33953	6.36418	6.16387
199.333	6.32988	6.37818	6.16604
200.093	6.32829	6.38015	6.16786
200.856	6.33375	6.37283	6.16464
201.621	6.32887	6.36631	6.15925
202.39	6.33251	6.36892	6.16791
203.161	6.33052	6.3798	6.16304
203.936	6.32932	6.38074	6.16152
204.713	6.33255	6.37807	6.17062
205.493	6.32956	6.36874	6.17383
206.276	6.32734	6.36481	6.17831
207.063	6.3342	6.36423	6.17781
207.852	6.33517	6.36832	6.16824
208.644	6.33211	6.37267	6.1659
209.439	6.32991	6.37112	6.16589
210.237	6.32858	6.36907	6.17704
211.039	6.33168	6.36625	6.18495
211.843	6.32864	6.36874	6.17715
212.65	6.33168	6.37449	6.16813
213.461	6.32629	6.37744	6.16456
214.274	6.33026	6.36888	6.17098
215.091	6.32674	6.36373	6.17722
215.911	6.32912	6.3631	6.17576
216.734	6.33391	6.36479	6.16858
217.56	6.32835	6.37369	6.17638
218.389	6.32865	6.37214	6.16829
219.221	6.33551	6.36993	6.16575
220.057	6.33412	6.36147	6.17432
220.895	6.33492	6.36527	6.1723
221.737	6.32928	6.37463	6.16498
222.582	6.33168	6.37033	6.17127
223.431	6.33146	6.36187	6.16403
224.282	6.32814	6.36483	6.16744
225.137	6.33133	6.36583	6.17293
225.995	6.33344	6.36342	6.17122
226.856	6.32768	6.37522	6.16654
227.721	6.32415	6.37286	6.16555
228.589	6.32866	6.36682	6.1621
229.46	6.32791	6.36686	6.16469
230.334	6.33413	6.37203	6.16424
231.212	6.32818	6.3697	6.16647
232.093	6.32479	6.37024	6.16079
232.978	6.33095	6.36317	6.15905
233.865	6.33121	6.36134	6.16521
234.757	6.3286	6.36152	6.16532
235.651	6.32504	6.36474	6.1558
236.549	6.3286	6.36733	6.16105
237.451	6.32242	6.36276	6.1588
238.356	6.32659	6.36191	6.1627
239.264	6.32489	6.36191	6.16503
240.176	6.32564	6.36933	6.16748
241.091	6.3232	6.36503	6.16822
242.01	6.32361	6.35747	6.16478
242.932	6.32488	6.36103	6.15624
243.858	6.32511	6.37079	6.16087
244.787	6.3229	6.36949	6.1705
245.72	6.32488	6.36212	6.17305
246.657	6.32298	6.36496	6.16864
247.596	6.32196	6.36931	6.1564
248.54	6.32308	6.3775	6.16748
249.487	6.31786	6.36349	6.1655
250.438	6.32409	6.36248	6.16843
251.392	6.32199	6.36225	6.16126
252.35	6.32264	6.36478	6.16801
253.312	6.32661	6.3806	6.15759
254.277	6.32408	6.36996	6.16691
255.246	6.32219	6.35831	6.16912
256.219	6.32325	6.3557	6.1598
257.195	6.32438	6.36617	6.16832
258.175	6.32011	6.36908	6.16672
259.159	6.3199	6.36438	6.16873
260.147	6.32052	6.36083	6.17183
261.138	6.31755	6.36778	6.16817
262.133	6.32083	6.36628	6.16559
263.132	6.31944	6.35832	6.16013
264.134	6.32784	6.36203	6.16329
265.141	6.31913	6.36364	6.1658
266.151	6.32349	6.36697	6.167
267.166	6.32522	6.35924	6.16757
268.184	6.31825	6.36386	6.16299
269.205	6.32017	6.35926	6.15893
270.231	6.32167	6.36291	6.17046
271.261	6.32073	6.36667	6.15873
272.295	6.32034	6.35616	6.161
273.332	6.31867	6.34409	6.15609
274.374	6.3198	6.35569	6.16642
275.419	6.32489	6.34971	6.16906
276.469	6.31514	6.34174	6.16139
277.522	6.32031	6.34347	6.16255
278.58	6.32267	6.3465	6.16245
279.641	6.32464	6.34628	6.16402
280.707	6.32127	6.34804	6.16413
281.776	6.3242	6.34009	6.16269
282.85	6.32305	6.34251	6.15577
283.928	6.32138	6.3483	6.16488
285.01	6.32414	6.3482	6.16859
286.096	6.31473	6.33737	6.15993
287.186	6.31527	6.33907	6.15893
288.28	6.3196	6.34551	6.15057
289.378	6.32327	6.34405	6.16584
290.481	6.31545	6.34066	6.16695
291.588	6.31801	6.34122	6.15555
292.699	6.32085	6.34198	6.15393
293.814	6.32286	6.34549	6.15917
294.934	6.31722	6.34072	6.16453
296.057	6.31576	6.33967	6.15637
297.186	6.31656	6.3452	6.15848
298.318	6.32013	6.34788	6.15511
299.455	6.31317	6.34052	6.15946
300.596	6.31705	6.3351	6.15873
301.741	6.31702	6.34589	6.15912
302.891	6.32115	6.34908	6.1607
304.045	6.31854	6.3408	6.15609
305.203	6.31803	6.33717	6.16554
306.366	6.31925	6.34168	6.15413
307.533	6.31476	6.34711	6.15228
308.705	6.31464	6.33814	6.1542
309.881	6.31431	6.3392	6.1616
311.062	6.31074	6.3395	6.15651
312.247	6.31662	6.33955	6.15753
313.437	6.31224	6.33753	6.15415
314.631	6.30983	6.33709	6.16333
315.83	6.31556	6.33844	6.15153
317.033	6.31975	6.33896	6.15124
318.241	6.30932	6.33357	6.14948
319.454	6.31704	6.34307	6.15397
320.671	6.31511	6.33969	6.154
321.893	6.30798	6.33395	6.15297
323.119	6.30967	6.3385	6.152
324.35	6.30775	6.33452	6.15885
325.586	6.31275	6.33768	6.15435
326.826	6.31365	6.33337	6.14671
328.072	6.31629	6.33968	6.15326
329.321	6.30914	6.33219	6.15131
330.576	6.3172	6.3343	6.15218
331.836	6.30969	6.33423	6.15292
333.1	6.31124	6.33438	6.14408
334.369	6.31691	6.34077	6.1546
335.643	6.31673	6.32914	6.14644
336.922	6.30571	6.33637	6.15131
338.205	6.31273	6.33693	6.14549
339.494	6.32005	6.34407	6.15443
340.787	6.31053	6.33615	6.15025
342.086	6.30879	6.33365	6.14958
343.389	6.3152	6.33343	6.1463
344.697	6.3173	6.33646	6.15923
346.011	6.31135	6.33369	6.14703
347.329	6.31407	6.33245	6.14944
348.652	6.31457	6.33534	6.14869
349.98	6.31142	6.33124	6.15187
351.314	6.30867	6.33431	6.15426
352.652	6.31511	6.33395	6.14667
353.996	6.31118	6.33597	6.1541
355.345	6.31234	6.33349	6.15047
356.698	6.31154	6.32864	6.14764
358.057	6.31658	6.33459	6.13972
359.421	6.31041	6.32893	6.15657
360.791	6.30929	6.33293	6.14175
362.165	6.31212	6.33594	6.15549
363.545	6.30602	6.3277	6.14335
364.93	6.31567	6.327	6.15322
366.32	6.31563	6.33678	6.14202
367.716	6.31424	6.32402	6.14908
369.117	6.31029	6.33039	6.15404
370.523	6.31697	6.33959	6.14714
371.935	6.31295	6.33506	6.15378
373.352	6.30521	6.32127	6.15262
374.774	6.31161	6.342	6.15341
376.202	6.3145	6.3342	6.15483
377.635	6.30972	6.32773	6.15152
379.074	6.31457	6.33769	6.15011
380.518	6.31152	6.32681	6.15058
381.968	6.30699	6.33002	6.14903
383.423	6.30757	6.33133	6.14886
384.883	6.31173	6.33034	6.14879
386.35	6.30896	6.32878	6.14708
387.822	6.3059	6.32833	6.14215
389.299	6.30937	6.3351	6.14268
390.782	6.30888	6.32734	6.14659
392.271	6.30672	6.32887	6.14438
393.765	6.30997	6.33554	6.14541
395.265	6.30288	6.3248	6.14641
396.771	6.30749	6.32727	6.14416
398.283	6.3101	6.33064	6.15358
400	6.30404	6.32533	6.14135

