0.0002125	8.37695	8.159	8.36204	8.29879	8.31984	8.1932	8.05917	8.19199	8.48144
0.0004125	8.35886	8.26889	8.32866	8.30166	8.31736	8.27415	8.12606	8.28085	8.40035
0.000625	8.29309	8.20958	8.33619	8.41131	8.2986	8.26706	8.19655	8.39536	8.48011
0.0008375	8.18732	8.30131	8.21704	8.32916	8.28152	8.14578	8.1901	8.48857	8.3946
0.00105	8.04615	8.21946	8.31817	8.25431	8.06947	8.05336	8.28546	8.29546	8.32812
0.001275	8.0263	8.21531	8.32669	8.28275	8.28093	8.18152	8.20298	8.43706	8.31295
0.0014875	8.14852	8.24845	8.26587	8.18325	8.18665	8.28206	8.18258	8.3334	8.3954
0.0017	8.16766	8.30807	8.37041	8.21249	8.1496	8.30251	8.45877	8.33925	8.40803
0.001925	8.26671	8.3377	8.33687	8.25731	8.17007	8.42408	8.41998	8.35384	8.4273
0.00215	8.23767	8.43664	8.34872	8.26654	8.16631	8.35212	8.45448	8.32938	8.38379
0.0023625	8.23251	8.26911	8.35439	8.2107	8.26143	8.43409	8.37086	8.22458	8.32364
0.0025875	8.17395	8.33972	8.34331	8.21348	8.15048	8.33972	8.39724	8.32356	8.31108
0.0028125	8.24728	8.28289	8.33967	8.23873	8.14132	8.34536	8.39557	8.33262	8.3641
0.00305	8.10034	8.3451	8.24736	8.25895	8.18356	8.21684	8.40524	8.26197	8.47202
0.003275	8.11834	8.36356	8.27057	8.21625	8.2068	8.305	8.3999	8.42669	8.43086
0.0035	8.14236	8.37897	8.29747	8.19212	8.17327	8.34782	8.43056	8.34573	8.35769
0.0037375	8.1665	8.3726	8.3037	8.20616	8.30499	8.41384	8.42007	8.43594	8.42683
0.003975	8.13146	8.29717	8.25974	8.2567	8.15482	8.40284	8.33735	8.47995	8.4028
0.0042125	8.13252	8.35332	8.28415	8.28432	8.24796	8.31001	8.28878	8.33034	8.38987
0.00445	8.07609	8.30291	8.29674	8.35017	8.27109	8.22996	8.21193	8.31851	8.4001
0.0046875	8.09428	8.29132	8.39246	8.33542	8.23549	8.38957	8.24749	8.28211	8.40932
0.004925	8.1373	8.35064	8.39898	8.25452	8.257	8.39703	8.26584	8.32006	8.35181
0.0051625	8.15178	8.36141	8.24816	8.33	8.19481	8.33368	8.32237	8.41451	8.34668
0.0054125	8.09227	8.33313	8.20745	8.12877	8.19421	8.30827	8.35246	8.39301	8.48259
0.00565	8.18069	8.25969	8.26206	8.28281	8.14974	8.27278	8.25283	8.2971	8.46759
0.0059	8.14292	8.37618	8.19058	8.2423	8.21594	8.28507	8.29027	8.34179	8.30526
0.00615	8.17063	8.30982	8.24474	8.31084	8.32712	8.39405	8.33432	8.35432	8.26849
0.0064	8.15018	8.34116	8.21512	8.22871	8.19585	8.3108	8.27957	8.36649	8.3735
0.00665	8.22889	8.28257	8.24934	8.29923	8.17411	8.34058	8.30449	8.37634	8.42965
0.0069125	8.22193	8.2501	8.36683	8.24803	8.10901	8.24776	8.32862	8.35353	8.3737
0.0071625	8.25252	8.32734	8.27622	8.38328	8.14683	8.39523	8.29561	8.41365	8.3924
0.007425	8.22834	8.38506	8.33031	8.32877	8.24767	8.26767	8.2818	8.32547	8.35763
0.007675	8.21393	8.31069	8.29998	8.32552	8.2506	8.32028	8.31581	8.42582	8.34543
0.0079375	8.19667	8.32603	8.26888	8.32158	8.22855	8.31713	8.44866	8.40472	8.374
0.0082	8.25216	8.36105	8.27199	8.33161	8.27044	8.27518	8.34438	8.22082	8.31406
0.008475	8.1823	8.33954	8.27938	8.20349	8.19371	8.30109	8.22408	8.27183	8.21507
0.0087375	8.218	8.2623	8.30595	8.25948	8.13705	8.29083	8.31379	8.28794	8.30106
0.009	8.13843	8.28317	8.20009	8.26812	8.15923	8.33237	8.26691	8.32334	8.41575
0.009275	8.09496	8.28582	8.19818	8.25414	8.18917	8.3047	8.24664	8.32156	8.36106
0.00955	8.25828	8.40211	8.33282	8.33222	8.20818	8.26344	8.22984	8.30715	8.25671
0.009825	8.22517	8.29873	8.27493	8.2866	8.24286	8.31722	8.17589	8.38356	8.36933
0.0101	8.18416	8.4514	8.30876	8.20736	8.23333	8.30981	8.35357	8.33813	8.33085
0.010375	8.2114	8.39278	8.4024	8.32362	8.23601	8.26752	8.26355	8.37673	8.35756
0.01065	8.2203	8.34441	8.24949	8.26412	8.2151	8.36363	8.29969	8.33964	8.34549
0.0109375	8.21111	8.26624	8.25753	8.25132	8.1604	8.28078	8.30482	8.36792	8.4178
0.011225	8.21701	8.31034	8.28779	8.31379	8.22794	8.32891	8.27306	8.38106	8.39034
0.0115125	8.23443	8.34424	8.25541	8.23412	8.23458	8.25992	8.37599	8.31344	8.38248
0.0118	8.29314	8.29411	8.18039	8.18016	8.22285	8.29514	8.413	8.27081	8.30253
0.0120875	8.17794	8.35564	8.18188	8.15298	8.17176	8.29173	8.28402	8.37677	8.29835
0.012375	8.20088	8.35314	8.31953	8.27502	8.2515	8.27499	8.32142	8.37819	8.31561
0.012675	8.16738	8.26603	8.31408	8.28437	8.24357	8.283	8.35554	8.27415	8.22543
0.0129625	8.21745	8.32684	8.36097	8.33504	8.18631	8.3583	8.42684	8.48304	8.34534
0.0132625	8.17302	8.2982	8.28157	8.28683	8.23182	8.25898	8.33718	8.33078	8.30138
0.0135625	8.1406	8.28852	8.2095	8.17101	8.24262	8.27168	8.26413	8.3579	8.35134
0.0138625	8.23507	8.28202	8.25388	8.26324	8.32954	8.29855	8.34686	8.27566	8.33951
0.014175	8.21075	8.35613	8.29046	8.19608	8.20731	8.32022	8.2859	8.37761	8.34193
0.014475	8.16593	8.3154	8.33592	8.26067	8.25376	8.28321	8.27266	8.34994	8.2986
0.0147875	8.22933	8.27354	8.17263	8.11676	8.20927	8.30508	8.26822	8.35054	8.2626
0.0151	8.22131	8.2841	8.1828	8.13937	8.25078	8.25314	8.26573	8.30321	8.34595
0.0154125	8.15817	8.25764	8.30988	8.14932	8.2408	8.26102	8.33605	8.25773	8.30994
0.015725	8.17657	8.29497	8.22694	8.22589	8.22376	8.23791	8.28013	8.28425	8.42747
0.0160375	8.17162	8.21477	8.2081	8.20858	8.18501	8.34436	8.28703	8.40832	8.28845
0.0163625	8.11522	8.29098	8.21471	8.26117	8.20243	8.26986	8.19629	8.34912	8.35392
0.016675	8.18937	8.3193	8.35255	8.27375	8.25386	8.2681	8.28779	8.28817	8.36458
0.017	8.23037	8.34792	8.26854	8.30195	8.27128	8.28412	8.31598	8.25724	8.29839
0.017325	8.27369	8.36443	8.28103	8.20592	8.24671	8.28563	8.35651	8.31071	8.33274
0.0176625	8.2716	8.34967	8.31801	8.24641	8.1516	8.25051	8.27333	8.36247	8.40706
0.0179875	8.20123	8.39412	8.2325	8.29692	8.23866	8.23488	8.22082	8.3899	8.27374
0.018325	8.16468	8.36174	8.31262	8.27782	8.19988	8.30229	8.30094	8.38467	8.39742
0.01865	8.13013	8.44272	8.3025	8.16108	8.17859	8.27385	8.3557	8.19245	8.40302
0.0189875	8.2064	8.27641	8.29707	8.14532	8.10528	8.33458	8.27808	8.28895	8.3015
0.019325	8.196	8.30015	8.22763	8.08894	8.18675	8.3195	8.34414	8.29609	8.33446
0.019675	8.19833	8.3744	8.19966	8.17579	8.20816	8.33681	8.28585	8.33203	8.37999
0.0200125	8.16709	8.38866	8.28117	8.22918	8.2905	8.28062	8.26997	8.30662	8.29862
0.0203625	8.23443	8.32339	8.2526	8.15518	8.22008	8.22513	8.29085	8.26758	8.21474
0.0207125	8.18688	8.27269	8.26124	8.16617	8.15386	8.27009	8.24379	8.29744	8.22412
0.0210625	8.13566	8.27835	8.30681	8.19408	8.15818	8.28552	8.2702	8.25016	8.31425
0.0214125	8.25188	8.32497	8.25942	8.14088	8.19447	8.30766	8.25326	8.16593	8.2404
0.021775	8.15513	8.22644	8.31851	8.25717	8.1929	8.18365	8.19926	8.29925	8.26276
0.0221375	8.17139	8.24707	8.25714	8.17471	8.13515	8.28386	8.30635	8.3747	8.40435
0.0225	8.22044	8.30018	8.27135	8.19569	8.19289	8.24136	8.26138	8.27359	8.42903
0.0228625	8.19127	8.37437	8.29493	8.18927	8.1925	8.29688	8.34906	8.37262	8.34082
0.023225	8.195	8.33921	8.26137	8.14979	8.2441	8.3077	8.32038	8.27428	8.38076
0.0236	8.22799	8.268	8.28027	8.20612	8.20018	8.27733	8.21961	8.37247	8.36537
0.0239625	8.21436	8.26835	8.31468	8.15441	8.21135	8.33362	8.22015	8.31937	8.34136
0.0243375	8.24803	8.29369	8.3138	8.22142	8.17387	8.25182	8.19817	8.36976	8.31765
0.0247125	8.22333	8.30314	8.28528	8.22526	8.15945	8.2891	8.33683	8.30636	8.30551
0.0251	8.15721	8.30592	8.31014	8.1611	8.20267	8.36405	8.28927	8.25477	8.34898
0.025475	8.19977	8.3445	8.26968	8.18238	8.21774	8.26826	8.26387	8.29821	8.29714
0.0258625	8.20802	8.30896	8.25237	8.10631	8.18109	8.24836	8.32778	8.3011	8.34321
0.02625	8.20819	8.3446	8.23975	8.13859	8.21801	8.18896	8.35469	8.32037	8.38151
0.0266375	8.25582	8.3746	8.24165	8.17221	8.13258	8.19058	8.30593	8.21741	8.27433
0.0270375	8.27686	8.29002	8.25147	8.14676	8.18254	8.27226	8.27525	8.3046	8.29385
0.027425	8.25435	8.31131	8.24957	8.17725	8.28348	8.24163	8.32182	8.32499	8.28914
0.027825	8.21584	8.29191	8.24183	8.13265	8.15958	8.26567	8.28728	8.31265	8.35795
0.028225	8.14173	8.2048	8.23047	8.18434	8.23427	8.23938	8.30607	8.27774	8.35179
0.028625	8.15041	8.39888	8.29047	8.22015	8.24157	8.26824	8.2668	8.24765	8.33371
0.0290375	8.26274	8.37262	8.23863	8.21814	8.24582	8.32842	8.30386	8.38136	8.29819
0.02945	8.29978	8.36872	8.31654	8.22364	8.20924	8.25578	8.29325	8.27279	8.3856
0.0298625	8.19836	8.22233	8.27576	8.23193	8.16751	8.29372	8.29943	8.28533	8.29783
0.030275	8.20715	8.33073	8.2361	8.0983	8.21818	8.22501	8.31736	8.31061	8.29463
0.0306875	8.10558	8.40545	8.2936	8.24478	8.20847	8.29855	8.25051	8.34417	8.30036
0.0311125	8.10135	8.30717	8.23192	8.18333	8.09054	8.27682	8.29631	8.28833	8.37214
0.0315375	8.12647	8.28647	8.12169	8.24992	8.17747	8.20124	8.32818	8.36263	8.36962
0.0319625	8.22457	8.2431	8.26728	8.22001	8.17611	8.18675	8.26447	8.26972	8.29483
0.0323875	8.17717	8.24573	8.22789	8.22235	8.15552	8.2635	8.27299	8.17017	8.28552
0.032825	8.18277	8.28309	8.27869	8.23762	8.20195	8.28766	8.26682	8.26587	8.35339
0.0332625	8.17159	8.28917	8.25706	8.20499	8.18863	8.27872	8.15805	8.28963	8.37135
0.0337	8.10647	8.2631	8.26958	8.21269	8.16572	8.27452	8.19753	8.33216	8.35935
0.0341375	8.22666	8.36867	8.24602	8.27425	8.13622	8.28763	8.3279	8.28905	8.37552
0.0345875	8.24231	8.32784	8.15724	8.19999	8.08134	8.26585	8.25673	8.27678	8.37077
0.035025	8.09105	8.25203	8.23219	8.28196	8.15746	8.35768	8.27985	8.31521	8.30346
0.0354875	8.14377	8.34931	8.23144	8.25109	8.24907	8.26791	8.28313	8.29587	8.3518
0.0359375	8.2145	8.28348	8.22233	8.20999	8.12327	8.31806	8.27358	8.23633	8.32795
0.0363875	8.17725	8.21598	8.17406	8.2247	8.179	8.28837	8.21584	8.31253	8.36218
0.03685	8.15955	8.27043	8.20751	8.23659	8.116	8.26112	8.18518	8.32245	8.29575
0.0373125	8.19079	8.16932	8.24429	8.15503	8.16118	8.23162	8.23888	8.25106	8.33542
0.0377875	8.11104	8.26763	8.2626	8.25252	8.17213	8.21728	8.21433	8.28587	8.34569
0.03825	8.10483	8.23364	8.19978	8.24697	8.13021	8.25156	8.25313	8.25732	8.24512
0.038725	8.10315	8.28507	8.28176	8.23471	8.24142	8.23661	8.24131	8.2279	8.3334
0.0392	8.17601	8.22492	8.18463	8.20292	8.21235	8.19963	8.22572	8.32883	8.28585
0.0396875	8.20588	8.25616	8.23298	8.28798	8.22273	8.26973	8.3083	8.34195	8.3616
0.0401625	8.23873	8.15407	8.24557	8.2944	8.21951	8.26922	8.31939	8.29753	8.3965
0.04065	8.16178	8.27715	8.21004	8.3208	8.18132	8.28169	8.22038	8.30577	8.33493
0.0411375	8.15084	8.25404	8.22275	8.24651	8.19725	8.28079	8.28443	8.27793	8.29942
0.0416375	8.18015	8.29372	8.20312	8.31659	8.23514	8.25112	8.21872	8.32572	8.33567
0.042125	8.13071	8.22307	8.22701	8.17967	8.23762	8.22855	8.25511	8.2114	8.29381
0.042625	8.22896	8.21197	8.24065	8.20113	8.15021	8.20044	8.23687	8.28717	8.34431
0.0431375	8.15644	8.17087	8.20862	8.16781	8.15554	8.26583	8.14354	8.18919	8.32439
0.0436375	8.14912	8.2303	8.22297	8.2744	8.2581	8.20978	8.2339	8.2888	8.29706
0.04415	8.17329	8.23006	8.26468	8.27303	8.14912	8.16628	8.30429	8.1887	8.26828
0.0446625	8.12732	8.19974	8.20819	8.22231	8.20193	8.21867	8.2384	8.25536	8.30921
0.0451875	8.28262	8.16337	8.23537	8.18856	8.29846	8.27281	8.21428	8.16492	8.30372
0.0457	8.18411	8.27821	8.2246	8.31181	8.14926	8.30884	8.20451	8.289	8.27116
0.046225	8.24268	8.23939	8.25393	8.29313	8.12489	8.22885	8.17889	8.22196	8.34026
0.0467625	8.19782	8.22789	8.16691	8.28979	8.25496	8.14897	8.17157	8.26623	8.25192
0.0472875	8.12973	8.24979	8.22035	8.25878	8.21638	8.1674	8.24538	8.35117	8.32587
0.047825	8.1579	8.22021	8.18345	8.19202	8.16129	8.21249	8.11944	8.30098	8.33728
0.0483625	8.17193	8.24223	8.24423	8.22185	8.17103	8.13474	8.18265	8.22296	8.33705
0.0489125	8.1794	8.20593	8.18978	8.26483	8.19496	8.22423	8.16934	8.26441	8.3616
0.04945	8.12995	8.20259	8.25002	8.17319	8.22261	8.22117	8.1434	8.25289	8.3338
0.05	8.22411	8.21833	8.20485	8.25303	8.19449	8.21999	8.16341	8.22521	8.32475
0.0505625	8.1467	8.29763	8.27601	8.23375	8.24566	8.15372	8.2682	8.24215	8.31275
0.051125	8.23195	8.27561	8.22718	8.1519	8.14281	8.27411	8.14392	8.23304	8.33935
0.051675	8.22916	8.28008	8.23018	8.22304	8.16836	8.20109	8.16087	8.24124	8.34329
0.05225	8.21303	8.27306	8.21474	8.22667	8.20382	8.21777	8.16108	8.2283	8.38357
0.0528125	8.15921	8.20279	8.18243	8.14155	8.18657	8.15019	8.22372	8.2401	8.34736
0.0533875	8.14104	8.18573	8.14438	8.22837	8.19476	8.11267	8.23003	8.1559	8.39734
0.053975	8.08302	8.16238	8.24303	8.1664	8.14956	8.19114	8.16259	8.23829	8.42281
0.05455	8.17002	8.22751	8.11672	8.26466	8.16739	8.19787	8.14121	8.28526	8.44581
0.0551375	8.24291	8.21087	8.22628	8.24803	8.15843	8.25662	8.16323	8.24398	8.33984
0.055725	8.25344	8.19351	8.17689	8.22303	8.16328	8.16565	8.22454	8.22216	8.33491
0.056325	8.238	8.2699	8.17228	8.26124	8.19136	8.21436	8.21514	8.20895	8.32204
0.056925	8.18727	8.21573	8.22316	8.25376	8.21026	8.2074	8.1555	8.25111	8.33093
0.057525	8.13859	8.22846	8.21694	8.21266	8.1952	8.18961	8.16572	8.2192	8.31136
0.058125	8.18095	8.20136	8.18068	8.22363	8.16347	8.21787	8.19603	8.27672	8.35547
0.0587375	8.22293	8.19316	8.19266	8.20942	8.16707	8.16604	8.17618	8.22752	8.32794
0.05935	8.2016	8.19191	8.25736	8.18817	8.17059	8.17568	8.13441	8.28938	8.31557
0.059975	8.12719	8.18158	8.15274	8.19276	8.13674	8.12699	8.13144	8.25371	8.27493
0.0606	8.23637	8.21172	8.19301	8.15604	8.16852	8.14906	8.08996	8.15214	8.34502
0.061225	8.25511	8.20345	8.15344	8.22078	8.25793	8.14709	8.10509	8.21786	8.38831
0.0618625	8.14462	8.21748	8.21063	8.23331	8.13598	8.21129	8.19582	8.24285	8.29196
0.0625	8.17621	8.2038	8.19023	8.23674	8.14555	8.1958	8.17824	8.22063	8.36799
0.0631375	8.15893	8.21613	8.17774	8.16345	8.12373	8.16913	8.13087	8.23909	8.38657
0.0637875	8.18401	8.20207	8.20385	8.21273	8.20322	8.19822	8.12853	8.29364	8.30918
0.0644375	8.11409	8.16795	8.1817	8.15666	8.1762	8.13395	8.13546	8.21462	8.32785
0.0650875	8.18191	8.13997	8.22256	8.20718	8.14998	8.18408	8.10677	8.2434	8.32494
0.06575	8.19858	8.24246	8.19626	8.17744	8.18231	8.21315	8.14375	8.22451	8.345
0.0664125	8.17651	8.20524	8.18176	8.20815	8.18443	8.20001	8.09551	8.24694	8.33854
0.067075	8.21826	8.18329	8.16348	8.25292	8.22422	8.29738	8.15002	8.21635	8.31883
0.06775	8.17076	8.22587	8.21227	8.2343	8.25273	8.16091	8.08626	8.17907	8.32811
0.068425	8.18015	8.26565	8.21669	8.24844	8.15284	8.16351	8.0559	8.19233	8.32137
0.0691125	8.23797	8.20902	8.24108	8.24628	8.1255	8.20893	8.13189	8.12474	8.34732
0.0698	8.18966	8.12583	8.23705	8.18609	8.1289	8.19403	8.13875	8.17145	8.30152
0.0704875	8.13307	8.1909	8.17761	8.14087	8.14226	8.12407	8.11647	8.19877	8.35974
0.0711875	8.11076	8.14543	8.17198	8.22937	8.19171	8.16411	8.1321	8.23705	8.31422
0.0718875	8.12144	8.22159	8.18852	8.20799	8.19128	8.27091	8.08069	8.18274	8.31227
0.0726	8.19674	8.16945	8.15599	8.22085	8.16386	8.17166	8.1032	8.22532	8.30809
0.0733	8.1413	8.21094	8.26167	8.22817	8.22055	8.18837	8.16521	8.2271	8.34447
0.074025	8.11746	8.24337	8.16008	8.17926	8.19152	8.16632	8.17384	8.22575	8.28678
0.0747375	8.19363	8.18851	8.19231	8.18479	8.14799	8.16007	8.12985	8.2252	8.34095
0.0754625	8.18833	8.21776	8.1554	8.17336	8.15786	8.22312	8.12706	8.16798	8.28009
0.0762	8.1473	8.18262	8.18124	8.19007	8.14671	8.18164	8.16445	8.12702	8.30362
0.0769375	8.15133	8.17687	8.18298	8.19074	8.11938	8.11845	8.06697	8.20902	8.37177
0.077675	8.10465	8.23798	8.22757	8.17947	8.19941	8.19294	8.15566	8.19448	8.31883
0.078425	8.18103	8.2366	8.21103	8.24665	8.24177	8.12221	8.08204	8.28625	8.30994
0.079175	8.19784	8.21907	8.10904	8.23056	8.19703	8.18776	8.09896	8.19325	8.29492
0.0799375	8.18434	8.1379	8.18063	8.23676	8.16979	8.22605	8.15804	8.2237	8.30884
0.0806875	8.12653	8.15069	8.14854	8.1869	8.18872	8.17872	8.09466	8.15961	8.38978
0.0814625	8.21911	8.16949	8.17297	8.26431	8.14329	8.16314	8.12496	8.13069	8.31121
0.0822375	8.12093	8.20194	8.17848	8.22295	8.09395	8.14749	8.13273	8.21882	8.26803
0.0830125	8.16845	8.18232	8.15301	8.24406	8.19536	8.17569	8.05479	8.21449	8.27002
0.0838	8.15714	8.21434	8.13577	8.15401	8.11221	8.11916	8.12353	8.14638	8.32299
0.0845875	8.10915	8.20639	8.21797	8.15259	8.16613	8.19314	8.08812	8.22142	8.28885
0.085375	8.18493	8.20649	8.20885	8.16547	8.1925	8.16926	8.17799	8.24484	8.33903
0.086175	8.135	8.13976	8.14661	8.18925	8.15497	8.13447	8.15709	8.17394	8.27453
0.0869875	8.15119	8.15355	8.13775	8.18881	8.18888	8.14916	8.11083	8.17818	8.27069
0.0877875	8.08753	8.09698	8.08778	8.11314	8.18172	8.1716	8.05772	8.14108	8.26307
0.0886125	8.09098	8.19218	8.13682	8.2051	8.10992	8.1862	8.09585	8.19416	8.27735
0.0894375	8.19885	8.19543	8.13027	8.18077	8.15428	8.12081	8.07761	8.2244	8.25323
0.0902625	8.16823	8.15209	8.19095	8.18044	8.14515	8.15439	8.12592	8.20223	8.31096
0.0910875	8.11189	8.14122	8.23778	8.2283	8.1846	8.13936	8.14167	8.21647	8.23074
0.0919375	8.12247	8.08474	8.21499	8.17562	8.16668	8.13287	8.10332	8.19862	8.24759
0.092775	8.18258	8.09445	8.18449	8.14353	8.11237	8.19136	8.13046	8.12985	8.34791
0.093625	8.14546	8.11302	8.08209	8.24782	8.16277	8.10253	8.09345	8.1317	8.27079
0.0944875	8.11962	8.16782	8.17561	8.14856	8.16898	8.11435	8.11916	8.13945	8.29358
0.09535	8.16725	8.22627	8.20111	8.21378	8.18561	8.17356	8.06977	8.20666	8.2734
0.0962125	8.1457	8.17314	8.23273	8.21566	8.17924	8.15052	8.08577	8.23471	8.30683
0.0970875	8.15817	8.20764	8.14909	8.23117	8.13077	8.14241	8.12717	8.14951	8.32881
0.097975	8.10669	8.17586	8.12635	8.13356	8.16217	8.13222	8.07548	8.16312	8.3031
0.0988625	8.11716	8.159	8.10318	8.2089	8.11284	8.15494	8.08923	8.12698	8.28864
0.09975	8.1741	8.18033	8.16525	8.218	8.13507	8.14067	8.08801	8.17398	8.27574
0.10065	8.15443	8.16354	8.15019	8.19565	8.15077	8.15601	8.10204	8.17446	8.22494
0.101563	8.13574	8.21913	8.19835	8.17845	8.16407	8.0878	8.14621	8.16737	8.31333
0.102475	8.15726	8.1554	8.1866	8.17617	8.11441	8.1263	8.1092	8.18933	8.3121
0.103387	8.14999	8.1759	8.16059	8.17158	8.20747	8.14865	8.04205	8.18733	8.2041
0.104313	8.1467	8.11714	8.16701	8.15496	8.16247	8.09727	8.06624	8.14022	8.24039
0.10525	8.13814	8.20264	8.08057	8.21143	8.13086	8.09742	8.13234	8.18465	8.26765
0.106188	8.12111	8.10055	8.15141	8.17729	8.15814	8.164	8.07983	8.14452	8.26418
0.107125	8.14041	8.15207	8.20527	8.17698	8.13766	8.12677	8.11932	8.15851	8.29196
0.108075	8.1277	8.09111	8.10942	8.22882	8.13779	8.10145	8.06348	8.12424	8.28983
0.109038	8.19851	8.11994	8.14925	8.17327	8.1418	8.14838	8.12639	8.17661	8.21092
0.11	8.16272	8.15688	8.12284	8.11774	8.16054	8.10278	8.04976	8.12469	8.27038
0.110963	8.17959	8.13402	8.09242	8.18879	8.14664	8.11492	8.09462	8.12684	8.24967
0.11195	8.15733	8.14503	8.18717	8.20769	8.08951	8.21638	8.10302	8.13859	8.26821
0.112925	8.1261	8.18457	8.16902	8.19667	8.16798	8.20799	8.12841	8.1368	8.27371
0.113925	8.13794	8.15626	8.16153	8.15904	8.17517	8.14819	8.07422	8.16588	8.24235
0.114913	8.15693	8.11576	8.16949	8.15656	8.0911	8.12033	8.02709	8.19454	8.25858
0.115925	8.07882	8.11377	8.13166	8.1504	8.13606	8.11829	8.03618	8.20294	8.20783
0.116938	8.07617	8.13629	8.18896	8.16359	8.1161	8.09132	8.1012	8.12933	8.23612
0.11795	8.14166	8.10358	8.16062	8.20646	8.11438	8.13564	8.00676	8.07658	8.24968
0.118975	8.13971	8.19217	8.18992	8.1966	8.13256	8.10565	8.05295	8.14899	8.27287
0.120012	8.07329	8.11956	8.1515	8.13891	8.16667	8.14782	8.07255	8.15029	8.28735
0.12105	8.14637	8.15535	8.09175	8.13911	8.12516	8.09816	8.0442	8.14469	8.23522
0.1221	8.11062	8.09241	8.13652	8.10754	8.07637	8.1559	8.07644	8.15481	8.22323
0.12315	8.09024	8.11265	8.13993	8.17721	8.13859	8.11251	8.06541	8.19739	8.27127
0.124213	8.13326	8.14416	8.1407	8.2035	8.13936	8.14473	8.01574	8.18255	8.24515
0.125288	8.12192	8.1277	8.16517	8.12549	8.12771	8.18547	8.06532	8.12474	8.26849
0.126363	8.14927	8.04768	8.15644	8.15308	8.11463	8.13836	8.06583	8.13278	8.22094
0.127438	8.09719	8.11298	8.15152	8.1579	8.13558	8.04286	8.10918	8.10394	8.29802
0.128538	8.15723	8.17455	8.16782	8.16212	8.12344	8.08326	8.12728	8.17954	8.25534
0.129637	8.12328	8.17374	8.18016	8.10379	8.16799	8.13535	8.07168	8.14857	8.18873
0.130737	8.12711	8.11588	8.07192	8.14324	8.11131	8.10963	8.04471	8.15241	8.25389
0.13185	8.06539	8.14607	8.153	8.13207	8.11771	8.13751	8.0806	8.13294	8.18046
0.132975	8.12449	8.12982	8.12523	8.14692	8.12871	8.15203	8.00787	8.14579	8.22272
0.1341	8.09413	8.14032	8.18637	8.16502	8.12589	8.097	8.02982	8.13335	8.27324
0.135238	8.13218	8.15202	8.09566	8.1371	8.15615	8.13605	8.10612	8.11807	8.18303
0.136387	8.15438	8.15006	8.15614	8.16079	8.09886	8.12845	8.08237	8.1355	8.20762
0.137537	8.10371	8.10354	8.1432	8.11083	8.10276	8.0526	8.04174	8.12767	8.23986
0.1387	8.08943	8.13619	8.14215	8.14163	8.0662	8.0794	8.04658	8.14735	8.23803
0.139875	8.16287	8.12975	8.11052	8.16768	8.16494	8.11016	8.0624	8.15358	8.2609
0.14105	8.14935	8.09812	8.16857	8.17267	8.12081	8.11258	8.051	8.13489	8.26964
0.142237	8.1063	8.08794	8.10966	8.16642	8.13477	8.12277	8.0458	8.14548	8.2221
0.143425	8.09201	8.08428	8.11877	8.06233	8.07223	8.10274	8.04621	8.09304	8.22815
0.144625	8.0848	8.08762	8.10516	8.14004	8.07078	8.12207	8.05493	8.09902	8.23796
0.145838	8.16592	8.08541	8.11016	8.15655	8.12058	8.15972	8.10284	8.15338	8.24872
0.147062	8.12841	8.09648	8.14491	8.12646	8.1132	8.10911	8.052	8.13481	8.26633
0.148288	8.09736	8.10209	8.13515	8.1097	8.12774	8.10474	8.09767	8.18332	8.23542
0.149525	8.15045	8.09128	8.17931	8.11189	8.15739	8.09769	8.00774	8.1356	8.2533
0.150762	8.11192	8.08908	8.10052	8.12467	8.11744	8.11304	8.06408	8.09528	8.22079
0.152025	8.10065	8.09631	8.12833	8.08398	8.0806	8.12771	8.08739	8.10175	8.20131
0.153288	8.12012	8.14665	8.09705	8.13456	8.1253	8.10702	8.072	8.10314	8.18685
0.15455	8.07934	8.14065	8.06201	8.12399	8.07912	8.06319	8.05929	8.08293	8.2629
0.155838	8.01912	8.13213	8.11234	8.13334	8.07694	8.09091	8.08018	8.14772	8.20499
0.157125	8.10384	8.14391	8.08853	8.15249	8.1201	8.08585	8.04651	8.13401	8.17706
0.158413	8.12384	8.10514	8.10366	8.15229	8.0669	8.10652	8.05411	8.12374	8.2464
0.159725	8.06133	8.10212	8.06647	8.14077	8.12262	8.09058	8.02576	8.09852	8.19921
0.161038	8.06393	8.09726	8.04801	8.14085	8.10047	8.10422	8.03859	8.10743	8.21701
0.162363	8.09782	8.09317	8.072	8.10182	8.10077	8.11072	8.03757	8.12896	8.20034
0.1637	8.07985	8.10107	8.09621	8.11074	8.09424	8.09354	8.03469	8.15558	8.21473
0.165037	8.09408	8.08504	8.0924	8.11725	8.09199	8.09327	8.06013	8.10647	8.22361
0.166387	8.01937	8.08906	8.07046	8.0758	8.04445	8.01537	8.03898	8.09029	8.18901
0.16775	8.11146	8.10254	8.09976	8.07171	8.09549	8.10555	8.04464	8.1416	8.21683
0.169125	8.08903	8.06967	8.07408	8.12815	8.14003	8.08949	8.00152	8.10638	8.1924
0.1705	8.09898	8.09384	8.09357	8.08197	8.05252	8.07455	8.03091	8.1289	8.21022
0.171888	8.10714	8.11303	8.09147	8.15085	8.06406	8.06672	8.02899	8.12259	8.20498
0.173287	8.09597	8.07919	8.11248	8.09185	8.07867	8.06178	8.06366	8.08553	8.23232
0.1747	8.09301	8.07518	8.0625	8.11247	8.07657	8.1401	8.00238	8.10918	8.24461
0.176125	8.14176	8.10327	8.09426	8.12589	8.04785	8.12815	8.06359	8.11837	8.17714
0.17755	8.06123	8.07879	8.07917	8.09178	8.0545	8.08703	7.95887	8.12203	8.21908
0.178988	8.09414	8.08578	8.08842	8.06536	8.0319	8.05974	8.02951	8.11679	8.19032
0.180438	8.08155	8.1058	8.09991	8.10972	8.08393	8.08109	8.04749	8.10982	8.20877
0.1819	8.05853	8.12256	8.10199	8.12736	8.1077	8.0342	7.99665	8.14807	8.20919
0.183362	8.06087	8.07081	8.10613	8.13213	8.10116	8.05534	8.02501	8.0792	8.18646
0.184838	8.09204	8.08952	8.05174	8.10663	8.05228	8.03167	8.01926	8.06928	8.23969
0.186338	8.05893	8.10451	8.13259	8.10958	8.07471	8.09371	8.00313	8.10091	8.21078
0.187837	8.04352	8.07757	8.0754	8.10466	8.06469	8.07703	8.02064	8.12584	8.24635
0.189338	8.04446	8.09824	8.08616	8.1092	8.05797	8.05368	8.03089	8.09143	8.18823
0.190863	8.11593	8.11156	8.10785	8.07017	8.0626	8.04685	8.06316	8.12773	8.19964
0.192388	8.08098	8.06591	8.09142	8.11216	8.04964	8.07116	8.00366	8.12111	8.18008
0.193937	8.06579	8.06129	8.10303	8.10853	8.06786	8.08127	8.02799	8.04262	8.15963
0.195487	8.02949	8.05232	8.08939	8.09744	8.06137	8.05645	8.03541	8.08447	8.16915
0.19705	8.06134	8.05031	8.06516	8.06381	8.08362	8.05353	8.01318	8.08988	8.17962
0.198625	8.05642	8.09566	8.05635	8.08597	8.09007	8.10351	8.00346	8.09132	8.20844
0.200212	8.03457	8.07013	8.07948	8.05867	8.04871	8.09257	8.02108	8.07514	8.1644
0.2018	8.05721	8.04026	8.08189	8.07664	8.04258	8.11811	7.98961	8.08296	8.15868
0.203413	8.08661	8.06704	8.07834	8.10849	8.03804	8.05441	8.0203	8.12212	8.15445
0.205025	8.04703	8.06441	8.08714	8.08544	8.10589	8.09081	8.02695	8.07954	8.20419
0.206663	8.0363	8.05142	8.05494	8.08881	8.0595	8.0557	7.98526	8.06571	8.14705
0.2083	8.10525	8.06968	8.06166	8.07054	8.03688	8.08219	7.98888	8.08658	8.15651
0.20995	8.07462	8.07749	8.06773	8.09769	8.10319	8.08188	7.97434	8.06717	8.16246
0.211612	8.06073	8.10233	8.05092	8.04529	8.0286	8.07637	7.98913	8.10794	8.16873
0.213288	8.05869	8.06204	8.03116	8.06458	8.08687	8.08302	7.9944	8.10674	8.17063
0.214975	8.05874	8.03694	8.0728	8.08202	8.05762	8.04586	7.98486	8.06436	8.18696
0.216675	8.01807	8.0213	8.05488	8.08613	8.05322	8.06909	7.98129	8.07154	8.19961
0.218387	7.99391	8.03445	8.06916	8.07376	8.03767	8.09137	7.96318	8.04339	8.14083
0.2201	8.08754	8.07302	8.04847	8.05876	8.00097	8.05337	7.99113	8.08347	8.14197
0.221838	8.01838	8.05446	8.08479	8.07099	8.03606	8.0258	7.97071	8.07783	8.16656
0.223587	8.02693	8.05429	8.04229	8.04655	8.01892	8.02918	8.02303	8.03457	8.16503
0.225338	8.04505	8.05241	8.07458	8.04882	8.03247	8.04024	7.99939	8.05407	8.16054
0.227113	8.0637	8.08423	8.07417	8.03605	8.02533	8.03094	7.9869	8.07867	8.12326
0.228887	8.06163	8.06798	8.05707	8.056	8.05577	8.05225	7.99951	8.03286	8.18428
0.230687	8.03408	8.0205	8.04	8.06251	8.06636	8.04317	8.00259	8.07357	8.14334
0.2325	8.04927	8.03247	8.0467	8.08045	8.00821	8.05964	7.97464	8.05478	8.15648
0.234313	8.01475	8.01227	8.04171	8.055	8.03437	8.03374	8.00822	8.043	8.15174
0.23615	8.01336	8.04134	8.0547	8.06814	8.02063	8.04086	7.98318	8.0235	8.17033
0.237988	8.01352	8.06235	8.08088	8.09527	8.03502	8.03939	8.0195	8.05658	8.14159
0.23985	7.99174	8.04603	8.04974	8.02577	8.02117	8.04158	7.97715	8.04891	8.14229
0.241725	8.04634	8.01301	8.03587	8.06426	8.03272	8.06699	7.97183	8.08474	8.19933
0.2436	8.04131	8.0427	8.0661	8.06847	8.01435	8.03924	7.97958	8.02201	8.11516
0.2455	8.03648	8.07654	8.05088	8.0559	8.02224	8.05225	7.9661	8.035	8.12469
0.247413	8.0484	8.03131	8.03104	8.07473	8.04486	7.99377	7.98322	8.05862	8.11205
0.249337	8.03953	8.024	8.06177	8.04351	8.0117	8.02448	7.96567	8.03429	8.11919
0.251262	8.01532	8.05592	8.03147	8.0228	8.04475	8.0318	7.9744	8.05282	8.11652
0.253213	8.0452	8.05158	8.01922	8.05646	8.02464	8.02811	7.94384	8.07565	8.11779
0.255188	8.0337	8.01166	8.0239	8.06396	8.01339	8.00801	7.95562	7.98532	8.15249
0.257163	8.02361	8.00416	7.99075	8.0168	8.02685	8.01518	7.98099	8.03988	8.11939
0.25915	8.06044	8.02045	8.04512	8.01569	8.04115	8.02375	7.98181	8.03454	8.16924
0.26115	8.01791	8.03517	8.03051	8.0185	8.00083	8.00918	7.95814	8.02296	8.12339
0.263175	8.04432	8.03901	8.04147	8.01328	8.01566	7.99312	7.96539	8.0305	8.12593
0.2652	7.99011	8.00597	8.03215	8.04594	8.00466	8.00384	7.95959	8.05542	8.11447
0.26725	8.00239	8.05603	8.00954	8.01101	7.99723	8.00844	7.98701	8.0238	8.10874
0.269313	8.00524	7.99839	8.03951	8.01056	8.01407	8.01478	8.00298	8.04634	8.10691
0.271387	8.0087	8.01182	8.01126	8.03437	8.01455	8.03528	7.94129	8.0196	8.12678
0.273475	7.96477	7.99314	8.00963	8.002	7.97119	7.99299	7.93877	7.99765	8.1425
0.275575	7.99229	8.04582	8.05055	8.05145	8.00067	8.00826	7.96676	8.02805	8.13433
0.2777	7.9868	8.06068	8.01721	8.04164	8.0087	7.99486	7.9904	8.00669	8.16055
0.279825	7.99281	8.03547	7.99288	8.01857	7.96795	8.02331	7.95975	8.03057	8.13215
0.281975	7.97708	8.01052	8.00036	8.02325	8.02199	7.99819	7.969	8.01459	8.1335
0.284137	8.01552	8.01034	8.00975	8.04751	7.95993	7.98883	7.91903	8.00469	8.12664
0.286312	7.99572	8.03924	7.97425	8.03182	8.01284	7.97013	7.94585	8.03267	8.10403
0.288512	7.98124	7.99912	7.95807	8.0224	8.01477	7.99719	7.93937	8.02284	8.11328
0.290713	7.97757	7.99335	7.97139	8.02089	8.01593	7.96257	7.94645	8.03509	8.11449
0.292937	7.9552	7.9792	8.00833	7.98228	8.01081	7.97023	7.94418	8.04192	8.10487
0.295175	7.98261	7.99095	7.9872	8.02917	7.98205	7.96903	7.94321	7.97114	8.12908
0.297437	7.98446	7.97343	7.99585	8.03977	7.99942	7.97235	7.96017	8.01068	8.10528
0.2997	7.97006	8.02916	7.98111	8.00409	7.97408	8.00336	7.95648	8.06523	8.11508
0.301987	7.94945	7.98637	7.97208	7.99992	7.96735	7.96387	7.90888	8.01873	8.11346
0.304287	8.01917	7.98771	8.01418	8.01642	7.98382	8.00826	7.92899	8.02539	8.08404
0.3066	7.96781	7.98681	7.99601	7.99159	7.95849	7.95889	7.92059	8.02971	8.15582
0.308937	7.96099	8.01291	7.97817	7.99152	8.00368	8.00427	7.91147	8.00944	8.06659
0.311287	7.97281	7.99337	7.96578	7.99606	7.98023	7.95199	7.9557	8.00672	8.03596
0.31365	7.95936	7.96196	7.99283	8.02815	7.96332	7.97266	7.90646	7.97966	8.08459
0.316038	7.98231	8.02137	7.97917	7.98218	7.95453	7.96369	7.92387	8.014	8.08118
0.318437	7.9798	8.00276	7.99201	8.00563	7.98537	7.96876	7.92705	7.97746	8.10107
0.32085	7.98704	7.99573	7.98451	7.98849	7.98472	7.98135	7.88767	7.97763	8.10629
0.323287	7.95821	7.97128	7.98202	8.00876	7.95767	7.96503	7.91665	7.9945	8.105
0.325725	7.98877	8.01457	7.99036	7.97008	7.9578	7.95196	7.91108	7.97159	8.09991
0.3282	7.96042	7.9507	8.00454	7.98921	7.95853	7.96324	7.89767	7.98563	8.07384
0.330675	7.96533	7.99839	7.94466	8.00093	7.92317	7.9535	7.91454	8.02408	8.08578
0.333175	7.94672	7.97201	7.98105	7.97975	7.95317	7.95419	7.96806	7.99092	8.04651
0.3357	7.94461	7.97589	7.97512	8.01528	7.95501	7.96786	7.89879	7.95495	8.08347
0.338237	7.97421	7.97626	7.95776	7.99062	7.97215	7.96259	7.92669	7.99051	8.07342
0.340788	7.96875	7.9763	7.94224	7.99994	7.95496	7.95847	7.89948	7.99878	8.09684
0.34335	7.90457	8.00535	7.94709	7.96777	7.97674	7.94832	7.92261	7.98436	8.05937
0.345937	7.94412	7.94687	7.944	7.94629	7.96819	7.96169	7.91373	8.01427	8.06742
0.34855	7.94006	7.97894	7.95001	7.98845	7.96648	7.94746	7.9225	8.01059	8.0556
0.351175	7.93879	7.92651	7.9661	8.01655	7.93971	7.94416	7.91238	7.9536	8.08434
0.353812	7.91281	7.96031	7.95851	7.96162	7.92436	7.94019	7.90004	7.98019	8.06023
0.356475	7.95672	7.94952	7.91719	7.97483	7.93806	7.95084	7.90696	7.96247	8.02937
0.35915	7.9198	7.95998	7.9181	8.01152	7.93057	7.95098	7.88746	7.95702	8.06894
0.36185	7.9302	7.9209	7.95275	7.98224	7.97456	7.92975	7.91411	7.95823	8.05602
0.364563	7.94323	7.95928	7.94939	7.99408	7.92503	7.93601	7.86501	7.94429	8.0666
0.3673	7.93669	7.9437	7.93186	7.97658	7.96234	7.95063	7.89622	7.97757	8.08362
0.370063	7.93563	7.94586	7.94836	7.96392	7.94705	7.94405	7.90143	7.94141	8.03819
0.372825	7.97097	7.93904	7.94261	7.98318	7.93164	7.94582	7.90018	7.95698	8.03254
0.375625	7.9292	7.94785	7.91859	7.97406	7.93618	7.89384	7.83144	7.97092	8.05517
0.378437	7.91131	7.96501	7.90671	7.96046	7.92213	7.91762	7.84443	7.94384	8.08364
0.381263	7.90473	7.93659	7.94457	7.918	7.93952	7.94327	7.87892	7.96308	8.02502
0.384113	7.89236	7.94643	7.9327	7.9702	7.93197	7.91024	7.88854	7.94955	8.04009
0.386988	7.90447	7.96496	7.91935	7.98142	7.91153	7.9018	7.85649	7.94806	8.05237
0.389875	7.89568	7.93353	7.95061	7.94175	7.94756	7.91919	7.86975	7.9568	8.03068
0.392787	7.92991	7.93584	7.933	7.9723	7.91234	7.90365	7.86418	7.95142	8.02801
0.395712	7.9371	7.9281	7.9021	7.93076	7.909	7.94566	7.85472	7.94141	8.02181
0.398663	7.9252	7.94636	7.90905	7.92397	7.93111	7.92479	7.88207	7.95962	8.0442
0.401637	7.90586	7.93473	7.9054	7.96128	7.8999	7.92184	7.8456	7.94497	8.03796
0.404637	7.90084	7.90558	7.90359	7.97188	7.91984	7.91029	7.88735	7.9229	8.0249
0.40765	7.89755	7.94798	7.92418	7.92322	7.90498	7.90484	7.85622	7.93816	8.03993
0.410675	7.88719	7.90995	7.90497	7.92946	7.92388	7.92878	7.83614	7.91981	8.0183
0.413738	7.88458	7.91856	7.90328	7.95535	7.90241	7.89788	7.87702	7.93204	8.03852
0.416813	7.9183	7.92851	7.93726	7.94814	7.89011	7.91023	7.82567	7.92078	8.01203
0.4199	7.89536	7.93217	7.9167	7.92279	7.8727	7.90202	7.8243	7.90952	8.02915
0.423025	7.88145	7.91901	7.9109	7.96569	7.91887	7.90681	7.85823	7.93741	7.99711
0.426163	7.86466	7.92818	7.8918	7.93839	7.88299	7.89707	7.84828	7.92758	8.02644
0.429325	7.87666	7.9358	7.9207	7.89468	7.88018	7.87024	7.85599	7.92926	8.00179
0.432512	7.88021	7.90223	7.90424	7.88655	7.89344	7.86876	7.83693	7.93594	8.01184
0.435712	7.90582	7.90306	7.88135	7.92555	7.90597	7.87707	7.85418	7.93731	7.98988
0.43895	7.85626	7.89807	7.88958	7.89991	7.8741	7.87023	7.83822	7.91814	7.98343
0.4422	7.87341	7.90668	7.91441	7.92677	7.89643	7.86839	7.87453	7.89827	8.02141
0.445462	7.87094	7.9122	7.88715	7.92211	7.89285	7.89779	7.80333	7.9233	8.04314
0.448763	7.8639	7.90216	7.8861	7.8865	7.85962	7.90307	7.85113	7.91777	7.96741
0.452087	7.87865	7.89353	7.88671	7.87237	7.8848	7.91274	7.84667	7.92014	8.01569
0.455425	7.88466	7.91862	7.88824	7.90231	7.89202	7.87523	7.83289	7.92516	8.01358
0.458788	7.8726	7.87112	7.90206	7.89385	7.89432	7.86159	7.83968	7.89419	7.96321
0.462175	7.86713	7.88833	7.90346	7.92081	7.87005	7.86639	7.82266	7.89556	7.9967
0.465587	7.88368	7.89971	7.8587	7.8841	7.88212	7.84529	7.82801	7.90595	7.97055
0.469025	7.84805	7.8901	7.87636	7.92368	7.85787	7.86942	7.79047	7.90537	7.98485
0.472488	7.89339	7.90107	7.85627	7.89522	7.87842	7.8763	7.84718	7.86935	7.97857
0.475962	7.85174	7.90093	7.86761	7.91257	7.86931	7.8428	7.82131	7.87575	7.94344
0.479475	7.84292	7.84942	7.87618	7.9016	7.88348	7.8456	7.8206	7.8868	7.96959
0.483	7.87644	7.87485	7.86155	7.89278	7.85454	7.84982	7.7984	7.86284	7.97535
0.486562	7.84674	7.86452	7.85449	7.88524	7.8663	7.84544	7.82398	7.89013	7.98397
0.490137	7.8565	7.88252	7.85576	7.89044	7.83426	7.84534	7.78046	7.89058	7.96601
0.49375	7.83209	7.86113	7.85939	7.88402	7.85848	7.88371	7.81729	7.87216	7.97226
0.497375	7.83451	7.86719	7.84965	7.8626	7.83485	7.85217	7.81552	7.86683	7.98569
0.501037	7.84584	7.88804	7.86028	7.8625	7.8436	7.8518	7.81432	7.85669	7.95742
0.504713	7.83144	7.87007	7.84655	7.87329	7.82781	7.86111	7.82982	7.87778	7.97081
0.508425	7.82006	7.8943	7.83671	7.83885	7.84955	7.83597	7.81126	7.88383	7.96088
0.51215	7.80763	7.8419	7.84583	7.87671	7.83921	7.83823	7.80401	7.87436	7.99196
0.515912	7.84245	7.83709	7.83266	7.8457	7.8223	7.80274	7.78477	7.87858	7.96022
0.5197	7.81315	7.85047	7.83895	7.87816	7.84199	7.85462	7.82082	7.86336	7.9535
0.5235	7.83169	7.8642	7.84386	7.86834	7.83941	7.83909	7.79387	7.86854	7.96662
0.527337	7.81274	7.84962	7.82637	7.81829	7.82352	7.81377	7.77813	7.85501	7.94875
0.5312	7.79574	7.88185	7.83819	7.86104	7.84551	7.81935	7.79063	7.8517	7.94124
0.5351	7.83583	7.87884	7.84754	7.84523	7.80326	7.83735	7.75797	7.86556	7.95876
0.539012	7.80612	7.85612	7.84201	7.83999	7.84051	7.82284	7.77956	7.85541	7.92883
0.54295	7.80872	7.85299	7.80196	7.85331	7.81612	7.8215	7.75753	7.82522	7.95601
0.546925	7.81787	7.8458	7.83829	7.85211	7.79786	7.82643	7.78173	7.82541	7.93725
0.550925	7.80926	7.83896	7.82254	7.83814	7.81084	7.81645	7.77712	7.8522	7.94045
0.55495	7.79403	7.87028	7.81096	7.82327	7.79857	7.77373	7.76795	7.83057	7.91829
0.559012	7.81682	7.83374	7.8045	7.85592	7.82839	7.83145	7.77922	7.83807	7.94194
0.563088	7.80636	7.83967	7.82328	7.8118	7.82067	7.79571	7.77026	7.82322	7.91751
0.5672	7.78231	7.80591	7.81766	7.82915	7.82029	7.79245	7.75636	7.83663	7.92607
0.571338	7.77139	7.81714	7.78527	7.84025	7.81643	7.7983	7.75098	7.83699	7.93264
0.575513	7.79041	7.82734	7.80994	7.82043	7.80593	7.81505	7.76076	7.81212	7.94033
0.579713	7.76368	7.82881	7.79143	7.84178	7.76948	7.79789	7.74927	7.8524	7.93939
0.583938	7.78464	7.80994	7.78191	7.78651	7.80002	7.82386	7.71206	7.84529	7.89919
0.588188	7.77296	7.83704	7.81677	7.8022	7.78854	7.79466	7.73683	7.80858	7.91953
0.592475	7.76482	7.82099	7.80364	7.79009	7.80143	7.78223	7.77838	7.82892	7.90139
0.596788	7.77681	7.8236	7.81474	7.81826	7.79692	7.81484	7.74688	7.81767	7.88254
0.601138	7.77181	7.81296	7.76117	7.79607	7.79171	7.77934	7.76025	7.80926	7.92962
0.605512	7.76297	7.78303	7.7754	7.80919	7.79258	7.77997	7.73256	7.81588	7.88076
0.609913	7.76526	7.78753	7.77787	7.81822	7.78556	7.78909	7.72962	7.78351	7.8922
0.61435	7.76121	7.80011	7.77885	7.8015	7.76895	7.77788	7.73831	7.81688	7.91928
0.618813	7.73704	7.80689	7.76042	7.7769	7.77826	7.76273	7.75353	7.79175	7.87766
0.623312	7.75335	7.79914	7.75014	7.80358	7.76345	7.74486	7.71761	7.79198	7.915
0.627837	7.74439	7.80255	7.78091	7.79577	7.75039	7.75178	7.70545	7.80175	7.88572
0.6324	7.7442	7.80035	7.78899	7.81577	7.76442	7.7774	7.72858	7.80872	7.87268
0.636988	7.72465	7.78372	7.78007	7.78539	7.77655	7.76639	7.70831	7.81197	7.91993
0.641613	7.74133	7.77842	7.76613	7.78731	7.76154	7.76996	7.72229	7.81343	7.87419
0.646275	7.71648	7.78522	7.78782	7.78007	7.75588	7.7549	7.69467	7.80374	7.8847
0.650962	7.74317	7.75012	7.7859	7.78536	7.75525	7.75805	7.71038	7.78289	7.88278
0.655675	7.7539	7.77469	7.7471	7.79246	7.75184	7.7722	7.7116	7.77434	7.87817
0.660438	7.72467	7.74936	7.74306	7.78021	7.72822	7.74073	7.70689	7.78972	7.8669
0.665213	7.74042	7.75462	7.78418	7.76909	7.73605	7.75819	7.70698	7.77533	7.86369
0.670038	7.72766	7.75585	7.73302	7.78264	7.73579	7.73531	7.69779	7.78032	7.86611
0.674887	7.71985	7.76165	7.74951	7.77602	7.74189	7.75052	7.6781	7.79297	7.87964
0.679775	7.70613	7.78057	7.75899	7.74647	7.72758	7.7466	7.69898	7.74917	7.86726
0.6847	7.72522	7.76341	7.76388	7.77436	7.75664	7.7315	7.67509	7.76078	7.85568
0.68965	7.72593	7.76856	7.73048	7.74824	7.74454	7.75754	7.6827	7.75183	7.80198
0.694637	7.69562	7.77112	7.72285	7.7638	7.75025	7.7342	7.68425	7.78373	7.83623
0.699663	7.72622	7.74591	7.73736	7.73794	7.73098	7.7247	7.67345	7.73658	7.85642
0.704725	7.73674	7.7366	7.7242	7.73515	7.73143	7.73528	7.67817	7.74614	7.84558
0.709813	7.70357	7.73254	7.72593	7.73274	7.71871	7.72352	7.65659	7.75855	7.82992
0.714938	7.71564	7.75592	7.73338	7.73442	7.71857	7.72227	7.70003	7.74275	7.84797
0.7201	7.70288	7.75519	7.73783	7.71471	7.70559	7.72901	7.67627	7.74548	7.82983
0.7253	7.68272	7.72231	7.73277	7.732	7.73497	7.73999	7.66922	7.74499	7.85178
0.730537	7.67597	7.74602	7.70632	7.72698	7.7087	7.70196	7.67138	7.71261	7.82434
0.735812	7.70061	7.74635	7.73494	7.72255	7.71602	7.71449	7.6491	7.73238	7.8288
0.741112	7.69582	7.73434	7.7092	7.70609	7.71671	7.69719	7.64005	7.73379	7.82413
0.746463	7.69438	7.72178	7.71713	7.70968	7.73839	7.70559	7.67061	7.73268	7.842
0.75185	7.67477	7.73865	7.70018	7.73113	7.71848	7.68769	7.66841	7.73296	7.80313
0.757263	7.67228	7.73013	7.68472	7.71553	7.71502	7.6874	7.66055	7.70016	7.80106
0.762725	7.66712	7.70792	7.72303	7.70655	7.73912	7.69385	7.65259	7.73183	7.80927
0.768212	7.67594	7.72992	7.71402	7.7005	7.67798	7.69857	7.6545	7.69907	7.79662
0.77375	7.65353	7.69689	7.70929	7.70275	7.69196	7.69296	7.63414	7.7285	7.79434
0.779325	7.66543	7.70558	7.68883	7.71238	7.66785	7.67432	7.65406	7.69988	7.80553
0.784938	7.674	7.70529	7.67368	7.72538	7.70139	7.70008	7.62392	7.69167	7.81092
0.790575	7.67748	7.71194	7.68324	7.68071	7.68867	7.67206	7.61923	7.71602	7.78918
0.796263	7.65425	7.69441	7.69118	7.68988	7.69017	7.66692	7.63196	7.69647	7.77155
0.802	7.6608	7.68152	7.68085	7.68425	7.67931	7.66918	7.6411	7.68411	7.77483
0.807763	7.64938	7.69047	7.70227	7.68214	7.67397	7.64526	7.62074	7.68965	7.7764
0.813575	7.65978	7.6918	7.71222	7.68841	7.68047	7.67662	7.62398	7.67606	7.80771
0.819413	7.63532	7.69715	7.65956	7.70286	7.64495	7.66206	7.5881	7.68412	7.7797
0.8253	7.65581	7.69436	7.66894	7.69409	7.65963	7.66925	7.62058	7.67795	7.78068
0.831237	7.63528	7.68662	7.68432	7.66636	7.66719	7.63835	7.61548	7.67536	7.77133
0.8372	7.63085	7.67399	7.66848	7.67535	7.6446	7.64755	7.59998	7.66813	7.74743
0.843212	7.63777	7.66401	7.66316	7.67812	7.66384	7.63313	7.61541	7.65357	7.7664
0.849262	7.65552	7.65623	7.67672	7.64936	7.65231	7.6466	7.58334	7.64674	7.77922
0.855362	7.6395	7.68141	7.64938	7.65743	7.6563	7.65664	7.61605	7.65991	7.77431
0.8615	7.61598	7.68103	7.67078	7.66229	7.63982	7.64573	7.59939	7.66227	7.77222
0.867675	7.59887	7.6533	7.6548	7.66021	7.64184	7.63849	7.58804	7.6556	7.76359
0.8739	7.62338	7.6709	7.64183	7.65543	7.64351	7.62379	7.60001	7.6555	7.75326
0.880162	7.63591	7.6557	7.64455	7.65145	7.65714	7.65013	7.57837	7.64724	7.74906
0.886475	7.61099	7.64856	7.64554	7.66504	7.64245	7.63636	7.58871	7.65035	7.75446
0.892825	7.59347	7.65098	7.65206	7.6495	7.62943	7.61582	7.56849	7.63431	7.73224
0.899225	7.59306	7.65084	7.64757	7.64417	7.64193	7.63613	7.57712	7.64462	7.73901
0.905662	7.59079	7.63569	7.62652	7.64014	7.63406	7.60761	7.5456	7.62933	7.73451
0.91215	7.60506	7.64513	7.62718	7.61857	7.63374	7.62565	7.55525	7.63899	7.72748
0.918688	7.60867	7.63909	7.64151	7.62752	7.63907	7.6037	7.55369	7.63097	7.76446
0.925263	7.57022	7.63338	7.62508	7.6115	7.60729	7.64138	7.57277	7.63884	7.7339
0.931875	7.59162	7.62483	7.61934	7.62806	7.6024	7.61536	7.5539	7.64739	7.72541
0.93855	7.59412	7.6371	7.62762	7.59929	7.60829	7.63475	7.54224	7.6295	7.7094
0.945262	7.57321	7.61086	7.62273	7.60378	7.60013	7.60241	7.53814	7.61651	7.70791
0.952025	7.55569	7.61278	7.61708	7.61767	7.59877	7.59996	7.5591	7.62394	7.71261
0.958825	7.5589	7.60974	7.60949	7.61644	7.60592	7.59716	7.5362	7.59663	7.71623
0.965688	7.57274	7.60555	7.60817	7.60655	7.60232	7.60703	7.50324	7.63075	7.72602
0.972588	7.5472	7.61475	7.62816	7.58385	7.58529	7.58351	7.53496	7.61663	7.72135
0.979537	7.5523	7.57749	7.60245	7.58788	7.60869	7.58146	7.51393	7.61651	7.72034
0.986538	7.56078	7.61799	7.61041	7.59673	7.60572	7.589	7.52289	7.59759	7.69085
0.993575	7.54226	7.58256	7.60498	7.59064	7.57724	7.55503	7.51031	7.58861	7.7063
1.00067	7.54497	7.5848	7.57531	7.60584	7.57142	7.58624	7.52273	7.5984	7.69231
1.00781	7.53249	7.58315	7.5834	7.5747	7.58205	7.5734	7.52161	7.57958	7.71835
1.01501	7.53365	7.56912	7.57284	7.56767	7.56835	7.56667	7.5092	7.59136	7.68168
1.02225	7.54114	7.59106	7.60178	7.56946	7.56961	7.5721	7.49285	7.57323	7.67429
1.02955	7.51388	7.57217	7.58039	7.58503	7.59533	7.57585	7.51571	7.58474	7.68925
1.0369	7.53816	7.58758	7.58703	7.56696	7.5591	7.55035	7.5	7.57443	7.66861
1.04429	7.51954	7.55763	7.57769	7.58205	7.54392	7.57602	7.51357	7.5897	7.6735
1.05174	7.53149	7.57571	7.56143	7.57568	7.55718	7.53356	7.49694	7.55854	7.6804
1.05924	7.51981	7.57238	7.57001	7.55697	7.55409	7.55445	7.50246	7.56312	7.6656
1.06679	7.53822	7.56689	7.55074	7.56494	7.53658	7.55246	7.49629	7.54331	7.64817
1.07439	7.51675	7.55597	7.55861	7.55307	7.55907	7.51683	7.48287	7.56466	7.66617
1.08204	7.51736	7.5409	7.56118	7.55171	7.52957	7.5386	7.48214	7.56387	7.66882
1.08975	7.49449	7.54965	7.54776	7.56504	7.5379	7.51535	7.48738	7.56924	7.65331
1.09751	7.50563	7.54858	7.57118	7.55599	7.53225	7.52855	7.48387	7.56248	7.65967
1.10532	7.52112	7.5544	7.55065	7.5325	7.53608	7.51257	7.47408	7.55485	7.64775
1.1132	7.5045	7.54822	7.53513	7.5535	7.51435	7.52311	7.4597	7.5506	7.63791
1.12112	7.49385	7.52487	7.52665	7.53028	7.53244	7.51878	7.48079	7.55899	7.64167
1.1291	7.48371	7.52496	7.52088	7.52914	7.53249	7.53667	7.46846	7.54013	7.63748
1.13714	7.49075	7.54449	7.50747	7.52942	7.51426	7.52074	7.46474	7.54608	7.63897
1.14523	7.46757	7.52411	7.53417	7.52848	7.51976	7.52491	7.45169	7.52918	7.63128
1.15338	7.48747	7.50783	7.53796	7.51795	7.49552	7.54317	7.46045	7.51804	7.62084
1.16157	7.471	7.50912	7.53958	7.50638	7.49775	7.50387	7.44471	7.54006	7.6199
1.16984	7.47502	7.49457	7.5178	7.50539	7.50379	7.50092	7.4581	7.52411	7.62524
1.17815	7.4464	7.50126	7.51199	7.5145	7.50492	7.51221	7.43212	7.51216	7.61302
1.18652	7.46456	7.51964	7.49928	7.50429	7.50075	7.49142	7.43317	7.50992	7.62397
1.19496	7.45923	7.49795	7.51887	7.50314	7.50456	7.5075	7.43922	7.52256	7.60764
1.20345	7.45875	7.50006	7.50178	7.50907	7.47432	7.49746	7.44713	7.50199	7.59774
1.212	7.45431	7.50938	7.51227	7.50241	7.47504	7.49667	7.42551	7.50944	7.59819
1.22061	7.4497	7.48692	7.50352	7.48801	7.48344	7.48527	7.43238	7.51865	7.60353
1.22927	7.46193	7.49916	7.50254	7.48471	7.47498	7.48784	7.40669	7.50848	7.58944
1.238	7.44841	7.50215	7.50034	7.47336	7.49056	7.4706	7.41571	7.49493	7.59489
1.2468	7.46104	7.48975	7.48316	7.4811	7.46161	7.472	7.41601	7.4905	7.59306
1.25565	7.4285	7.47573	7.49345	7.46647	7.46109	7.49506	7.40689	7.49291	7.5824
1.26456	7.42553	7.48129	7.47618	7.47816	7.47035	7.47372	7.41568	7.48392	7.57949
1.27352	7.42902	7.46763	7.47414	7.46726	7.47063	7.46073	7.41373	7.46785	7.58699
1.28256	7.44377	7.47476	7.46622	7.46208	7.4477	7.46972	7.39987	7.47021	7.57235
1.29166	7.41209	7.4599	7.47129	7.46013	7.44523	7.47424	7.40412	7.48295	7.56215
1.30082	7.39779	7.45877	7.47632	7.46791	7.44086	7.46292	7.38758	7.46482	7.56446
1.31005	7.41205	7.46623	7.43898	7.46262	7.43927	7.46412	7.38459	7.48915	7.54299
1.31934	7.4131	7.45318	7.45105	7.45042	7.42643	7.43947	7.38105	7.46236	7.55029
1.32869	7.41158	7.43764	7.43913	7.4419	7.41152	7.45445	7.39042	7.47944	7.54744
1.33811	7.41145	7.43789	7.44981	7.45396	7.45004	7.44583	7.37019	7.45508	7.5398
1.3476	7.40076	7.46052	7.44738	7.44344	7.42892	7.43283	7.34806	7.47544	7.55349
1.35714	7.40662	7.43451	7.44999	7.43278	7.41664	7.43243	7.3494	7.45325	7.5252
1.36676	7.39471	7.42853	7.43833	7.4305	7.43059	7.44185	7.37245	7.45163	7.53057
1.37644	7.37649	7.42935	7.43182	7.42526	7.41878	7.4123	7.35227	7.44364	7.52008
1.38619	7.38483	7.43734	7.44306	7.42472	7.42132	7.42893	7.36612	7.45871	7.53507
1.396	7.38589	7.42687	7.42712	7.42571	7.41304	7.4367	7.34636	7.45816	7.53366
1.40589	7.3853	7.42699	7.42453	7.4187	7.4082	7.42848	7.3563	7.44233	7.52225
1.41584	7.38824	7.41349	7.41811	7.41667	7.38488	7.39849	7.33921	7.41607	7.51755
1.42586	7.35388	7.41289	7.42892	7.41256	7.41384	7.41812	7.33662	7.42489	7.51326
1.43596	7.34992	7.39641	7.407	7.41782	7.40469	7.40492	7.34963	7.42841	7.51539
1.44611	7.36411	7.41337	7.42236	7.41313	7.38781	7.39525	7.33295	7.42789	7.50033
1.45635	7.36257	7.39036	7.40864	7.42227	7.38351	7.3945	7.342	7.41096	7.50345
1.46665	7.35232	7.39539	7.41251	7.3974	7.38543	7.39774	7.32461	7.41526	7.501
1.47703	7.34245	7.40734	7.39473	7.38421	7.37535	7.4033	7.32629	7.41551	7.48919
1.48748	7.36736	7.38396	7.38732	7.40617	7.37958	7.38454	7.33304	7.39275	7.50881
1.49799	7.3349	7.3794	7.38522	7.39253	7.35343	7.3835	7.32183	7.411	7.50452
1.50859	7.34394	7.37304	7.38002	7.3744	7.36797	7.38725	7.32212	7.41277	7.49411
1.51925	7.33862	7.37825	7.39121	7.38666	7.35713	7.38096	7.32121	7.39482	7.48384
1.52999	7.33076	7.37453	7.40003	7.37717	7.35266	7.37632	7.30062	7.39864	7.4845
1.5408	7.32003	7.36943	7.37134	7.37866	7.35957	7.37884	7.30483	7.39391	7.4686
1.55169	7.33432	7.35649	7.37222	7.37459	7.34962	7.38346	7.29404	7.39115	7.49131
1.56265	7.32132	7.37192	7.35831	7.36731	7.3442	7.36839	7.29365	7.38024	7.48319
1.57369	7.33043	7.3533	7.368	7.34796	7.33753	7.35399	7.28317	7.3836	7.47828
1.58481	7.30616	7.34627	7.35637	7.36495	7.35342	7.34555	7.27797	7.37438	7.46462
1.596	7.3133	7.34959	7.35276	7.36871	7.32841	7.34101	7.29801	7.37863	7.4645
1.60728	7.29666	7.34902	7.34622	7.36715	7.33598	7.33613	7.27926	7.36628	7.4619
1.61863	7.28535	7.34158	7.35183	7.35172	7.33367	7.35207	7.27185	7.36484	7.45254
1.63005	7.2923	7.33613	7.34837	7.35609	7.33113	7.33741	7.26669	7.35561	7.42564
1.64156	7.29901	7.32701	7.33044	7.33961	7.33547	7.33358	7.27349	7.36891	7.43657
1.65315	7.29196	7.34661	7.33426	7.34124	7.30476	7.33414	7.26534	7.33011	7.45009
1.66481	7.27962	7.32304	7.3225	7.32637	7.31254	7.32826	7.27895	7.35628	7.44697
1.67656	7.28081	7.32768	7.32353	7.33597	7.3188	7.32558	7.26385	7.33317	7.44945
1.68839	7.26876	7.31518	7.33885	7.31183	7.31794	7.33038	7.25107	7.34767	7.43392
1.7003	7.2704	7.31389	7.34841	7.31799	7.3179	7.31878	7.2594	7.3264	7.41727
1.71229	7.28117	7.31483	7.32077	7.32025	7.31065	7.31696	7.2404	7.34145	7.44094
1.72438	7.27328	7.2986	7.3153	7.32611	7.29126	7.31437	7.24692	7.33853	7.41942
1.73653	7.26548	7.28636	7.30792	7.30526	7.29716	7.30126	7.23442	7.31979	7.41113
1.74878	7.25879	7.30947	7.3206	7.31467	7.287	7.31188	7.22685	7.32346	7.41304
1.7611	7.2586	7.30915	7.32345	7.31921	7.29053	7.29085	7.236	7.31301	7.41403
1.77352	7.25581	7.29378	7.31132	7.30028	7.28627	7.29036	7.23646	7.33459	7.4096
1.78603	7.25652	7.29799	7.28718	7.28967	7.28679	7.3005	7.23347	7.31354	7.39785
1.79861	7.23689	7.29346	7.28116	7.29976	7.27308	7.28175	7.2141	7.30694	7.40075
1.81129	7.23805	7.28967	7.29297	7.30393	7.2714	7.28487	7.21364	7.30519	7.38669
1.82405	7.23536	7.28727	7.28917	7.2872	7.26762	7.27892	7.21226	7.30343	7.39549
1.8369	7.22825	7.27719	7.2721	7.28913	7.25135	7.29189	7.19831	7.29495	7.3937
1.84984	7.23141	7.2824	7.28749	7.29696	7.25882	7.29156	7.20395	7.29223	7.38972
1.86287	7.24047	7.2808	7.28696	7.26686	7.26615	7.27843	7.19332	7.27843	7.38645
1.87599	7.22269	7.26915	7.28341	7.282	7.24533	7.27344	7.19227	7.29466	7.39224
1.8892	7.22115	7.26208	7.27147	7.27944	7.25341	7.25475	7.19597	7.28652	7.37388
1.90251	7.20639	7.25535	7.2765	7.26064	7.24909	7.27115	7.20042	7.26641	7.36931
1.9159	7.22559	7.26503	7.25672	7.25836	7.23015	7.25546	7.17146	7.26813	7.3608
1.92939	7.21572	7.24932	7.26386	7.26828	7.24141	7.27089	7.17453	7.25898	7.36333
1.94298	7.18764	7.24556	7.25571	7.27156	7.23346	7.23992	7.18117	7.26527	7.34873
1.95665	7.20664	7.23824	7.25233	7.2619	7.22857	7.25664	7.17839	7.28443	7.36742
1.97043	7.19485	7.24447	7.24602	7.24527	7.23633	7.25319	7.16738	7.26508	7.35466
1.98429	7.2003	7.24673	7.25327	7.25228	7.22524	7.23729	7.1663	7.24695	7.3482
1.99825	7.20085	7.23408	7.24689	7.23409	7.21745	7.22526	7.16836	7.2618	7.3505
2.01231	7.1851	7.22349	7.24365	7.25546	7.20398	7.23426	7.16889	7.24805	7.34224
2.02646	7.19377	7.23118	7.24115	7.24607	7.22918	7.21615	7.16593	7.25199	7.33215
2.04072	7.18197	7.21804	7.22959	7.23576	7.21336	7.21274	7.16056	7.25881	7.33064
2.05507	7.17684	7.2247	7.24068	7.21796	7.21604	7.23207	7.15632	7.23801	7.33227
2.06953	7.1624	7.23319	7.22379	7.22847	7.20717	7.22216	7.15405	7.21661	7.33323
2.08407	7.1671	7.21391	7.22381	7.21906	7.2029	7.21878	7.15075	7.22987	7.33478
2.09874	7.15934	7.21851	7.234	7.22819	7.19153	7.20687	7.14685	7.23584	7.31331
2.11349	7.16666	7.21226	7.20763	7.22378	7.19702	7.21755	7.14125	7.22335	7.3212
2.12835	7.15623	7.19428	7.21318	7.22625	7.17807	7.20443	7.14806	7.22408	7.31689
2.14331	7.15022	7.19757	7.20454	7.21353	7.18717	7.19796	7.13355	7.21717	7.31659
2.15838	7.15126	7.19525	7.19576	7.21657	7.19085	7.19415	7.13971	7.20305	7.30796
2.17354	7.14515	7.18602	7.20379	7.20204	7.17593	7.2008	7.14185	7.21817	7.32151
2.18881	7.14485	7.19449	7.19346	7.19538	7.16706	7.1928	7.13256	7.21488	7.30209
2.2042	7.14787	7.18908	7.19103	7.19733	7.18246	7.18002	7.12781	7.203	7.30028
2.21969	7.13544	7.19121	7.20426	7.20107	7.17221	7.18981	7.12038	7.19734	7.28888
2.23528	7.13093	7.18747	7.19164	7.19446	7.16961	7.1809	7.11696	7.1858	7.28965
2.25097	7.13405	7.1739	7.18885	7.18098	7.16254	7.17608	7.11847	7.18744	7.27245
2.26679	7.13005	7.1691	7.16505	7.183	7.15757	7.16927	7.1143	7.17644	7.27964
2.28271	7.13319	7.15787	7.16768	7.18309	7.15632	7.1739	7.09028	7.16999	7.27709
2.29874	7.11173	7.15479	7.17177	7.18794	7.14486	7.16018	7.10378	7.17285	7.26312
2.31489	7.10783	7.15927	7.17927	7.17301	7.15011	7.15079	7.09852	7.1775	7.26918
2.33114	7.11255	7.15598	7.16095	7.15497	7.15186	7.16476	7.09587	7.1612	7.2688
2.3475	7.108	7.1597	7.16873	7.17057	7.15033	7.1512	7.09151	7.17449	7.26236
2.36399	7.1137	7.13567	7.15854	7.17818	7.14113	7.14868	7.09733	7.15844	7.25562
2.38057	7.09324	7.15015	7.15774	7.16782	7.14146	7.14718	7.0936	7.16091	7.24152
2.39729	7.09095	7.14229	7.14622	7.149	7.13418	7.14266	7.09839	7.15735	7.24223
2.41411	7.09645	7.13236	7.15031	7.14933	7.12221	7.14118	7.08447	7.15589	7.2537
2.43105	7.09619	7.12722	7.13952	7.15487	7.12929	7.13759	7.0819	7.13517	7.24632
2.44811	7.09653	7.12106	7.13849	7.13889	7.12357	7.13868	7.06746	7.14738	7.2318
2.46529	7.07764	7.13022	7.1438	7.15213	7.11611	7.13155	7.0685	7.1485	7.23543
2.48259	7.08377	7.12834	7.1384	7.13604	7.10872	7.1167	7.0708	7.13509	7.23877
2.5	7.08115	7.1075	7.14739	7.13268	7.11576	7.1252	7.06635	7.11525	7.22256
2.51754	7.07883	7.11369	7.13389	7.13031	7.10366	7.13074	7.05626	7.12778	7.21816
2.5352	7.07172	7.11245	7.1215	7.14307	7.09672	7.10501	7.0566	7.12997	7.22347
2.55299	7.06891	7.11796	7.13326	7.13247	7.10893	7.11126	7.05859	7.12236	7.21018
2.57089	7.07199	7.10339	7.11969	7.13345	7.10236	7.09423	7.04657	7.12086	7.21043
2.58891	7.05458	7.09902	7.11727	7.12691	7.09513	7.09194	7.05792	7.11463	7.21278
2.60706	7.06505	7.09615	7.10941	7.13011	7.09843	7.11246	7.03409	7.11989	7.19165
2.62535	7.04578	7.09063	7.11673	7.12939	7.0761	7.09216	7.0219	7.10729	7.19473
2.64375	7.05078	7.09633	7.10475	7.11512	7.08136	7.09532	7.02698	7.09764	7.18693
2.66229	7.04759	7.08772	7.09884	7.11299	7.07431	7.08151	7.04107	7.10622	7.18914
2.68095	7.04795	7.07544	7.09774	7.09672	7.07223	7.07443	7.02675	7.09942	7.18152
2.69974	7.03215	7.08047	7.09251	7.1073	7.07631	7.06066	7.02604	7.09211	7.19426
2.71866	7.04786	7.06855	7.08779	7.11296	7.06944	7.07185	7.02136	7.10299	7.17687
2.73771	7.04221	7.06702	7.08816	7.10665	7.07573	7.07011	7.01366	7.09461	7.17028
2.7569	7.03792	7.07981	7.08854	7.09302	7.06244	7.06609	7.00617	7.08878	7.17142
2.77621	7.03454	7.05737	7.09054	7.0918	7.06837	7.06487	7.01023	7.08977	7.16885
2.79568	7.02959	7.05276	7.08281	7.09572	7.06058	7.05174	7.00496	7.0813	7.1692
2.81525	7.02304	7.06177	7.06564	7.08743	7.05213	7.05963	7.0009	7.07527	7.17444
2.83498	7.01739	7.05528	7.0692	7.07045	7.05701	7.07282	6.99815	7.06795	7.16473
2.85484	7.0122	7.04324	7.07529	7.08059	7.05943	7.0534	6.99776	7.07335	7.15749
2.87484	7.01697	7.03683	7.07777	7.07505	7.0477	7.04765	6.99093	7.07373	7.17083
2.89497	7.00866	7.05201	7.05699	7.06388	7.0444	7.04169	6.98738	7.06927	7.14863
2.91525	7.00086	7.03627	7.04943	7.06634	7.04529	7.04174	6.99488	7.05578	7.15111
2.93566	6.99732	7.02866	7.0561	7.07027	7.0396	7.04938	6.97224	7.05594	7.15143
2.95621	7.00178	7.02102	7.04963	7.05148	7.056	7.04425	6.97541	7.05425	7.14841
2.97691	6.99398	7.03257	7.04836	7.06659	7.03219	7.03777	6.97561	7.04782	7.15303
2.99776	6.99213	7.01536	7.03518	7.05467	7.03199	7.03806	6.975	7.04557	7.14979
3.01875	6.98446	7.02417	7.04021	7.05188	7.03122	7.02519	6.9753	7.04537	7.14429
3.03988	6.98503	7.01224	7.03544	7.0455	7.0235	7.03076	6.9641	7.04802	7.14797
3.06116	6.9909	7.01737	7.03402	7.05338	7.02344	7.02009	6.96661	7.04064	7.13866
3.08259	6.9916	7.01141	7.05064	7.04265	7.02163	7.01454	6.96238	7.0409	7.13899
3.10416	6.97648	7.00052	7.02255	7.03509	7.02287	7.01786	6.94765	7.02712	7.1455
3.12589	6.97496	7.00991	7.02633	7.03356	7.00984	7.01875	6.95348	7.02265	7.1291
3.14776	6.97164	7.00847	7.01476	7.02623	7.02595	7.01141	6.9495	7.01653	7.13882
3.16979	6.95947	6.99928	7.00671	7.02513	7.01212	7.00404	6.95097	7.02584	7.13477
3.19196	6.97184	6.99267	7.00805	7.01876	7.0116	7.00085	6.94337	7.01726	7.12685
3.2143	6.96839	6.99504	7.01084	7.03389	7.00889	6.99792	6.94598	7.01338	7.13365
3.23679	6.96489	6.98816	7.00114	7.02339	6.99513	7.00499	6.93344	7.01789	7.13421
3.25944	6.96026	6.98214	7.00572	7.0175	6.9973	6.9859	6.93978	6.999	7.12927
3.28224	6.95541	6.99083	6.98886	7.02153	6.99414	6.99427	6.93579	7.00261	7.1206
3.3052	6.95318	6.98587	6.9944	7.01342	6.98193	6.98559	6.93411	6.99391	7.10522
3.32831	6.94212	6.96608	7.00111	6.99648	6.99952	6.98844	6.93415	6.98842	7.10605
3.35159	6.93875	6.98221	6.97736	7.00735	6.98772	6.98487	6.92239	6.98069	7.10507
3.37504	6.93261	6.97214	6.98936	7.00753	6.9866	6.96964	6.93323	6.99518	7.09492
3.39864	6.93531	6.96944	6.96952	7.00447	6.97525	6.99088	6.91485	6.98321	7.10753
3.4224	6.93415	6.95623	6.97754	6.99837	6.96814	6.99489	6.91158	6.99079	7.09889
3.44634	6.92757	6.95667	6.97462	6.98755	6.97719	6.97745	6.9177	6.97968	7.09294
3.47042	6.93119	6.96531	6.96948	6.98772	6.96993	6.97717	6.91167	6.98548	7.09145
3.49469	6.92381	6.95965	6.96152	6.99064	6.96336	6.97061	6.90602	6.97411	7.07961
3.51912	6.91502	6.96465	6.95872	6.98352	6.96675	6.97306	6.90426	6.97739	7.08423
3.54373	6.90958	6.94657	6.95111	6.97423	6.96681	6.96749	6.90773	6.96841	7.08436
3.5685	6.90028	6.95597	6.96111	6.9786	6.96234	6.95897	6.90941	6.97259	7.07863
3.59344	6.90563	6.94734	6.95342	6.9747	6.95793	6.96458	6.90632	6.97193	7.07415
3.61856	6.91069	6.95491	6.95841	6.96372	6.95882	6.97155	6.89508	6.96618	7.07539
3.64385	6.91005	6.94847	6.95045	6.95983	6.94786	6.97002	6.88361	6.94817	7.07165
3.66931	6.89949	6.93467	6.94523	6.97079	6.94942	6.95561	6.89113	6.95885	7.06475
3.69496	6.90029	6.9467	6.93944	6.96337	6.94448	6.96608	6.88656	6.9506	7.0602
3.72077	6.90337	6.94068	6.93342	6.96679	6.94918	6.96793	6.88908	6.95799	7.05616
3.74677	6.8942	6.92733	6.93614	6.95768	6.94277	6.96109	6.88409	6.95721	7.05103
3.77295	6.89387	6.93611	6.93659	6.94582	6.93138	6.9491	6.88585	6.94406	7.05377
3.79931	6.89483	6.92243	6.92517	6.95453	6.933	6.95194	6.8773	6.94221	7.03865
3.82586	6.89147	6.93475	6.92146	6.95088	6.92769	6.9606	6.87233	6.94986	7.04637
3.85259	6.88417	6.92142	6.92816	6.94942	6.93339	6.94699	6.87107	6.95827	7.04
3.8795	6.89065	6.92406	6.92464	6.94769	6.92402	6.94013	6.86905	6.93877	7.04992
3.9066	6.8842	6.92662	6.92548	6.94692	6.92265	6.9265	6.87382	6.94422	7.03756
3.93389	6.87386	6.92232	6.91418	6.93529	6.93125	6.93703	6.87598	6.94124	7.03696
3.96136	6.87222	6.91945	6.92006	6.94505	6.91019	6.93352	6.86352	6.92744	7.02604
3.98903	6.87415	6.92238	6.9172	6.9377	6.91585	6.93332	6.86277	6.93344	7.0339
4.01689	6.87149	6.91681	6.91741	6.93473	6.92481	6.93343	6.85502	6.92568	7.03078
4.04494	6.86383	6.89608	6.91414	6.93409	6.92047	6.91808	6.84606	6.92797	7.02109
4.07319	6.86517	6.90227	6.91086	6.93363	6.91244	6.92133	6.85372	6.92598	7.02493
4.10162	6.85753	6.89557	6.90956	6.92683	6.90282	6.90613	6.84712	6.92353	7.02938
4.13026	6.85665	6.90039	6.89761	6.93283	6.90094	6.91291	6.8407	6.91446	7.0142
4.1591	6.85242	6.89517	6.89006	6.91888	6.90664	6.91682	6.83983	6.91201	7.01416
4.18814	6.85178	6.89116	6.89829	6.91277	6.90729	6.90647	6.83901	6.91497	7.0054
4.21739	6.84958	6.8891	6.8901	6.92209	6.90817	6.90562	6.83527	6.91673	7.01418
4.24683	6.84656	6.89038	6.90169	6.90867	6.908	6.89296	6.84388	6.90356	7.00235
4.27646	6.84476	6.89947	6.89409	6.91832	6.8954	6.89628	6.84404	6.90877	7.01266
4.30632	6.84108	6.88667	6.89629	6.91641	6.89764	6.88992	6.83525	6.89998	6.99827
4.33638	6.83936	6.89177	6.89435	6.90961	6.893	6.89434	6.82798	6.90255	6.99264
4.36664	6.82553	6.87941	6.88787	6.90453	6.89079	6.89423	6.82355	6.89576	6.98909
4.39712	6.83472	6.87986	6.89052	6.91087	6.88113	6.88484	6.82742	6.89289	6.99863
4.42781	6.82036	6.87555	6.88983	6.90598	6.86885	6.89543	6.82484	6.89173	6.98958
4.45871	6.82758	6.87404	6.87753	6.90301	6.8777	6.88132	6.8105	6.89276	6.98284
4.48982	6.81725	6.87493	6.8839	6.9016	6.87301	6.88378	6.81415	6.8849	6.98244
4.52115	6.81991	6.87824	6.87773	6.89513	6.86828	6.87488	6.81225	6.88533	6.96928
4.5527	6.81629	6.87827	6.87481	6.8992	6.8587	6.87689	6.81107	6.88698	6.97155
4.58446	6.81423	6.87334	6.87675	6.8894	6.87097	6.86469	6.80514	6.88699	6.96867
4.61645	6.80608	6.87062	6.87998	6.88817	6.86185	6.86835	6.81077	6.88432	6.96365
4.64866	6.81129	6.86099	6.87289	6.88566	6.86779	6.87411	6.80719	6.88118	6.9633
4.68109	6.80639	6.87035	6.87302	6.89534	6.86618	6.86114	6.80776	6.88051	6.97334
4.71375	6.78986	6.8602	6.87032	6.89336	6.86238	6.86923	6.80197	6.88303	6.97891
4.74662	6.79991	6.86623	6.87884	6.87746	6.85872	6.85979	6.79875	6.85397	6.96331
4.77974	6.79186	6.85346	6.86608	6.87795	6.86028	6.8563	6.79886	6.85504	6.97108
4.81308	6.79368	6.85463	6.86436	6.87845	6.85457	6.85261	6.79406	6.8804	6.96037
4.84665	6.79207	6.85609	6.85672	6.87559	6.86238	6.8542	6.78948	6.86645	6.96842
4.88045	6.79661	6.85885	6.86511	6.87436	6.84102	6.85202	6.79023	6.86242	6.95467
4.91449	6.79069	6.85403	6.86035	6.87818	6.8501	6.84839	6.7838	6.86316	6.95125
4.94876	6.7937	6.84499	6.8664	6.86875	6.84718	6.85306	6.7831	6.8592	6.94969
4.98327	6.79883	6.84592	6.86647	6.875	6.85368	6.84518	6.78489	6.85508	6.9612
5.01802	6.78604	6.84082	6.8548	6.87018	6.8394	6.84628	6.77795	6.84734	6.94999
5.05301	6.78089	6.83697	6.86598	6.85159	6.83731	6.84096	6.78452	6.8559	6.95201
5.08825	6.77985	6.84648	6.84882	6.86212	6.84502	6.8356	6.77667	6.84734	6.94811
5.12372	6.78528	6.8374	6.84853	6.86129	6.84346	6.83128	6.77389	6.85105	6.94279
5.15945	6.78382	6.83922	6.85602	6.84691	6.83727	6.84105	6.77553	6.85476	6.93857
5.19543	6.78053	6.8319	6.84961	6.85538	6.83049	6.84143	6.77364	6.84464	6.94852
5.23164	6.77238	6.83688	6.8472	6.84888	6.83685	6.83124	6.76963	6.84966	6.94962
5.26811	6.77872	6.83498	6.84514	6.84715	6.83942	6.84005	6.76934	6.83529	6.93977
5.30484	6.77825	6.83695	6.84362	6.84103	6.83079	6.83	6.76873	6.83632	6.93373
5.34181	6.77316	6.83004	6.83753	6.84398	6.82787	6.83175	6.76715	6.84575	6.94063
5.37905	6.7641	6.82768	6.83783	6.84619	6.83571	6.82884	6.76489	6.8301	6.9423
5.41655	6.76973	6.83066	6.81901	6.84444	6.83612	6.83003	6.75787	6.83325	6.93737
5.4543	6.77873	6.82477	6.8278	6.83748	6.82786	6.81926	6.76799	6.83041	6.94002
5.49231	6.76599	6.82785	6.83025	6.83043	6.82971	6.81237	6.76744	6.83097	6.93333
5.5306	6.76582	6.82235	6.81826	6.83352	6.8246	6.82308	6.76523	6.83746	6.92879
5.56914	6.7691	6.8217	6.82063	6.83528	6.82722	6.81531	6.76381	6.83294	6.93315
5.60795	6.76164	6.81271	6.81766	6.83666	6.81699	6.82692	6.76306	6.82183	6.93464
5.64703	6.76854	6.82517	6.82548	6.82676	6.82495	6.81089	6.76577	6.8293	6.93436
5.68639	6.75976	6.81921	6.81879	6.82314	6.81132	6.81725	6.7524	6.82013	6.92211
5.726	6.75929	6.81781	6.80914	6.83315	6.8108	6.81358	6.75605	6.81818	6.91918
5.7659	6.75487	6.81163	6.81234	6.8303	6.80437	6.81135	6.75016	6.82381	6.92938
5.80608	6.75874	6.81153	6.81281	6.82683	6.81344	6.80759	6.75173	6.81979	6.92281
5.84654	6.75378	6.81251	6.80924	6.83216	6.81142	6.81155	6.74998	6.82103	6.91659
5.88726	6.75452	6.80483	6.80829	6.83531	6.80728	6.80061	6.74492	6.81792	6.92036
5.92829	6.75353	6.80536	6.81535	6.82673	6.80553	6.7929	6.7473	6.80938	6.91663
5.96959	6.75381	6.80146	6.81236	6.82839	6.80156	6.80382	6.74042	6.80899	6.91926
6.01118	6.74685	6.78753	6.80595	6.82696	6.79865	6.79827	6.74499	6.8125	6.92471
6.05305	6.74449	6.8051	6.80775	6.82093	6.79738	6.80239	6.74592	6.80601	6.9155
6.09521	6.74077	6.79312	6.80532	6.82321	6.8022	6.80553	6.73152	6.80679	6.92218
6.13767	6.74864	6.78795	6.80436	6.82075	6.79939	6.80158	6.72706	6.80335	6.90938
6.18043	6.74658	6.78873	6.79919	6.82332	6.7998	6.79193	6.73302	6.8005	6.91918
6.22347	6.7416	6.79001	6.79808	6.81808	6.78867	6.79287	6.73014	6.80846	6.92242
6.26683	6.73436	6.78657	6.80228	6.82375	6.78909	6.78911	6.7319	6.79878	6.91056
6.31046	6.73836	6.78201	6.79045	6.8128	6.79538	6.78542	6.7256	6.80113	6.90991
6.35441	6.73791	6.79261	6.78575	6.81699	6.79152	6.78594	6.72358	6.79626	6.90991
6.39867	6.74392	6.78599	6.7877	6.81125	6.79398	6.78995	6.7179	6.80058	6.89853
6.44324	6.72728	6.78058	6.78569	6.80205	6.78726	6.79067	6.71574	6.79782	6.89816
6.4881	6.73066	6.78796	6.79276	6.80284	6.79998	6.78685	6.71753	6.79487	6.9005
6.53329	6.72769	6.78278	6.77721	6.7994	6.78838	6.78924	6.71592	6.79792	6.89473
6.57877	6.72968	6.77839	6.77886	6.80197	6.78508	6.77598	6.71283	6.7914	6.89355
6.62459	6.73181	6.78619	6.77507	6.80515	6.79248	6.78172	6.70839	6.79111	6.89145
6.67071	6.72391	6.78206	6.77117	6.79688	6.78641	6.78772	6.70233	6.79217	6.8899
6.71716	6.73104	6.77442	6.76829	6.79402	6.79167	6.78145	6.70401	6.78408	6.88532
6.76394	6.72767	6.78286	6.77051	6.79981	6.78344	6.78009	6.70031	6.78531	6.88659
6.81103	6.72488	6.78031	6.76849	6.78526	6.77657	6.77951	6.7054	6.78029	6.88307
6.85845	6.7209	6.77269	6.76174	6.7875	6.77636	6.77839	6.70572	6.78223	6.88622
6.9062	6.7255	6.77107	6.77025	6.78413	6.77583	6.77475	6.70621	6.78676	6.88367
6.95428	6.72186	6.77266	6.77005	6.793	6.76929	6.76384	6.70749	6.78065	6.88394
7.00269	6.7283	6.7708	6.76638	6.7859	6.77015	6.773	6.70619	6.77667	6.88048
7.05144	6.72174	6.76249	6.75933	6.79229	6.7686	6.76868	6.70865	6.78809	6.87848
7.10052	6.72318	6.76635	6.76068	6.78368	6.76549	6.76609	6.70944	6.77209	6.86929
7.14995	6.72101	6.76676	6.75666	6.784	6.76767	6.75923	6.70862	6.77682	6.86525
7.19971	6.71462	6.76399	6.75422	6.77995	6.76385	6.76648	6.69751	6.77347	6.8728
7.24983	6.71176	6.76839	6.75859	6.7886	6.76278	6.76691	6.70803	6.7754	6.86262
7.30029	6.71558	6.76332	6.7603	6.77802	6.76426	6.76528	6.70119	6.77414	6.87487
7.3511	6.71193	6.76518	6.75198	6.78966	6.7646	6.75723	6.7004	6.76846	6.87072
7.40226	6.70612	6.76065	6.7549	6.77697	6.76497	6.75946	6.70185	6.76784	6.8684
7.45379	6.70408	6.76152	6.75244	6.78008	6.75178	6.75182	6.70235	6.76398	6.87547
7.50566	6.70041	6.76072	6.75007	6.7835	6.75375	6.76034	6.70555	6.76955	6.87658
7.5579	6.70401	6.75574	6.74557	6.78548	6.76189	6.7583	6.69949	6.76426	6.87102
7.61049	6.70068	6.75963	6.74552	6.77748	6.75846	6.75541	6.69926	6.76588	6.86855
7.66345	6.69681	6.74757	6.75478	6.77627	6.75518	6.74812	6.69287	6.76738	6.86937
7.71677	6.69345	6.75498	6.74526	6.78337	6.74753	6.7487	6.68576	6.76784	6.87149
7.77047	6.69617	6.74529	6.75204	6.78061	6.75856	6.75585	6.68362	6.76323	6.86659
7.82455	6.69317	6.75727	6.74859	6.78	6.7518	6.74337	6.68614	6.76353	6.86109
7.879	6.69448	6.74247	6.75512	6.77543	6.74671	6.74059	6.68186	6.76786	6.86663
7.93381	6.696	6.744	6.74927	6.77242	6.751	6.74605	6.68277	6.7699	6.86834
7.98903	6.69072	6.74382	6.75905	6.77109	6.74455	6.74197	6.68144	6.76744	6.85962
8.0446	6.69418	6.74701	6.75954	6.76463	6.74948	6.74419	6.68821	6.76975	6.85777
8.10058	6.69636	6.73863	6.75577	6.76386	6.74182	6.74432	6.68541	6.76897	6.85675
8.15694	6.69803	6.74043	6.75445	6.76027	6.75076	6.74676	6.68805	6.76022	6.85198
8.21369	6.69718	6.73474	6.75555	6.76564	6.74434	6.7458	6.67706	6.76653	6.85901
8.27083	6.69749	6.735	6.75364	6.76508	6.74865	6.74129	6.68036	6.7609	6.86019
8.32836	6.69426	6.73774	6.75224	6.76532	6.74054	6.7441	6.68237	6.76316	6.85983
8.3863	6.68995	6.73384	6.753	6.7579	6.74743	6.74442	6.68098	6.7582	6.85349
8.44464	6.69056	6.73429	6.75545	6.7531	6.7438	6.74604	6.68039	6.75842	6.85003
8.50339	6.68617	6.73442	6.74666	6.76201	6.74149	6.74362	6.6749	6.75857	6.85443
8.56254	6.68304	6.73624	6.74682	6.75597	6.73778	6.7461	6.68106	6.75406	6.85033
8.6221	6.67998	6.73667	6.74862	6.75771	6.74408	6.7529	6.68505	6.75859	6.84879
8.68206	6.68627	6.74034	6.73859	6.75467	6.74284	6.74672	6.68375	6.75294	6.84538
8.74246	6.68693	6.73144	6.73368	6.76469	6.74009	6.7474	6.68115	6.75608	6.84855
8.80326	6.67866	6.72911	6.74267	6.75651	6.73653	6.74616	6.68309	6.75661	6.84739
8.8645	6.68094	6.73185	6.73492	6.75389	6.73865	6.74046	6.67678	6.74917	6.8447
8.92615	6.67939	6.73181	6.73154	6.764	6.72804	6.73583	6.67168	6.75366	6.84716
8.98822	6.67327	6.7247	6.72931	6.76164	6.73317	6.74084	6.67001	6.75397	6.85285
9.05074	6.68077	6.72477	6.72979	6.75779	6.73122	6.73549	6.67178	6.75444	6.84355
9.11369	6.67983	6.72168	6.72726	6.74812	6.72429	6.73714	6.66494	6.74744	6.84449
9.17706	6.67866	6.72395	6.72943	6.75522	6.72969	6.73683	6.67499	6.75181	6.84697
9.24089	6.67367	6.72924	6.72661	6.7518	6.73567	6.73814	6.67084	6.75216	6.8348
9.30515	6.67435	6.72085	6.73022	6.75532	6.73356	6.73011	6.66906	6.74379	6.84241
9.36986	6.66803	6.73208	6.72385	6.74989	6.73041	6.73079	6.67002	6.7465	6.83599
9.43501	6.67096	6.73287	6.72637	6.75158	6.73007	6.73525	6.66174	6.74812	6.83838
9.50062	6.66479	6.73288	6.72303	6.74851	6.7299	6.73021	6.66652	6.74966	6.83599
9.56669	6.66745	6.7305	6.72143	6.75119	6.72405	6.72863	6.66565	6.74807	6.8302
9.63321	6.66207	6.73423	6.72022	6.75361	6.72955	6.73024	6.66111	6.75326	6.83497
9.70019	6.66218	6.72596	6.7134	6.74352	6.71915	6.72744	6.65783	6.75531	6.83396
9.76764	6.65851	6.72587	6.71205	6.7372	6.72337	6.72225	6.66124	6.74615	6.82878
9.83555	6.66029	6.72515	6.71842	6.74047	6.72112	6.71914	6.66137	6.74173	6.83315
9.90394	6.66488	6.73093	6.71331	6.74497	6.72177	6.72051	6.65567	6.7426	6.83019
9.97279	6.66737	6.71973	6.71322	6.73947	6.71402	6.71616	6.65891	6.74403	6.83387
10.0421	6.66331	6.72403	6.71951	6.74016	6.71271	6.7207	6.66203	6.73574	6.83321
10.1119	6.66648	6.71574	6.71649	6.74036	6.71149	6.71384	6.661	6.73714	6.82953
10.1823	6.66294	6.71643	6.72533	6.74264	6.71868	6.72211	6.65768	6.74079	6.83625
10.253	6.66634	6.71427	6.72457	6.74639	6.71209	6.71583	6.66078	6.74469	6.83175
10.3243	6.66249	6.71381	6.7199	6.73431	6.71398	6.71733	6.6554	6.73595	6.83889
10.3961	6.65709	6.71206	6.71406	6.73754	6.71769	6.71314	6.65645	6.73703	6.83459
10.4684	6.65716	6.71081	6.72104	6.73976	6.70987	6.71674	6.65926	6.73542	6.83073
10.5411	6.66231	6.71062	6.71303	6.74097	6.71621	6.72475	6.65651	6.73839	6.83692
10.6144	6.66309	6.703	6.7182	6.74364	6.7205	6.72093	6.6538	6.73611	6.82987
10.6882	6.65987	6.70799	6.72029	6.73803	6.71655	6.71857	6.65907	6.73788	6.83795
10.7625	6.65509	6.70597	6.72308	6.73682	6.70925	6.71999	6.66286	6.73767	6.83527
10.8373	6.65368	6.6985	6.72588	6.73779	6.71672	6.71796	6.65988	6.73407	6.82897
10.9126	6.6584	6.68978	6.71963	6.74267	6.71399	6.71347	6.66505	6.73622	6.82991
10.9885	6.66092	6.69693	6.7211	6.74379	6.71866	6.70997	6.65654	6.7368	6.83179
11.0648	6.66052	6.69017	6.72573	6.74581	6.71351	6.71288	6.66016	6.73338	6.82691
11.1418	6.66229	6.69259	6.72087	6.74296	6.71295	6.70198	6.65693	6.73684	6.82743
11.2192	6.66623	6.69156	6.72452	6.74866	6.7137	6.70987	6.65525	6.73605	6.82742
11.2972	6.6654	6.68791	6.71798	6.74117	6.71322	6.70913	6.65628	6.73345	6.82513
11.3757	6.65771	6.68902	6.71468	6.74539	6.71106	6.70754	6.65589	6.73482	6.83086
11.4547	6.64945	6.69237	6.71846	6.74381	6.70853	6.70751	6.65263	6.73612	6.83417
11.5344	6.64834	6.69406	6.71874	6.73955	6.70741	6.69987	6.65209	6.73455	6.82918
11.6145	6.64758	6.69201	6.71305	6.733	6.71254	6.70261	6.63735	6.72931	6.82836
11.6952	6.64911	6.69345	6.71777	6.74222	6.71576	6.69715	6.6476	6.73381	6.82855
11.7765	6.65099	6.69854	6.71996	6.73747	6.71813	6.70518	6.65144	6.73345	6.8216
11.8583	6.65536	6.6951	6.70957	6.74139	6.7136	6.69414	6.65291	6.73246	6.81927
11.9408	6.65647	6.69943	6.71557	6.73633	6.70865	6.70293	6.6556	6.73055	6.82237
12.0237	6.65428	6.69735	6.71103	6.73346	6.71444	6.69931	6.65511	6.7224	6.82432
12.1073	6.65091	6.70283	6.70845	6.73313	6.71229	6.69849	6.66108	6.72545	6.82062
12.1914	6.65276	6.70075	6.71423	6.73794	6.71353	6.70138	6.64886	6.7229	6.81664
12.2761	6.65091	6.69898	6.71482	6.73548	6.71283	6.70215	6.65616	6.72255	6.81549
12.3614	6.65075	6.69547	6.7092	6.73208	6.71315	6.70085	6.65109	6.71309	6.81366
12.4473	6.65009	6.69322	6.70961	6.7341	6.70893	6.70085	6.64989	6.71385	6.81631
12.5338	6.64081	6.6937	6.70443	6.73705	6.70715	6.70395	6.65191	6.71039	6.81798
12.6209	6.6406	6.69079	6.70851	6.7289	6.71038	6.70041	6.65292	6.71275	6.82142
12.7086	6.6414	6.6904	6.70077	6.72549	6.70585	6.69993	6.64997	6.71072	6.82076
12.7969	6.63057	6.68731	6.70626	6.72331	6.70033	6.70005	6.64823	6.71355	6.82063
12.8858	6.62622	6.68071	6.70068	6.72555	6.70112	6.69639	6.65266	6.71801	6.82034
12.9753	6.63186	6.67947	6.70664	6.72179	6.69915	6.69663	6.65315	6.71694	6.81955
13.0655	6.63066	6.68241	6.70809	6.71989	6.70091	6.70208	6.64919	6.71865	6.82274
13.1563	6.63618	6.69064	6.7114	6.72329	6.70215	6.70198	6.64254	6.71615	6.81485
13.2477	6.63835	6.68576	6.71356	6.72245	6.70484	6.70856	6.64324	6.71894	6.81252
13.3397	6.6341	6.68364	6.71001	6.72006	6.69904	6.71217	6.63918	6.72192	6.81928
13.4324	6.6432	6.68207	6.71245	6.72129	6.70606	6.71627	6.64373	6.71952	6.81379
13.5257	6.6416	6.68407	6.70523	6.72228	6.70467	6.71047	6.64464	6.71989	6.81298
13.6196	6.64142	6.67768	6.70751	6.71959	6.7016	6.71327	6.64014	6.71725	6.81698
13.7143	6.64031	6.68106	6.70574	6.71624	6.6999	6.70895	6.64022	6.71396	6.81634
13.8095	6.64424	6.67689	6.70383	6.71616	6.70152	6.70794	6.63683	6.7165	6.81196
13.9055	6.64375	6.67363	6.70187	6.72202	6.70936	6.70091	6.64157	6.71586	6.81875
14.0021	6.64207	6.67677	6.70087	6.71729	6.70804	6.70572	6.63626	6.72046	6.82288
14.0993	6.64049	6.67534	6.70117	6.71813	6.70606	6.70007	6.64149	6.72082	6.81399
14.1973	6.64733	6.67555	6.69668	6.71283	6.70669	6.70237	6.64021	6.71744	6.81578
14.2959	6.65367	6.68086	6.70246	6.72092	6.71159	6.69594	6.64216	6.72128	6.81298
14.3952	6.64097	6.67867	6.69897	6.71371	6.7084	6.70133	6.64642	6.71658	6.80788
14.4952	6.64015	6.68565	6.70364	6.71783	6.70413	6.699	6.64401	6.71185	6.81297
14.5958	6.64232	6.68097	6.70147	6.71978	6.70178	6.70536	6.64239	6.71228	6.8156
14.6972	6.63686	6.68673	6.69876	6.72091	6.69809	6.70006	6.64133	6.71178	6.81199
14.7993	6.63477	6.69008	6.69719	6.7153	6.69595	6.69535	6.63846	6.71378	6.81112
14.9021	6.63572	6.69142	6.69565	6.72121	6.69715	6.69501	6.63581	6.70586	6.81003
15.0056	6.63939	6.69121	6.7017	6.7161	6.69387	6.69366	6.63413	6.70288	6.81259
15.1098	6.64173	6.69243	6.70592	6.71768	6.69414	6.69106	6.63624	6.70338	6.81122
15.2148	6.63398	6.69115	6.70447	6.723	6.69556	6.69129	6.62896	6.70386	6.81248
15.3204	6.63652	6.68725	6.70096	6.71929	6.69398	6.69709	6.63322	6.70498	6.81177
15.4269	6.63559	6.6893	6.70428	6.71433	6.68863	6.69143	6.63771	6.70285	6.81441
15.534	6.63521	6.67968	6.70543	6.71177	6.68936	6.6978	6.63939	6.70092	6.81948
15.6419	6.63839	6.68145	6.70606	6.7158	6.69207	6.69773	6.63947	6.69682	6.81473
15.7505	6.63505	6.67683	6.70455	6.71898	6.69042	6.70133	6.64241	6.69572	6.82136
15.8599	6.63841	6.6733	6.6997	6.71903	6.69232	6.69852	6.6386	6.69342	6.81724
15.97	6.63222	6.67459	6.7001	6.72331	6.69576	6.69437	6.64161	6.69643	6.81832
16.0809	6.63484	6.67358	6.70218	6.72035	6.69132	6.69208	6.63889	6.70026	6.81061
16.1926	6.63536	6.6655	6.70152	6.71993	6.69553	6.69129	6.63864	6.69924	6.80889
16.3051	6.63248	6.6699	6.70137	6.71528	6.69125	6.68899	6.63582	6.70749	6.81442
16.4183	6.63705	6.67185	6.70193	6.71686	6.692	6.69031	6.63312	6.71192	6.81245
16.5323	6.63944	6.67049	6.69526	6.71671	6.69274	6.68643	6.63336	6.70969	6.80877
16.6471	6.63603	6.67342	6.69424	6.7124	6.68825	6.68567	6.63333	6.70964	6.80669
16.7627	6.63187	6.66857	6.69328	6.71016	6.68864	6.68816	6.62921	6.71165	6.81146
16.8791	6.63311	6.67257	6.69559	6.71321	6.69251	6.68641	6.63346	6.70896	6.81205
16.9963	6.62814	6.67643	6.69093	6.71415	6.69043	6.69874	6.62983	6.70884	6.81226
17.1144	6.63232	6.67873	6.69283	6.71476	6.69077	6.68843	6.634	6.70326	6.81585
17.2332	6.62323	6.68413	6.69249	6.71679	6.68982	6.69187	6.6325	6.70382	6.80872
17.3529	6.62841	6.67989	6.68722	6.71745	6.69218	6.68858	6.63382	6.70314	6.80596
17.4734	6.63041	6.67936	6.68996	6.71421	6.68557	6.68978	6.6364	6.70911	6.80595
17.5947	6.6308	6.68154	6.68119	6.70859	6.6872	6.68847	6.62549	6.7071	6.81224
17.7169	6.62011	6.68929	6.68543	6.71028	6.6851	6.68751	6.62794	6.70726	6.80461
17.8399	6.61832	6.68523	6.69005	6.70993	6.6806	6.68932	6.62339	6.70278	6.81151
17.9637	6.61477	6.68832	6.69459	6.7103	6.68571	6.69291	6.62338	6.70449	6.81725
18.0885	6.61553	6.68716	6.7002	6.70698	6.68439	6.69338	6.61679	6.69781	6.80653
18.2141	6.61708	6.68759	6.6971	6.70712	6.68383	6.69611	6.61756	6.69501	6.81215
18.3405	6.6167	6.68419	6.70142	6.71002	6.68174	6.69461	6.61211	6.6934	6.80824
18.4678	6.61918	6.68839	6.69446	6.70547	6.68313	6.69471	6.61346	6.69906	6.81383
18.5961	6.619	6.68463	6.68816	6.70728	6.68336	6.69612	6.60889	6.69474	6.81051
18.7252	6.61836	6.68247	6.68507	6.70335	6.68438	6.69562	6.6171	6.70086	6.81073
18.8552	6.6141	6.67992	6.68522	6.70464	6.68359	6.69651	6.61315	6.70586	6.80472
18.9861	6.61877	6.68139	6.67973	6.70781	6.68657	6.69146	6.61771	6.70994	6.80607
19.1179	6.62286	6.6774	6.68653	6.70349	6.6854	6.69592	6.62012	6.70792	6.80588
19.2506	6.62106	6.67702	6.68243	6.69921	6.68061	6.69347	6.61763	6.7148	6.81079
19.3843	6.62394	6.67228	6.6872	6.69664	6.68223	6.6958	6.62187	6.71023	6.80418
19.5189	6.62341	6.6751	6.6853	6.69795	6.6828	6.69204	6.62469	6.71186	6.8055
19.6544	6.62158	6.67432	6.68807	6.69731	6.683	6.69151	6.62785	6.70703	6.80767
19.7908	6.62167	6.67277	6.68823	6.69724	6.67879	6.69224	6.62764	6.70874	6.80501
19.9282	6.62125	6.6758	6.68646	6.70291	6.68042	6.69397	6.62836	6.71008	6.80492
20.0665	6.62267	6.67618	6.688	6.70252	6.6766	6.69499	6.62454	6.706	6.80473
20.2058	6.61822	6.66992	6.69318	6.70335	6.68377	6.68871	6.62332	6.70998	6.80187
20.3461	6.61139	6.66943	6.69376	6.70159	6.6782	6.68727	6.61683	6.70199	6.80462
20.4874	6.6069	6.67521	6.6867	6.70068	6.67408	6.69054	6.61639	6.70414	6.80846
20.6296	6.60447	6.67632	6.6913	6.69552	6.67522	6.68562	6.61931	6.70354	6.80882
20.7728	6.60753	6.67866	6.6847	6.70085	6.67311	6.68632	6.62044	6.70021	6.80875
20.917	6.60482	6.68275	6.68592	6.69727	6.67957	6.68386	6.62071	6.69983	6.80802
21.0622	6.60426	6.67915	6.68665	6.69638	6.6793	6.6818	6.61545	6.69158	6.80459
21.2084	6.60396	6.68107	6.6841	6.70134	6.68334	6.68057	6.61327	6.68989	6.81119
21.3556	6.60961	6.67911	6.68575	6.69585	6.685	6.67468	6.61572	6.69059	6.8108
21.5038	6.61096	6.67919	6.68041	6.69182	6.6792	6.67999	6.60923	6.69328	6.81551
21.6531	6.60953	6.67886	6.68281	6.69584	6.67384	6.67323	6.61057	6.69503	6.81123
21.8034	6.61321	6.67894	6.67597	6.68783	6.67352	6.67173	6.61185	6.69752	6.8095
21.9547	6.61939	6.68439	6.68226	6.69222	6.66755	6.67263	6.60717	6.70019	6.81068
22.1071	6.61522	6.68715	6.67895	6.69329	6.67237	6.67756	6.6126	6.7037	6.80709
22.2606	6.61792	6.68187	6.67667	6.69455	6.67314	6.67938	6.61556	6.70366	6.80735
22.4151	6.61685	6.67949	6.67515	6.69289	6.68234	6.67819	6.61844	6.7069	6.80422
22.5707	6.61839	6.68035	6.67927	6.69152	6.68261	6.68261	6.61804	6.7019	6.79992
22.7273	6.61757	6.67817	6.68072	6.6907	6.6863	6.68298	6.62519	6.70411	6.79628
22.8851	6.61932	6.68157	6.68625	6.69206	6.67894	6.68104	6.62599	6.70852	6.79482
23.0439	6.61907	6.67343	6.68329	6.69447	6.67617	6.68303	6.62741	6.70382	6.7998
23.2038	6.62072	6.67462	6.68243	6.69511	6.67416	6.68179	6.62763	6.70049	6.79977
23.3649	6.61582	6.67215	6.68129	6.68981	6.66869	6.6839	6.61894	6.71343	6.79723
23.5271	6.60915	6.67591	6.6811	6.69002	6.67588	6.68163	6.61232	6.7077	6.8002
23.6904	6.60583	6.67262	6.68579	6.68973	6.67751	6.684	6.60888	6.70609	6.79823
23.8548	6.60494	6.67551	6.68622	6.68745	6.68102	6.67962	6.6129	6.70169	6.79872
24.0203	6.60922	6.67476	6.68658	6.68425	6.68041	6.67652	6.61437	6.70235	6.79872
24.187	6.6065	6.67926	6.68382	6.68676	6.67688	6.68717	6.61945	6.70884	6.79911
24.3549	6.60527	6.68067	6.68902	6.69079	6.66764	6.69153	6.6183	6.71473	6.80166
24.5239	6.60333	6.68062	6.68155	6.69647	6.66969	6.69097	6.61234	6.71861	6.79993
24.6941	6.60208	6.67645	6.68097	6.69363	6.66907	6.6897	6.61726	6.71745	6.80433
24.8655	6.59857	6.67304	6.68582	6.69422	6.67274	6.68684	6.6158	6.71312	6.79745
25.0381	6.60772	6.67137	6.68654	6.69108	6.67206	6.68562	6.62348	6.71382	6.79891
25.2118	6.61505	6.67263	6.68743	6.6895	6.6751	6.68115	6.61355	6.71301	6.79466
25.3868	6.62244	6.66847	6.68577	6.68789	6.6735	6.67941	6.61967	6.71545	6.79723
25.563	6.62789	6.67485	6.68735	6.68948	6.67338	6.68108	6.61216	6.71151	6.79598
25.7404	6.62119	6.67228	6.68473	6.69268	6.67169	6.68154	6.60796	6.7106	6.79543
25.919	6.61572	6.67532	6.68437	6.69196	6.67685	6.6812	6.61657	6.70043	6.79826
26.0989	6.61616	6.67478	6.68476	6.69353	6.67091	6.68427	6.61935	6.69995	6.80581
26.28	6.60931	6.67268	6.67859	6.69222	6.67139	6.6739	6.61778	6.69936	6.80489
26.4624	6.61449	6.66952	6.67621	6.68694	6.67427	6.66926	6.61705	6.69532	6.80505
26.646	6.61272	6.67402	6.67249	6.68977	6.67249	6.66783	6.61757	6.69081	6.79907
26.8309	6.60202	6.67162	6.67137	6.69016	6.67028	6.66685	6.61174	6.68907	6.79387
27.0171	6.59898	6.6715	6.67048	6.68636	6.66593	6.67078	6.60155	6.69069	6.79898
27.2046	6.59713	6.67382	6.67216	6.6823	6.66494	6.67437	6.60171	6.69575	6.79856
27.3934	6.60381	6.67048	6.67629	6.67987	6.66985	6.67943	6.6029	6.70081	6.79691
27.5835	6.60368	6.66572	6.68056	6.6788	6.66688	6.67417	6.60672	6.70278	6.79744
27.7749	6.60884	6.6695	6.68047	6.677	6.67067	6.67606	6.6089	6.70975	6.79484
27.9676	6.60775	6.66484	6.67919	6.67984	6.6744	6.67273	6.60985	6.71165	6.79995
28.1617	6.62105	6.66487	6.67958	6.67974	6.67602	6.68073	6.60614	6.70855	6.79726
28.3571	6.61805	6.65877	6.67957	6.68437	6.67479	6.67883	6.60635	6.70666	6.79761
28.5539	6.61395	6.65842	6.68407	6.68512	6.67106	6.68241	6.60901	6.70083	6.79548
28.752	6.61984	6.66108	6.6755	6.68732	6.6682	6.67797	6.60558	6.69948	6.7958
28.9515	6.621	6.66106	6.67234	6.68403	6.67446	6.67787	6.60852	6.70432	6.79481
29.1524	6.62032	6.6685	6.67017	6.68759	6.66645	6.67542	6.61173	6.70651	6.79479
29.3547	6.62001	6.66671	6.66875	6.68865	6.66564	6.68218	6.60687	6.71025	6.79435
29.5584	6.61654	6.67063	6.66634	6.69012	6.66552	6.68134	6.60712	6.7125	6.80106
29.7635	6.61311	6.66764	6.66896	6.69423	6.6683	6.68284	6.60899	6.71102	6.80138
30	6.60849	6.66514	6.67379	6.69211	6.66636	6.67646	6.60517	6.70625	6.79969