0.0001875	7.73461	7.78998	7.86374	7.50186	7.74338
0.0003875	7.8183	7.73356	7.86434	7.85359	7.74579
0.000575	7.79253	7.7253	8.26933	7.98808	7.78475
0.0007625	7.78072	7.64628	8.22222	7.77009	7.72295
0.0009625	7.86759	7.77927	8.18639	7.86632	7.84742
0.00115	7.93766	7.82588	7.99483	8.04619	7.87579
0.00135	7.87269	7.73476	8.11379	7.9313	7.70705
0.0015375	7.91199	7.97854	8.05881	8.02684	7.7776
0.0017375	7.89162	7.78813	8.01011	7.97148	7.77251
0.0019375	7.81747	7.89332	7.93566	8.03333	7.80136
0.0021375	7.86012	7.93545	7.88287	8.08638	7.76506
0.0023375	8.01718	7.87675	7.87632	7.92714	7.93879
0.0025375	7.89109	7.96252	7.96809	8.03644	7.77879
0.0027375	7.83146	7.69972	7.88625	8.13993	7.83918
0.0029375	7.8454	7.87929	8.1404	7.97238	7.75471
0.0031375	7.73734	7.86101	7.99451	8.00898	7.69018
0.0033375	7.83459	7.84327	8.13122	7.92562	7.89074
0.0035375	7.81833	8.05354	8.07293	7.89579	7.85271
0.00375	7.67053	7.82509	7.98881	7.96161	7.89278
0.00395	7.95333	7.65016	8.02487	7.98582	7.64715
0.00415	7.89577	7.66828	8.07418	7.82474	7.59988
0.0043625	7.9132	7.70147	8.0007	7.91343	7.73632
0.0045625	7.98477	7.80682	8.11866	7.84971	7.68119
0.004775	8.01746	7.85691	8.12925	7.87173	7.90494
0.0049875	7.79999	7.84433	7.99747	7.91427	7.64471
0.0051875	7.72074	7.86707	7.96906	7.98002	7.81096
0.0054	7.81669	8.03834	7.97403	7.97821	7.71745
0.0056125	7.71566	7.9372	7.92953	7.99912	7.89748
0.005825	7.92796	7.6723	7.88153	7.88066	7.74117
0.0060375	7.96823	7.73863	7.97836	7.81676	7.75418
0.00625	7.88245	7.85543	8.02098	7.88202	7.91136
0.0064625	7.79766	7.83921	8.05011	8.0068	8.04135
0.006675	7.98167	7.9182	7.87683	7.90023	7.99795
0.0069	7.93184	7.81587	7.96688	8.03433	7.81982
0.0071125	7.79418	7.91994	7.9539	7.88872	7.8546
0.007325	7.76081	7.86763	7.81628	8.05506	7.95765
0.00755	8.08835	7.78908	8.02753	7.97833	7.92044
0.0077625	7.78583	7.93005	7.93532	8.10349	7.71568
0.0079875	7.93009	7.77463	7.89582	7.85879	7.73823
0.0082125	7.84789	7.73482	7.86135	7.97813	7.81286
0.008425	7.85873	7.90374	7.97591	7.93066	7.72533
0.00865	7.88863	8.0257	8.04441	7.98288	7.9539
0.008875	7.86884	7.76437	7.95212	8.04886	7.95453
0.0091	7.80111	7.9893	7.93326	7.8549	7.86794
0.009325	7.72117	7.81712	8.03921	7.95033	7.85295
0.00955	7.92737	7.83091	7.91049	7.90937	7.75087
0.009775	7.92457	7.80651	7.84252	7.86623	7.71227
0.01	7.90475	7.85533	8.00037	7.81938	7.51903
0.0102375	7.8013	7.89889	7.83178	7.86147	7.84418
0.0104625	7.71626	7.92783	7.77386	7.83814	7.91807
0.0107	7.823	7.97365	7.89511	8.04611	7.86041
0.010925	7.94859	7.99063	7.97542	7.89858	7.89053
0.0111625	7.98274	7.96914	8.10012	7.80729	7.93389
0.0113875	8.00215	7.85533	7.98115	8.02422	7.86824
0.011625	7.87941	7.92537	7.95611	7.95439	7.7864
0.0118625	8.02157	7.9629	7.93669	7.94575	7.87314
0.0121	7.86611	8.10915	7.98011	7.87856	8.0064
0.012325	7.92221	7.95646	7.96492	7.97931	7.80015
0.0125625	7.97428	7.90691	8.02996	8.17662	7.69863
0.0128	7.77308	8.03	8.04018	8.09682	7.71693
0.01305	7.87994	7.7315	8.00361	7.98292	7.90237
0.0132875	8.076	7.84357	7.93973	7.95933	7.96455
0.013525	7.77784	7.94021	8.0896	7.83538	7.76922
0.0137625	7.76331	7.78261	8.03258	7.99468	7.7394
0.0140125	7.83842	7.98258	7.89662	8.03225	7.67226
0.01425	7.62762	7.94477	8.10292	7.85972	7.80653
0.0145	7.67332	7.84685	7.89359	7.91868	7.76822
0.01475	7.89724	7.84225	7.96447	7.90082	7.80151
0.0149875	7.85297	7.87074	8.01223	7.78558	7.84849
0.0152375	7.91198	7.74776	8.03521	7.92608	7.78728
0.0154875	7.91317	7.80466	8.04582	7.91491	7.88674
0.0157375	7.84138	7.94115	7.90377	8.03234	7.85979
0.0159875	7.77541	7.77969	7.94174	7.90721	7.74118
0.0162375	7.84149	7.81279	7.9698	7.83712	7.95765
0.0164875	7.90044	7.97223	8.04759	7.8437	7.87895
0.0167375	7.74949	7.81721	8.03469	7.9355	7.78458
0.017	7.81511	7.87371	8.05923	7.99976	7.77106
0.01725	7.70071	7.99514	8.0279	7.89554	7.91762
0.0175125	7.99308	7.75138	7.97009	7.93461	7.73847
0.0177625	7.78267	7.67988	7.84136	7.82989	7.80985
0.018025	7.92249	7.86912	7.92124	7.91389	7.76618
0.0182875	7.80554	7.83431	7.97103	7.98302	7.82837
0.0185375	7.92432	7.7237	7.91051	7.83011	7.83746
0.0188	7.85151	7.8416	7.83455	7.80442	7.77873
0.0190625	7.81092	7.99876	8.01344	8.03309	7.80655
0.019325	7.84544	7.80998	8.13044	8.03798	7.71702
0.0195875	7.80027	7.7072	8.093	8.00693	7.73026
0.0198625	8.03576	7.9448	8.02023	7.98309	7.65074
0.020125	8.00282	7.84997	8.07293	7.96007	7.84906
0.0203875	8.07252	7.91285	8.00637	7.79492	7.63701
0.0206625	7.83233	7.81576	7.80712	8.03747	7.63936
0.020925	7.83136	7.80444	7.9128	7.90682	7.65832
0.0212	7.78743	7.90529	7.91492	8.08187	7.75145
0.021475	7.87017	7.78544	7.88399	7.88782	7.78303
0.0217375	7.91512	7.78086	7.99022	7.85099	7.89267
0.0220125	7.98553	7.8369	8.11898	7.90843	7.82977
0.0222875	7.91778	7.85787	7.98881	7.84407	7.91063
0.0225625	7.89849	7.77911	7.99733	7.94283	7.76357
0.0228375	7.90427	7.74534	7.83983	8.0031	7.75583
0.0231125	7.94703	7.89876	7.79256	7.95154	7.69534
0.0234	8.00128	7.84355	8.1276	7.86264	7.92709
0.023675	7.89695	7.68167	7.8884	7.81739	7.80394
0.02395	7.94311	7.87005	7.95959	8.03326	7.95704
0.0242375	7.91955	7.95122	7.84036	7.95516	7.86275
0.024525	7.84087	7.88356	8.00161	8.05031	7.75846
0.0248	7.92722	7.94037	7.96217	7.98946	7.75278
0.0250875	7.74481	7.93195	7.90216	7.92686	7.87912
0.025375	7.91127	7.80441	7.93346	7.90836	8.06272
0.0256625	7.87685	7.90248	7.9573	7.86865	7.8901
0.02595	7.81578	7.95112	8.03014	7.89629	7.72056
0.0262375	7.88983	7.79242	7.9761	7.93515	7.73113
0.026525	7.72474	7.85192	7.86127	7.83552	7.69051
0.026825	7.86312	7.86809	8.00174	7.86761	7.77451
0.0271125	7.75076	7.79555	8.01023	7.7896	7.82564
0.0274125	7.75557	7.86607	7.89621	7.90891	7.89753
0.0277	7.77692	7.94539	7.9366	7.91606	7.73885
0.028	7.8281	7.7354	8.07499	7.94568	7.87548
0.0283	7.79291	7.74098	8.06462	7.93606	7.7809
0.0285875	7.8196	7.78726	7.86286	7.85715	7.98835
0.0288875	7.7828	7.67017	8.03778	7.77557	7.75124
0.0291875	7.75553	7.80623	7.89773	8.06617	7.94676
0.0294875	7.91098	7.69364	7.9916	7.88816	7.73488
0.0298	7.83786	7.79261	7.83962	7.89691	7.75629
0.0301	7.85479	7.9152	7.90821	7.85977	7.77681
0.0304	7.84218	7.78717	8.22109	7.85715	7.69459
0.0307125	7.8697	7.81874	7.88126	8.08041	7.76949
0.0310125	7.85613	7.9351	7.98941	7.98176	7.92872
0.031325	7.98212	7.88641	8.02763	7.9761	7.78501
0.0316375	7.85863	7.9552	7.99493	8.00895	7.69935
0.03195	8.083	7.89604	8.0757	7.81872	7.85216
0.0322625	7.88978	7.83838	7.84346	8.18258	7.88029
0.032575	7.86798	7.77082	7.99728	8.0876	7.76382
0.0328875	7.64126	7.73928	7.96792	7.96	7.95202
0.0332	7.77015	7.85667	7.94123	7.74057	7.72492
0.033525	7.80878	7.69209	7.89609	7.7409	7.74967
0.0338375	7.97814	7.81608	8.02104	8.00099	7.77785
0.0341625	7.76977	7.7772	7.96735	8.01472	7.71468
0.034475	7.77833	7.80912	7.94153	7.90204	7.67981
0.0348	7.93773	7.84419	8.02044	7.95316	7.85211
0.035125	7.8448	7.81474	8.05054	7.85149	7.67434
0.03545	7.84819	7.82439	8.02501	7.89486	7.85936
0.035775	7.90571	7.80054	8.03655	7.73783	7.91995
0.0361	7.82484	7.87169	7.88663	7.99161	7.72939
0.036425	7.95224	7.81579	7.84667	8.02767	7.71291
0.03675	7.91948	7.92298	7.99138	7.79265	7.92006
0.0370875	7.83951	7.79889	7.83858	7.80444	7.87706
0.0374125	7.87855	7.90878	7.85433	7.7727	7.92334
0.03775	7.9467	7.87109	7.94604	7.89244	7.91071
0.0380875	7.9584	7.96695	7.93967	7.9387	7.99902
0.038425	7.79725	7.93985	7.92579	8.03388	7.995
0.03875	7.89619	7.95598	8.06204	8.03834	7.80641
0.0391	7.86988	7.92409	7.95465	7.87364	7.71612
0.0394375	7.90554	7.83392	7.80856	7.72304	7.76409
0.039775	7.81404	7.73673	8.06055	7.8419	7.76397
0.0401125	7.85581	7.86515	8.00645	7.91893	7.76546
0.0404625	7.86073	7.87228	7.97672	7.91761	7.83802
0.0408	7.93047	7.84889	7.99096	7.81303	7.71774
0.04115	7.84947	7.93167	7.92383	7.85477	7.68986
0.0415	7.84167	7.93786	7.89519	7.90487	7.86428
0.04185	7.8891	7.82112	7.9547	7.97032	7.81138
0.0422	7.98503	7.8522	8.07054	7.94184	7.76484
0.04255	7.82919	7.78005	7.94585	7.97386	7.73008
0.0429	7.78981	7.82628	8.08256	7.87777	7.80659
0.04325	7.82478	7.72328	7.96441	7.88082	7.74858
0.0436125	7.86394	7.72421	7.98622	8.01199	7.83682
0.0439625	7.86542	7.77442	8.07276	8.0325	7.8701
0.044325	7.95169	7.84568	7.9596	7.70694	7.72795
0.044675	7.90877	7.82015	8.01881	7.85226	7.84256
0.0450375	7.71563	7.8353	8.15583	7.95791	7.75841
0.0454	7.9074	7.89806	8.03989	7.95877	7.71572
0.0457625	7.76992	7.89675	8.00082	8.02378	7.8462
0.046125	7.94132	7.7398	7.78932	8.03281	7.90443
0.0465	7.76265	7.7114	8.00397	7.88647	7.60489
0.0468625	7.95434	7.73272	7.89465	7.96816	7.74174
0.0472375	7.90787	7.9221	7.86315	7.96935	7.82597
0.0476	7.98243	7.74845	8.04077	7.9471	7.81693
0.047975	7.87481	7.71941	7.9702	7.9388	7.84966
0.04835	7.76679	7.86745	7.89626	7.90799	7.80667
0.048725	7.85274	7.75372	8.01402	7.90093	7.71361
0.0491	7.80464	7.78528	8.08777	7.9459	7.61046
0.049475	7.85622	7.83079	8.10255	7.93175	7.84154
0.04985	7.72304	7.82346	8.03975	7.97439	7.82006
0.0502375	7.77181	7.826	8.06755	7.93572	7.82367
0.0506125	7.7928	7.74405	7.92225	7.93298	7.70511
0.051	8.01319	7.75135	7.88757	7.81407	7.72344
0.0513875	7.76309	7.81911	7.84644	7.82072	7.85456
0.051775	7.89616	7.75581	8.04791	7.79143	7.7335
0.0521625	7.93524	7.90266	7.8632	7.86597	7.86465
0.05255	7.92962	7.8395	8.006	7.98288	7.69175
0.0529375	7.90153	7.76102	7.89924	8.03447	7.684
0.053325	7.81224	7.7645	7.97828	7.90544	7.73715
0.053725	7.86104	7.85685	8.00279	7.82779	7.69595
0.0541125	7.75501	7.82446	7.89148	7.82173	7.71494
0.0545125	7.97162	7.6788	8.09978	7.69001	7.71116
0.0549125	7.82257	7.90762	8.03582	7.85015	7.83706
0.0553125	7.90072	7.92542	7.91275	7.99181	7.78643
0.0557125	7.86302	7.78304	7.98864	7.88594	7.7306
0.0561125	7.83277	7.81518	7.96396	7.92437	7.8206
0.0565125	7.91881	7.76975	8.01473	7.79424	7.79331
0.056925	7.75636	7.80342	7.90351	7.93629	7.68093
0.057325	7.87214	7.96905	8.01125	7.87862	7.85251
0.0577375	7.89871	7.89032	7.97018	7.95157	7.75
0.05815	7.80754	7.74131	8.02676	7.88903	7.85632
0.0585625	7.8501	7.7894	7.84535	7.83162	7.77817
0.058975	7.76724	7.81872	7.82172	7.87383	7.64759
0.0593875	7.79958	7.69352	7.89986	7.89468	7.67073
0.0598	7.8507	7.79214	7.96422	7.86807	7.72247
0.060225	7.85971	7.79677	7.96243	7.90725	7.70172
0.06065	7.9516	7.72608	7.85642	7.90375	7.64034
0.0610625	7.80285	7.88487	7.82498	7.99651	7.66664
0.0614875	7.86937	7.69017	7.94833	8.00598	7.7183
0.0619125	7.92286	7.84575	7.83078	7.97937	7.69604
0.0623375	7.88345	7.88998	8.00293	7.89746	7.80404
0.0627625	7.8514	7.73474	8.03144	7.83889	7.68035
0.0632	7.82336	7.75055	8.01275	7.91015	7.65949
0.063625	7.76264	7.82391	7.83899	7.95983	7.78198
0.0640625	7.81282	7.88237	8.00117	7.91551	7.70878
0.0645	7.94167	7.81269	8.03223	7.90765	7.79571
0.064925	7.9304	7.72799	7.9708	7.8683	7.62532
0.0653625	7.87248	7.78646	7.94215	7.81339	7.90035
0.0658125	7.79763	7.73569	7.96809	7.95772	7.8193
0.06625	7.81198	7.76849	7.96627	7.97676	7.853
0.0666875	7.81642	7.78753	7.92353	7.94578	7.65444
0.0671375	7.74032	7.75529	7.91261	7.91123	7.71488
0.067575	7.85053	7.72345	7.96886	7.8168	7.75206
0.068025	7.88097	7.65469	7.95701	7.85653	7.83882
0.068475	7.92054	7.73343	7.94918	7.84124	7.80657
0.068925	7.74893	7.71432	8.10393	7.97732	7.54982
0.0693875	7.89983	7.69274	7.99939	7.9644	7.77597
0.0698375	7.78089	7.87948	8.05065	7.7044	7.76911
0.0702875	7.77439	7.70651	7.88649	7.88305	7.78626
0.07075	7.83181	7.71938	7.98719	7.75748	7.79989
0.0712125	7.86163	7.75357	7.90191	7.97267	7.71249
0.071675	7.94364	7.78132	8.05097	7.9151	7.76311
0.0721375	7.79274	7.76073	8.04072	7.90183	7.81335
0.0726	7.90345	7.79299	7.99044	7.92715	7.78855
0.0730625	7.76984	7.84928	7.93336	7.81815	7.76765
0.0735375	7.76533	7.66756	7.85594	7.9105	7.7642
0.074	7.80684	7.80943	7.80655	7.84325	7.77189
0.074475	7.83533	7.65274	7.89067	7.82629	7.72876
0.07495	7.90092	7.87184	7.86973	7.84267	7.78682
0.075425	7.79308	7.80396	7.9176	7.95633	7.88761
0.0759	7.83069	7.71135	7.96266	7.93995	7.92595
0.0763875	7.88775	7.88976	7.99608	7.86997	7.74462
0.0768625	7.95082	7.9179	7.8709	7.91313	7.80092
0.07735	7.97518	7.78486	8.07645	7.89999	7.73582
0.0778375	7.81954	7.78073	7.87799	7.9142	7.72437
0.078325	7.98718	7.82169	7.81682	7.88614	7.81087
0.0788125	7.86901	7.85438	7.88393	7.90423	7.67706
0.0793	7.78089	7.91677	7.89127	8.01464	7.62993
0.0797875	7.74951	7.80888	8.06782	7.88062	7.68903
0.0802875	7.85277	7.80709	7.94801	7.93319	7.76141
0.0807875	7.84348	7.70593	8.08508	7.98313	7.80499
0.081275	7.88107	7.83234	8.01952	7.80712	7.70268
0.081775	7.63799	7.72865	7.94297	7.85588	7.84952
0.0822875	7.91484	7.91559	7.94452	7.89907	7.70455
0.0827875	7.92114	7.71213	7.8688	7.89509	7.67516
0.0832875	7.73457	7.62445	8.06019	7.80659	7.67215
0.0838	7.94688	7.82704	7.89956	7.72663	7.80565
0.0843125	7.75838	7.77421	7.88392	7.7313	7.72313
0.084825	7.76768	7.76847	7.94426	7.85299	7.72644
0.0853375	7.95375	7.64324	7.91763	7.90754	7.80097
0.08585	7.86462	7.76489	7.93163	7.86954	7.69169
0.0863625	7.91424	7.8098	7.91287	7.91968	7.71543
0.0868875	7.84973	7.75816	7.90946	7.89137	7.815
0.0874125	7.71312	7.6438	7.89312	7.73234	7.72471
0.087925	7.88923	7.77499	7.95728	7.8046	7.79679
0.08845	7.85647	7.92435	7.93887	7.82326	7.88208
0.0889875	7.86658	7.61688	7.82952	7.91116	7.66889
0.0895125	7.84456	7.89036	7.92842	7.97153	7.70713
0.0900375	7.84158	7.69462	8.02885	7.9501	7.71047
0.090575	7.82714	7.83622	7.84756	7.69186	7.81309
0.0911125	7.88915	7.9105	7.87292	7.91044	7.68505
0.09165	7.75431	7.84425	7.82653	7.80858	7.63127
0.0921875	7.89085	7.69557	7.92653	7.88888	7.80264
0.092725	7.8182	7.77741	8.00792	7.88419	7.71686
0.093275	7.83446	7.7626	7.84316	7.67406	7.76644
0.0938125	7.84662	7.69311	7.89317	7.7461	7.68803
0.0943625	7.91356	7.63798	7.91627	7.66916	7.7336
0.0949125	7.87222	7.66088	7.88252	7.94385	7.76055
0.0954625	7.8883	7.8415	7.9305	7.83056	7.78778
0.096025	7.88778	7.78506	7.97249	7.86299	7.77133
0.096575	7.76886	7.75445	7.98603	7.87342	7.77661
0.0971375	7.68496	7.88635	7.98979	7.84616	7.67059
0.0977	7.75988	7.82004	7.78292	7.81411	7.69473
0.0982625	7.79147	7.78899	7.88777	7.90035	7.8092
0.098825	7.87961	7.73597	7.91982	7.80342	7.64267
0.0993875	7.86387	7.6454	8.02186	7.81543	7.82136
0.0999625	7.76683	7.82463	7.81654	7.84369	7.78424
0.100525	7.77955	7.81529	7.88696	7.71605	7.74977
0.1011	7.78693	7.85643	8.05897	7.70201	7.63817
0.101675	7.8119	7.74171	7.9844	7.96139	7.78729
0.10225	7.84916	7.75071	7.85393	7.75531	7.66256
0.102838	7.89113	7.77791	7.89274	7.77799	7.61325
0.103413	7.81687	7.68021	7.86227	7.86023	7.76483
0.104	7.85011	7.72274	7.83041	7.95811	7.68075
0.104588	7.86137	7.78795	7.94325	7.77343	7.83018
0.105175	7.75867	7.76455	8.00965	7.85925	7.70811
0.105762	7.93583	7.71327	7.98074	7.71833	7.79695
0.106362	7.78246	7.70354	7.93755	7.77474	7.7562
0.10695	7.89653	7.8232	7.97039	7.87531	7.73619
0.10755	7.82688	7.63872	7.90829	7.93656	7.78741
0.10815	7.74915	7.70464	7.87585	7.92223	7.53907
0.10875	7.69023	7.72533	7.96928	7.90871	7.75218
0.109362	7.82969	7.79685	7.83122	7.7949	7.74627
0.109963	7.7523	7.8864	7.97338	7.83109	7.77557
0.110575	7.79822	7.7635	7.87231	7.82648	7.74273
0.111188	7.77188	7.66296	7.81961	7.77876	7.70309
0.1118	7.86139	7.79204	7.9098	7.8778	7.6303
0.112412	7.81626	7.79928	7.93348	7.87641	7.68971
0.113037	7.7904	7.90208	7.97448	8.00963	7.61835
0.11365	7.86262	7.75761	7.80867	7.87425	7.69793
0.114275	7.75465	7.7475	7.80684	7.75885	7.69187
0.1149	7.7463	7.69952	7.89686	7.86132	7.71447
0.115538	7.8044	7.73308	7.86665	7.80506	7.86808
0.116163	7.82214	7.83739	8.00926	7.8008	7.78638
0.1168	7.82397	7.85583	7.98017	7.96921	7.71997
0.117425	7.77443	7.75485	7.96254	7.78227	7.73335
0.118063	7.71912	7.75908	7.85376	7.76375	7.76047
0.118712	7.81292	7.68746	7.87936	7.83573	7.66995
0.11935	7.83188	7.78988	7.95279	7.82763	7.68818
0.12	7.83696	7.73122	7.97021	7.9692	7.6427
0.120637	7.84822	7.78543	7.89501	7.86474	7.77593
0.121288	7.74885	7.71226	7.89047	7.80231	7.67913
0.12195	7.76338	7.74616	7.89381	7.79298	7.70011
0.1226	7.84661	7.80061	7.89109	7.84535	7.76688
0.12325	7.87164	7.75655	7.99242	7.82842	7.68348
0.123912	7.88115	7.82351	7.90795	7.6577	7.74439
0.124575	7.88254	7.9234	7.77177	7.8404	7.69644
0.125237	7.81075	7.80076	7.89112	7.71437	7.6743
0.125913	7.75283	7.66071	7.81711	7.79811	7.6761
0.126575	7.79397	7.89272	7.81687	7.75256	7.74276
0.12725	7.81073	7.85349	7.87346	7.91472	7.74457
0.127925	7.78561	7.72924	7.96554	7.78871	7.76196
0.1286	7.88212	7.69016	7.86573	7.81353	7.73593
0.129287	7.7822	7.74284	8.0292	7.82151	7.70687
0.129963	7.92691	7.78744	7.93178	7.86576	7.84796
0.13065	8.01645	7.84028	7.88917	7.80445	7.79463
0.131337	7.74963	7.8172	7.9653	7.86603	7.67982
0.132025	7.86234	7.84856	7.884	7.81811	7.7716
0.132725	7.73193	7.72831	7.94221	7.76419	7.75661
0.133425	7.78664	7.83545	7.93286	7.90463	7.64492
0.134113	7.82758	7.68094	7.90271	7.86302	7.65435
0.134825	7.85075	7.77864	7.95188	7.82111	7.75499
0.135525	7.80529	7.65365	7.94159	7.84969	7.76617
0.136225	7.80508	7.73007	7.88368	7.89124	7.69781
0.136937	7.79059	7.74943	7.8625	7.86592	7.77361
0.13765	7.6113	7.79023	8.01665	7.87114	7.81357
0.138362	7.77071	7.74061	7.79923	7.80009	7.79344
0.139087	7.785	7.63113	7.81722	7.69956	7.72151
0.1398	7.90239	7.72034	7.87395	7.86326	7.77924
0.140525	7.79487	7.77727	7.80134	7.84818	7.6802
0.14125	7.85138	7.6978	7.86487	7.79856	7.68327
0.141975	7.80181	7.68851	7.91898	7.80356	7.79598
0.142713	7.74556	7.64568	7.83114	7.82397	7.84046
0.143438	7.75603	7.75458	7.8918	7.93101	7.68576
0.144175	7.81937	7.79518	7.92707	7.75527	7.72057
0.144925	7.8782	7.73986	7.86021	7.97344	7.71965
0.145663	7.75444	7.74581	7.95138	7.79562	7.68478
0.146413	7.78154	7.81905	7.85712	7.88576	7.68705
0.14715	7.70517	7.75002	7.85099	7.86642	7.70049
0.1479	7.80923	7.83915	7.87624	7.90363	7.74839
0.148662	7.80138	7.79884	7.8644	7.82527	7.65369
0.149412	7.87332	7.74616	7.90577	7.88444	7.73036
0.150175	7.86259	7.78448	7.88741	7.87125	7.75935
0.150937	7.80448	7.78572	7.8873	7.88171	7.72723
0.1517	7.75938	7.7445	7.99261	7.8686	7.73581
0.152475	7.88972	7.70494	7.88191	7.77468	7.70477
0.153238	7.80462	7.71157	7.88652	7.82511	7.74862
0.154013	7.72745	7.80833	7.91943	7.89613	7.76947
0.154787	7.84406	7.69375	7.85816	7.81427	7.70491
0.155575	7.88337	7.78811	7.81592	7.85799	7.65696
0.15635	7.80676	7.74458	7.86993	7.78363	7.71293
0.157137	7.78502	7.81376	7.84442	7.85218	7.82301
0.157925	7.76101	7.78111	7.87694	7.81525	7.63484
0.158725	7.75159	7.86852	7.93593	7.80746	7.71961
0.159513	7.77753	7.80156	7.86757	7.93596	7.60961
0.160313	7.8264	7.71038	7.86699	7.75006	7.7843
0.161113	7.75108	7.77197	7.83311	7.83222	7.80481
0.161913	7.73536	7.83932	7.89477	7.77727	7.70899
0.162725	7.74616	7.71811	7.97567	7.79286	7.70407
0.163538	7.82276	7.76527	7.94023	7.84652	7.62952
0.16435	7.78517	7.74928	7.85938	7.8192	7.69774
0.165163	7.85745	7.76687	7.89738	7.89397	7.69874
0.165988	7.79407	7.78994	7.99971	7.84672	7.65545
0.1668	7.83861	7.73663	7.89006	7.86547	7.66912
0.167625	7.78494	7.77951	7.87901	7.88985	7.63109
0.168462	7.66193	7.69931	7.98025	7.84265	7.65547
0.169288	7.85137	7.70891	7.92457	7.86306	7.71369
0.170125	7.79847	7.76473	7.85662	7.80723	7.7083
0.170962	7.75815	7.78022	7.8917	7.77602	7.82621
0.1718	7.84443	7.77913	7.80214	7.79694	7.71182
0.17265	7.74193	7.76405	7.77004	7.86411	7.74179
0.1735	7.76072	7.73347	7.84418	7.85605	7.66349
0.17435	7.76058	7.73509	7.79969	7.81377	7.63325
0.1752	7.81796	7.76897	7.81652	7.85659	7.73035
0.176062	7.70246	7.67995	7.8049	7.90434	7.74218
0.176925	7.79608	7.73585	7.8295	7.71789	7.66748
0.177787	7.80281	7.67463	7.81652	7.79926	7.62838
0.17865	7.80593	7.69586	7.89633	7.88183	7.80267
0.179525	7.66785	7.76728	7.87942	7.69639	7.65197
0.1804	7.76205	7.84236	7.81186	7.93458	7.66691
0.181275	7.82092	7.73816	7.75403	7.85788	7.77392
0.18215	7.80486	7.7476	7.79377	7.83288	7.78342
0.183038	7.71317	7.86473	7.89605	7.80499	7.68106
0.183925	7.8896	7.70076	7.82619	7.75211	7.64738
0.184813	7.7721	7.71662	7.76429	7.80828	7.7227
0.185713	7.76035	7.80243	7.88917	7.8241	7.73965
0.186613	7.75678	7.75208	7.83585	7.85875	7.71949
0.187513	7.76068	7.72963	7.83375	7.84508	7.69866
0.188413	7.80878	7.80511	7.91363	7.83266	7.83701
0.189325	7.86975	7.71209	7.94248	7.80096	7.7512
0.190238	7.77358	7.68994	7.79614	7.88104	7.67087
0.19115	7.67785	7.77542	7.88376	7.79547	7.76026
0.192062	7.76809	7.75897	7.91781	7.93578	7.72457
0.192988	7.79436	7.73246	7.89401	7.77668	7.73715
0.193913	7.73726	7.76433	7.85508	7.84836	7.6816
0.194837	7.80176	7.69113	7.83892	7.80516	7.72147
0.195775	7.77347	7.71466	7.79195	7.78935	7.71745
0.196712	7.80968	7.76874	7.82391	7.81596	7.68606
0.19765	7.78443	7.69014	7.77199	7.77548	7.72961
0.198588	7.65737	7.78809	7.82866	7.82497	7.64198
0.199538	7.86201	7.72529	7.82821	7.79012	7.76491
0.200487	7.81787	7.69861	7.75675	7.77796	7.66973
0.201438	7.73864	7.76941	7.9144	7.79364	7.80009
0.2024	7.82873	7.88831	7.8176	7.912	7.62562
0.203362	7.83699	7.7766	7.85333	7.81983	7.73792
0.204325	7.72881	7.72802	7.84376	7.87537	7.68293
0.2053	7.78987	7.71938	7.90645	7.87037	7.79009
0.206262	7.72873	7.70297	7.86702	7.83473	7.78788
0.207237	7.74721	7.6987	7.75255	7.80959	7.63187
0.208225	7.83423	7.76845	7.83758	7.89352	7.75064
0.2092	7.78448	7.77375	7.90969	7.82025	7.70077
0.210187	7.74049	7.77196	7.92803	7.85666	7.77909
0.211187	7.83315	7.73844	7.86563	7.78462	7.74164
0.212175	7.80209	7.75451	7.92238	7.7948	7.63038
0.213175	7.77605	7.8019	7.88546	7.88568	7.67914
0.214175	7.87382	7.77275	7.88669	7.88313	7.69296
0.215188	7.78175	7.79183	7.82439	7.81399	7.66859
0.216188	7.79179	7.81521	7.93763	7.86568	7.70858
0.217212	7.7233	7.80727	7.83127	7.89198	7.74551
0.218225	7.72322	7.73498	7.90015	7.79248	7.61287
0.21925	7.82518	7.76318	7.80742	7.91091	7.71406
0.220275	7.71832	7.79645	7.90205	7.79026	7.70929
0.2213	7.73249	7.71537	7.88987	7.87421	7.73512
0.222337	7.8303	7.79793	7.84462	7.82902	7.78548
0.223375	7.78317	7.74406	7.87673	7.84467	7.79506
0.224413	7.77815	7.68366	7.89855	7.82708	7.72163
0.22545	7.69178	7.75983	7.94146	7.83985	7.7079
0.2265	7.72696	7.67755	7.88596	7.86365	7.77406
0.227563	7.74722	7.66017	7.85635	7.80528	7.77126
0.228612	7.78528	7.6448	7.8842	7.76794	7.68664
0.229675	7.84553	7.73173	7.87557	7.89053	7.73592
0.230738	7.83498	7.77732	7.87171	7.82401	7.76115
0.231813	7.72359	7.68617	7.75715	7.88795	7.6998
0.232888	7.75696	7.71743	7.85433	7.80025	7.6173
0.233963	7.80373	7.65536	7.84364	7.91673	7.63429
0.235038	7.77816	7.73986	7.84014	7.82063	7.77684
0.236125	7.88554	7.72539	7.84439	7.88879	7.70433
0.237212	7.69382	7.72129	7.89513	7.83227	7.73499
0.238312	7.74355	7.72364	7.80737	7.78365	7.76744
0.239413	7.79289	7.7413	7.86933	7.77259	7.71431
0.240513	7.7982	7.70783	7.83169	7.91741	7.69408
0.241612	7.81634	7.79941	7.91453	7.77336	7.71044
0.242725	7.82979	7.77227	7.87259	7.81684	7.75256
0.243838	7.81296	7.71466	7.91455	7.81836	7.68034
0.244962	7.82155	7.68102	7.79916	7.7815	7.69646
0.246088	7.80252	7.72575	7.89772	7.77089	7.70814
0.247212	7.84713	7.68362	7.91195	7.84138	7.68521
0.248338	7.80268	7.68206	7.85105	7.8699	7.81796
0.249475	7.72644	7.7015	7.86581	7.81941	7.7616
0.250612	7.76553	7.74827	7.88115	7.8305	7.69693
0.251763	7.74263	7.78404	7.89751	7.81333	7.73871
0.252912	7.76237	7.76296	7.89327	7.84893	7.75957
0.254063	7.6478	7.66198	7.80217	7.85936	7.72922
0.255225	7.76104	7.68258	7.84531	7.78726	7.6761
0.256388	7.6367	7.62208	7.79286	7.76278	7.7829
0.25755	7.74281	7.70529	7.8558	7.79366	7.70427
0.258725	7.77977	7.68069	7.76915	7.79679	7.7353
0.2599	7.70806	7.70066	7.82508	7.7702	7.75707
0.261075	7.77849	7.71766	7.81007	7.83197	7.72401
0.262262	7.77988	7.74553	7.88378	7.91087	7.73559
0.26345	7.82228	7.79139	7.87406	7.81281	7.66819
0.26465	7.9043	7.71703	7.83278	7.79973	7.61391
0.265837	7.81425	7.70121	7.88418	7.8698	7.75807
0.26705	7.74228	7.75181	7.89533	7.77011	7.64921
0.26825	7.76273	7.73418	7.87736	7.74383	7.7947
0.269462	7.79158	7.78149	7.90811	7.83432	7.72144
0.270675	7.74477	7.79911	7.8543	7.76481	7.72279
0.2719	7.73935	7.68956	7.90355	7.88913	7.69495
0.273125	7.75014	7.72472	7.8956	7.75705	7.72816
0.274363	7.7933	7.69103	7.75572	7.73151	7.65588
0.275587	7.78907	7.75348	7.87042	7.76174	7.73628
0.276837	7.7144	7.74117	7.86571	7.76847	7.73785
0.278075	7.81362	7.7597	7.88468	7.7867	7.65448
0.279325	7.76209	7.73335	7.89839	7.82654	7.71957
0.280575	7.70222	7.73013	7.7949	7.88167	7.69322
0.281837	7.85119	7.80899	7.91385	7.86775	7.67032
0.2831	7.75685	7.7067	7.88804	7.71918	7.71817
0.284375	7.77753	7.67566	7.82794	7.8262	7.71632
0.285637	7.83367	7.66457	7.91571	7.78644	7.72713
0.286925	7.73125	7.812	7.95473	7.80365	7.65393
0.2882	7.731	7.69743	7.9128	7.9087	7.69348
0.289488	7.77207	7.707	7.83182	7.82246	7.67283
0.290787	7.78673	7.67194	7.86055	7.82177	7.73896
0.292087	7.76206	7.71969	7.86366	7.75746	7.6276
0.293388	7.78597	7.69184	7.86314	7.75289	7.65295
0.294688	7.80745	7.73072	7.77753	7.80665	7.73155
0.296	7.68999	7.75686	7.76574	7.95262	7.66043
0.297325	7.70411	7.71013	7.81233	7.89894	7.71955
0.29865	7.76719	7.73254	7.85196	7.77567	7.69519
0.299975	7.72294	7.66379	7.84794	7.67982	7.7064
0.3013	7.81281	7.69701	7.89056	7.71127	7.71981
0.302637	7.84693	7.73439	7.81427	7.74379	7.67106
0.303988	7.83139	7.6594	7.84502	7.87893	7.75918
0.305337	7.76489	7.7611	7.84524	7.9655	7.67716
0.306688	7.81754	7.67498	7.81574	7.77517	7.71081
0.30805	7.77517	7.75538	7.84301	7.91387	7.71113
0.309413	7.78565	7.70974	7.93327	7.86964	7.73555
0.310775	7.81939	7.72611	7.80063	7.8115	7.70658
0.31215	7.75342	7.72253	7.84712	7.85339	7.69949
0.313525	7.75813	7.742	7.79851	7.77884	7.65637
0.314912	7.76	7.70947	7.77554	7.7558	7.6875
0.3163	7.81454	7.73316	7.93916	7.7507	7.68985
0.3177	7.81961	7.75546	7.8872	7.81556	7.74122
0.3191	7.68663	7.75257	7.90039	7.84868	7.64615
0.3205	7.74029	7.76911	7.82371	7.90182	7.72148
0.321912	7.76698	7.71562	7.87567	7.73899	7.7145
0.323325	7.82897	7.66836	7.8432	7.87224	7.71316
0.32475	7.85083	7.68826	7.88495	7.83078	7.69103
0.326175	7.76991	7.75102	7.8196	7.79024	7.60114
0.327612	7.74021	7.75056	7.83967	7.80995	7.61718
0.32905	7.71801	7.7208	7.84612	7.85146	7.69785
0.330487	7.78543	7.75545	7.88644	7.85297	7.71067
0.331937	7.748	7.76698	7.83695	7.77031	7.65539
0.3334	7.79874	7.73863	7.93146	7.77647	7.7708
0.33485	7.92687	7.66406	7.80156	7.77457	7.66733
0.336325	7.72612	7.79164	7.81695	7.8457	7.69729
0.337788	7.76108	7.63476	7.85866	7.85226	7.71306
0.339262	7.76971	7.70903	7.84507	7.87006	7.62612
0.34075	7.81066	7.69872	7.88111	7.84829	7.6762
0.342238	7.80533	7.76348	7.85033	7.86426	7.71183
0.343725	7.81596	7.71973	7.88537	7.83518	7.76706
0.345225	7.80807	7.70275	7.84176	7.80118	7.77725
0.346738	7.69949	7.75456	7.83924	7.79595	7.59586
0.34825	7.77083	7.71082	7.91444	7.8903	7.64964
0.349762	7.73758	7.7395	7.8227	7.85661	7.71697
0.351288	7.67441	7.72484	7.80848	7.85215	7.62177
0.352812	7.67549	7.66968	7.77391	7.7462	7.64309
0.35435	7.81893	7.77402	7.87808	7.82063	7.72211
0.355888	7.80789	7.78216	7.75803	7.79434	7.67766
0.357425	7.75758	7.75322	7.89591	7.77535	7.64424
0.358988	7.87875	7.68361	7.84624	7.89913	7.61262
0.360537	7.74224	7.69392	7.80499	7.82798	7.69788
0.3621	7.76553	7.73426	7.75482	7.82892	7.61822
0.363675	7.7976	7.72933	7.79651	7.84935	7.59972
0.36525	7.68441	7.70959	7.86236	7.81015	7.70174
0.366825	7.68075	7.72399	7.76614	7.81245	7.61329
0.368412	7.78165	7.69291	7.78269	7.84361	7.61796
0.370012	7.74379	7.68771	7.89796	7.80051	7.65207
0.371612	7.76596	7.78584	7.82174	7.81986	7.64809
0.373212	7.79274	7.72883	7.87415	7.81973	7.6736
0.374825	7.79205	7.7138	7.84942	7.80449	7.62354
0.376437	7.83302	7.70674	7.88233	7.83854	7.66913
0.378062	7.75544	7.7503	7.88001	7.81266	7.67206
0.3797	7.82678	7.74356	7.84195	7.73874	7.65096
0.381337	7.8093	7.78178	7.87744	7.82766	7.72511
0.382975	7.76118	7.76294	7.76398	7.81584	7.70653
0.384625	7.75768	7.72822	7.79658	7.80225	7.6582
0.386275	7.79466	7.72656	7.77602	7.79975	7.71364
0.387937	7.69575	7.75125	7.77848	7.81375	7.72127
0.389612	7.75675	7.73359	7.82341	7.7967	7.64055
0.391275	7.72624	7.71048	7.80985	7.86666	7.6753
0.392962	7.76895	7.7113	7.86326	7.82008	7.67585
0.39465	7.75517	7.72233	7.84878	7.83862	7.68403
0.396338	7.75616	7.72696	7.75419	7.84407	7.67564
0.398037	7.7592	7.74369	7.80998	7.83292	7.65856
0.39975	7.737	7.66877	7.82908	7.76811	7.6532
0.401462	7.77874	7.63731	7.90104	7.86672	7.68262
0.403175	7.7417	7.71891	7.88543	7.795	7.70583
0.4049	7.76583	7.79992	7.85617	7.83591	7.6696
0.406637	7.79231	7.71265	7.87026	7.74942	7.73831
0.408375	7.8107	7.70213	7.86017	7.80966	7.68737
0.410125	7.65898	7.79552	7.85757	7.76785	7.66263
0.411875	7.7657	7.66185	7.80389	7.8403	7.64925
0.413625	7.79216	7.67981	7.82445	7.80881	7.70711
0.4154	7.6707	7.75387	7.79309	7.79522	7.72103
0.417163	7.72784	7.65193	7.864	7.70234	7.61109
0.41895	7.74642	7.68756	7.83803	7.86631	7.75105
0.420738	7.80428	7.77173	7.75681	7.77936	7.65671
0.422525	7.7984	7.74474	7.82879	7.76425	7.60834
0.424325	7.74515	7.69949	7.83746	7.88068	7.71453
0.426125	7.82217	7.77951	7.81694	7.76561	7.68296
0.427938	7.76787	7.58532	7.80353	7.79175	7.67926
0.429763	7.7596	7.63686	7.82111	7.76184	7.71387
0.431587	7.75253	7.69447	7.80822	7.82847	7.71983
0.433425	7.71333	7.71162	7.8476	7.83824	7.70253
0.435263	7.71647	7.73799	7.78625	7.77262	7.65824
0.437113	7.75976	7.65471	7.75565	7.69599	7.75326
0.438962	7.75237	7.62136	7.79605	7.73358	7.65613
0.440825	7.77912	7.74865	7.8174	7.76942	7.64893
0.4427	7.69038	7.73385	7.83455	7.76575	7.69901
0.444575	7.73099	7.66986	7.82942	7.75538	7.70684
0.446463	7.80129	7.6789	7.80282	7.78251	7.67998
0.44835	7.76605	7.78639	7.79533	7.78834	7.71487
0.45025	7.76349	7.73778	7.76473	7.79166	7.80771
0.45215	7.74972	7.71923	7.79785	7.78111	7.69838
0.454062	7.69492	7.68878	7.80139	7.77597	7.70625
0.455975	7.75753	7.72636	7.89225	7.73298	7.68795
0.457913	7.79175	7.65623	7.8161	7.81274	7.65049
0.459837	7.75284	7.71904	7.82757	7.79866	7.65905
0.461787	7.69755	7.69722	7.77661	7.72327	7.68267
0.463725	7.72652	7.70056	7.90263	7.79486	7.63446
0.465688	7.69768	7.69808	7.81026	7.77721	7.64618
0.46765	7.71447	7.66191	7.84102	7.83643	7.65868
0.469625	7.73097	7.74503	7.83582	7.766	7.62479
0.4716	7.70409	7.69416	7.77376	7.7771	7.69268
0.473588	7.71493	7.73305	7.88895	7.82678	7.66105
0.475575	7.69845	7.69476	7.86709	7.7809	7.73676
0.477575	7.74758	7.71945	7.88534	7.79966	7.61786
0.479587	7.72752	7.70408	7.87117	7.80955	7.71106
0.481613	7.79548	7.67205	7.7803	7.78693	7.65986
0.483625	7.73615	7.60162	7.80063	7.74173	7.69593
0.485662	7.78506	7.65696	7.80408	7.71571	7.66823
0.4877	7.71266	7.7048	7.82974	7.83483	7.70877
0.48975	7.73682	7.61758	7.8433	7.76088	7.69172
0.4918	7.67735	7.67857	7.85959	7.77269	7.70763
0.493863	7.71335	7.77851	7.82781	7.79407	7.70213
0.495937	7.74175	7.71618	7.82522	7.81096	7.70423
0.498013	7.83789	7.67707	7.86781	7.7869	7.66361
0.5001	7.71914	7.746	7.7929	7.80269	7.70433
0.5022	7.75153	7.65724	7.76901	7.79797	7.65698
0.5043	7.73796	7.72127	7.73918	7.78924	7.71295
0.506413	7.75209	7.73826	7.87479	7.77867	7.69117
0.508525	7.76029	7.74594	7.8165	7.78167	7.62683
0.510662	7.69943	7.66248	7.83119	7.8285	7.72309
0.512788	7.78774	7.59856	7.82077	7.79516	7.70643
0.514938	7.70733	7.65484	7.78903	7.79049	7.63554
0.517088	7.75127	7.76052	7.85264	7.76532	7.6748
0.51925	7.74991	7.70978	7.77201	7.74559	7.70065
0.521412	7.76151	7.6792	7.84315	7.7903	7.65726
0.523588	7.72272	7.73143	7.86249	7.76925	7.73068
0.525775	7.76447	7.70574	7.88121	7.7936	7.66945
0.527963	7.71143	7.74322	7.81431	7.78494	7.6143
0.530163	7.7145	7.70526	7.79422	7.79581	7.64767
0.532375	7.67856	7.67525	7.8182	7.74354	7.65516
0.534588	7.67566	7.63904	7.88505	7.79356	7.68619
0.536812	7.77439	7.68507	7.85214	7.79449	7.57172
0.53905	7.71844	7.63614	7.82014	7.80581	7.63734
0.5413	7.67192	7.62121	7.7295	7.76415	7.6545
0.54355	7.69886	7.6831	7.82134	7.71244	7.60939
0.545812	7.79925	7.72695	7.87421	7.76373	7.66432
0.548075	7.69918	7.73344	7.80609	7.80633	7.60848
0.55035	7.71397	7.73086	7.83856	7.73302	7.62109
0.552638	7.68573	7.72412	7.81565	7.83203	7.70585
0.554937	7.69003	7.69264	7.84415	7.75861	7.67233
0.557238	7.75564	7.69586	7.8476	7.8323	7.69688
0.55955	7.73539	7.69139	7.79459	7.78183	7.66695
0.561875	7.77233	7.70035	7.75338	7.78494	7.68837
0.5642	7.78813	7.71388	7.85374	7.76427	7.68266
0.566537	7.81952	7.61865	7.83968	7.78624	7.63166
0.568887	7.79269	7.74357	7.82504	7.77785	7.59961
0.571238	7.74811	7.71047	7.88095	7.7494	7.6424
0.573613	7.71492	7.69205	7.87781	7.7962	7.65772
0.575988	7.7466	7.69288	7.81322	7.78978	7.71666
0.578363	7.79509	7.72371	7.82413	7.80254	7.69158
0.580763	7.79832	7.72023	7.88924	7.79806	7.7011
0.583162	7.66893	7.70493	7.85104	7.80727	7.67876
0.585575	7.71648	7.66877	7.81083	7.79892	7.6873
0.587987	7.7611	7.70986	7.82598	7.81436	7.67339
0.590425	7.73829	7.66009	7.84938	7.82669	7.63686
0.592862	7.74069	7.65689	7.82899	7.72891	7.6824
0.595312	7.72627	7.70403	7.7512	7.75798	7.64083
0.597763	7.71643	7.69839	7.77688	7.7589	7.64127
0.600225	7.75638	7.66725	7.79068	7.85042	7.64449
0.602713	7.73262	7.70519	7.8257	7.8306	7.70029
0.605187	7.73623	7.66363	7.81093	7.81269	7.68162
0.607687	7.74409	7.67878	7.83545	7.7936	7.6368
0.610187	7.79417	7.71239	7.80412	7.78876	7.67354
0.6127	7.74971	7.67653	7.74782	7.7547	7.69683
0.615225	7.6896	7.64837	7.81516	7.75887	7.66996
0.617763	7.79234	7.67518	7.79752	7.80223	7.66434
0.6203	7.70715	7.72842	7.75838	7.78803	7.65037
0.62285	7.7524	7.66889	7.77868	7.78143	7.71037
0.625413	7.68368	7.7227	7.82703	7.78068	7.60961
0.627988	7.74342	7.72526	7.84843	7.77444	7.62966
0.630575	7.7658	7.70333	7.80219	7.75694	7.7089
0.633162	7.67767	7.76052	7.82604	7.76303	7.60059
0.635763	7.74172	7.67486	7.75055	7.76341	7.65784
0.638375	7.75022	7.77979	7.8767	7.80887	7.6206
0.641	7.72486	7.66808	7.83172	7.79554	7.602
0.643625	7.73264	7.71525	7.77427	7.77742	7.621
0.646263	7.7239	7.6997	7.77428	7.76109	7.71024
0.648925	7.69002	7.6481	7.83464	7.75854	7.61761
0.651575	7.74747	7.6896	7.87075	7.80393	7.63718
0.65425	7.75371	7.71394	7.79433	7.77435	7.66588
0.656937	7.75354	7.66504	7.80665	7.7752	7.68102
0.659625	7.76105	7.64091	7.81955	7.75589	7.63148
0.662325	7.74513	7.70551	7.77379	7.75965	7.64416
0.665038	7.72317	7.73278	7.82381	7.74654	7.62467
0.667763	7.71258	7.70801	7.82501	7.78617	7.63775
0.6705	7.65759	7.69218	7.75304	7.80984	7.6231
0.673238	7.71607	7.611	7.67313	7.76819	7.71191
0.675987	7.76905	7.69029	7.80922	7.7581	7.63851
0.678762	7.72696	7.67207	7.77003	7.775	7.67597
0.681538	7.69563	7.66075	7.78972	7.79347	7.63561
0.684313	7.69249	7.59071	7.80231	7.74495	7.69831
0.687113	7.75793	7.74247	7.82245	7.74736	7.68396
0.689925	7.7296	7.70023	7.80702	7.74183	7.63635
0.692738	7.7226	7.77148	7.8087	7.75693	7.66886
0.695562	7.73365	7.68608	7.81519	7.69991	7.6791
0.6984	7.75768	7.66619	7.78773	7.71123	7.65783
0.70125	7.68243	7.73992	7.81885	7.75785	7.66396
0.704113	7.7119	7.68284	7.86699	7.77941	7.69727
0.706988	7.7417	7.71461	7.75281	7.72931	7.68666
0.709875	7.70328	7.6838	7.748	7.73203	7.67146
0.712762	7.7823	7.66519	7.74748	7.73854	7.65923
0.715662	7.75519	7.67624	7.77933	7.77561	7.69312
0.718588	7.69159	7.65498	7.8176	7.72578	7.69149
0.721512	7.71407	7.69989	7.81516	7.74732	7.69956
0.72445	7.72062	7.67509	7.82403	7.7889	7.64105
0.7274	7.7476	7.64498	7.75315	7.73109	7.6798
0.73035	7.75028	7.63343	7.79275	7.83248	7.70143
0.733325	7.70861	7.70932	7.8103	7.76203	7.66912
0.736313	7.64525	7.65766	7.76243	7.77179	7.65864
0.7393	7.70025	7.60003	7.80454	7.79972	7.67573
0.742312	7.72598	7.65092	7.77601	7.73667	7.65348
0.745325	7.73537	7.63402	7.83501	7.74458	7.72403
0.74835	7.72708	7.66764	7.77113	7.73721	7.65538
0.7514	7.73868	7.66961	7.75655	7.75686	7.6039
0.75445	7.72259	7.64901	7.80306	7.76076	7.66611
0.757513	7.62949	7.64562	7.82132	7.74577	7.66513
0.760588	7.73657	7.70166	7.77125	7.73138	7.6737
0.763675	7.71694	7.64031	7.84846	7.75472	7.63528
0.766762	7.72577	7.65517	7.84072	7.8062	7.63956
0.769875	7.67694	7.70457	7.84388	7.67786	7.67174
0.773	7.72791	7.66288	7.7617	7.77557	7.65831
0.776137	7.73516	7.64869	7.76764	7.77562	7.66999
0.779275	7.71899	7.66486	7.80288	7.77045	7.65775
0.782438	7.74652	7.65361	7.82268	7.76386	7.65053
0.7856	7.73715	7.68927	7.77149	7.77776	7.65323
0.788787	7.74467	7.69219	7.82149	7.76013	7.67085
0.791987	7.69292	7.73577	7.80267	7.74698	7.60766
0.795187	7.6892	7.6462	7.82797	7.76141	7.60616
0.7984	7.6916	7.68354	7.84125	7.67182	7.6651
0.801637	7.72789	7.65118	7.81805	7.8123	7.66096
0.804875	7.66344	7.70407	7.79887	7.78166	7.63842
0.808137	7.73535	7.72111	7.77268	7.75262	7.64312
0.8114	7.73351	7.64899	7.83421	7.76137	7.61926
0.814687	7.73926	7.67884	7.76902	7.74203	7.64084
0.817975	7.76255	7.69073	7.81133	7.80043	7.58999
0.821275	7.74372	7.67148	7.76761	7.7534	7.67404
0.8246	7.74981	7.67779	7.79494	7.7786	7.63279
0.827925	7.73832	7.65553	7.84263	7.76084	7.58929
0.831275	7.74963	7.65712	7.80698	7.73648	7.66058
0.834625	7.73168	7.7374	7.81803	7.75685	7.63376
0.837987	7.73996	7.67138	7.78585	7.75326	7.63056
0.841375	7.73415	7.73145	7.77044	7.70499	7.64753
0.844775	7.73232	7.66981	7.80029	7.75487	7.62361
0.848175	7.75663	7.68104	7.81642	7.7419	7.63721
0.8516	7.7598	7.69644	7.79759	7.7054	7.63537
0.855025	7.77487	7.63939	7.78756	7.73745	7.66718
0.858475	7.70384	7.668	7.78802	7.78058	7.63798
0.861938	7.67881	7.6981	7.77366	7.75548	7.60769
0.865412	7.70098	7.65992	7.79243	7.77741	7.63906
0.868887	7.69665	7.69331	7.7862	7.71758	7.62325
0.872388	7.72363	7.69233	7.79148	7.77715	7.62224
0.8759	7.73069	7.67222	7.79054	7.7089	7.6243
0.879425	7.7561	7.63178	7.78753	7.75736	7.65883
0.882963	7.72833	7.70047	7.74302	7.70242	7.67331
0.886525	7.69083	7.673	7.72386	7.73302	7.65569
0.890087	7.72506	7.67561	7.75802	7.71596	7.65015
0.893663	7.71457	7.72629	7.81601	7.71884	7.61908
0.897263	7.69237	7.66626	7.78538	7.71592	7.63835
0.900863	7.69481	7.66583	7.78426	7.67075	7.59426
0.904487	7.71184	7.65929	7.76924	7.77244	7.67472
0.908125	7.72966	7.65245	7.83594	7.70661	7.66173
0.911775	7.70459	7.67391	7.78692	7.76193	7.59797
0.915425	7.68858	7.66788	7.74571	7.6812	7.63883
0.919113	7.68023	7.70107	7.77053	7.72063	7.65961
0.9228	7.73955	7.6299	7.74093	7.80749	7.62605
0.9265	7.69984	7.64371	7.77547	7.71942	7.67733
0.930225	7.69451	7.67422	7.78925	7.75804	7.63169
0.93395	7.72153	7.67194	7.73997	7.72446	7.61014
0.9377	7.67401	7.71873	7.79023	7.73592	7.61885
0.941463	7.73205	7.6552	7.77608	7.77463	7.68037
0.945238	7.69941	7.68575	7.81823	7.6883	7.62985
0.949025	7.6696	7.64765	7.78514	7.74371	7.67606
0.952825	7.66649	7.65042	7.78981	7.72842	7.64578
0.95665	7.76437	7.67148	7.75487	7.73115	7.71919
0.960475	7.65753	7.71418	7.77111	7.70695	7.63112
0.964325	7.73749	7.66351	7.7757	7.66202	7.61607
0.968188	7.686	7.64843	7.81269	7.72831	7.65016
0.972063	7.64476	7.63236	7.72209	7.74775	7.64022
0.975963	7.66398	7.63194	7.80235	7.75792	7.63052
0.979863	7.68094	7.69364	7.79705	7.71623	7.68818
0.983787	7.69028	7.60962	7.76757	7.71494	7.64511
0.987725	7.69749	7.63525	7.73895	7.70742	7.64446
0.991675	7.6907	7.66861	7.79631	7.74366	7.65542
0.995637	7.72935	7.67874	7.76572	7.69293	7.69166
0.999625	7.69905	7.6601	7.78476	7.73073	7.61373
1.00361	7.68132	7.69611	7.77726	7.70456	7.60552
1.00762	7.70574	7.70484	7.79664	7.74572	7.65902
1.01166	7.67996	7.66198	7.74513	7.75828	7.63632
1.0157	7.70107	7.65248	7.82671	7.66755	7.64561
1.01976	7.71292	7.71555	7.80255	7.72113	7.63017
1.02383	7.69981	7.63917	7.7932	7.68935	7.64931
1.02793	7.66655	7.65678	7.78399	7.75726	7.59791
1.03202	7.71621	7.63044	7.7298	7.70714	7.64346
1.03614	7.67338	7.63837	7.772	7.73131	7.57894
1.04027	7.71106	7.66687	7.79217	7.6941	7.63182
1.04443	7.71309	7.60828	7.7966	7.73447	7.63642
1.0486	7.71228	7.65225	7.79687	7.73546	7.66113
1.05278	7.71741	7.64608	7.78735	7.72688	7.63727
1.05698	7.6997	7.693	7.80197	7.76504	7.61432
1.0612	7.73937	7.62366	7.76628	7.78616	7.69001
1.06543	7.7248	7.71034	7.7585	7.72583	7.62335
1.06967	7.68893	7.6655	7.7532	7.73103	7.57228
1.07394	7.71192	7.66079	7.75957	7.72034	7.64506
1.07821	7.67393	7.66394	7.82717	7.77901	7.60082
1.08251	7.66456	7.6612	7.81732	7.715	7.64957
1.08683	7.7786	7.6419	7.75952	7.76601	7.62633
1.09115	7.68402	7.66343	7.77047	7.72896	7.6061
1.0955	7.68941	7.6617	7.77133	7.72234	7.58998
1.09986	7.76327	7.67039	7.77173	7.70663	7.60139
1.10424	7.70061	7.67457	7.80362	7.68873	7.61568
1.10864	7.69302	7.64319	7.75092	7.73962	7.59708
1.11305	7.70633	7.64981	7.78477	7.71307	7.6303
1.11748	7.69475	7.65654	7.76381	7.72218	7.58313
1.12191	7.67378	7.62046	7.76076	7.74992	7.5862
1.12637	7.67355	7.70181	7.76576	7.73402	7.63285
1.13086	7.71289	7.66884	7.75587	7.73815	7.58905
1.13536	7.62345	7.62036	7.77562	7.75639	7.613
1.13988	7.67729	7.6415	7.77457	7.70786	7.61466
1.1444	7.67678	7.66382	7.7833	7.70298	7.59955
1.14895	7.69132	7.60298	7.78244	7.73598	7.61001
1.15351	7.64913	7.6163	7.77275	7.70681	7.6399
1.1581	7.70723	7.63917	7.79008	7.74242	7.62593
1.1627	7.68407	7.62608	7.78492	7.71308	7.60286
1.16731	7.67745	7.65548	7.78293	7.72903	7.57863
1.17195	7.69062	7.61692	7.76036	7.74004	7.5926
1.1766	7.74351	7.66133	7.78546	7.71436	7.64332
1.18128	7.67958	7.59961	7.75033	7.69595	7.57974
1.18596	7.71512	7.62085	7.77563	7.6831	7.5366
1.19066	7.65776	7.64806	7.76294	7.73178	7.59327
1.19539	7.69372	7.64524	7.76043	7.69031	7.61263
1.20014	7.70265	7.63717	7.7387	7.71049	7.57964
1.20489	7.6631	7.59556	7.78412	7.68247	7.59455
1.20967	7.70221	7.64315	7.76781	7.67558	7.61655
1.21446	7.67684	7.64964	7.75617	7.74384	7.59266
1.21929	7.65707	7.62152	7.73206	7.7312	7.62334
1.22411	7.67729	7.61047	7.7568	7.69226	7.59666
1.22896	7.67622	7.62672	7.71236	7.74591	7.60685
1.23384	7.65874	7.59739	7.76525	7.71891	7.63124
1.23872	7.63828	7.61357	7.75669	7.71415	7.58328
1.24364	7.71836	7.66558	7.76973	7.71264	7.61402
1.24856	7.68991	7.62909	7.74954	7.70611	7.62339
1.2535	7.67299	7.61691	7.72273	7.68504	7.65143
1.25846	7.692	7.60394	7.76078	7.7072	7.57827
1.26345	7.6795	7.59447	7.73134	7.74158	7.63324
1.26845	7.63828	7.6127	7.75723	7.71767	7.61971
1.27348	7.69124	7.60182	7.722	7.65988	7.64502
1.27851	7.70722	7.62473	7.7429	7.70202	7.60551
1.28356	7.73374	7.64535	7.78327	7.72675	7.61144
1.28865	7.75249	7.63308	7.7691	7.75575	7.61996
1.29374	7.66786	7.61102	7.74641	7.69702	7.62781
1.29886	7.70493	7.63023	7.73229	7.71396	7.57736
1.304	7.70519	7.59564	7.72977	7.75968	7.61464
1.30915	7.67382	7.61769	7.73383	7.70293	7.54402
1.31432	7.71471	7.62085	7.75691	7.72875	7.5899
1.31953	7.69697	7.59051	7.79483	7.69061	7.60553
1.32474	7.6961	7.62926	7.72482	7.71979	7.63954
1.32998	7.69268	7.63944	7.71721	7.72688	7.58678
1.33522	7.69399	7.63689	7.75861	7.68684	7.62738
1.3405	7.721	7.66485	7.7071	7.68847	7.5559
1.34579	7.71981	7.66932	7.72867	7.70992	7.62819
1.35111	7.68024	7.63839	7.71155	7.73984	7.57556
1.35644	7.67503	7.64449	7.71754	7.64788	7.60962
1.3618	7.67075	7.63419	7.75302	7.69709	7.62908
1.36717	7.69833	7.63393	7.72892	7.69741	7.64268
1.37258	7.64004	7.62915	7.69796	7.68145	7.61218
1.37799	7.6747	7.6109	7.7169	7.68491	7.60213
1.38342	7.68396	7.59042	7.72617	7.68731	7.63438
1.38889	7.68591	7.60207	7.71501	7.67044	7.56188
1.39436	7.64636	7.63863	7.7264	7.70558	7.61079
1.39986	7.65637	7.64029	7.73209	7.68703	7.58218
1.40539	7.69771	7.61715	7.72474	7.69135	7.58636
1.41093	7.65972	7.61738	7.70807	7.64946	7.60143
1.41649	7.64883	7.57773	7.7021	7.66955	7.60815
1.42208	7.67906	7.61128	7.68115	7.69139	7.58923
1.42768	7.66048	7.59793	7.73666	7.70291	7.62435
1.4333	7.67946	7.60591	7.72679	7.67569	7.6437
1.43895	7.65522	7.63762	7.70676	7.67996	7.57061
1.44461	7.71217	7.66167	7.71373	7.69168	7.63401
1.45031	7.70361	7.64362	7.7207	7.6894	7.60258
1.45603	7.62814	7.57726	7.70372	7.66927	7.60635
1.46176	7.65789	7.60133	7.72272	7.68852	7.60978
1.46751	7.60892	7.57538	7.70566	7.65867	7.60832
1.47329	7.63927	7.60708	7.72485	7.69225	7.60673
1.47909	7.68178	7.60115	7.71027	7.69185	7.56459
1.48491	7.65017	7.58425	7.72868	7.69141	7.62287
1.49076	7.65296	7.60435	7.73072	7.68485	7.6037
1.49662	7.67448	7.62219	7.68648	7.65175	7.59168
1.50251	7.65074	7.601	7.72207	7.6532	7.61292
1.50842	7.66238	7.58359	7.71882	7.72294	7.62406
1.51436	7.63517	7.60108	7.73356	7.6995	7.60277
1.52031	7.68236	7.56401	7.71185	7.6682	7.5885
1.5263	7.6591	7.59198	7.77002	7.71217	7.63833
1.5323	7.63394	7.58017	7.72684	7.70392	7.60595
1.53832	7.64955	7.61351	7.71109	7.64951	7.57179
1.54437	7.65085	7.56032	7.72027	7.72943	7.58261
1.55044	7.66607	7.60744	7.6659	7.63766	7.58964
1.55654	7.6485	7.62132	7.7286	7.66897	7.57497
1.56265	7.69654	7.61373	7.70452	7.67486	7.62728
1.56879	7.67953	7.61191	7.69552	7.67291	7.63077
1.57496	7.68641	7.59154	7.72247	7.69618	7.56579
1.58115	7.65642	7.64064	7.74024	7.6814	7.60909
1.58735	7.63401	7.6	7.69979	7.71767	7.58904
1.59359	7.67971	7.59431	7.71257	7.70514	7.60858
1.59985	7.65346	7.61374	7.72288	7.6603	7.55819
1.60612	7.67706	7.57062	7.72436	7.68883	7.6291
1.61244	7.65701	7.56906	7.67853	7.65748	7.57325
1.61876	7.63692	7.60638	7.69827	7.63783	7.56262
1.62513	7.67918	7.57515	7.66309	7.68689	7.57346
1.6315	7.6202	7.57114	7.71711	7.67179	7.58256
1.6379	7.65468	7.59583	7.71267	7.6656	7.55888
1.64433	7.66644	7.5804	7.68122	7.7324	7.57117
1.65077	7.62269	7.61365	7.65278	7.67552	7.56149
1.65725	7.63373	7.60244	7.71765	7.68734	7.57501
1.66375	7.64389	7.58537	7.69679	7.65584	7.60039
1.67029	7.63661	7.58013	7.70995	7.6467	7.55608
1.67684	7.6521	7.57914	7.66773	7.69003	7.5975
1.68341	7.64687	7.59496	7.70611	7.65324	7.58909
1.69001	7.63584	7.59794	7.70148	7.68125	7.61359
1.69664	7.61126	7.5679	7.65001	7.70753	7.59212
1.70329	7.65285	7.60933	7.664	7.68493	7.58779
1.70996	7.66009	7.58154	7.69606	7.63226	7.57747
1.71666	7.6331	7.57616	7.69936	7.68681	7.56369
1.72339	7.64782	7.58341	7.69815	7.65811	7.59407
1.73014	7.65925	7.62124	7.68503	7.64937	7.54873
1.73691	7.65474	7.57605	7.69265	7.72562	7.58403
1.74372	7.65763	7.57421	7.67329	7.65871	7.57693
1.75055	7.67803	7.63143	7.74277	7.6627	7.58324
1.75741	7.61171	7.58634	7.72352	7.67433	7.58022
1.76429	7.65817	7.60188	7.74414	7.63852	7.59268
1.7712	7.64493	7.61321	7.71991	7.70907	7.56187
1.77814	7.63077	7.58511	7.68258	7.71071	7.54554
1.78509	7.63657	7.58498	7.7055	7.71092	7.58269
1.79208	7.64339	7.56808	7.69285	7.68055	7.57671
1.7991	7.60895	7.58315	7.68545	7.69031	7.54592
1.80614	7.66404	7.61324	7.69603	7.68158	7.59231
1.8132	7.66604	7.60462	7.72114	7.67547	7.5785
1.8203	7.67423	7.6128	7.66263	7.69135	7.56229
1.82743	7.65092	7.60512	7.69847	7.66923	7.56897
1.83456	7.67157	7.60019	7.67752	7.66085	7.55348
1.84175	7.66206	7.62689	7.67258	7.68234	7.56928
1.84895	7.66788	7.54425	7.68183	7.66827	7.5949
1.85617	7.68452	7.62622	7.68702	7.68898	7.56009
1.86344	7.6457	7.61586	7.72583	7.68161	7.57485
1.87073	7.62925	7.57116	7.65749	7.67852	7.59116
1.87804	7.6437	7.56833	7.66647	7.68149	7.55653
1.88538	7.62244	7.58831	7.67896	7.66451	7.54926
1.89275	7.60804	7.58759	7.69213	7.67203	7.57458
1.90014	7.62165	7.58288	7.67467	7.69958	7.58659
1.90756	7.63437	7.58829	7.68204	7.67115	7.54525
1.91502	7.61484	7.59959	7.67563	7.66138	7.54337
1.9225	7.658	7.56706	7.66676	7.67068	7.56234
1.93001	7.62245	7.58612	7.67977	7.65011	7.54609
1.93755	7.62461	7.60672	7.70029	7.64012	7.5779
1.94512	7.61259	7.56574	7.68343	7.65387	7.5905
1.95273	7.65918	7.5753	7.68618	7.6751	7.58628
1.96035	7.635	7.57958	7.69014	7.66392	7.55099
1.968	7.62684	7.58209	7.67615	7.61188	7.55731
1.97569	7.6492	7.54429	7.68798	7.65889	7.58448
1.9834	7.62307	7.56296	7.67124	7.65006	7.57373
1.99114	7.64426	7.56653	7.71	7.67005	7.58305
1.99891	7.62166	7.5987	7.67849	7.67142	7.53578
2.00671	7.6091	7.58793	7.69807	7.6588	7.57424
2.01455	7.63808	7.58227	7.65561	7.65867	7.57983
2.0224	7.60702	7.55934	7.68047	7.65874	7.56547
2.0303	7.6403	7.56907	7.67797	7.64679	7.54431
2.03821	7.63388	7.56867	7.66226	7.65485	7.51436
2.04618	7.62028	7.55379	7.68301	7.69699	7.53413
2.05415	7.64041	7.59716	7.67065	7.65341	7.53817
2.06216	7.65478	7.58026	7.69243	7.67547	7.57072
2.0702	7.64178	7.59883	7.68286	7.65038	7.55683
2.07827	7.67204	7.59917	7.65958	7.67434	7.54367
2.08639	7.63805	7.58993	7.65603	7.66062	7.5361
2.09451	7.6119	7.58823	7.64254	7.66044	7.53824
2.10269	7.62652	7.62793	7.66281	7.63118	7.54686
2.11087	7.64084	7.56726	7.66031	7.66651	7.53474
2.11911	7.64469	7.56848	7.64121	7.65692	7.56766
2.12736	7.63643	7.58178	7.66993	7.67197	7.53867
2.13566	7.62896	7.54225	7.66908	7.65509	7.56744
2.14398	7.61308	7.60015	7.65741	7.62699	7.53994
2.15234	7.62114	7.56355	7.63416	7.61711	7.55793
2.16071	7.63281	7.59338	7.64405	7.63904	7.564
2.16914	7.65405	7.57052	7.67239	7.63209	7.54059
2.17759	7.6114	7.58082	7.64703	7.64258	7.57077
2.18606	7.64138	7.56716	7.67594	7.61445	7.54573
2.19459	7.61456	7.59228	7.6531	7.6234	7.54373
2.20313	7.60628	7.5427	7.68262	7.63648	7.59362
2.21171	7.59613	7.5667	7.67131	7.62608	7.55597
2.22032	7.63061	7.55561	7.67504	7.64247	7.52985
2.22896	7.61222	7.55032	7.66526	7.61918	7.55655
2.23764	7.61492	7.55	7.63934	7.60812	7.56824
2.24635	7.63639	7.5361	7.63871	7.62906	7.5608
2.2551	7.63405	7.60245	7.67515	7.60816	7.48278
2.26388	7.63119	7.55075	7.66269	7.63486	7.55725
2.27269	7.65299	7.56502	7.66401	7.65128	7.55304
2.28152	7.63209	7.56791	7.63481	7.65518	7.53632
2.2904	7.64057	7.55211	7.66505	7.64312	7.54168
2.29931	7.65956	7.55692	7.62442	7.63336	7.51865
2.30826	7.64374	7.57109	7.65203	7.63096	7.55437
2.31724	7.64422	7.58365	7.65158	7.62977	7.54948
2.32625	7.62359	7.5547	7.64502	7.66598	7.53329
2.3353	7.66135	7.60767	7.66303	7.62573	7.53557
2.34439	7.63587	7.56208	7.64675	7.61803	7.52076
2.3535	7.60389	7.55848	7.66915	7.60878	7.52071
2.36265	7.61315	7.57889	7.67301	7.64266	7.5566
2.37184	7.65177	7.58086	7.63542	7.63083	7.48512
2.38106	7.59754	7.58198	7.64978	7.60418	7.49458
2.39033	7.60297	7.54169	7.68243	7.60347	7.52315
2.39961	7.60127	7.57709	7.64014	7.59852	7.56106
2.40894	7.59265	7.56639	7.6473	7.58149	7.53285
2.4183	7.58973	7.55804	7.63761	7.59906	7.49918
2.4277	7.57682	7.53733	7.62035	7.59662	7.51785
2.43714	7.61625	7.54789	7.63249	7.60686	7.56009
2.4466	7.62626	7.55742	7.64386	7.58918	7.52662
2.45611	7.62221	7.52259	7.65761	7.62777	7.55798
2.46565	7.58668	7.54868	7.64117	7.59267	7.53762
2.47524	7.59091	7.55866	7.61148	7.60757	7.51392
2.48485	7.60485	7.54132	7.6695	7.60018	7.53558
2.4945	7.59253	7.56553	7.66662	7.63411	7.52398
2.50419	7.62503	7.55694	7.63296	7.60487	7.52594
2.51391	7.59642	7.5585	7.66702	7.617	7.5302
2.52367	7.60462	7.55228	7.64316	7.60632	7.53963
2.53347	7.5696	7.54484	7.63399	7.6142	7.50052
2.54331	7.60397	7.57329	7.63686	7.61693	7.53013
2.55319	7.6175	7.54671	7.63191	7.5875	7.52437
2.5631	7.63614	7.55146	7.63911	7.64155	7.5187
2.57305	7.57137	7.55309	7.62834	7.59493	7.5322
2.58304	7.56028	7.53295	7.64652	7.58213	7.49342
2.59306	7.54611	7.56008	7.65372	7.61559	7.51199
2.60313	7.62055	7.53539	7.63541	7.5949	7.51208
2.61322	7.58285	7.52934	7.61734	7.62312	7.52364
2.62337	7.59523	7.51873	7.63681	7.58483	7.51425
2.63355	7.59059	7.53362	7.64554	7.58558	7.52491
2.64376	7.58867	7.50788	7.63819	7.59699	7.53036
2.65403	7.5565	7.56962	7.66774	7.60015	7.50148
2.66432	7.57883	7.55055	7.66201	7.58875	7.50209
2.67466	7.58723	7.50835	7.63816	7.60437	7.50525
2.68504	7.59039	7.49419	7.61884	7.58256	7.51965
2.69545	7.60376	7.51643	7.62689	7.601	7.52261
2.7059	7.55762	7.5448	7.6594	7.58812	7.55001
2.71639	7.58276	7.50562	7.61965	7.58536	7.5624
2.72692	7.59158	7.53776	7.63996	7.60965	7.5335
2.7375	7.57441	7.54485	7.64179	7.5606	7.49635
2.74811	7.55439	7.52321	7.64284	7.58384	7.52355
2.75876	7.57942	7.52051	7.67083	7.61846	7.54538
2.76946	7.59129	7.55095	7.64346	7.6011	7.52413
2.7802	7.57271	7.53718	7.6425	7.59441	7.50672
2.79098	7.59896	7.53128	7.63873	7.57135	7.5342
2.80179	7.5774	7.55177	7.63525	7.59924	7.52372
2.81265	7.59269	7.53352	7.62286	7.62159	7.53054
2.82355	7.59983	7.52714	7.63073	7.61744	7.49016
2.83449	7.57912	7.57884	7.64533	7.60333	7.52667
2.84547	7.57628	7.53326	7.62832	7.5785	7.48255
2.8565	7.55614	7.53255	7.60502	7.61702	7.49717
2.86756	7.5792	7.55195	7.65254	7.60716	7.51743
2.87867	7.56139	7.53181	7.64645	7.58104	7.47758
2.88983	7.55868	7.5498	7.63807	7.58698	7.51049
2.90103	7.57424	7.5104	7.63117	7.5906	7.52012
2.91226	7.55743	7.53063	7.62163	7.54864	7.52306
2.92354	7.558	7.55182	7.58136	7.5572	7.50845
2.93486	7.55891	7.49914	7.64678	7.5536	7.48854
2.94622	7.55573	7.50294	7.62944	7.5876	7.49948
2.95764	7.56413	7.53721	7.62951	7.57677	7.53538
2.96909	7.5507	7.51495	7.63085	7.57777	7.5067
2.98059	7.57678	7.52505	7.62335	7.60538	7.49808
2.99213	7.59062	7.49603	7.64244	7.59974	7.49344
3.0037	7.55494	7.50104	7.60498	7.57821	7.49038
3.01534	7.56788	7.49917	7.6214	7.59177	7.49411
3.027	7.58468	7.52717	7.62011	7.60881	7.54122
3.03872	7.60682	7.52612	7.64396	7.58399	7.49188
3.05049	7.58613	7.5492	7.60868	7.59074	7.52783
3.06229	7.59187	7.52036	7.61503	7.58493	7.48056
3.07414	7.5262	7.5232	7.59583	7.56344	7.50273
3.08604	7.57372	7.50657	7.59958	7.58387	7.49594
3.09798	7.56614	7.51699	7.58993	7.60861	7.49868
3.10996	7.54844	7.51471	7.61552	7.58521	7.49543
3.122	7.56688	7.49335	7.59594	7.55523	7.46154
3.13407	7.56179	7.51108	7.58566	7.55258	7.46991
3.1462	7.57043	7.50615	7.61633	7.54257	7.50263
3.15836	7.5423	7.50282	7.61795	7.56833	7.49313
3.17059	7.53554	7.50031	7.62098	7.56328	7.48852
3.18285	7.55678	7.50102	7.59821	7.53741	7.50123
3.19515	7.54804	7.51479	7.58928	7.55753	7.50746
3.20751	7.52279	7.49851	7.62493	7.55433	7.50915
3.21991	7.53791	7.499	7.59275	7.57576	7.49165
3.23236	7.5488	7.50347	7.59865	7.55613	7.49339
3.24486	7.55891	7.50857	7.62098	7.5553	7.51987
3.25741	7.55352	7.53038	7.61808	7.55764	7.50113
3.27	7.55788	7.51906	7.61244	7.5476	7.48032
3.28265	7.56494	7.49989	7.58235	7.57588	7.49475
3.29534	7.53457	7.50524	7.57408	7.56193	7.49675
3.30807	7.55516	7.51602	7.60411	7.54343	7.46993
3.32086	7.56751	7.49673	7.598	7.56296	7.47715
3.3337	7.53368	7.52226	7.6121	7.54908	7.49507
3.34658	7.56516	7.49565	7.61151	7.54236	7.4678
3.35951	7.56128	7.49958	7.61687	7.55114	7.50462
3.3725	7.5546	7.49679	7.57887	7.5301	7.47689
3.38552	7.5138	7.50236	7.60741	7.55614	7.50583
3.39861	7.5442	7.50175	7.61079	7.54137	7.46975
3.41174	7.52174	7.48431	7.58729	7.5723	7.47146
3.42493	7.56328	7.50313	7.58389	7.54541	7.4705
3.43815	7.52236	7.48716	7.59578	7.55661	7.49455
3.45144	7.53151	7.48931	7.59961	7.55493	7.48265
3.46476	7.55158	7.48719	7.61235	7.55744	7.46934
3.47815	7.53123	7.50595	7.58976	7.53563	7.45983
3.49159	7.55563	7.50653	7.58757	7.54785	7.50281
3.50506	7.54533	7.4953	7.62314	7.53321	7.47294
3.5186	7.5614	7.46444	7.57784	7.57112	7.48304
3.53219	7.54549	7.51104	7.5773	7.54799	7.48947
3.54584	7.53903	7.49551	7.58283	7.55923	7.47136
3.55953	7.55549	7.49939	7.60736	7.5231	7.45041
3.57326	7.562	7.49786	7.60489	7.54328	7.44524
3.58706	7.54272	7.49518	7.58889	7.56623	7.44253
3.60091	7.53766	7.49426	7.58566	7.56618	7.47008
3.61481	7.52889	7.48309	7.56757	7.56174	7.44653
3.62876	7.54374	7.48086	7.60869	7.53409	7.44885
3.64278	7.52149	7.4938	7.58	7.53482	7.45953
3.65684	7.52784	7.47423	7.59186	7.55714	7.4634
3.67095	7.54405	7.46264	7.58544	7.5273	7.45434
3.68513	7.53749	7.49314	7.58162	7.52664	7.44043
3.69934	7.5267	7.46383	7.57511	7.54783	7.46668
3.71361	7.52553	7.48272	7.5599	7.52945	7.46101
3.72795	7.524	7.48616	7.57967	7.54558	7.45472
3.74234	7.5267	7.46347	7.64778	7.54134	7.46793
3.75677	7.55183	7.48604	7.57479	7.57846	7.47858
3.77128	7.5451	7.48235	7.60401	7.56546	7.47294
3.78583	7.55144	7.49393	7.58159	7.50539	7.45701
3.80043	7.52933	7.47649	7.56883	7.5778	7.44357
3.81509	7.54384	7.47529	7.59269	7.54685	7.44043
3.8298	7.52917	7.48322	7.57946	7.54864	7.45404
3.84457	7.51669	7.46637	7.57204	7.53583	7.46611
3.8594	7.53227	7.47165	7.61291	7.54583	7.44394
3.87429	7.52608	7.46912	7.55802	7.5464	7.4671
3.88924	7.50965	7.46654	7.55127	7.52236	7.44092
3.90424	7.50289	7.46678	7.57584	7.53482	7.43403
3.91929	7.50678	7.4369	7.57784	7.5293	7.46194
3.9344	7.52219	7.42318	7.56754	7.52331	7.46906
3.94957	7.48929	7.47853	7.58197	7.55302	7.45241
3.9648	7.51835	7.46827	7.58453	7.53042	7.44415
3.98009	7.50834	7.45661	7.58777	7.53286	7.44613
3.99544	7.50618	7.46618	7.57646	7.51672	7.46938
4.01084	7.5202	7.4749	7.57669	7.54308	7.44231
4.0263	7.52179	7.46232	7.56671	7.54891	7.45588
4.04182	7.51663	7.49286	7.54405	7.53256	7.45587
4.0574	7.53927	7.47251	7.57182	7.52747	7.43464
4.07304	7.53525	7.47161	7.53244	7.53127	7.43761
4.08874	7.52805	7.46628	7.57761	7.53058	7.42012
4.1045	7.52605	7.46401	7.5312	7.54701	7.42846
4.12033	7.52358	7.4492	7.5525	7.51354	7.44492
4.1362	7.48506	7.47034	7.52981	7.5181	7.4364
4.15214	7.52636	7.45861	7.55407	7.50554	7.44707
4.16814	7.5	7.4621	7.54585	7.51675	7.44835
4.1842	7.4893	7.43709	7.56932	7.51357	7.4594
4.20033	7.50175	7.44736	7.57503	7.52622	7.44655
4.21651	7.5073	7.4673	7.57751	7.50149	7.44116
4.23275	7.47565	7.44867	7.56908	7.50923	7.46767
4.24906	7.51808	7.47951	7.58218	7.53856	7.43906
4.26543	7.50974	7.48397	7.5295	7.52392	7.42052
4.28186	7.52169	7.4623	7.55441	7.50657	7.46861
4.29836	7.51825	7.43869	7.53734	7.52119	7.45371
4.31491	7.53062	7.45913	7.53164	7.53414	7.42932
4.33154	7.50551	7.45029	7.53543	7.51367	7.41631
4.34821	7.5115	7.46432	7.51404	7.53235	7.44541
4.36496	7.49508	7.4658	7.53886	7.51079	7.43513
4.38177	7.4849	7.43126	7.53185	7.50918	7.42614
4.39865	7.48401	7.4228	7.55933	7.49946	7.42143
4.41559	7.47376	7.46509	7.51746	7.50976	7.42246
4.43259	7.4963	7.45242	7.53586	7.48633	7.44874
4.44966	7.49714	7.45669	7.55243	7.49201	7.42722
4.4668	7.49612	7.4614	7.55528	7.50842	7.43399
4.48399	7.46903	7.44626	7.5239	7.5327	7.42765
4.50126	7.47385	7.45094	7.54411	7.50981	7.43025
4.51859	7.4976	7.45916	7.5245	7.49722	7.42536
4.53599	7.51743	7.47416	7.51568	7.50942	7.42952
4.55345	7.53457	7.45573	7.52668	7.50301	7.43273
4.57097	7.49503	7.45924	7.53089	7.49248	7.41165
4.58856	7.5041	7.45152	7.52816	7.49185	7.43888
4.60623	7.47869	7.45233	7.52816	7.48217	7.41779
4.62396	7.4757	7.41459	7.54146	7.48552	7.42405
4.64175	7.46509	7.43147	7.52783	7.49546	7.42826
4.65963	7.44938	7.42911	7.53412	7.51137	7.40848
4.67755	7.47471	7.44631	7.52484	7.47228	7.43786
4.69555	7.47231	7.44885	7.55053	7.47739	7.42604
4.71362	7.48816	7.42133	7.54244	7.48903	7.4081
4.73176	7.49478	7.4553	7.54184	7.48978	7.42837
4.74998	7.49592	7.46194	7.52203	7.48532	7.42299
4.76825	7.47467	7.45876	7.51741	7.50054	7.41285
4.78659	7.51558	7.4434	7.52957	7.50449	7.42099
4.80501	7.48499	7.44465	7.52451	7.48524	7.41065
4.8235	7.49997	7.44855	7.50851	7.49569	7.42068
4.84205	7.46695	7.45191	7.51907	7.50198	7.39474
4.86067	7.46709	7.43148	7.51879	7.48967	7.42883
4.87937	7.4713	7.4481	7.49656	7.48533	7.42755
4.89815	7.47549	7.42721	7.52171	7.46556	7.41336
4.91699	7.46002	7.4424	7.5354	7.47846	7.40433
4.9359	7.46402	7.43136	7.52982	7.47674	7.42633
4.95489	7.47671	7.4357	7.52567	7.49339	7.42376
4.97394	7.47974	7.42336	7.53431	7.49957	7.42404
4.99307	7.43832	7.44542	7.53647	7.47158	7.42177
5.01228	7.4771	7.42796	7.51552	7.50029	7.42923
5.03155	7.47974	7.41863	7.52448	7.47268	7.41934
5.0509	7.46663	7.44624	7.5083	7.49359	7.40142
5.07032	7.45877	7.41531	7.52449	7.49019	7.42052
5.08981	7.48476	7.43618	7.5078	7.50037	7.38297
5.10939	7.46508	7.41685	7.51771	7.44938	7.40701
5.12904	7.45319	7.41759	7.5242	7.47421	7.38488
5.14875	7.46587	7.40611	7.49902	7.46011	7.41486
5.16855	7.47431	7.41378	7.51886	7.4717	7.41384
5.18843	7.46511	7.41989	7.52356	7.45589	7.42524
5.20836	7.4447	7.41061	7.52521	7.47987	7.42934
5.22839	7.48176	7.41236	7.50221	7.48481	7.40933
5.24849	7.49606	7.4252	7.50035	7.46161	7.41737
5.26866	7.4675	7.4216	7.4936	7.48064	7.39505
5.28891	7.4779	7.40993	7.52142	7.47226	7.40343
5.30924	7.46473	7.41161	7.50966	7.49073	7.42093
5.32965	7.47023	7.41173	7.48327	7.46587	7.38847
5.35014	7.453	7.42513	7.50842	7.4739	7.39661
5.3707	7.47142	7.40392	7.51328	7.4687	7.38945
5.39134	7.44814	7.41919	7.48645	7.44529	7.39889
5.41205	7.47206	7.39155	7.49948	7.44568	7.41349
5.43285	7.45783	7.40382	7.51913	7.46139	7.40778
5.45372	7.45791	7.40584	7.51506	7.45864	7.39986
5.47469	7.46145	7.41541	7.5157	7.46325	7.40648
5.49573	7.46937	7.41125	7.50475	7.46119	7.40764
5.51684	7.4666	7.39263	7.499	7.44863	7.38941
5.53804	7.44508	7.43737	7.48042	7.47163	7.39459
5.55931	7.47876	7.41532	7.49061	7.45506	7.41259
5.58068	7.46396	7.4028	7.49849	7.47148	7.41584
5.60211	7.45417	7.40632	7.50317	7.44488	7.39744
5.62364	7.45635	7.39574	7.49103	7.44999	7.40716
5.64524	7.45017	7.39483	7.52492	7.44117	7.37416
5.66692	7.45411	7.39039	7.53925	7.44461	7.37722
5.68869	7.44149	7.41596	7.5065	7.4681	7.41791
5.71054	7.44943	7.40927	7.51047	7.46452	7.39496
5.73247	7.45779	7.40257	7.50274	7.44102	7.38489
5.75449	7.46597	7.41129	7.495	7.46551	7.39582
5.7766	7.47102	7.39653	7.51117	7.44652	7.36255
5.79878	7.44772	7.38541	7.5004	7.42538	7.36251
5.82105	7.42967	7.40612	7.4882	7.42641	7.36277
5.8434	7.45032	7.42069	7.47799	7.44708	7.36793
5.86585	7.44905	7.38501	7.47969	7.44103	7.39596
5.88837	7.43445	7.39298	7.50268	7.43036	7.395
5.91099	7.43902	7.37213	7.48377	7.4328	7.38641
5.93367	7.44092	7.38766	7.51144	7.42831	7.367
5.95646	7.42892	7.38351	7.49375	7.44689	7.38598
5.97934	7.44085	7.40078	7.50554	7.46361	7.40425
6.00229	7.44181	7.39562	7.48095	7.45572	7.37807
6.02534	7.45232	7.40088	7.49098	7.46216	7.38153
6.04847	7.4597	7.3862	7.47935	7.45211	7.38229
6.07169	7.42474	7.37815	7.48272	7.44204	7.35288
6.095	7.4461	7.38763	7.48951	7.44337	7.38052
6.1184	7.43853	7.37714	7.46718	7.43045	7.39109
6.14189	7.42021	7.37892	7.47777	7.43607	7.3844
6.16546	7.41456	7.36888	7.47581	7.43367	7.3729
6.18913	7.42476	7.38455	7.50059	7.41444	7.38113
6.21289	7.42103	7.38878	7.49793	7.44421	7.3745
6.23674	7.437	7.39746	7.47102	7.4529	7.37468
6.26067	7.4398	7.36585	7.46088	7.45251	7.37695
6.2847	7.43303	7.39376	7.47427	7.43721	7.35085
6.30883	7.42539	7.37547	7.48884	7.43298	7.37822
6.33304	7.44026	7.36825	7.46614	7.43614	7.36228
6.35734	7.41326	7.36548	7.46014	7.4218	7.36654
6.38174	7.39083	7.36491	7.46538	7.41796	7.36932
6.40623	7.4249	7.3459	7.46819	7.42997	7.34807
6.43081	7.41713	7.36401	7.45918	7.43678	7.37813
6.45549	7.42326	7.39623	7.47262	7.4219	7.3708
6.48026	7.42748	7.38599	7.45902	7.42286	7.36022
6.50513	7.41821	7.38807	7.4415	7.42634	7.34737
6.53009	7.44462	7.37821	7.43555	7.41757	7.35819
6.55514	7.44178	7.37693	7.44012	7.40391	7.34995
6.58029	7.41439	7.36453	7.42969	7.3972	7.35462
6.60554	7.42846	7.35708	7.43788	7.40575	7.34181
6.63088	7.40909	7.36242	7.46288	7.39855	7.35274
6.65631	7.42423	7.36042	7.45705	7.39871	7.34319
6.68185	7.40272	7.36647	7.46405	7.39469	7.32459
6.70749	7.40978	7.37622	7.47005	7.40981	7.35767
6.73321	7.41078	7.3651	7.44027	7.40377	7.3376
6.75904	7.4244	7.36898	7.41996	7.40169	7.31601
6.78496	7.41639	7.38237	7.45071	7.4079	7.34024
6.81099	7.41357	7.35707	7.43874	7.41456	7.3251
6.83711	7.4194	7.35179	7.45041	7.41337	7.34433
6.86334	7.41785	7.36538	7.47543	7.39579	7.33884
6.88966	7.39716	7.36188	7.44064	7.38829	7.33947
6.91609	7.39098	7.35542	7.4616	7.40156	7.35223
6.94261	7.41086	7.36825	7.45442	7.42408	7.3552
6.96924	7.38822	7.34751	7.4537	7.41579	7.33541
6.99596	7.40944	7.3886	7.44933	7.41711	7.34662
7.0228	7.41291	7.35767	7.44839	7.41542	7.34632
7.04973	7.40874	7.35145	7.43038	7.41422	7.33903
7.07676	7.40508	7.36154	7.43598	7.41335	7.33291
7.1039	7.39758	7.36179	7.42665	7.40929	7.362
7.13114	7.3955	7.33669	7.4433	7.40966	7.34473
7.15847	7.37887	7.34455	7.44116	7.38732	7.33526
7.18593	7.38586	7.34946	7.44883	7.40801	7.3563
7.21348	7.40838	7.36673	7.45015	7.40143	7.33116
7.24114	7.41025	7.37099	7.43902	7.41065	7.35735
7.2689	7.38545	7.36656	7.44586	7.39872	7.33794
7.29676	7.39304	7.36916	7.43492	7.38897	7.33384
7.32474	7.40244	7.34359	7.43738	7.38826	7.33596
7.35283	7.37339	7.32722	7.42995	7.37964	7.32927
7.38101	7.37526	7.34975	7.43787	7.39657	7.34654
7.4093	7.3498	7.33897	7.43476	7.41386	7.32351
7.4377	7.37618	7.34097	7.42708	7.37014	7.31621
7.46621	7.38427	7.36179	7.43849	7.39745	7.31307
7.49484	7.38731	7.34168	7.43033	7.41154	7.31773
7.52356	7.40425	7.34389	7.42406	7.40238	7.32379
7.5524	7.38307	7.33673	7.43969	7.38992	7.32358
7.58135	7.37635	7.35162	7.41182	7.38042	7.30644
7.61041	7.38734	7.34417	7.43175	7.3903	7.3121
7.63958	7.37527	7.34399	7.42928	7.39048	7.31684
7.66885	7.36616	7.33908	7.43586	7.39713	7.31339
7.69825	7.38125	7.33832	7.41426	7.38631	7.32516
7.72775	7.37123	7.34449	7.4245	7.39024	7.3071
7.75736	7.38696	7.35725	7.41023	7.39121	7.30835
7.78709	7.39137	7.33917	7.41349	7.37305	7.31537
7.81694	7.38534	7.31994	7.42102	7.38408	7.3091
7.84689	7.3779	7.32866	7.43494	7.37543	7.32113
7.87696	7.3643	7.32671	7.4164	7.35661	7.32041
7.90714	7.36279	7.3364	7.41391	7.39669	7.31473
7.93744	7.36361	7.32535	7.42879	7.37779	7.30824
7.96785	7.3688	7.33273	7.42009	7.37971	7.30631
7.99839	7.3696	7.35805	7.4076	7.38177	7.30858
8.02903	7.39826	7.34617	7.42397	7.39054	7.29307
8.05979	7.36527	7.32234	7.42749	7.38012	7.29825
8.09068	7.36838	7.33116	7.41058	7.35943	7.31382
8.12166	7.35395	7.31326	7.4273	7.36874	7.28964
8.15279	7.35473	7.3223	7.41778	7.36956	7.29803
8.18401	7.35043	7.33554	7.4313	7.37372	7.30066
8.21536	7.36978	7.35178	7.4254	7.36993	7.29159
8.24684	7.37332	7.33343	7.42503	7.3651	7.30336
8.27843	7.37996	7.32195	7.42731	7.35587	7.2981
8.31014	7.37506	7.34112	7.42058	7.36058	7.28312
8.34198	7.35914	7.30467	7.41289	7.35882	7.27726
8.37393	7.35283	7.31942	7.4246	7.36199	7.31678
8.406	7.35149	7.32325	7.41893	7.37609	7.31228
8.4382	7.35164	7.33406	7.42639	7.38195	7.28601
8.47052	7.36351	7.33227	7.40134	7.37014	7.28497
8.50296	7.36204	7.33485	7.40848	7.33874	7.30329
8.53554	7.38187	7.3278	7.39496	7.36978	7.28702
8.56822	7.36179	7.30353	7.40058	7.36557	7.28871
8.60104	7.3523	7.30051	7.40127	7.3569	7.28677
8.63398	7.36151	7.30037	7.41498	7.34915	7.30013
8.66705	7.34921	7.32036	7.40013	7.35363	7.29342
8.70024	7.33296	7.31814	7.39001	7.35949	7.28445
8.73356	7.36659	7.3074	7.39018	7.35315	7.28567
8.767	7.34921	7.28854	7.40452	7.33767	7.27776
8.80058	7.35374	7.29951	7.40185	7.34084	7.29212
8.83428	7.36236	7.29154	7.39695	7.32206	7.27282
8.8681	7.32834	7.2996	7.41553	7.33848	7.2876
8.90206	7.32528	7.29579	7.41987	7.34657	7.2809
8.93615	7.32858	7.29555	7.3974	7.34777	7.28318
8.97036	7.35597	7.30132	7.39456	7.3459	7.27242
9.00471	7.36748	7.29683	7.39326	7.33838	7.25521
9.03919	7.35387	7.28257	7.39009	7.34287	7.26882
9.0738	7.35542	7.30447	7.39092	7.33064	7.27105
9.10854	7.33124	7.27398	7.40825	7.34367	7.2774
9.14341	7.34925	7.28245	7.40577	7.34078	7.27903
9.17841	7.32115	7.28746	7.38302	7.34572	7.25874
9.21355	7.34151	7.30142	7.39639	7.34662	7.26279
9.24883	7.3453	7.291	7.39538	7.34156	7.25804
9.28424	7.36072	7.27409	7.37915	7.33584	7.2416
9.31977	7.34689	7.27417	7.38243	7.3243	7.26373
9.35545	7.31909	7.2823	7.38899	7.33154	7.26969
9.39126	7.31439	7.27587	7.38673	7.32865	7.27653
9.42721	7.32127	7.3116	7.38768	7.32726	7.26179
9.4633	7.32739	7.30157	7.37241	7.33231	7.26624
9.49953	7.33813	7.30165	7.37411	7.3184	7.27262
9.53589	7.34188	7.27797	7.38846	7.33624	7.2413
9.57239	7.3419	7.26653	7.40677	7.31445	7.2686
9.60903	7.32238	7.28416	7.37978	7.31301	7.28326
9.6458	7.31348	7.28311	7.38641	7.30886	7.2752
9.68272	7.3233	7.29602	7.38434	7.33102	7.26075
9.71978	7.32085	7.28544	7.37015	7.33707	7.25497
9.75698	7.32468	7.29026	7.37632	7.32031	7.25499
9.79432	7.32508	7.29054	7.37587	7.3179	7.24651
9.83181	7.32112	7.27939	7.38729	7.31253	7.2567
9.86944	7.3077	7.28366	7.3889	7.32575	7.25384
9.9072	7.31193	7.29541	7.38393	7.31287	7.26329
9.94511	7.32132	7.29692	7.37748	7.32858	7.24598
9.98318	7.32799	7.29268	7.37937	7.33329	7.25834
10.0214	7.34106	7.27384	7.37094	7.31757	7.25003
10.0597	7.31241	7.26287	7.36077	7.30619	7.25254
10.0982	7.30612	7.27352	7.37482	7.32025	7.24355
10.1369	7.29933	7.27959	7.36815	7.32261	7.2485
10.1756	7.30425	7.28027	7.35746	7.33983	7.26029
10.2146	7.31539	7.2943	7.36067	7.31748	7.24243
10.2537	7.32584	7.27461	7.35545	7.31895	7.24621
10.2929	7.32713	7.25199	7.34478	7.30598	7.2419
10.3323	7.32755	7.26284	7.37271	7.32675	7.25629
10.3718	7.31408	7.25122	7.3498	7.30854	7.24616
10.4115	7.31634	7.26388	7.37558	7.31986	7.24233
10.4513	7.30654	7.26389	7.3579	7.32832	7.23476
10.4913	7.31941	7.26435	7.34285	7.31359	7.23133
10.5315	7.322	7.25065	7.3382	7.32788	7.23114
10.5717	7.30952	7.24821	7.36207	7.30291	7.24373
10.6122	7.29732	7.23798	7.37111	7.32638	7.25309
10.6528	7.31165	7.25589	7.34438	7.32976	7.23696
10.6936	7.31047	7.25865	7.35626	7.3209	7.23318
10.7345	7.31808	7.25749	7.35817	7.31175	7.23685
10.7755	7.31244	7.25076	7.35311	7.30618	7.23254
10.8167	7.30871	7.24411	7.35959	7.30883	7.23598
10.8581	7.2898	7.25603	7.3575	7.29813	7.24188
10.8996	7.29059	7.26258	7.34628	7.31889	7.24107
10.9413	7.30601	7.25668	7.35444	7.32368	7.23499
10.9832	7.3184	7.26525	7.3397	7.30553	7.21747
11.0252	7.32107	7.24043	7.33774	7.29176	7.2288
11.0674	7.30726	7.24548	7.34334	7.29069	7.23017
11.1097	7.28909	7.22309	7.35088	7.30673	7.23826
11.1522	7.29379	7.25743	7.33347	7.30353	7.2284
11.1948	7.29934	7.24993	7.33445	7.30351	7.21197
11.2377	7.31705	7.2244	7.33198	7.29438	7.20778
11.2807	7.3066	7.24199	7.33888	7.29701	7.21209
11.3238	7.28544	7.21851	7.34579	7.29196	7.21259
11.3671	7.30089	7.23843	7.33804	7.29504	7.21359
11.4106	7.29102	7.24535	7.3359	7.30641	7.19964
11.4542	7.28374	7.2326	7.32736	7.30231	7.21555
11.498	7.29452	7.23549	7.32985	7.28788	7.21286
11.542	7.2988	7.23529	7.34309	7.28435	7.22553
11.5861	7.28084	7.24902	7.3347	7.29181	7.22326
11.6304	7.27147	7.24716	7.3437	7.30117	7.22408
11.6749	7.28304	7.24357	7.30686	7.30225	7.20655
11.7196	7.29948	7.24014	7.30944	7.29765	7.21634
11.7644	7.3051	7.24392	7.31498	7.2763	7.21571
11.8094	7.28516	7.23328	7.33234	7.2846	7.22384
11.8545	7.28468	7.23783	7.32935	7.28704	7.22891
11.8998	7.27252	7.23695	7.33481	7.28374	7.20921
11.9453	7.27428	7.24652	7.30718	7.27626	7.2085
11.991	7.289	7.23269	7.32045	7.2754	7.20403
12.0369	7.28297	7.25	7.31791	7.27896	7.20877
12.0829	7.27241	7.23016	7.32897	7.27275	7.22254
12.1291	7.26816	7.23685	7.32781	7.28906	7.20988
12.1755	7.27302	7.25014	7.32423	7.27085	7.20925
12.222	7.27715	7.24085	7.3101	7.26461	7.20681
12.2687	7.28171	7.24167	7.32043	7.26057	7.20865
12.3156	7.27251	7.23257	7.33033	7.2447	7.21506
12.3627	7.26818	7.23125	7.32958	7.26538	7.20276
12.41	7.26342	7.23705	7.31339	7.2642	7.19345
12.4574	7.28891	7.2483	7.31131	7.26952	7.1911
12.5051	7.30221	7.22478	7.32899	7.25805	7.20684
12.5529	7.2831	7.21456	7.31213	7.26446	7.20815
12.6009	7.24888	7.21825	7.31283	7.26642	7.19855
12.649	7.27464	7.22083	7.30097	7.2684	7.1932
12.6974	7.27546	7.21322	7.30071	7.26298	7.19802
12.7459	7.28922	7.20963	7.307	7.26719	7.20651
12.7946	7.2653	7.21939	7.31842	7.25021	7.18685
12.8435	7.27587	7.20993	7.31361	7.26242	7.19013
12.8926	7.26847	7.20147	7.30448	7.26778	7.17568
12.9419	7.26884	7.21852	7.30384	7.25231	7.17965
12.9914	7.28037	7.20503	7.31839	7.25667	7.17763
13.041	7.26722	7.1952	7.31663	7.25089	7.19382
13.0909	7.25412	7.21979	7.31634	7.26399	7.19937
13.1409	7.25742	7.21234	7.30804	7.25462	7.18369
13.1912	7.24705	7.21573	7.29765	7.24858	7.16958
13.2416	7.27782	7.20693	7.30011	7.26076	7.17262
13.2922	7.25754	7.20231	7.31845	7.24535	7.18577
13.343	7.25198	7.20259	7.29394	7.27022	7.18295
13.394	7.25122	7.22088	7.30277	7.27706	7.1895
13.4452	7.25357	7.20908	7.29432	7.25929	7.17728
13.4966	7.25388	7.1804	7.29052	7.24313	7.18894
13.5481	7.25577	7.19472	7.3042	7.23173	7.18321
13.5999	7.23943	7.19105	7.29426	7.26462	7.18963
13.6519	7.23762	7.20911	7.28893	7.26567	7.18175
13.7041	7.25505	7.17402	7.28634	7.23465	7.16974
13.7564	7.25936	7.18214	7.29776	7.24121	7.17363
13.809	7.26303	7.19877	7.29943	7.25064	7.17733
13.8618	7.23035	7.20255	7.29528	7.24864	7.17845
13.9148	7.23363	7.18734	7.27263	7.25012	7.17838
13.9679	7.25172	7.19904	7.27809	7.2339	7.17945
14.0213	7.25541	7.18861	7.28586	7.2274	7.16587
14.0749	7.2464	7.19064	7.29239	7.25028	7.17758
14.1287	7.22939	7.20469	7.27673	7.25574	7.17266
14.1826	7.2312	7.19247	7.27678	7.24487	7.14978
14.2368	7.26216	7.18579	7.2799	7.23381	7.16494
14.2913	7.25026	7.17602	7.28729	7.23427	7.17068
14.3458	7.23755	7.19525	7.29077	7.24058	7.17414
14.4007	7.23679	7.19179	7.27002	7.25644	7.17272
14.4557	7.24747	7.17842	7.28694	7.23359	7.16761
14.5109	7.25294	7.17355	7.30137	7.24616	7.16571
14.5664	7.23316	7.18335	7.28697	7.25244	7.17706
14.622	7.22041	7.18336	7.2918	7.24428	7.15397
14.6779	7.22191	7.17654	7.27254	7.25679	7.17131
14.734	7.24186	7.17375	7.28119	7.23571	7.1596
14.7903	7.23893	7.18089	7.28835	7.23927	7.17183
14.8468	7.2272	7.18718	7.27574	7.2439	7.15787
14.9035	7.21936	7.18474	7.28431	7.23953	7.14752
14.9604	7.22742	7.17085	7.27487	7.23367	7.15795
15.0176	7.23137	7.17581	7.28921	7.23791	7.14833
15.075	7.21676	7.18016	7.28556	7.22767	7.15528
15.1326	7.21983	7.18155	7.27138	7.24295	7.14957
15.1903	7.23108	7.17412	7.25884	7.21962	7.14223
15.2484	7.23519	7.17001	7.28613	7.22013	7.14131
15.3066	7.22401	7.18039	7.28687	7.22962	7.14902
15.3651	7.21071	7.18871	7.27413	7.22664	7.14166
15.4238	7.22844	7.17176	7.27711	7.23092	7.12645
15.4827	7.22238	7.16563	7.2869	7.21047	7.13623
15.5419	7.22607	7.18302	7.28733	7.21615	7.14693
15.6012	7.2153	7.17514	7.27379	7.21907	7.14973
15.6608	7.20924	7.17829	7.26061	7.21191	7.14284
15.7206	7.21495	7.17465	7.26603	7.22591	7.14117
15.7807	7.22228	7.16913	7.27006	7.22934	7.15754
15.841	7.20703	7.17384	7.2594	7.22175	7.14978
15.9015	7.21091	7.16679	7.25178	7.22731	7.1459
15.9622	7.22341	7.17115	7.2585	7.21288	7.15368
16.0232	7.22532	7.16113	7.27449	7.2112	7.16158
16.0844	7.20748	7.16695	7.26782	7.22423	7.14739
16.1458	7.20581	7.1703	7.25302	7.20185	7.13617
16.2075	7.2233	7.13611	7.24035	7.20198	7.15252
16.2694	7.22445	7.15622	7.25909	7.18886	7.13781
16.3316	7.20739	7.15687	7.23716	7.20869	7.14412
16.3939	7.19793	7.14782	7.24278	7.19346	7.13459
16.4565	7.22109	7.1535	7.24667	7.19163	7.14562
16.5194	7.21062	7.16303	7.25061	7.19751	7.13768
16.5825	7.20655	7.16152	7.23695	7.20568	7.14336
16.6458	7.19511	7.14708	7.22856	7.1968	7.13808
16.7094	7.21028	7.14924	7.23107	7.19293	7.14321
16.7732	7.21338	7.166	7.24688	7.18907	7.13725
16.8372	7.20683	7.16247	7.24255	7.19488	7.13184
16.9016	7.18421	7.14845	7.24686	7.19545	7.11933
16.9661	7.21683	7.1446	7.24106	7.17801	7.13539
17.0309	7.2034	7.16026	7.23749	7.195	7.13753
17.0959	7.18944	7.15786	7.23916	7.21713	7.13144
17.1612	7.19327	7.13971	7.24296	7.19091	7.123
17.2267	7.20056	7.14832	7.24435	7.20453	7.13821
17.2925	7.18152	7.16286	7.2456	7.20659	7.12449
17.3586	7.18349	7.15876	7.24817	7.19628	7.1177
17.4249	7.19632	7.14845	7.26264	7.19338	7.13353
17.4914	7.21222	7.15127	7.249	7.18955	7.12498
17.5582	7.19269	7.15378	7.25448	7.21587	7.12993
17.6252	7.17606	7.14933	7.23697	7.20379	7.11896
17.6925	7.1917	7.14864	7.23459	7.19585	7.12143
17.7601	7.20878	7.14839	7.24083	7.19145	7.12868
17.8279	7.18334	7.15934	7.24115	7.19568	7.11549
17.896	7.1716	7.14734	7.24427	7.19763	7.10606
17.9643	7.18589	7.14094	7.25405	7.18783	7.11138
18.0329	7.19302	7.16147	7.25039	7.19436	7.12814
18.1018	7.18057	7.13454	7.23482	7.17554	7.10206
18.1709	7.18017	7.13214	7.23764	7.17808	7.10625
18.2403	7.17853	7.14127	7.25237	7.18425	7.11243
18.3099	7.1635	7.14401	7.2318	7.18858	7.112
18.3798	7.15687	7.13541	7.23914	7.17778	7.10297
18.45	7.17645	7.11996	7.23793	7.17164	7.11907
18.5204	7.17196	7.14071	7.24393	7.18924	7.1004
18.5911	7.17595	7.13182	7.23273	7.17541	7.10176
18.6621	7.16989	7.1244	7.24944	7.18827	7.10423
18.7334	7.18486	7.1315	7.23739	7.17678	7.10836
18.8049	7.18422	7.13007	7.23334	7.19175	7.10115
18.8767	7.16374	7.11995	7.24129	7.17967	7.10348
18.9487	7.18469	7.12821	7.24313	7.17981	7.11374
19.0211	7.18632	7.13475	7.23917	7.17476	7.10369
19.0937	7.18051	7.12704	7.22747	7.18208	7.10077
19.1666	7.18274	7.1208	7.23349	7.16513	7.10768
19.2398	7.18918	7.12637	7.23834	7.17066	7.1085
19.3132	7.17136	7.12811	7.22747	7.17174	7.10114
19.3869	7.17583	7.11603	7.22068	7.16576	7.10624
19.461	7.1975	7.11528	7.23005	7.16073	7.10787
19.5352	7.17233	7.11777	7.23745	7.17339	7.10541
19.6098	7.166	7.11382	7.20729	7.15684	7.10312
19.6847	7.18895	7.1106	7.21324	7.161	7.08883
19.7598	7.18244	7.11877	7.20979	7.16601	7.1065
19.8353	7.16249	7.12529	7.22236	7.15841	7.08519
19.911	7.17137	7.11329	7.2181	7.16207	7.0914
19.987	7.1762	7.12564	7.21795	7.1668	7.08986
20.0633	7.16073	7.11791	7.20003	7.17398	7.07912
20.1399	7.174	7.10346	7.20747	7.15021	7.08957
20.2167	7.17167	7.11296	7.21246	7.1632	7.09309
20.2939	7.16099	7.12392	7.21076	7.17483	7.08519
20.3714	7.15504	7.11096	7.2026	7.16086	7.09259
20.4491	7.17073	7.11239	7.21695	7.16286	7.10632
20.5272	7.15156	7.11421	7.21783	7.1665	7.09338
20.6055	7.15189	7.10311	7.20685	7.14945	7.0838
20.6842	7.16886	7.11602	7.21739	7.15085	7.09188
20.7631	7.15919	7.11102	7.20713	7.16773	7.09774
20.8424	7.1624	7.10342	7.21078	7.14607	7.08974
20.9219	7.17085	7.10428	7.2268	7.14928	7.08816
21.0018	7.16274	7.11949	7.20656	7.16255	7.08966
21.0819	7.14454	7.11505	7.21283	7.15358	7.08498
21.1624	7.1587	7.12995	7.22546	7.15346	7.08096
21.2432	7.15143	7.11904	7.22048	7.17022	7.06842
21.3242	7.15239	7.11274	7.20371	7.15981	7.07302
21.4056	7.14819	7.11619	7.21644	7.15236	7.07308
21.4873	7.15171	7.126	7.2168	7.15971	7.0767
21.5693	7.13924	7.11278	7.203	7.15393	7.07198
21.6517	7.15599	7.11238	7.20579	7.14359	7.07213
21.7343	7.17131	7.12951	7.19779	7.15516	7.07251
21.8172	7.13758	7.11844	7.20009	7.15268	7.06283
21.9005	7.15348	7.10856	7.20202	7.14608	7.07023
21.9841	7.15024	7.12453	7.19428	7.145	7.077
22.068	7.14003	7.11486	7.18832	7.14573	7.07416
22.1522	7.14271	7.10046	7.20191	7.13869	7.07496
22.2367	7.1467	7.11829	7.20438	7.15085	7.0709
22.3216	7.13114	7.09696	7.19533	7.15406	7.05494
22.4068	7.14234	7.09836	7.21118	7.13986	7.07272
22.4923	7.14797	7.10018	7.19794	7.15275	7.05964
22.5781	7.14212	7.09961	7.20269	7.1468	7.06383
22.6643	7.14477	7.09717	7.1946	7.14416	7.08488
22.7508	7.14395	7.11384	7.19546	7.15025	7.07084
22.8376	7.1362	7.09567	7.18826	7.14454	7.06854
22.9247	7.14458	7.10354	7.19317	7.1492	7.07656
23.0122	7.14664	7.08885	7.1952	7.13976	7.07308
23.1	7.13227	7.10094	7.18372	7.13235	7.06899
23.1882	7.15589	7.10864	7.19872	7.1465	7.07079
23.2767	7.14054	7.10056	7.19358	7.13965	7.0734
23.3655	7.14007	7.08518	7.19632	7.13885	7.07718
23.4547	7.14251	7.09266	7.19417	7.14115	7.07468
23.5441	7.13027	7.08412	7.17817	7.13314	7.06281
23.634	7.1337	7.08149	7.1876	7.13642	7.08191
23.7242	7.1489	7.08252	7.17571	7.15438	7.0649
23.8147	7.13564	7.07567	7.16895	7.13636	7.07924
23.9056	7.13091	7.09135	7.19215	7.14533	7.07593
23.9968	7.1375	7.09138	7.17838	7.13916	7.07909
24.0883	7.12309	7.0825	7.18487	7.12441	7.0666
24.1803	7.13278	7.09657	7.18011	7.13392	7.07212
24.2725	7.13548	7.09105	7.17642	7.13196	7.06062
24.3651	7.13085	7.08995	7.19083	7.12393	7.05485
24.4581	7.14916	7.09984	7.17277	7.13295	7.05465
24.5514	7.11655	7.07622	7.18114	7.12637	7.05393
24.6451	7.1313	7.0981	7.18417	7.12504	7.06834
24.7391	7.13563	7.09308	7.18125	7.12579	7.05678
24.8335	7.11847	7.079	7.19102	7.13017	7.06145
24.9282	7.13553	7.08524	7.19659	7.13676	7.0652
25.0234	7.12688	7.08151	7.18448	7.13709	7.05539
25.1188	7.1202	7.0915	7.18802	7.13758	7.05858
25.2147	7.11911	7.09416	7.18103	7.13834	7.06275
25.3109	7.10869	7.07636	7.18231	7.12816	7.06438
25.4074	7.11291	7.10194	7.18135	7.13025	7.05797
25.5044	7.10736	7.09031	7.17602	7.12598	7.04225
25.6017	7.10686	7.09509	7.18209	7.1074	7.0581
25.6993	7.11638	7.10299	7.17387	7.12026	7.03978
25.7974	7.1043	7.08609	7.18302	7.114	7.0441
25.8958	7.1141	7.0954	7.18076	7.12239	7.04482
25.9946	7.12455	7.07585	7.17245	7.11582	7.04013
26.0938	7.12198	7.06401	7.18112	7.11694	7.05168
26.1933	7.13782	7.08267	7.1721	7.11912	7.04998
26.2932	7.11594	7.06928	7.17693	7.10962	7.05731
26.3936	7.12696	7.07511	7.16855	7.10926	7.05347
26.4942	7.12073	7.07166	7.16509	7.10949	7.03629
26.5953	7.12089	7.0803	7.18309	7.11364	7.05306
26.6968	7.13194	7.0774	7.16176	7.11559	7.05304
26.7986	7.11286	7.06358	7.17773	7.10979	7.05717
26.9008	7.11609	7.07796	7.17593	7.11953	7.0591
27.0035	7.12369	7.06974	7.16861	7.11915	7.05005
27.1065	7.11434	7.07742	7.17698	7.12492	7.0491
27.2099	7.12131	7.06291	7.17038	7.12462	7.03681
27.3137	7.11733	7.07364	7.18867	7.10385	7.04926
27.4179	7.1187	7.0718	7.17526	7.11857	7.03865
27.5224	7.12366	7.07718	7.18574	7.10971	7.04588
27.6274	7.12127	7.08901	7.17871	7.1209	7.03865
27.7328	7.12183	7.05771	7.17423	7.11713	7.03704
27.8386	7.10669	7.08194	7.17797	7.12833	7.04026
27.9448	7.12179	7.07611	7.1546	7.12948	7.03337
28.0514	7.11151	7.06877	7.16496	7.12501	7.03456
28.1584	7.12396	7.07322	7.14648	7.1274	7.0356
28.2658	7.09782	7.06564	7.15437	7.10721	7.0404
28.3736	7.11048	7.08213	7.15896	7.11134	7.03605
28.4819	7.10955	7.07175	7.1473	7.11009	7.02734
28.5905	7.10533	7.08715	7.14564	7.11817	7.0369
28.6996	7.11129	7.06886	7.14579	7.10227	7.02248
28.809	7.09199	7.0777	7.15932	7.09933	7.0317
28.9189	7.10945	7.06532	7.14895	7.11109	7.03654
29.0292	7.0974	7.06025	7.14923	7.09586	7.03268
29.1399	7.10034	7.06211	7.15083	7.11082	7.03237
29.2511	7.0989	7.05835	7.15436	7.09437	7.03371
29.3626	7.09694	7.06802	7.14907	7.0967	7.03184
29.4746	7.09626	7.04991	7.15766	7.08999	7.03475
29.5871	7.08924	7.07302	7.15846	7.10376	7.03512
29.6999	7.09453	7.06279	7.15953	7.10122	7.03556
29.8132	7.08639	7.0629	7.1574	7.10025	7.03827
29.9269	7.1022	7.04811	7.15056	7.10108	7.01598
30.041	7.09108	7.05138	7.15771	7.10339	7.02373
30.1556	7.10407	7.0613	7.15466	7.10044	7.02419
30.2706	7.08775	7.04379	7.16344	7.09219	7.02049
30.3861	7.09495	7.04045	7.15509	7.10777	7.02256
30.502	7.09212	7.04819	7.16006	7.0988	7.01662
30.6183	7.09839	7.05587	7.15047	7.10039	7.02229
30.7351	7.10178	7.05969	7.1572	7.0905	7.02013
30.8523	7.09403	7.05924	7.15294	7.10064	7.02627
30.97	7.09619	7.05609	7.15617	7.09238	7.03478
31.0881	7.10719	7.06094	7.15355	7.10285	7.03211
31.2066	7.10372	7.06495	7.15399	7.09227	7.02633
31.3257	7.09865	7.06193	7.14949	7.09834	7.01982
31.4451	7.10488	7.05264	7.14702	7.09871	7.0328
31.5651	7.08967	7.05659	7.14347	7.10023	7.03974
31.6854	7.1059	7.04492	7.14673	7.08368	7.02127
31.8063	7.0867	7.06355	7.15068	7.09675	7.03633
31.9276	7.09701	7.04466	7.14598	7.085	7.02517
32.0493	7.08822	7.05762	7.15508	7.08456	7.0226
32.1716	7.09603	7.03843	7.14429	7.08918	7.02585
32.2943	7.08062	7.05488	7.14749	7.09079	7.03019
32.4174	7.09699	7.049	7.14044	7.08629	7.01926
32.541	7.08142	7.05941	7.13931	7.0978	7.02023
32.6651	7.09543	7.04913	7.13611	7.09036	7.012
32.7897	7.08065	7.05431	7.14253	7.09337	7.01663
32.9147	7.09574	7.05196	7.14233	7.09359	7.01501
33.0403	7.08441	7.05651	7.14499	7.10375	7.03211
33.1662	7.08891	7.04021	7.15359	7.09367	7.02831
33.2927	7.08838	7.06546	7.14963	7.09972	7.03865
33.4197	7.09792	7.05272	7.15575	7.09581	7.03649
33.5471	7.07901	7.06078	7.15379	7.1059	7.0278
33.6751	7.10254	7.04618	7.15575	7.09421	7.01549
33.8035	7.09421	7.05121	7.13839	7.10205	7.01906
33.9324	7.111	7.04501	7.14012	7.0951	7.02379
34.0618	7.08648	7.05261	7.14223	7.08694	7.01992
34.1917	7.101	7.04349	7.14839	7.0811	7.01814
34.322	7.08853	7.05332	7.1475	7.09315	7.01999
34.4529	7.10239	7.04965	7.1571	7.08651	7.02235
34.5843	7.08503	7.0516	7.13785	7.08127	7.01471
34.7162	7.08288	7.04568	7.13497	7.07847	7.02354
34.8485	7.09187	7.04508	7.1318	7.07854	7.02194
34.9814	7.0738	7.06315	7.13509	7.08962	7.02113
35.1148	7.08045	7.05096	7.12959	7.08238	7.01161
35.2487	7.06255	7.04896	7.1282	7.09638	7.01159
35.3831	7.08102	7.04791	7.13462	7.08198	7.01094
35.518	7.07066	7.05822	7.12999	7.09191	7.00523
35.6535	7.08372	7.04675	7.13752	7.07536	7.01202
35.7894	7.07468	7.05403	7.13266	7.08221	6.99989
35.9259	7.09111	7.048	7.13938	7.08854	7.00607
36.0629	7.07605	7.05183	7.13864	7.08599	7.00323
36.2004	7.08389	7.05816	7.14433	7.08788	7.01404
36.3384	7.08399	7.04705	7.13819	7.09646	7.00701
36.477	7.08219	7.06307	7.14925	7.08915	7.0147
36.616	7.0941	7.04998	7.15126	7.07664	7.00645
36.7556	7.07453	7.04894	7.1413	7.08288	7.01071
36.8958	7.08176	7.04703	7.15074	7.07829	7.01081
37.0365	7.07061	7.04097	7.13276	7.07532	7.01129
37.1777	7.08584	7.04612	7.13402	7.07959	7.0087
37.3194	7.07389	7.04369	7.12734	7.0811	6.99504
37.4617	7.07192	7.04774	7.12404	7.09614	6.99761
37.6046	7.0833	7.03442	7.12511	7.07731	6.9969
37.7479	7.06932	7.04669	7.10946	7.077	6.99668
37.8919	7.09269	7.04131	7.13179	7.07544	7.0033
38.0363	7.07723	7.03988	7.14241	7.08386	7.00452
38.1814	7.08315	7.04964	7.14874	7.08005	7.01655
38.3269	7.08356	7.03993	7.1321	7.07496	6.99971
38.4731	7.07416	7.03652	7.13009	7.07666	7.01163
38.6197	7.08943	7.04829	7.13449	7.07083	7.00235
38.767	7.06888	7.03722	7.12926	7.07792	7.00349
38.9148	7.08477	7.04131	7.13194	7.08429	7.0117
39.0631	7.08041	7.03192	7.12054	7.07729	7.00038
39.2121	7.08307	7.04859	7.11351	7.08028	7.0107
39.3616	7.08124	7.03628	7.13035	7.06479	7.01209
39.5117	7.06492	7.03453	7.12283	7.07695	7.00749
39.6623	7.08072	7.04109	7.13093	7.08119	7.00973
39.8135	7.06508	7.03105	7.13299	7.06626	7.01252
39.9653	7.07166	7.02773	7.12086	7.07762	7.00296
40.1176	7.083	7.03189	7.13428	7.06788	7.00398
40.2706	7.07328	7.03518	7.14524	7.06955	6.99396
40.4241	7.07816	7.03979	7.13357	7.07673	7.00378
40.5782	7.08253	7.03691	7.13136	7.06987	6.99602
40.7329	7.06562	7.03543	7.13289	7.081	6.9964
40.8882	7.0855	7.03712	7.13992	7.07423	7.00702
41.0441	7.07293	7.02952	7.13445	7.08036	7.00857
41.2006	7.06219	7.02779	7.11771	7.07541	7.00719
41.3577	7.0783	7.03433	7.13083	7.07452	7.00638
41.5153	7.06045	7.02565	7.13015	7.06836	7.00035
41.6736	7.08069	7.02556	7.13246	7.0655	7.00236
41.8325	7.08328	7.03846	7.12535	7.06332	7.00434
41.9919	7.07773	7.02591	7.12591	7.07394	6.98917
42.152	7.08882	7.03483	7.13415	7.06076	7.00322
42.3127	7.08672	7.03267	7.13434	7.06634	6.99921
42.474	7.07509	7.0221	7.13469	7.06817	6.98489
42.6359	7.08059	7.0291	7.13035	7.06729	6.99711
42.7985	7.07548	7.03245	7.12394	7.06995	6.99903
42.9616	7.07026	7.02224	7.1081	7.07355	6.99783
43.1254	7.07179	7.029	7.11133	7.08513	7.00352
43.2898	7.06134	7.0325	7.12623	7.07841	6.99631
43.4548	7.05873	7.02508	7.11907	7.08202	6.99583
43.6205	7.06202	7.02331	7.12514	7.08106	6.9892
43.7867	7.0659	7.02825	7.11785	7.07936	6.97912
43.9537	7.05955	7.02554	7.10969	7.08253	6.99585
44.1212	7.0707	7.03342	7.11361	7.06713	6.99267
44.2894	7.06222	7.03827	7.12392	7.07023	6.98165
44.4582	7.06686	7.0287	7.13043	7.06795	6.99135
44.6277	7.06742	7.03067	7.13098	7.07107	6.98574
44.7978	7.07092	7.03115	7.1418	7.06405	6.99731
44.9686	7.06221	7.0296	7.13178	7.06461	6.99765
45.14	7.07205	7.02865	7.12806	7.07088	6.99685
45.3121	7.06922	7.0277	7.12972	7.07068	6.99367
45.4848	7.06765	7.02077	7.12881	7.0725	6.98945
45.6582	7.06848	7.02641	7.12633	7.07946	6.98295
45.8322	7.06572	7.02192	7.1307	7.0679	6.98451
46.0069	7.05912	7.01673	7.12655	7.05696	6.99084
46.1823	7.05621	7.00785	7.11902	7.05538	6.9827
46.3583	7.06511	7.0169	7.1218	7.06434	6.98577
46.535	7.05878	7.02216	7.12296	7.06208	6.98604
46.7124	7.05401	7.02369	7.12597	7.05945	6.98835
46.8905	7.05557	7.02157	7.11606	7.06068	6.98911
47.0692	7.06318	7.02539	7.11835	7.06025	7.00183
47.2486	7.05867	7.02577	7.13011	7.06181	6.98967
47.4287	7.05419	7.0236	7.12919	7.05432	6.99827
47.6095	7.0667	7.02728	7.11887	7.06677	6.99958
47.791	7.06935	7.02234	7.12384	7.06483	7.00364
47.9731	7.06147	7.02449	7.12309	7.05943	6.99892
48.156	7.05903	7.02179	7.11675	7.05398	6.98818
48.3396	7.06621	7.01657	7.12052	7.06414	6.99501
48.5238	7.07324	7.03096	7.10786	7.0563	6.99431
48.7088	7.06333	7.02222	7.12894	7.0575	7.0009
48.8944	7.0723	7.01468	7.11873	7.06588	6.99965
49.0808	7.06872	7.01835	7.12393	7.06618	6.99977
49.2679	7.07648	7.0298	7.12008	7.06009	7.00746
49.4557	7.06231	7.02565	7.12787	7.05444	6.99366
49.6441	7.06869	7.02779	7.13602	7.06461	6.99157
49.8334	7.07154	7.02643	7.13232	7.06644	6.98515
50.0233	7.0753	7.02297	7.12149	7.06329	6.98728
50.214	7.05754	7.02115	7.12304	7.06254	6.99382
50.4054	7.05385	7.02396	7.13426	7.0686	6.98874
50.5975	7.06566	7.02119	7.1262	7.06593	6.97978
50.7903	7.05949	7.01593	7.12607	7.06707	6.99634
50.9839	7.0629	7.01704	7.12413	7.06197	6.98759
51.1782	7.04878	7.02516	7.12107	7.04625	6.99268
51.3733	7.06125	7.02803	7.10916	7.05309	6.9863
51.5691	7.06339	7.02765	7.11188	7.05219	6.98756
51.7657	7.05769	7.02957	7.11626	7.05459	6.98569
51.9629	7.05292	7.02934	7.12215	7.05159	6.99467
52.161	7.05133	7.0171	7.12063	7.05942	6.99685
52.3598	7.05162	7.02336	7.11043	7.06294	6.99886
52.5593	7.05867	7.01884	7.11316	7.04906	6.99331
52.7597	7.07079	7.01207	7.10742	7.05975	6.99064
52.9608	7.06807	7.02706	7.12179	7.06027	6.97666
53.1626	7.06293	7.02512	7.12554	7.05802	6.98242
53.3652	7.07207	7.02088	7.13115	7.06006	6.9702
53.5686	7.06469	7.01205	7.12304	7.0624	6.98004
53.7728	7.05807	7.01995	7.11422	7.06434	6.99286
53.9777	7.05873	7.01413	7.11955	7.05992	6.99173
54.1834	7.05104	7.02129	7.12822	7.0611	6.98539
54.3899	7.05411	7.01737	7.12191	7.06383	6.97804
54.5972	7.05368	7.01351	7.1091	7.05809	6.98389
54.8053	7.05253	7.01544	7.11245	7.06062	6.98111
55.0142	7.05521	7.02336	7.10912	7.06332	6.97879
55.2238	7.04672	7.0262	7.11079	7.06724	6.98635
55.4343	7.0532	7.02934	7.11911	7.062	6.98005
55.6456	7.05065	7.02466	7.12013	7.05939	6.98079
55.8577	7.05043	7.01624	7.12433	7.05082	6.9878
56.0705	7.05258	7.00784	7.12579	7.05831	6.98844
56.2842	7.05759	7.00546	7.12296	7.06313	6.98851
56.4987	7.05754	7.01075	7.11519	7.05934	6.98012
56.714	7.0636	7.01175	7.11266	7.06481	6.98385
56.9302	7.06355	7.01905	7.11998	7.05509	6.9832
57.1471	7.06032	7.01493	7.11516	7.05734	6.98532
57.3649	7.0567	7.02599	7.10693	7.06195	6.98027
57.5835	7.06385	7.0208	7.11064	7.05189	6.98177
57.803	7.06402	7.0113	7.11133	7.05659	6.97739
58.0233	7.06376	7.01941	7.10849	7.05295	6.97575
58.2444	7.06287	7.02645	7.11993	7.0623	6.97651
58.4664	7.0506	7.02413	7.1214	7.06048	6.98017
58.6892	7.04097	7.03165	7.1138	7.06686	6.97786
58.9128	7.05075	7.01777	7.10984	7.05997	6.98692
59.1373	7.04511	7.01292	7.10926	7.06603	6.98801
59.3627	7.04693	7.01005	7.11831	7.07099	6.99037
59.589	7.05155	7.00181	7.11864	7.06711	6.98317
59.816	7.05335	7.00122	7.11971	7.06267	6.97018
60.044	7.05188	7.00942	7.12101	7.05651	6.97878
60.2728	7.06108	7.0138	7.11228	7.05886	6.98135
60.5025	7.05679	7.02002	7.10902	7.06342	6.98762
60.7331	7.0554	7.0183	7.10953	7.05511	6.99077
60.9645	7.04826	7.01167	7.10967	7.05224	6.9926
61.1968	7.04778	7.02658	7.11383	7.05174	6.98093
61.43	7.04683	7.02518	7.12719	7.05519	6.96999
61.6641	7.0464	7.01987	7.12168	7.06157	6.9788
61.8991	7.0437	7.01412	7.13139	7.05123	6.98076
62.135	7.04418	7.01409	7.12797	7.05332	6.98192
62.3718	7.0489	7.01432	7.12865	7.04883	6.96627
62.6095	7.05069	7.01695	7.11743	7.05617	6.9749
62.848	7.0497	7.00582	7.11862	7.05522	6.97942
63.0876	7.05845	7.01271	7.12556	7.05122	6.98997
63.3279	7.06195	7.01325	7.12028	7.05615	6.98344
63.5693	7.0548	7.01323	7.10798	7.05803	6.98304
63.8115	7.04727	7.01014	7.11043	7.04241	6.98104
64.0547	7.04671	7.01006	7.11326	7.05897	6.97543
64.2988	7.0423	7.01239	7.10886	7.06214	6.97597
64.5438	7.04755	7.00594	7.11467	7.06088	6.97823
64.7897	7.05556	7.01051	7.11378	7.05608	6.97456
65.0366	7.04386	7.01285	7.1111	7.06216	6.98051
65.2845	7.05462	7.02319	7.1073	7.05937	6.97646
65.5332	7.04983	7.02337	7.09948	7.05867	6.97899
65.783	7.05383	7.02556	7.10918	7.0485	6.98071
66.0336	7.04862	7.02813	7.11134	7.04957	6.98207
66.2852	7.04764	7.00484	7.11881	7.05338	6.99109
66.5378	7.05275	7.00496	7.13071	7.05935	6.99001
66.7914	7.05563	7.01893	7.11491	7.05513	6.97771
67.0459	7.05282	7.01876	7.11574	7.05799	6.97465
67.3014	7.05361	7.00439	7.11557	7.04969	6.97082
67.5578	7.05521	7.01256	7.10484	7.04993	6.97281
67.8152	7.04894	7.01186	7.10378	7.0541	6.98065
68.0737	7.04555	7.0009	7.10548	7.05455	6.98355
68.3331	7.04163	7.00313	7.10411	7.04841	6.98627
68.5934	7.03542	7.00627	7.10594	7.05545	6.97788
68.8548	7.04466	7.01878	7.11483	7.05741	6.97974
69.1172	7.04805	7.01865	7.1101	7.05457	6.97344
69.3805	7.04842	7.02302	7.11079	7.05277	6.98031
69.6449	7.05057	7.01607	7.11504	7.0579	6.98221
69.9103	7.05316	7.01863	7.1091	7.04855	6.98052
70.1767	7.05874	7.00841	7.10868	7.05581	6.98139
70.4441	7.0594	7.00495	7.11097	7.05882	6.98311
70.7125	7.05136	7.00805	7.10649	7.05382	6.98688
70.9819	7.04794	7.00811	7.10468	7.05627	6.98595
71.2524	7.05216	7.00806	7.11	7.05753	6.98032
71.5239	7.04914	7.00275	7.10673	7.05418	6.97012
71.7964	7.05103	7.00216	7.11168	7.05205	6.97195
72.07	7.05164	7.00578	7.10339	7.05577	6.97641
72.3446	7.04538	7.01844	7.10955	7.0544	6.97031
72.6203	7.04962	7.01162	7.10439	7.06071	6.97872
72.897	7.04961	7.01455	7.10897	7.05952	6.97453
73.1747	7.057	7.02201	7.10777	7.04556	6.97464
73.4536	7.0535	7.02665	7.11247	7.04706	6.97888
73.7334	7.04519	7.02101	7.11272	7.04815	6.98413
74.0144	7.05612	7.01861	7.11069	7.05077	6.98523
74.2964	7.04496	7.01685	7.1171	7.05855	6.97985
74.5795	7.05001	7.01674	7.12172	7.05628	6.97731
74.8636	7.0516	7.02078	7.11452	7.04794	6.98862
75.1489	7.04388	7.00626	7.1077	7.04544	6.98146
75.4352	7.04794	7.00014	7.11178	7.05082	6.97432
75.7226	7.05162	7.01399	7.11639	7.05424	6.9698
76.0111	7.04247	7.01397	7.11729	7.05385	6.97453
76.3008	7.04267	7.01495	7.11818	7.05585	6.97661
76.5915	7.05437	7.00709	7.11173	7.0498	6.97358
76.8833	7.05013	7.01245	7.11427	7.04594	6.97844
77.1762	7.03978	7.00301	7.114	7.04693	6.98959
77.4703	7.03963	7.00489	7.11024	7.04905	6.98928
77.7655	7.0431	7.01675	7.11059	7.05652	6.97328
78.0618	7.04535	7.0121	7.11223	7.0536	6.97565
78.3592	7.04785	7.01523	7.1071	7.04709	6.96849
78.6578	7.04293	7.01244	7.10352	7.05604	6.97066
78.9575	7.05995	7.00701	7.09833	7.05359	6.97562
79.2583	7.06642	7.00736	7.10198	7.05322	6.97395
79.5603	7.05765	7.00947	7.10486	7.05805	6.97557
79.8634	7.04886	7.01212	7.10322	7.05176	6.9817
80.1677	7.05342	7.01746	7.09984	7.04356	6.97582
80.4731	7.05305	7.00988	7.10653	7.04733	6.97409
80.7797	7.04879	7.01019	7.10914	7.05394	6.97643
81.0875	7.05163	7.00757	7.11227	7.03945	6.97366
81.3964	7.05007	6.99911	7.1123	7.0509	6.97457
81.7066	7.04927	7.01678	7.10489	7.05152	6.97554
82.0179	7.04652	7.01711	7.10296	7.05164	6.97804
82.3304	7.0627	7.01614	7.10279	7.05613	6.97708
82.6441	7.06603	7.01745	7.10963	7.05934	6.97538
82.9589	7.05495	7.0084	7.11374	7.05748	6.97243
83.275	7.05883	7.01996	7.11401	7.04767	6.97889
83.5923	7.05907	7.016	7.10771	7.03945	6.97477
83.9108	7.05232	7.01436	7.1167	7.04079	6.97141
84.2305	7.04754	7.01	7.121	7.04466	6.96737
84.5514	7.04381	7.01079	7.11217	7.05226	6.96844
84.8735	7.04949	7.01241	7.11101	7.05617	6.96793
85.1969	7.0407	7.00831	7.10771	7.0455	6.97117
85.5214	7.04551	7.0028	7.09777	7.04954	6.97188
85.8473	7.04597	7.00609	7.10077	7.04954	6.97462
86.1743	7.05159	7.00622	7.11321	7.05452	6.97593
86.5027	7.05542	7.01424	7.10264	7.0517	6.97944
86.8322	7.04091	7.0129	7.10656	7.06026	6.97764
87.163	7.04131	7.0097	7.10152	7.05446	6.97435
87.4951	7.04859	7.0077	7.10611	7.04709	6.96706
87.8285	7.0552	7.00386	7.10562	7.04428	6.97479
88.1631	7.05646	7.00723	7.11044	7.0432	6.97013
88.499	7.04752	7.00525	7.10324	7.05119	6.9727
88.8361	7.04174	7.00131	7.10038	7.04602	6.96775
89.1746	7.05334	7.0086	7.10933	7.0414	6.97427
89.5143	7.05556	7.00167	7.10447	7.04576	6.96419
89.8554	7.04364	7.00297	7.10087	7.0387	6.96874
90.1977	7.0442	6.99768	7.09805	7.0373	6.97421
90.5413	7.0492	7.00995	7.10063	7.04777	6.97938
90.8863	7.04526	7.01227	7.11489	7.0568	6.98319
91.2325	7.04688	7.0084	7.1084	7.054	6.98056
91.5801	7.04615	7.01334	7.10585	7.04104	6.97783
91.929	7.04411	7.00848	7.1004	7.04692	6.96823
92.2792	7.03987	7.00583	7.10481	7.04936	6.96177
92.6308	7.04949	6.99865	7.10489	7.04575	6.96967
92.9837	7.05228	7.00402	7.10228	7.05064	6.97257
93.3379	7.04901	7.00906	7.1071	7.04534	6.96893
93.6935	7.04669	7.01658	7.10073	7.04935	6.97414
94.0505	7.05278	7.02382	7.10322	7.04691	6.98473
94.4088	7.05013	7.01562	7.10466	7.04577	6.97969
94.7684	7.04247	7.01558	7.10599	7.04611	6.97237
95.1295	7.04655	7.01883	7.10317	7.0422	6.971
95.4919	7.05191	7.00872	7.10085	7.03841	6.98066
95.8557	7.04937	7.00289	7.10654	7.04672	6.98059
96.2209	7.03743	7.00179	7.09811	7.04577	6.96482
96.5874	7.04846	6.99558	7.10453	7.04696	6.96127
96.9554	7.04399	7.00381	7.09948	7.04834	6.97638
97.3248	7.05401	7.00744	7.09848	7.04877	6.97403
97.6955	7.04733	7.01202	7.09678	7.04398	6.98267
98.0677	7.04176	7.003	7.10096	7.04142	6.97492
98.4413	7.03623	7.00112	7.10246	7.04503	6.97026
98.8163	7.04199	6.99921	7.10149	7.04098	6.9679
99.1928	7.05126	7.00819	7.10315	7.04282	6.97084
99.5707	7.04605	7.00694	7.10681	7.0373	6.9695
100	7.04326	7.00479	7.11001	7.04622	6.97356