0.100562	7.64915	7.76909	7.70164	7.94203
0.101512	7.7046	7.71145	7.77649	7.9456
0.102475	7.73851	7.7263	7.73694	7.95327
0.103437	7.70036	7.79201	7.7717	7.9338
0.1044	7.6773	7.74942	7.82784	7.96531
0.105362	7.70051	7.77408	7.77072	7.85757
0.106338	7.65083	7.82436	7.80301	7.93913
0.107313	7.7041	7.72463	7.74991	7.96123
0.1083	7.68739	7.77755	7.79175	7.9473
0.109275	7.70782	7.7442	7.76448	7.93543
0.110262	7.64964	7.72694	7.79139	7.94632
0.11125	7.69353	7.70305	7.81694	7.87077
0.11225	7.71901	7.7231	7.87009	7.95928
0.11325	7.67431	7.72818	7.75902	7.95033
0.11425	7.71975	7.7464	7.70252	7.94563
0.115263	7.74611	7.72766	7.82278	7.94878
0.116263	7.77423	7.75993	7.78199	8.01099
0.117288	7.72543	7.74274	7.89105	7.91782
0.1183	7.66907	7.74295	7.77346	7.97929
0.119325	7.67085	7.67662	7.76541	7.90009
0.12035	7.6877	7.698	7.83175	7.92994
0.121375	7.71571	7.77365	7.77455	7.89912
0.122413	7.73512	7.75336	7.74132	7.94084
0.12345	7.70285	7.73598	7.80965	7.87871
0.124487	7.75286	7.71274	7.79835	7.94614
0.125537	7.64409	7.77508	7.74282	7.84594
0.126587	7.68305	7.72117	7.7751	7.91339
0.127638	7.68203	7.70545	7.85162	7.88996
0.128688	7.71735	7.78853	7.78498	7.92785
0.12975	7.67138	7.74789	7.79864	7.90395
0.130825	7.70283	7.74763	7.81123	7.89943
0.131887	7.69629	7.71718	7.75002	7.9489
0.132962	7.67148	7.73829	7.79564	7.89251
0.134037	7.73446	7.7369	7.82481	7.91894
0.135125	7.71295	7.73432	7.82173	7.90719
0.1362	7.66823	7.69346	7.74439	7.88446
0.1373	7.6669	7.74073	7.76244	7.85547
0.138388	7.73065	7.72302	7.87752	7.91237
0.139488	7.64566	7.73898	7.80335	7.93654
0.140587	7.70946	7.72698	7.81801	7.96918
0.1417	7.68672	7.73797	7.72916	7.89901
0.142813	7.64166	7.76261	7.78649	7.90931
0.143925	7.73291	7.74019	7.78538	7.92136
0.145038	7.61887	7.75749	7.82158	7.85473
0.146162	7.65193	7.74725	7.78736	7.97568
0.147288	7.65911	7.76157	7.81759	7.90983
0.148425	7.67217	7.69308	7.73262	7.87199
0.149562	7.69527	7.75764	7.82665	7.93757
0.1507	7.64331	7.77192	7.78938	7.92314
0.15185	7.66247	7.68348	7.80251	7.93164
0.153	7.68084	7.7301	7.83432	7.89176
0.15415	7.6718	7.77712	7.73413	7.98559
0.155312	7.65604	7.72733	7.76763	7.99521
0.156475	7.70711	7.77579	7.72562	7.9246
0.157638	7.70433	7.76007	7.83445	7.97181
0.158812	7.71574	7.74765	7.82168	7.96256
0.159987	7.65447	7.78829	7.79384	7.86512
0.161162	7.69207	7.76983	7.86178	7.89179
0.16235	7.76372	7.69522	7.82541	7.97968
0.163538	7.63913	7.71472	7.75218	7.92371
0.164737	7.6882	7.70785	7.75027	7.95435
0.165925	7.72435	7.79265	7.79329	7.92946
0.167138	7.70198	7.68718	7.80663	7.95806
0.168337	7.65029	7.75943	7.7682	7.93791
0.16955	7.6748	7.73283	7.76542	7.96204
0.170775	7.7113	7.78469	7.81931	7.89887
0.171988	7.6883	7.7287	7.77244	7.86717
0.173212	7.66447	7.77426	7.75142	7.86399
0.17445	7.69893	7.68034	7.8111	7.89758
0.175688	7.7263	7.74514	7.78573	7.949
0.176925	7.71001	7.71429	7.80113	7.88479
0.178175	7.69848	7.73833	7.76291	7.90591
0.179412	7.68629	7.68276	7.78839	7.9138
0.180675	7.71531	7.68321	7.80192	7.92921
0.181938	7.66149	7.75283	7.71946	7.93879
0.1832	7.66514	7.68864	7.79816	7.98007
0.184463	7.64822	7.76817	7.78143	7.9355
0.185738	7.70083	7.77667	7.74051	7.92699
0.187012	7.71398	7.79076	7.79861	7.97516
0.1883	7.66329	7.7659	7.78668	7.9473
0.189588	7.74065	7.78614	7.84907	7.93581
0.190875	7.64075	7.70909	7.83164	7.91359
0.192175	7.69619	7.71378	7.78378	7.9969
0.193487	7.6539	7.73391	7.87909	7.83759
0.194788	7.61119	7.68479	7.80325	7.92255
0.1961	7.68612	7.83095	7.7941	7.88841
0.197425	7.70745	7.76797	7.75951	7.84569
0.198738	7.71634	7.77443	7.76078	7.92737
0.200075	7.69904	7.6942	7.72997	8.00524
0.2014	7.67792	7.76009	7.8364	7.87829
0.202737	7.63365	7.7695	7.7177	7.88418
0.204087	7.64402	7.7005	7.81988	7.85787
0.205437	7.71526	7.74202	7.80212	7.92519
0.206787	7.64708	7.78282	7.76302	7.92838
0.20815	7.65262	7.73503	7.74711	7.92669
0.209513	7.67168	7.72283	7.75944	7.87123
0.210875	7.64909	7.74565	7.76571	7.88447
0.21225	7.67719	7.73095	7.79397	7.92678
0.213638	7.63648	7.732	7.82114	7.95133
0.215013	7.6784	7.72497	7.80082	7.95217
0.2164	7.66865	7.70288	7.7847	7.96659
0.2178	7.63861	7.79152	7.76448	7.93982
0.2192	7.66868	7.78774	7.74174	7.88322
0.220612	7.68669	7.71574	7.74019	7.92949
0.222013	7.64409	7.77262	7.77772	7.87387
0.223438	7.66255	7.77536	7.77086	7.8866
0.224863	7.6614	7.73268	7.76376	7.89911
0.226287	7.70576	7.71853	7.77609	7.92274
0.227712	7.66148	7.72452	7.78752	7.96748
0.22915	7.62879	7.77584	7.74888	7.94085
0.2306	7.6564	7.77788	7.83359	7.91487
0.23205	7.67328	7.74484	7.78183	7.85275
0.2335	7.72847	7.70044	7.82758	7.86582
0.234962	7.68298	7.74675	7.77737	7.9133
0.236425	7.6636	7.75116	7.79853	7.93102
0.2379	7.62489	7.76893	7.78251	7.87088
0.239375	7.70058	7.72502	7.78499	7.89697
0.240863	7.64088	7.75144	7.82156	7.92591
0.24235	7.72368	7.73905	7.72825	7.93555
0.243838	7.66029	7.77242	7.79902	7.97146
0.245338	7.66305	7.7382	7.82003	7.9166
0.24685	7.61943	7.71706	7.7218	7.87635
0.248362	7.60768	7.75119	7.7725	7.92601
0.249875	7.63206	7.77656	7.78192	7.87653
0.2514	7.68313	7.75398	7.75772	7.90145
0.252925	7.73471	7.75191	7.7871	7.91678
0.254463	7.68086	7.7397	7.75532	7.94118
0.256	7.68529	7.76862	7.76254	7.89447
0.25755	7.6875	7.74051	7.78778	7.92142
0.2591	7.68537	7.7552	7.72169	7.94761
0.26065	7.68204	7.77435	7.77785	7.95199
0.262225	7.7	7.76429	7.81122	7.90418
0.263788	7.67442	7.73123	7.75651	7.91667
0.265363	7.64329	7.73095	7.7478	7.90851
0.26695	7.66549	7.68752	7.724	7.85543
0.268537	7.72725	7.70777	7.77179	7.95314
0.270125	7.68087	7.71893	7.78049	7.91917
0.271725	7.70634	7.69004	7.77347	7.94055
0.273338	7.69701	7.72285	7.80313	7.9076
0.27495	7.66127	7.7816	7.78347	7.88282
0.276563	7.67667	7.77894	7.78589	7.91398
0.278188	7.64359	7.73656	7.77827	7.93393
0.279813	7.6484	7.73046	7.76312	7.88993
0.28145	7.67936	7.72628	7.73013	7.8844
0.2831	7.70374	7.70028	7.7235	7.90703
0.28475	7.66316	7.72372	7.76071	7.90996
0.2864	7.6999	7.74196	7.78436	7.92091
0.288063	7.64121	7.72638	7.81936	7.91846
0.289725	7.68929	7.77059	7.76855	7.88871
0.2914	7.71418	7.77885	7.73674	7.93046
0.293088	7.69744	7.76282	7.7823	7.91921
0.294775	7.60579	7.76457	7.76647	7.8994
0.296463	7.6652	7.78079	7.76705	7.92402
0.298162	7.70169	7.75708	7.77426	7.83734
0.299875	7.70207	7.7564	7.75484	7.94877
0.301587	7.71993	7.77516	7.77696	7.87977
0.3033	7.66688	7.73465	7.72341	7.82575
0.305037	7.69146	7.70913	7.77842	7.89275
0.306762	7.67068	7.70559	7.80768	7.92107
0.3085	7.63833	7.7289	7.78081	7.94
0.31025	7.64763	7.69361	7.7592	7.88934
0.312	7.68143	7.75755	7.79462	7.90944
0.313762	7.66936	7.727	7.76584	7.91403
0.315525	7.69578	7.76091	7.76011	7.88248
0.3173	7.66394	7.74881	7.75452	7.88369
0.319075	7.69547	7.6997	7.74593	7.92263
0.320863	7.65949	7.73093	7.74587	7.92693
0.322663	7.73957	7.77378	7.78032	7.86049
0.324463	7.70163	7.72967	7.79404	7.88694
0.326263	7.70508	7.72652	7.76216	7.86116
0.328075	7.66725	7.75197	7.80123	7.89449
0.3299	7.66972	7.74681	7.773	7.86139
0.331725	7.68184	7.7424	7.7305	7.94894
0.333562	7.63821	7.73695	7.73358	7.89099
0.3354	7.67288	7.72466	7.7704	7.89237
0.33725	7.65393	7.80434	7.78069	7.92612
0.3391	7.64624	7.75794	7.79722	7.92088
0.340962	7.67296	7.75688	7.73753	7.9242
0.342838	7.65803	7.773	7.77003	7.90704
0.344712	7.65402	7.74467	7.77805	7.93534
0.3466	7.70596	7.72429	7.76641	7.90105
0.348487	7.644	7.76976	7.74002	7.86316
0.350388	7.70382	7.74792	7.73716	7.86686
0.352288	7.62522	7.70637	7.69811	7.8818
0.3542	7.67573	7.70935	7.75841	7.88753
0.356125	7.65787	7.75801	7.81325	7.86559
0.35805	7.70521	7.73959	7.7523	7.88811
0.359987	7.63289	7.71512	7.8172	7.93316
0.361925	7.67696	7.71718	7.79081	7.91114
0.363875	7.64816	7.73967	7.78513	7.89959
0.365838	7.6783	7.74348	7.76702	7.87026
0.3678	7.72417	7.73258	7.75741	7.94757
0.369763	7.70263	7.74654	7.75016	7.88327
0.37175	7.67913	7.70656	7.7576	7.89577
0.373738	7.70268	7.71018	7.72195	7.94044
0.375725	7.63764	7.71877	7.78704	7.9005
0.377725	7.60816	7.71931	7.72872	7.92529
0.379737	7.67069	7.74451	7.76298	7.90577
0.381763	7.6789	7.76742	7.73164	7.88539
0.383775	7.71677	7.7499	7.7105	7.88897
0.385812	7.69289	7.71592	7.8021	7.87866
0.38785	7.64053	7.70918	7.77467	7.8803
0.3899	7.66951	7.66018	7.76892	7.86521
0.391962	7.68505	7.76083	7.75686	7.90902
0.394025	7.62617	7.74767	7.84131	7.87011
0.396087	7.64078	7.72342	7.81301	7.88201
0.398175	7.70469	7.69475	7.77579	7.92206
0.400263	7.69469	7.75659	7.75885	7.91287
0.40235	7.64246	7.7487	7.73133	7.92187
0.404462	7.7038	7.73504	7.85314	7.90747
0.406575	7.64676	7.7314	7.73882	7.89728
0.408688	7.6503	7.67545	7.74452	7.89908
0.410812	7.64671	7.74577	7.72963	7.92666
0.41295	7.6755	7.77028	7.72028	7.87187
0.4151	7.65453	7.68173	7.76359	7.91359
0.41725	7.67785	7.68272	7.76784	7.85604
0.4194	7.65238	7.73412	7.77153	7.86978
0.421575	7.61738	7.76886	7.75747	7.89511
0.42375	7.64181	7.75345	7.77898	7.84218
0.425938	7.68802	7.69399	7.79671	7.92905
0.428125	7.65919	7.70508	7.72439	7.95421
0.430325	7.6815	7.72632	7.77353	7.85243
0.432537	7.68747	7.7201	7.80999	7.92375
0.434763	7.64287	7.69271	7.76142	7.9129
0.436987	7.66533	7.70345	7.74315	7.9084
0.439225	7.67205	7.73294	7.74311	7.92477
0.441462	7.60127	7.69652	7.76539	7.85328
0.443713	7.6643	7.7093	7.78471	7.87659
0.445975	7.66927	7.67843	7.74559	7.89929
0.44825	7.71678	7.69785	7.73128	7.94801
0.450525	7.67979	7.70525	7.74879	7.89508
0.452812	7.68166	7.73726	7.76636	7.90627
0.4551	7.68017	7.7236	7.73399	7.89428
0.457413	7.64439	7.687	7.69549	7.87117
0.459725	7.68542	7.73031	7.79676	7.87481
0.462038	7.65152	7.69471	7.76997	7.92994
0.464375	7.71537	7.70344	7.80509	7.87328
0.466713	7.65894	7.73222	7.79746	7.92989
0.469063	7.66793	7.71082	7.75551	7.93562
0.471413	7.64725	7.69611	7.7595	7.92536
0.473787	7.67315	7.729	7.75343	7.87256
0.476162	7.64553	7.70484	7.7647	7.89817
0.478537	7.63604	7.71407	7.73386	7.89299
0.480938	7.65804	7.70021	7.75636	7.86535
0.483337	7.62566	7.70898	7.76754	7.87641
0.48575	7.64683	7.70433	7.72539	7.85095
0.488175	7.64969	7.69935	7.748	7.88403
0.4906	7.68734	7.71259	7.75605	7.88988
0.493037	7.63995	7.68786	7.77328	7.83319
0.495488	7.653	7.67321	7.72763	7.91576
0.49795	7.675	7.75516	7.75414	7.89641
0.500413	7.66137	7.7188	7.7689	7.85336
0.502887	7.61409	7.7305	7.77413	7.88263
0.505375	7.65969	7.68014	7.74337	7.89701
0.507875	7.6392	7.73354	7.7635	7.88613
0.510375	7.66517	7.73058	7.7455	7.89845
0.512887	7.66489	7.69671	7.7801	7.83811
0.515413	7.64382	7.6971	7.75709	7.8634
0.51795	7.6507	7.74382	7.74486	7.91289
0.520487	7.63667	7.70749	7.73395	7.85944
0.52305	7.60585	7.71826	7.76616	7.90507
0.525612	7.65139	7.70081	7.69529	7.85015
0.528175	7.65204	7.7296	7.75938	7.88623
0.530762	7.63623	7.75573	7.74835	7.9039
0.53335	7.6607	7.70026	7.73899	7.88816
0.535963	7.66313	7.69647	7.74672	7.8603
0.538575	7.63917	7.71444	7.77377	7.89736
0.541188	7.66798	7.72675	7.75466	7.88316
0.543825	7.65488	7.68586	7.7522	7.89469
0.546462	7.63826	7.73055	7.80683	7.87929
0.549112	7.60858	7.69683	7.74927	7.8709
0.551775	7.62864	7.72537	7.76928	7.86393
0.55445	7.64019	7.69581	7.75086	7.85582
0.557137	7.65679	7.69093	7.7781	7.92912
0.559825	7.65441	7.69168	7.76631	7.88255
0.562525	7.63675	7.72256	7.75667	7.89583
0.565238	7.67253	7.74518	7.75935	7.89246
0.567963	7.60864	7.69006	7.74859	7.86458
0.5707	7.68121	7.69604	7.7458	7.89524
0.573438	7.6302	7.73064	7.747	7.86488
0.5762	7.64337	7.73976	7.74738	7.8678
0.578963	7.61126	7.722	7.76605	7.88113
0.581738	7.66386	7.70093	7.72411	7.87917
0.584525	7.64727	7.72692	7.76989	7.90656
0.587325	7.63466	7.7152	7.73245	7.86948
0.590125	7.66859	7.70883	7.73906	7.8758
0.59295	7.61659	7.70502	7.75487	7.87446
0.595775	7.66688	7.71811	7.74493	7.87412
0.598612	7.62388	7.71551	7.74615	7.86863
0.601462	7.64847	7.7141	7.7153	7.90219
0.604325	7.60762	7.69127	7.74376	7.8657
0.6072	7.64174	7.70856	7.74261	7.88544
0.610088	7.6413	7.70692	7.76625	7.8897
0.612975	7.62099	7.68504	7.75577	7.85292
0.615888	7.67763	7.66214	7.75854	7.87766
0.6188	7.67112	7.6998	7.76825	7.9063
0.621725	7.65588	7.68912	7.74938	7.86004
0.624663	7.63372	7.71992	7.71947	7.87161
0.627612	7.6422	7.71738	7.70627	7.90553
0.630575	7.65945	7.71243	7.75425	7.87626
0.63355	7.62472	7.71248	7.75537	7.90138
0.636525	7.58834	7.73685	7.72292	7.84569
0.639525	7.64557	7.71823	7.71705	7.88283
0.642537	7.62337	7.6963	7.75866	7.87473
0.64555	7.64963	7.70678	7.73204	7.93001
0.648575	7.65421	7.68769	7.73486	7.89176
0.651625	7.60751	7.69257	7.71838	7.89888
0.654675	7.64708	7.69377	7.77187	7.86312
0.657737	7.61976	7.64768	7.75811	7.87905
0.660812	7.63698	7.67908	7.70871	7.86214
0.6639	7.6306	7.73345	7.73685	7.85837
0.667	7.66592	7.67138	7.73651	7.90701
0.670112	7.65347	7.68362	7.7681	7.88907
0.673238	7.66228	7.68394	7.72794	7.91036
0.676363	7.65509	7.70209	7.74348	7.87134
0.679513	7.65762	7.70379	7.75096	7.90071
0.682675	7.65608	7.68633	7.74638	7.85331
0.685838	7.64144	7.70923	7.72963	7.88362
0.689025	7.63647	7.68848	7.7128	7.87069
0.692225	7.64704	7.72914	7.71394	7.86697
0.695425	7.64607	7.68761	7.73972	7.8516
0.69865	7.62522	7.72643	7.72813	7.86246
0.701875	7.65527	7.68476	7.7471	7.89162
0.705125	7.6522	7.71579	7.72848	7.85667
0.708375	7.646	7.72688	7.73463	7.91211
0.71165	7.64151	7.69492	7.74483	7.86131
0.714925	7.65452	7.71256	7.76446	7.89155
0.718225	7.59924	7.69675	7.7212	7.89163
0.721525	7.64449	7.71221	7.72467	7.83898
0.724837	7.61102	7.73239	7.7568	7.8483
0.728175	7.63025	7.71652	7.74259	7.83845
0.731512	7.66356	7.70278	7.77548	7.85052
0.734875	7.68128	7.67301	7.72029	7.86849
0.73825	7.62741	7.67995	7.73567	7.87646
0.741625	7.62761	7.67802	7.76551	7.90392
0.745025	7.61292	7.714	7.74283	7.84988
0.748425	7.64197	7.68054	7.76478	7.85801
0.75185	7.62657	7.64895	7.71173	7.84564
0.755288	7.65496	7.7041	7.7313	7.87744
0.758725	7.66768	7.6969	7.74442	7.83295
0.762187	7.6563	7.68968	7.76992	7.85586
0.765662	7.63165	7.64669	7.72598	7.87619
0.76915	7.66339	7.69206	7.73294	7.89598
0.77265	7.66268	7.70199	7.71649	7.8515
0.776163	7.62918	7.65936	7.75254	7.85037
0.779688	7.6585	7.69181	7.73843	7.86599
0.783225	7.62171	7.65906	7.73262	7.88031
0.786788	7.63111	7.67085	7.74697	7.88017
0.79035	7.67109	7.69585	7.75574	7.84018
0.793938	7.64453	7.70138	7.75683	7.86257
0.797525	7.65413	7.65798	7.73793	7.84608
0.801138	7.62432	7.67403	7.75009	7.87819
0.80475	7.61487	7.67404	7.74179	7.89887
0.808388	7.633	7.6989	7.73371	7.87992
0.812038	7.63167	7.6852	7.70026	7.85583
0.8157	7.58896	7.68264	7.75046	7.85871
0.819375	7.63193	7.70201	7.77009	7.88806
0.823075	7.63742	7.68115	7.75122	7.88377
0.826775	7.66958	7.66776	7.7122	7.87406
0.8305	7.62305	7.67471	7.74565	7.84616
0.834225	7.63763	7.65019	7.75942	7.89212
0.837975	7.63213	7.71474	7.71971	7.91847
0.841738	7.63711	7.6992	7.71953	7.92105
0.845513	7.59539	7.67231	7.73166	7.85153
0.8493	7.60289	7.69049	7.72858	7.86506
0.853113	7.60644	7.6715	7.71659	7.87284
0.856925	7.61736	7.68825	7.74514	7.87236
0.860762	7.62367	7.67541	7.74185	7.88134
0.864613	7.59516	7.68707	7.73896	7.84487
0.868475	7.61461	7.66386	7.72472	7.87987
0.87235	7.6206	7.70272	7.69783	7.89828
0.87625	7.61059	7.68565	7.72858	7.84373
0.88015	7.62774	7.65185	7.70522	7.87059
0.884075	7.63893	7.71166	7.72205	7.87789
0.888013	7.61807	7.67247	7.73266	7.88103
0.891963	7.63974	7.70123	7.71809	7.86355
0.895938	7.63608	7.72703	7.70703	7.89553
0.899912	7.64003	7.68517	7.7245	7.86621
0.903912	7.61448	7.69444	7.72676	7.85463
0.907925	7.63287	7.72228	7.72392	7.88614
0.91195	7.6033	7.67886	7.72285	7.86858
0.916	7.65345	7.69464	7.70912	7.85668
0.920062	7.62359	7.66765	7.69799	7.86274
0.924137	7.64111	7.68214	7.72823	7.88841
0.928225	7.62123	7.66275	7.72707	7.86047
0.932325	7.64414	7.68181	7.70836	7.86097
0.93645	7.64753	7.65866	7.70077	7.85003
0.940588	7.62292	7.69704	7.73879	7.89473
0.944737	7.63521	7.69163	7.7332	7.86154
0.948913	7.64282	7.71523	7.71308	7.85268
0.953088	7.60372	7.71718	7.70948	7.85338
0.957287	7.63366	7.69351	7.7001	7.88794
0.961513	7.63582	7.71408	7.70154	7.87195
0.965738	7.66178	7.66719	7.73227	7.84511
0.969988	7.6349	7.68651	7.73616	7.86293
0.97425	7.60813	7.64721	7.73599	7.85256
0.978537	7.60292	7.68193	7.72762	7.85607
0.982837	7.5994	7.68784	7.74096	7.85419
0.98715	7.63807	7.68071	7.72715	7.87968
0.991475	7.61793	7.65158	7.74785	7.8646
0.995825	7.6495	7.70024	7.73847	7.85869
1.00019	7.61464	7.67775	7.72734	7.86356
1.00456	7.60165	7.66455	7.69881	7.86315
1.00896	7.63401	7.71132	7.73771	7.82244
1.01338	7.61815	7.70484	7.71165	7.85568
1.0178	7.60332	7.6879	7.72068	7.82869
1.02225	7.63147	7.69786	7.73774	7.85053
1.02671	7.60499	7.68544	7.72105	7.85959
1.03119	7.59899	7.69638	7.72833	7.87046
1.03569	7.62545	7.66449	7.71564	7.86379
1.0402	7.63748	7.6772	7.73361	7.87131
1.04474	7.61183	7.68543	7.74323	7.85229
1.04929	7.61176	7.69132	7.69016	7.86526
1.05385	7.60431	7.66044	7.7386	7.89034
1.05844	7.62464	7.70816	7.7016	7.84174
1.06304	7.605	7.69093	7.7229	7.8504
1.06766	7.63073	7.6842	7.71802	7.85994
1.07229	7.60433	7.70473	7.74452	7.84873
1.07695	7.61728	7.69464	7.68953	7.85
1.08162	7.62831	7.66398	7.74613	7.87487
1.08631	7.61578	7.68793	7.70826	7.86548
1.09101	7.59408	7.66616	7.70649	7.85478
1.09574	7.63492	7.66402	7.722	7.86081
1.10049	7.62103	7.67675	7.71895	7.86923
1.10525	7.62661	7.68192	7.71765	7.86557
1.11003	7.64712	7.65874	7.68839	7.81315
1.11483	7.65064	7.65896	7.69575	7.90142
1.11964	7.6373	7.68014	7.73942	7.86074
1.12448	7.62545	7.69145	7.73443	7.82573
1.12933	7.61996	7.68018	7.73279	7.87015
1.1342	7.62492	7.70022	7.71905	7.85399
1.13909	7.62787	7.67716	7.68196	7.84763
1.144	7.63832	7.69417	7.69251	7.87654
1.14892	7.6266	7.66242	7.71071	7.84227
1.15387	7.62371	7.67897	7.72161	7.84263
1.15884	7.57314	7.65795	7.70404	7.87104
1.16381	7.61507	7.66794	7.70931	7.85468
1.16883	7.60841	7.64686	7.72084	7.83979
1.17384	7.60861	7.67386	7.72431	7.8633
1.17889	7.58933	7.67512	7.70154	7.868
1.18394	7.60957	7.67131	7.72975	7.84465
1.18903	7.6193	7.6578	7.71048	7.83882
1.19413	7.62914	7.66882	7.71768	7.88628
1.19924	7.59486	7.65259	7.72959	7.85517
1.20438	7.62845	7.68386	7.72402	7.83969
1.20954	7.64672	7.64835	7.71603	7.82563
1.21471	7.60769	7.68549	7.70626	7.85397
1.21991	7.62335	7.66094	7.7252	7.86962
1.22512	7.62	7.68354	7.71878	7.85345
1.23036	7.60859	7.67159	7.71302	7.86752
1.23561	7.6332	7.6442	7.7296	7.85372
1.24089	7.58688	7.64764	7.70091	7.84704
1.24619	7.62072	7.69099	7.72292	7.85751
1.2515	7.59404	7.68888	7.73809	7.85932
1.25684	7.62782	7.67061	7.74848	7.85575
1.2622	7.57851	7.68729	7.74276	7.85308
1.26758	7.58586	7.68019	7.72207	7.82897
1.27297	7.61104	7.70016	7.72402	7.85243
1.27839	7.60052	7.68485	7.72885	7.88169
1.28383	7.62074	7.65233	7.74107	7.85655
1.28929	7.58566	7.64771	7.70749	7.84652
1.29476	7.58724	7.69848	7.74332	7.84682
1.30027	7.6288	7.65614	7.7061	7.84916
1.30579	7.60097	7.66035	7.71327	7.86257
1.31134	7.60488	7.66458	7.7285	7.81481
1.3169	7.61486	7.64615	7.73571	7.82633
1.32249	7.62578	7.64976	7.73357	7.82684
1.32809	7.62449	7.70328	7.71558	7.82552
1.33372	7.57978	7.66363	7.72429	7.86893
1.33938	7.6143	7.6736	7.72877	7.8344
1.34504	7.58962	7.67566	7.70997	7.84607
1.35074	7.59701	7.67581	7.72449	7.82956
1.35645	7.62421	7.69642	7.72347	7.80875
1.36219	7.653	7.69099	7.70191	7.8353
1.36794	7.57945	7.67676	7.70912	7.82189
1.37373	7.58498	7.67605	7.71581	7.83073
1.37952	7.59131	7.67479	7.71485	7.85623
1.38535	7.58835	7.63359	7.71022	7.8506
1.39119	7.59179	7.67867	7.69347	7.85928
1.39706	7.60353	7.64711	7.71651	7.84773
1.40295	7.60927	7.66126	7.71962	7.84436
1.40886	7.62488	7.65211	7.71142	7.84946
1.4148	7.62544	7.66881	7.70593	7.85186
1.42076	7.6102	7.65549	7.71115	7.87914
1.42674	7.62393	7.6573	7.71418	7.85352
1.43274	7.60212	7.67606	7.68957	7.8401
1.43877	7.59512	7.66063	7.70878	7.82531
1.44483	7.60122	7.66725	7.7032	7.83972
1.45089	7.58862	7.63944	7.68952	7.81719
1.45699	7.60764	7.65804	7.70921	7.81071
1.46311	7.59964	7.65437	7.69948	7.86668
1.46925	7.57828	7.67687	7.70585	7.83254
1.47541	7.58527	7.66067	7.71592	7.84461
1.4816	7.60856	7.65629	7.69282	7.84257
1.48781	7.59194	7.67095	7.68863	7.85457
1.49405	7.62288	7.66803	7.69924	7.83193
1.50031	7.60045	7.64969	7.70257	7.84176
1.5066	7.60793	7.63486	7.70371	7.87561
1.5129	7.61473	7.67546	7.70779	7.86146
1.51924	7.5807	7.63622	7.72896	7.84726
1.52559	7.60416	7.61754	7.70536	7.84822
1.53198	7.60093	7.65009	7.71803	7.85275
1.53838	7.59252	7.64956	7.68006	7.84057
1.5448	7.60581	7.67112	7.6944	7.80237
1.55126	7.59892	7.66416	7.6898	7.85291
1.55774	7.59374	7.66912	7.71107	7.84499
1.56424	7.60423	7.64152	7.72933	7.84026
1.57076	7.60697	7.65353	7.69605	7.85537
1.57731	7.58043	7.6572	7.68244	7.84824
1.5839	7.59744	7.65029	7.72695	7.83226
1.5905	7.57211	7.63837	7.74607	7.85306
1.59713	7.60102	7.64966	7.71069	7.87036
1.60378	7.58538	7.63596	7.6943	7.82743
1.61045	7.6034	7.64481	7.72206	7.84415
1.61716	7.55049	7.65632	7.70994	7.83145
1.62389	7.60102	7.64737	7.6983	7.83422
1.63064	7.56615	7.63189	7.69191	7.83384
1.63742	7.59765	7.64864	7.69892	7.83202
1.64423	7.58886	7.65312	7.68769	7.83758
1.65106	7.56457	7.64754	7.70055	7.84204
1.65791	7.59253	7.65131	7.68342	7.87169
1.6648	7.59027	7.64503	7.7153	7.83965
1.67171	7.58978	7.64165	7.70085	7.82575
1.67865	7.57171	7.64301	7.71046	7.81958
1.68561	7.56573	7.61132	7.68183	7.83493
1.6926	7.58092	7.63967	7.69822	7.85089
1.69961	7.59682	7.65946	7.69784	7.82903
1.70666	7.59705	7.64604	7.7175	7.8299
1.71372	7.569	7.65575	7.69513	7.81353
1.72082	7.60821	7.65935	7.69428	7.84213
1.72795	7.56124	7.6511	7.73335	7.84526
1.7351	7.59799	7.65448	7.69079	7.83331
1.74227	7.58765	7.62915	7.7069	7.82797
1.74949	7.5935	7.66319	7.68448	7.85062
1.75671	7.59329	7.62825	7.68508	7.83751
1.76398	7.5945	7.67269	7.69876	7.82858
1.77126	7.6128	7.66978	7.71714	7.83397
1.77857	7.57671	7.62924	7.69021	7.83283
1.78593	7.58643	7.66728	7.69415	7.80495
1.79329	7.5652	7.63945	7.6844	7.81418
1.80069	7.58146	7.64117	7.6954	7.82104
1.80813	7.5846	7.64606	7.70167	7.83558
1.81558	7.61247	7.63479	7.70257	7.80735
1.82306	7.57297	7.66206	7.69524	7.84458
1.83057	7.58598	7.63596	7.69908	7.82582
1.83811	7.59689	7.64246	7.71037	7.83282
1.84569	7.58711	7.64217	7.70794	7.81796
1.85329	7.58797	7.61816	7.70092	7.8267
1.86091	7.58394	7.64395	7.67376	7.81288
1.86856	7.57972	7.64142	7.70827	7.82932
1.87625	7.60921	7.64456	7.7143	7.83211
1.88398	7.59161	7.65235	7.68428	7.82817
1.89171	7.58086	7.62271	7.70521	7.8166
1.89949	7.59592	7.63004	7.71152	7.82624
1.90729	7.59895	7.64096	7.70481	7.81526
1.91513	7.60055	7.65168	7.72182	7.82306
1.92299	7.5779	7.65025	7.67605	7.84192
1.93089	7.59763	7.64898	7.72004	7.8301
1.9388	7.57861	7.63142	7.71055	7.83224
1.94676	7.59434	7.65984	7.68118	7.82795
1.95474	7.58397	7.6306	7.67153	7.83648
1.96276	7.57279	7.63088	7.68489	7.80776
1.9708	7.60839	7.65049	7.69732	7.83084
1.97888	7.58032	7.6304	7.71284	7.83036
1.98699	7.56217	7.638	7.67767	7.83569
1.99513	7.58691	7.6377	7.70364	7.8616
2.00329	7.58958	7.64042	7.67601	7.82375
2.01149	7.5682	7.66453	7.68704	7.8188
2.01971	7.56634	7.64435	7.70033	7.84102
2.02798	7.58336	7.63823	7.68769	7.80652
2.03627	7.58113	7.64413	7.70126	7.81604
2.0446	7.58555	7.63941	7.70276	7.82659
2.05295	7.58382	7.64778	7.69577	7.81899
2.06134	7.59991	7.64158	7.67962	7.81416
2.06976	7.58029	7.64268	7.6899	7.83943
2.07821	7.55584	7.65068	7.70459	7.82859
2.0867	7.59062	7.65463	7.66888	7.82215
2.09521	7.57217	7.62777	7.68126	7.79472
2.10376	7.56506	7.6493	7.70929	7.82765
2.11235	7.58898	7.63298	7.6947	7.81364
2.12096	7.60946	7.65455	7.68843	7.81363
2.12961	7.55816	7.62513	7.67897	7.81344
2.13829	7.56399	7.62532	7.68717	7.82271
2.147	7.5602	7.63262	7.68118	7.82422
2.15575	7.56981	7.63856	7.67463	7.80859
2.16453	7.58453	7.61245	7.69197	7.83526
2.17334	7.58728	7.62739	7.6753	7.81795
2.18219	7.58754	7.6337	7.68155	7.82407
2.19106	7.58295	7.61562	7.68648	7.82312
2.19998	7.59595	7.63342	7.68621	7.79956
2.20893	7.58065	7.62071	7.65895	7.81634
2.21791	7.59542	7.6213	7.69499	7.82552
2.22692	7.59515	7.64876	7.6798	7.83455
2.23598	7.59564	7.63569	7.70121	7.82083
2.24506	7.57704	7.62814	7.68686	7.83562
2.25419	7.56621	7.63885	7.67347	7.81493
2.26334	7.5994	7.63264	7.68652	7.81979
2.27253	7.56984	7.62906	7.6799	7.8049
2.28175	7.58857	7.63506	7.6843	7.78944
2.29101	7.55779	7.6157	7.69294	7.8317
2.3003	7.58745	7.63659	7.67014	7.81716
2.30964	7.58046	7.61476	7.70526	7.81622
2.319	7.5272	7.62589	7.68112	7.81729
2.3284	7.53247	7.63181	7.70068	7.84174
2.33784	7.57209	7.60208	7.66128	7.82942
2.34731	7.5506	7.6029	7.6973	7.80821
2.35681	7.54936	7.6224	7.67527	7.839
2.36636	7.56888	7.61016	7.68589	7.81816
2.37595	7.58327	7.62681	7.67333	7.80464
2.38556	7.58311	7.63357	7.67906	7.83672
2.39521	7.55793	7.60883	7.67631	7.82791
2.40491	7.57489	7.62722	7.68269	7.82555
2.41464	7.56742	7.61718	7.66753	7.81934
2.4244	7.57175	7.63391	7.67246	7.81492
2.4342	7.58858	7.63124	7.69132	7.82633
2.44405	7.56263	7.61474	7.67411	7.81193
2.45392	7.55772	7.62773	7.68737	7.80487
2.46384	7.58372	7.61229	7.68655	7.81711
2.47379	7.59694	7.6207	7.6737	7.80187
2.48377	7.56928	7.63938	7.66831	7.81594
2.49381	7.58593	7.62197	7.68076	7.8003
2.50388	7.56754	7.63148	7.67653	7.79738
2.51397	7.57725	7.61775	7.68239	7.7958
2.52413	7.57636	7.62744	7.68559	7.80958
2.53431	7.59531	7.60845	7.66207	7.79026
2.54452	7.59506	7.61619	7.67843	7.82424
2.55479	7.58524	7.62479	7.66828	7.80554
2.56509	7.59047	7.63635	7.68831	7.80531
2.57542	7.5724	7.63671	7.66862	7.8006
2.5858	7.57238	7.61778	7.66364	7.80985
2.59623	7.58066	7.61608	7.66813	7.81316
2.60667	7.59225	7.62696	7.66447	7.8041
2.61718	7.57223	7.62571	7.6819	7.8192
2.62771	7.57704	7.62559	7.67035	7.81406
2.63829	7.57642	7.62842	7.67399	7.78655
2.6489	7.58459	7.60316	7.67374	7.80749
2.65956	7.57433	7.62061	7.66017	7.81813
2.67026	7.57828	7.61726	7.69236	7.79844
2.681	7.56393	7.61448	7.67848	7.81052
2.69178	7.5803	7.61224	7.67573	7.80747
2.7026	7.56472	7.60658	7.67915	7.82407
2.71346	7.55368	7.59359	7.68833	7.80283
2.72436	7.54318	7.62565	7.66987	7.8024
2.73531	7.56736	7.62382	7.65419	7.80664
2.74629	7.56095	7.63227	7.66471	7.81235
2.75732	7.55005	7.60654	7.66186	7.80746
2.76839	7.56765	7.63092	7.66436	7.80266
2.7795	7.56113	7.60837	7.68856	7.8101
2.79066	7.56354	7.60681	7.66698	7.81496
2.80185	7.55532	7.61473	7.66947	7.79436
2.8131	7.57028	7.60872	7.66861	7.80024
2.82437	7.5588	7.63399	7.67226	7.81517
2.8357	7.57847	7.62107	7.66612	7.81632
2.84707	7.55997	7.61301	7.65626	7.78869
2.85849	7.56261	7.62854	7.65796	7.80899
2.86994	7.56039	7.61352	7.66943	7.81177
2.88144	7.56947	7.60603	7.6749	7.83284
2.89298	7.5634	7.60356	7.65794	7.8073
2.90456	7.56132	7.60876	7.65682	7.8002
2.9162	7.55179	7.60036	7.64745	7.79446
2.92788	7.56054	7.61803	7.67799	7.79585
2.93959	7.54437	7.60367	7.66887	7.79566
2.95136	7.55495	7.61233	7.67776	7.81162
2.96316	7.57781	7.61802	7.65591	7.80274
2.97502	7.56869	7.63439	7.66237	7.80089
2.98691	7.54064	7.60546	7.66827	7.79573
2.99886	7.55093	7.60491	7.68023	7.80715
3.01085	7.55195	7.61663	7.67132	7.79935
3.02289	7.54671	7.60888	7.66433	7.79395
3.03498	7.57475	7.64522	7.68685	7.81014
3.0471	7.55069	7.61305	7.65769	7.79595
3.05927	7.54703	7.58892	7.67905	7.82394
3.07149	7.54211	7.61338	7.6662	7.79209
3.08376	7.555	7.61818	7.63923	7.80906
3.09608	7.545	7.61126	7.66943	7.81422
3.10842	7.54343	7.61716	7.65476	7.801
3.12084	7.53126	7.61171	7.65846	7.80255
3.13329	7.53993	7.63381	7.65019	7.80859
3.14579	7.55146	7.60153	7.6708	7.8117
3.15834	7.54012	7.6189	7.67636	7.7758
3.17094	7.54006	7.61066	7.67003	7.80545
3.18359	7.55199	7.62007	7.66043	7.79387
3.19627	7.54649	7.6133	7.64937	7.80779
3.20902	7.54801	7.60903	7.67464	7.81705
3.22181	7.55029	7.61645	7.65052	7.81181
3.23465	7.53895	7.60226	7.64215	7.7956
3.24754	7.54058	7.60054	7.63396	7.80731
3.26047	7.54013	7.61112	7.64762	7.79779
3.27346	7.54565	7.60298	7.66294	7.79974
3.2865	7.55954	7.5893	7.65236	7.79654
3.29958	7.51857	7.61094	7.68295	7.79453
3.31271	7.54221	7.60206	7.65171	7.79633
3.3259	7.53878	7.59404	7.64462	7.7973
3.33914	7.53827	7.58155	7.64986	7.79854
3.35243	7.56155	7.59335	7.64336	7.80676
3.36575	7.52379	7.6048	7.66931	7.79963
3.37914	7.53338	7.57978	7.67178	7.81085
3.39258	7.54814	7.60084	7.66405	7.79432
3.40608	7.53838	7.59936	7.67367	7.82914
3.41961	7.54379	7.60302	7.67802	7.79703
3.4332	7.52794	7.59607	7.66697	7.80796
3.44685	7.53992	7.61169	7.64273	7.80738
3.46054	7.5372	7.6097	7.66267	7.78943
3.47429	7.52635	7.59364	7.64991	7.79658
3.48809	7.53778	7.60044	7.64654	7.79428
3.50194	7.53506	7.58856	7.64524	7.79779
3.51585	7.54279	7.61155	7.64826	7.81215
3.5298	7.51717	7.60979	7.66079	7.79522
3.54381	7.54526	7.59936	7.65112	7.78954
3.55789	7.53914	7.61514	7.6406	7.7923
3.572	7.52522	7.59736	7.6445	7.78684
3.58617	7.53048	7.59542	7.65541	7.77915
3.6004	7.54464	7.5884	7.64181	7.78411
3.61468	7.55246	7.59674	7.64578	7.78483
3.62901	7.55686	7.58609	7.64794	7.79509
3.6434	7.5447	7.59675	7.6425	7.77761
3.65785	7.5365	7.59061	7.64209	7.79887
3.67235	7.54825	7.60176	7.65377	7.79001
3.6869	7.52249	7.61872	7.65934	7.76677
3.70151	7.54791	7.59477	7.67732	7.78852
3.71618	7.5279	7.60671	7.64617	7.77584
3.7309	7.524	7.58146	7.64484	7.78615
3.74568	7.53539	7.59136	7.63366	7.79896
3.76051	7.53537	7.5794	7.65686	7.78117
3.7754	7.53854	7.59361	7.627	7.78354
3.79035	7.5159	7.5882	7.66918	7.78268
3.80535	7.52975	7.57701	7.63826	7.78684
3.82041	7.5355	7.58595	7.6575	7.7875
3.83553	7.52498	7.59479	7.63491	7.78138
3.8507	7.51534	7.60399	7.65117	7.79157
3.86594	7.53185	7.59599	7.65794	7.78822
3.88123	7.53688	7.6095	7.63676	7.7756
3.89657	7.5213	7.57845	7.63415	7.77979
3.91199	7.53208	7.59826	7.64501	7.78866
3.92745	7.54054	7.58634	7.63429	7.79529
3.94298	7.52441	7.59722	7.62493	7.77765
3.95856	7.53204	7.59562	7.63596	7.78335
3.9742	7.53876	7.572	7.63643	7.78202
3.98991	7.53898	7.58703	7.63712	7.78525
4.00567	7.53981	7.60174	7.63086	7.76817
4.0215	7.52789	7.5888	7.62905	7.779
4.03737	7.51761	7.58388	7.63725	7.77765
4.05333	7.52936	7.57742	7.64062	7.77653
4.06932	7.52026	7.57616	7.65851	7.78906
4.0854	7.50749	7.58762	7.64712	7.79746
4.10152	7.53263	7.58753	7.63807	7.77458
4.11771	7.52865	7.58662	7.64213	7.76803
4.13396	7.51402	7.57643	7.63943	7.77684
4.15028	7.5114	7.56387	7.62622	7.78516
4.16665	7.51686	7.58799	7.63749	7.77498
4.18309	7.52922	7.57119	7.65021	7.77832
4.19959	7.52828	7.58241	7.64339	7.78599
4.21615	7.52865	7.5995	7.62155	7.78064
4.23278	7.53436	7.57491	7.63766	7.77961
4.24946	7.50794	7.58511	7.64373	7.78802
4.26621	7.52454	7.58583	7.62366	7.76461
4.28302	7.52341	7.59266	7.62264	7.76883
4.2999	7.53947	7.59845	7.63791	7.76399
4.31685	7.52387	7.5799	7.62935	7.76128
4.33385	7.5249	7.58572	7.63123	7.76658
4.35092	7.51239	7.57353	7.62703	7.78876
4.36806	7.50607	7.57465	7.62889	7.76108
4.38527	7.51765	7.58422	7.61964	7.76667
4.40254	7.51033	7.58212	7.6082	7.77365
4.41988	7.51621	7.57496	7.64717	7.77072
4.43727	7.51732	7.57074	7.63257	7.73934
4.45474	7.50057	7.57903	7.63257	7.76257
4.47227	7.501	7.5771	7.64269	7.76656
4.48987	7.49059	7.58	7.62941	7.77027
4.50754	7.49933	7.58143	7.64447	7.78623
4.52528	7.51285	7.5828	7.62748	7.76447
4.54308	7.51732	7.59592	7.62926	7.7723
4.56095	7.52203	7.58422	7.64479	7.75738
4.57889	7.50531	7.58321	7.64231	7.76337
4.59689	7.50533	7.57149	7.61564	7.77606
4.61496	7.50561	7.58141	7.62401	7.75875
4.63311	7.50168	7.58505	7.64003	7.76563
4.65133	7.51663	7.56981	7.62807	7.75962
4.6696	7.50464	7.57825	7.6233	7.7727
4.68796	7.51514	7.55991	7.62833	7.76815
4.70638	7.49977	7.56916	7.61589	7.78786
4.72487	7.50159	7.58288	7.64005	7.78153
4.74344	7.50816	7.5817	7.61383	7.76097
4.76206	7.50555	7.58708	7.61906	7.76764
4.78076	7.51693	7.5755	7.62351	7.76454
4.79954	7.50442	7.57908	7.61407	7.75638
4.81839	7.516	7.55387	7.62644	7.76033
4.83731	7.5134	7.57254	7.62473	7.77352
4.8563	7.52683	7.56901	7.62348	7.76752
4.87536	7.51753	7.5654	7.62253	7.75861
4.8945	7.53032	7.57691	7.63382	7.76687
4.9137	7.50838	7.58151	7.63052	7.76625
4.93299	7.5072	7.57515	7.60337	7.77233
4.95234	7.50922	7.57765	7.62204	7.76732
4.97176	7.5175	7.56507	7.61161	7.76102
4.99126	7.50153	7.58671	7.62238	7.75778
5.01085	7.51533	7.57333	7.63025	7.77307
5.0305	7.51633	7.56894	7.62112	7.76965
5.05022	7.50431	7.58425	7.6082	7.76229
5.07002	7.51745	7.57493	7.64211	7.75834
5.0899	7.4999	7.56022	7.61534	7.76384
5.10985	7.50877	7.55379	7.61457	7.75625
5.12988	7.5072	7.56663	7.6136	7.76617
5.14997	7.50474	7.5548	7.60635	7.759
5.17016	7.50022	7.56402	7.62125	7.75344
5.19042	7.50108	7.58256	7.61899	7.76097
5.21075	7.50201	7.58209	7.62476	7.78059
5.23116	7.49496	7.56594	7.62852	7.75611
5.25165	7.49244	7.56089	7.63131	7.76934
5.27222	7.49703	7.56487	7.61665	7.75989
5.29287	7.50496	7.58356	7.61069	7.75483
5.3136	7.48269	7.58658	7.61805	7.76548
5.3344	7.4973	7.57524	7.61616	7.76527
5.35528	7.4831	7.5647	7.6157	7.74573
5.37624	7.50082	7.57336	7.61327	7.7601
5.39729	7.48892	7.58112	7.61531	7.75559
5.41841	7.49751	7.56796	7.60225	7.74691
5.43961	7.48458	7.58245	7.60599	7.75337
5.4609	7.50029	7.55614	7.60447	7.7646
5.48226	7.51407	7.56395	7.6109	7.7527
5.5037	7.51339	7.55923	7.60593	7.74915
5.52524	7.49773	7.55541	7.60383	7.74305
5.54684	7.50097	7.54481	7.60225	7.76055
5.56854	7.51074	7.54894	7.60969	7.7556
5.59031	7.49873	7.55051	7.62042	7.76612
5.61216	7.4925	7.56408	7.60235	7.74972
5.6341	7.50421	7.55921	7.62918	7.76347
5.65613	7.48131	7.57296	7.62692	7.7573
5.67824	7.48483	7.54673	7.60116	7.77121
5.70043	7.49196	7.55417	7.61289	7.74203
5.7227	7.48856	7.56782	7.5936	7.75563
5.74506	7.48006	7.56574	7.60393	7.76513
5.76751	7.48731	7.56925	7.60418	7.75074
5.79005	7.49516	7.56847	7.60319	7.7538
5.81266	7.49852	7.56254	7.60781	7.75836
5.83536	7.49866	7.55924	7.59322	7.75689
5.85816	7.50297	7.55663	7.60821	7.75594
5.88104	7.48487	7.55645	7.60744	7.74897
5.904	7.48973	7.54993	7.59489	7.74835
5.92705	7.48412	7.54661	7.61106	7.75335
5.95019	7.49299	7.53935	7.59966	7.76079
5.97341	7.49489	7.54981	7.59926	7.74662
5.99674	7.48563	7.53666	7.61327	7.75229
6.02014	7.48193	7.56026	7.60519	7.7445
6.04364	7.49142	7.55714	7.60254	7.76402
6.06721	7.47096	7.56479	7.61478	7.74835
6.09089	7.47102	7.55756	7.61094	7.76049
6.11465	7.48135	7.56581	7.6227	7.75047
6.13851	7.47882	7.5469	7.60625	7.76827
6.16245	7.48765	7.55444	7.60199	7.73933
6.18649	7.49379	7.55232	7.61171	7.7434
6.21061	7.51246	7.54898	7.59666	7.72521
6.23484	7.48949	7.54978	7.62151	7.74137
6.25915	7.47408	7.54457	7.59707	7.75235
6.28355	7.48943	7.55136	7.60605	7.74164
6.30805	7.48591	7.54903	7.59077	7.74444
6.33264	7.50197	7.54944	7.61615	7.76841
6.35733	7.48062	7.54796	7.60292	7.74661
6.3821	7.49088	7.53827	7.58672	7.74544
6.40697	7.48213	7.55082	7.60954	7.73895
6.43194	7.48902	7.55723	7.60617	7.73967
6.457	7.49058	7.54343	7.60389	7.73021
6.48215	7.47632	7.53968	7.59834	7.72679
6.50741	7.47891	7.54281	7.59549	7.73573
6.53276	7.49439	7.54903	7.59541	7.73514
6.5582	7.48383	7.55004	7.58695	7.73844
6.58375	7.49536	7.53918	7.58369	7.7346
6.60939	7.48195	7.54052	7.58864	7.74512
6.63513	7.4784	7.54977	7.58332	7.73939
6.66096	7.48545	7.53618	7.60223	7.72993
6.6869	7.47055	7.52892	7.60064	7.729
6.71292	7.4712	7.54981	7.60331	7.73689
6.73906	7.46116	7.54494	7.59244	7.73755
6.76529	7.47565	7.54531	7.59916	7.72958
6.79163	7.46637	7.53143	7.60843	7.74047
6.81805	7.4665	7.54688	7.58561	7.7337
6.84459	7.48178	7.54243	7.59212	7.73659
6.87121	7.47886	7.53979	7.60636	7.74517
6.89795	7.4876	7.53043	7.58749	7.72541
6.92479	7.47411	7.53238	7.59044	7.72316
6.95173	7.48386	7.53608	7.58657	7.7277
6.97876	7.47334	7.52933	7.59069	7.7318
7.00591	7.48396	7.52614	7.58552	7.74147
7.03316	7.47451	7.54114	7.59546	7.73886
7.06051	7.45413	7.54249	7.58053	7.74162
7.08796	7.4717	7.52945	7.59349	7.74061
7.11552	7.48189	7.52389	7.5928	7.73474
7.14319	7.47307	7.52452	7.58698	7.74215
7.17096	7.47742	7.54101	7.59124	7.73734
7.19884	7.47259	7.53357	7.59992	7.74022
7.22683	7.46504	7.54203	7.59399	7.72609
7.25491	7.47756	7.54237	7.5904	7.74255
7.2831	7.47038	7.53228	7.58434	7.72215
7.3114	7.47402	7.53192	7.57942	7.72773
7.33981	7.48698	7.52123	7.58085	7.71291
7.36834	7.47784	7.53007	7.58879	7.72141
7.39696	7.48795	7.53835	7.57671	7.73968
7.4257	7.47134	7.52577	7.59619	7.71228
7.45455	7.48757	7.52882	7.59818	7.73629
7.4835	7.47437	7.52626	7.58968	7.72704
7.51256	7.47379	7.54295	7.58825	7.74137
7.54174	7.47164	7.52218	7.58349	7.73748
7.57104	7.47799	7.53291	7.59022	7.72848
7.60042	7.46464	7.52881	7.57425	7.7448
7.62994	7.474	7.51821	7.57945	7.72309
7.65956	7.46378	7.52564	7.58425	7.71887
7.6893	7.46461	7.51704	7.58841	7.71806
7.71915	7.45786	7.53717	7.58444	7.71907
7.74911	7.45617	7.52259	7.58609	7.71293
7.77919	7.47765	7.51797	7.58572	7.71528
7.80939	7.46985	7.51636	7.59494	7.73182
7.83969	7.46503	7.52295	7.58562	7.73868
7.87011	7.4681	7.52141	7.59088	7.73412
7.90065	7.46923	7.53226	7.57435	7.72529
7.9313	7.46499	7.52101	7.5875	7.72404
7.96208	7.46922	7.52516	7.58543	7.72258
7.99296	7.4747	7.51707	7.585	7.7234
8.02398	7.45741	7.53313	7.57325	7.70977
8.0551	7.46398	7.51313	7.56937	7.72174
8.08634	7.47096	7.50975	7.57297	7.73123
8.1177	7.46836	7.50578	7.57496	7.71818
8.14917	7.45503	7.52022	7.58583	7.7189
8.18077	7.46295	7.5131	7.58515	7.72121
8.2125	7.45652	7.51176	7.57824	7.72473
8.24434	7.46429	7.52475	7.58773	7.73083
8.2763	7.47704	7.51641	7.57325	7.7173
8.30839	7.46487	7.51902	7.58583	7.71355
8.3406	7.44756	7.51409	7.56049	7.72525
8.37292	7.44907	7.52278	7.57705	7.71453
8.40537	7.44846	7.51675	7.58148	7.71648
8.43795	7.45345	7.52955	7.57279	7.71407
8.47065	7.45235	7.5216	7.57797	7.71316
8.50348	7.4564	7.52288	7.58076	7.71364
8.53642	7.4561	7.51903	7.58513	7.71109
8.5695	7.45873	7.51156	7.57632	7.71704
8.6027	7.47014	7.53016	7.57621	7.71644
8.63604	7.46179	7.52141	7.57578	7.71401
8.66949	7.44702	7.53032	7.57628	7.71174
8.70308	7.46467	7.52813	7.56959	7.71971
8.73678	7.44635	7.5159	7.56105	7.70072
8.77061	7.44574	7.51748	7.58765	7.71176
8.80459	7.45116	7.50989	7.56714	7.709
8.83867	7.45589	7.50953	7.57314	7.71514
8.8729	7.44726	7.51983	7.57611	7.71955
8.90726	7.45881	7.51947	7.56963	7.71754
8.94175	7.44609	7.51652	7.57793	7.71495
8.97636	7.46046	7.50844	7.56996	7.71986
9.01111	7.44443	7.52193	7.57152	7.71186
9.046	7.4563	7.51506	7.56209	7.71711
9.08101	7.44626	7.51023	7.56094	7.71947
9.11616	7.43715	7.49835	7.57626	7.71242
9.15145	7.45086	7.50509	7.56578	7.70935
9.18686	7.44348	7.49212	7.57142	7.70975
9.22241	7.4371	7.50153	7.57144	7.71212
9.2581	7.44721	7.51084	7.57282	7.70806
9.29393	7.44578	7.512	7.57611	7.7098
9.32989	7.44535	7.51269	7.57033	7.71777
9.36599	7.45561	7.51702	7.55715	7.71643
9.40221	7.45158	7.50938	7.57018	7.71265
9.43859	7.44732	7.50303	7.56673	7.70675
9.4751	7.45145	7.51852	7.56361	7.69982
9.51175	7.44465	7.50898	7.55625	7.70287
9.54854	7.4423	7.493	7.55795	7.71532
9.58546	7.44855	7.50841	7.56124	7.70375
9.62254	7.45702	7.50449	7.55985	7.71141
9.65975	7.4423	7.49088	7.56325	7.71456
9.6971	7.43676	7.50274	7.56249	7.72096
9.73459	7.44593	7.51738	7.55876	7.704
9.77223	7.44	7.50624	7.55685	7.71485
9.81001	7.45476	7.49739	7.56729	7.70069
9.84794	7.44954	7.50699	7.56748	7.70257
9.886	7.44394	7.49462	7.55403	7.69448
9.92421	7.44192	7.50872	7.55297	7.69246
9.96257	7.44438	7.50437	7.56164	7.69885
10.0011	7.44594	7.50269	7.5613	7.70602
10.0397	7.44364	7.50879	7.56573	7.70177
10.0785	7.44624	7.51787	7.55387	7.70051
10.1175	7.43567	7.50323	7.56314	7.70788
10.1566	7.43482	7.4945	7.5522	7.70411
10.1958	7.44041	7.50421	7.55515	7.70262
10.2352	7.44706	7.4897	7.54907	7.69507
10.2748	7.43821	7.51044	7.55553	7.70032
10.3145	7.44391	7.50096	7.56235	7.6952
10.3543	7.44776	7.49612	7.5587	7.6963
10.3943	7.44133	7.50035	7.56764	7.69962
10.4345	7.4373	7.50786	7.54626	7.69603
10.4747	7.43398	7.50924	7.55246	7.69515
10.5152	7.43175	7.49936	7.55266	7.6945
10.5558	7.43509	7.49811	7.55817	7.69884
10.5966	7.44009	7.49099	7.55183	7.69832
10.6375	7.43441	7.5051	7.55039	7.70141
10.6786	7.43145	7.50648	7.55623	7.6943
10.7198	7.42575	7.50175	7.55347	7.70231
10.7612	7.42971	7.49896	7.55905	7.69666
10.8027	7.42511	7.4998	7.55065	7.69908
10.8444	7.41853	7.49246	7.54878	7.70887
10.8863	7.435	7.49107	7.54502	7.70278
10.9283	7.41872	7.49128	7.53952	7.69229
10.9705	7.43459	7.49623	7.55637	7.69264
11.0128	7.42559	7.48951	7.54737	7.69006
11.0554	7.42226	7.48266	7.5462	7.68606
11.098	7.42922	7.4867	7.55964	7.69612
11.1409	7.4219	7.49743	7.55171	7.69833
11.1839	7.43265	7.49956	7.5595	7.68789
11.227	7.41584	7.49609	7.55052	7.69377
11.2703	7.42733	7.49403	7.54196	7.69931
11.3138	7.42052	7.49476	7.55501	7.69531
11.3575	7.4328	7.48314	7.5422	7.6915
11.4013	7.42141	7.47537	7.53681	7.69296
11.4453	7.42807	7.49356	7.54693	7.69396
11.4894	7.43448	7.49988	7.54827	7.68378
11.5337	7.42713	7.49623	7.54278	7.68903
11.5782	7.41633	7.48944	7.54167	7.69451
11.6229	7.42471	7.49126	7.53718	7.68787
11.6677	7.41052	7.47857	7.54208	7.68353
11.7127	7.42146	7.48728	7.54722	7.68831
11.7579	7.4133	7.49294	7.53739	7.69111
11.8032	7.41162	7.48376	7.53604	7.6837
11.8487	7.42314	7.4945	7.53834	7.69218
11.8944	7.42198	7.50125	7.54266	7.69431
11.9403	7.42295	7.49245	7.54241	7.68151
11.9863	7.42073	7.49241	7.53585	7.67771
12.0325	7.4177	7.4818	7.546	7.69593
12.0789	7.41701	7.47741	7.53611	7.67276
12.1255	7.42688	7.48166	7.53575	7.69041
12.1722	7.42786	7.49283	7.52761	7.68445
12.2191	7.42607	7.49388	7.54193	7.68651
12.2662	7.41493	7.48947	7.53817	7.68094
12.3135	7.41808	7.49729	7.54051	7.68822
12.361	7.41365	7.48191	7.54173	7.68872
12.4086	7.41542	7.47301	7.54852	7.69704
12.4564	7.40732	7.48161	7.55031	7.6919
12.5044	7.41885	7.4777	7.5421	7.68191
12.5526	7.42543	7.49008	7.54167	7.67738
12.601	7.41662	7.491	7.54268	7.68467
12.6495	7.4124	7.48901	7.53941	7.68757
12.6983	7.42214	7.49035	7.54117	7.68487
12.7472	7.4109	7.48237	7.53354	7.68795
12.7963	7.41757	7.4793	7.53167	7.6706
12.8456	7.41589	7.48136	7.54252	7.67828
12.8951	7.41651	7.47894	7.52462	7.67728
12.9447	7.41817	7.48997	7.52998	7.68411
12.9946	7.40604	7.47763	7.53238	7.69239
13.0447	7.4032	7.4866	7.53611	7.6827
13.0949	7.41306	7.45862	7.54139	7.68773
13.1453	7.41805	7.47984	7.53188	7.68
13.1959	7.41361	7.47028	7.53858	7.67857
13.2468	7.41473	7.47397	7.53576	7.68029
13.2978	7.40806	7.47457	7.53438	7.68128
13.349	7.41945	7.48163	7.53817	7.67537
13.4004	7.4051	7.47287	7.52978	7.68437
13.452	7.40147	7.47074	7.52973	7.68663
13.5038	7.40065	7.47031	7.52645	7.67261
13.5558	7.4089	7.47134	7.52792	7.68333
13.608	7.40035	7.47672	7.52986	7.67245
13.6603	7.40673	7.47733	7.52733	7.67393
13.7129	7.41239	7.47983	7.5326	7.67413
13.7657	7.41526	7.4802	7.53549	7.67498
13.8187	7.41325	7.48018	7.52483	7.67614
13.8719	7.4179	7.4717	7.5326	7.67704
13.9253	7.41348	7.47292	7.52495	7.67263
13.9789	7.39995	7.47732	7.52438	7.6687
14.0327	7.40733	7.47691	7.52891	7.67377
14.0867	7.41368	7.4817	7.53558	7.6738
14.1409	7.40455	7.4756	7.52873	7.66338
14.1953	7.40779	7.47339	7.52807	7.67159
14.2499	7.39798	7.47559	7.52918	7.66267
14.3047	7.41283	7.46604	7.5306	7.66612
14.3598	7.40786	7.47441	7.53566	7.66874
14.415	7.40619	7.47787	7.53439	7.67689
14.4705	7.40241	7.47613	7.53298	7.66279
14.5262	7.40291	7.4654	7.51466	7.66865
14.582	7.40412	7.4651	7.53239	7.66747
14.6381	7.3987	7.47328	7.52267	7.66241
14.6944	7.38718	7.46855	7.53546	7.66316
14.751	7.40293	7.46438	7.52033	7.6673
14.8077	7.41662	7.47413	7.53108	7.66023
14.8647	7.41282	7.46985	7.53035	7.67279
14.9218	7.40215	7.46729	7.51438	7.66822
14.9792	7.3956	7.4609	7.52017	7.66544
15.0368	7.40195	7.46333	7.5305	7.65696
15.0947	7.40189	7.4729	7.5181	7.6666
15.1527	7.38738	7.46854	7.53322	7.67482
15.211	7.3979	7.47609	7.52349	7.67275
15.2695	7.40234	7.47003	7.52419	7.66875
15.3282	7.40462	7.46759	7.52823	7.67434
15.3871	7.40548	7.47381	7.52952	7.66182
15.4463	7.39973	7.46874	7.52542	7.66418
15.5056	7.40236	7.46919	7.53567	7.67839
15.5653	7.39514	7.47426	7.53117	7.66931
15.6251	7.40512	7.47335	7.52221	7.67965
15.6852	7.39904	7.46344	7.51768	7.6684
15.7455	7.395	7.44638	7.53495	7.65187
15.806	7.39785	7.46626	7.52941	7.66536
15.8667	7.40372	7.46625	7.52207	7.65811
15.9277	7.39501	7.46471	7.52351	7.66354
15.9889	7.39775	7.46169	7.537	7.66878
16.0504	7.39728	7.45591	7.52217	7.65991
16.1121	7.39548	7.45638	7.51934	7.66801
16.174	7.39771	7.45318	7.52607	7.65598
16.2362	7.395	7.46606	7.5303	7.66785
16.2986	7.39145	7.46963	7.52735	7.663
16.3612	7.39874	7.45386	7.52198	7.67133
16.4241	7.40815	7.45622	7.52229	7.66288
16.4872	7.40884	7.45827	7.51297	7.65036
16.5505	7.40437	7.46371	7.53236	7.66061
16.6141	7.39821	7.46396	7.52738	7.66162
16.6779	7.40022	7.46945	7.52678	7.66634
16.742	7.39385	7.46222	7.52358	7.65589
16.8063	7.39163	7.46154	7.52651	7.65628
16.8709	7.39241	7.46151	7.52326	7.66293
16.9357	7.39879	7.47027	7.52427	7.66138
17.0008	7.39754	7.4699	7.51406	7.66963
17.0661	7.40438	7.46243	7.52119	7.66703
17.1316	7.40136	7.46051	7.5175	7.66953
17.1974	7.39541	7.46432	7.5036	7.65787
17.2635	7.39812	7.47961	7.51334	7.66224
17.3298	7.40013	7.47574	7.52467	7.65835
17.3963	7.40523	7.46929	7.52182	7.66909
17.4632	7.39005	7.4659	7.50785	7.66194
17.5302	7.39778	7.46254	7.5099	7.66043
17.5975	7.39065	7.45195	7.51226	7.66153
17.6651	7.39915	7.46892	7.51519	7.65569
17.733	7.3987	7.46663	7.5108	7.66805
17.801	7.38757	7.46745	7.52058	7.65843
17.8694	7.38824	7.45251	7.50327	7.66183
17.938	7.39712	7.46281	7.51126	7.65692
18.0069	7.38944	7.46946	7.50663	7.65944
18.076	7.39106	7.46537	7.51234	7.66036
18.1454	7.39165	7.45284	7.50868	7.66752
18.2151	7.38726	7.45845	7.51314	7.65745
18.285	7.38532	7.45102	7.50456	7.65246
18.3552	7.3949	7.46747	7.50782	7.65544
18.4257	7.39231	7.46629	7.51104	7.65405
18.4964	7.38983	7.46786	7.51689	7.65823
18.5674	7.39574	7.45163	7.50539	7.66391
18.6387	7.38895	7.45078	7.5069	7.65522
18.7102	7.39094	7.46132	7.51808	7.64914
18.782	7.38675	7.45715	7.51958	7.64967
18.8541	7.38362	7.45367	7.51426	7.65883
18.9265	7.39651	7.44997	7.51376	7.6579
18.9991	7.39483	7.44954	7.50721	7.65854
19.072	7.39361	7.46187	7.50761	7.65944
19.1452	7.3933	7.46256	7.50914	7.6533
19.2187	7.38474	7.46065	7.52067	7.65916
19.2924	7.39085	7.45459	7.51303	7.65974
19.3665	7.3873	7.45602	7.5094	7.65001
19.4408	7.38295	7.45727	7.51741	7.64531
19.5154	7.37604	7.45621	7.5069	7.64425
19.5903	7.38433	7.45761	7.51214	7.66119
19.6654	7.38003	7.44853	7.50485	7.65785
19.7409	7.37612	7.45539	7.50509	7.64759
19.8166	7.3858	7.45495	7.50602	7.64098
19.8926	7.37878	7.45647	7.50947	7.65356
19.9689	7.37674	7.46005	7.51412	7.65522
20.0455	7.37481	7.45023	7.51079	7.65533
20.1224	7.38634	7.45855	7.49972	7.64941
20.1996	7.37497	7.45617	7.51088	7.65923
20.2771	7.37936	7.45903	7.50976	7.66084
20.3549	7.38192	7.45054	7.5078	7.65332
20.433	7.39028	7.44882	7.50222	7.64917
20.5114	7.38607	7.45135	7.50699	7.64933
20.59	7.3836	7.45879	7.51053	7.64488
20.669	7.38752	7.45926	7.50482	7.64903
20.7483	7.38871	7.45184	7.50641	7.6617
20.8278	7.38421	7.44419	7.49698	7.65358
20.9077	7.38475	7.44515	7.49674	7.65007
20.9879	7.37773	7.456	7.50415	7.65259
21.0684	7.3774	7.44399	7.51107	7.65546
21.1492	7.38517	7.44553	7.5066	7.65541
21.2303	7.38679	7.44983	7.49957	7.65639
21.3117	7.38109	7.45371	7.50967	7.65186
21.3934	7.38367	7.4503	7.5065	7.65217
21.4754	7.38063	7.44682	7.50443	7.6583
21.5578	7.37665	7.44877	7.51212	7.65008
21.6404	7.37766	7.45673	7.5078	7.64523
21.7234	7.37993	7.45032	7.51069	7.64504
21.8067	7.3812	7.44346	7.50948	7.65022
21.8903	7.37593	7.44987	7.50355	7.65107
21.9742	7.38184	7.44721	7.50028	7.64652
22.0585	7.37788	7.45938	7.5057	7.65413
22.143	7.38567	7.4518	7.50775	7.6423
22.2279	7.38329	7.44512	7.5055	7.65228
22.3131	7.3826	7.4565	7.50397	7.64713
22.3986	7.3805	7.45651	7.50809	7.64947
22.4845	7.38037	7.45262	7.50365	7.65149
22.5707	7.38104	7.4418	7.50784	7.65933
22.6572	7.38533	7.45518	7.49361	7.63644
22.744	7.37622	7.45025	7.5081	7.63605
22.8312	7.37502	7.45222	7.50494	7.65222
22.9187	7.37246	7.44981	7.51216	7.64575
23.0066	7.38182	7.44857	7.50995	7.65086
23.0947	7.37187	7.45083	7.49704	7.64049
23.1833	7.36642	7.4511	7.50464	7.64827
23.2721	7.376	7.44344	7.50856	7.64573
23.3613	7.37977	7.44922	7.50771	7.63875
23.4508	7.37301	7.45854	7.50331	7.6473
23.5407	7.38119	7.45998	7.50371	7.64143
23.6309	7.37996	7.44584	7.50352	7.6557
23.7214	7.37171	7.44406	7.49977	7.64149
23.8123	7.37451	7.45548	7.49439	7.64504
23.9036	7.37744	7.44601	7.50536	7.64441
23.9951	7.38052	7.44137	7.50838	7.64708
24.0871	7.37953	7.44609	7.49865	7.64177
24.1794	7.37287	7.45052	7.50014	7.64226
24.272	7.37259	7.44456	7.50395	7.64212
24.365	7.36941	7.44702	7.50504	7.64913
24.4583	7.37743	7.44491	7.4983	7.63945
24.552	7.37094	7.44586	7.49729	7.64142
24.6461	7.36697	7.44649	7.50652	7.64603
24.7405	7.37209	7.44598	7.49963	7.6432
24.8353	7.37026	7.44209	7.49823	7.64079
24.9304	7.37834	7.44508	7.49958	7.6434
25.0259	7.38053	7.43733	7.49985	7.63955
25.1218	7.3798	7.44047	7.49721	7.64567
25.218	7.37221	7.45144	7.49383	7.64246
25.3146	7.37908	7.44675	7.50389	7.63681
25.4116	7.38308	7.43451	7.50334	7.64026
25.5089	7.37846	7.42759	7.50086	7.64704
25.6066	7.37099	7.44453	7.5013	7.64353
25.7047	7.38251	7.4477	7.50168	7.64049
25.8031	7.37933	7.4374	7.50028	7.64865
25.9019	7.38455	7.43594	7.5082	7.64133
26.0011	7.37985	7.44448	7.50011	7.64271
26.1007	7.38355	7.43887	7.50441	7.64019
26.2007	7.38233	7.43581	7.50425	7.64092
26.301	7.38156	7.44638	7.50008	7.64119
26.4017	7.37388	7.44359	7.49601	7.63617
26.5028	7.37926	7.44384	7.49648	7.6454
26.6043	7.37474	7.43367	7.49434	7.64861
26.7062	7.3683	7.45166	7.49929	7.63434
26.8084	7.37662	7.43995	7.49942	7.63824
26.9111	7.3771	7.43779	7.50219	7.64319
27.0141	7.37284	7.43637	7.50284	7.64432
27.1176	7.37297	7.44873	7.49777	7.63489
27.2214	7.37864	7.44513	7.49849	7.64837
27.3256	7.37177	7.44121	7.4954	7.65027
27.4302	7.37545	7.43827	7.49877	7.63651
27.5352	7.37328	7.44304	7.50342	7.65006
27.6407	7.37561	7.44037	7.50475	7.64615
27.7465	7.37175	7.43539	7.49398	7.64243
27.8527	7.38241	7.44257	7.50254	7.63752
27.9593	7.38122	7.43634	7.4982	7.63752
28.0664	7.38032	7.43811	7.50079	7.6411
28.1738	7.38094	7.44014	7.4893	7.64079
28.2816	7.37719	7.44044	7.50652	7.63232
28.3899	7.37988	7.43121	7.495	7.64775
28.4986	7.38309	7.4484	7.49375	7.64175
28.6077	7.37641	7.44313	7.49324	7.6394
28.7172	7.37657	7.43679	7.50081	7.64039
28.8271	7.36889	7.44034	7.49754	7.64667
28.9374	7.37816	7.43929	7.49493	7.63722
29.0482	7.37292	7.43768	7.49749	7.63467
29.1593	7.3683	7.43991	7.5001	7.64113
29.2709	7.37222	7.44057	7.50544	7.63768
29.383	7.37346	7.43547	7.49862	7.63507
29.4954	7.37004	7.43013	7.49998	7.64722
29.6083	7.38079	7.44133	7.5003	7.63313
29.7216	7.37869	7.43908	7.50458	7.63097
29.8354	7.36364	7.43461	7.4977	7.6383
29.9495	7.36956	7.43602	7.50182	7.63716
30.0641	7.37099	7.4445	7.49684	7.63776
30.1792	7.37798	7.44284	7.49886	7.63419
30.2947	7.37653	7.44229	7.50678	7.63795
30.4106	7.37228	7.44869	7.49736	7.6385
30.527	7.37169	7.4343	7.49664	7.63817
30.6438	7.37594	7.435	7.49672	7.64671
30.761	7.37576	7.43848	7.48424	7.63173
30.8787	7.37231	7.44047	7.4962	7.63259
30.9969	7.37435	7.43451	7.49457	7.63859
31.1155	7.37598	7.44567	7.48898	7.63993
31.2345	7.37212	7.43236	7.493	7.63844
31.354	7.36992	7.43818	7.49257	7.64063
31.474	7.37097	7.43885	7.48927	7.64022
31.5944	7.37326	7.44417	7.49062	7.64502
31.7153	7.36958	7.43677	7.4945	7.64562
31.8366	7.37342	7.44104	7.4906	7.64315
31.9584	7.36923	7.43793	7.50045	7.64343
32.0806	7.3725	7.43686	7.49228	7.64511
32.2034	7.37316	7.44161	7.48718	7.64135
32.3266	7.37042	7.43754	7.50073	7.64056
32.4502	7.36427	7.43202	7.49854	7.64423
32.5743	7.36974	7.44449	7.49807	7.63862
32.699	7.36763	7.4384	7.49723	7.64266
32.824	7.35787	7.43721	7.49654	7.64422
32.9496	7.37508	7.4393	7.49438	7.63461
33.0756	7.3751	7.43348	7.4974	7.63434
33.2021	7.36381	7.43728	7.49249	7.63831
33.3291	7.37253	7.44113	7.49051	7.63663
33.4566	7.36779	7.44266	7.49434	7.63697
33.5846	7.37151	7.43811	7.49385	7.63999
33.713	7.37166	7.44321	7.4939	7.63156
33.842	7.36823	7.43097	7.49558	7.63671
33.9714	7.3665	7.44145	7.49607	7.63521
34.1013	7.37083	7.44405	7.4967	7.63305
34.2317	7.37308	7.43836	7.49501	7.63818
34.3626	7.3723	7.44102	7.49809	7.63572
34.4941	7.37101	7.44662	7.49637	7.63244
34.626	7.36828	7.44377	7.49921	7.641
34.7584	7.37576	7.44559	7.49378	7.63051
34.8913	7.3615	7.43663	7.49953	7.63425
35.0247	7.35978	7.44311	7.50221	7.64384
35.1587	7.36966	7.44385	7.49293	7.63236
35.2931	7.36504	7.43577	7.49775	7.63434
35.4281	7.36462	7.43926	7.49114	7.63711
35.5635	7.36758	7.43734	7.49083	7.63384
35.6995	7.36569	7.43514	7.49353	7.6381
35.836	7.3779	7.43608	7.49097	7.63081
35.973	7.37211	7.43212	7.49809	7.6362
36.1106	7.36757	7.43459	7.49817	7.63127
36.2487	7.37104	7.44726	7.49191	7.63382
36.3873	7.36886	7.43525	7.4941	7.63161
36.5264	7.36247	7.43528	7.50125	7.63715
36.666	7.3717	7.43706	7.49836	7.63631
36.8062	7.36598	7.43041	7.49802	7.63587
36.9469	7.37065	7.43766	7.49338	7.62935
37.0882	7.36794	7.43817	7.50008	7.63152
37.23	7.36313	7.43733	7.49476	7.6371
37.3723	7.36647	7.43857	7.48906	7.63766
37.5152	7.35857	7.43642	7.49265	7.64014
37.6586	7.36561	7.44129	7.49069	7.63634
37.8026	7.36475	7.4364	7.4921	7.63791
37.9471	7.36456	7.43583	7.49124	7.63648
38.0921	7.3682	7.44479	7.48429	7.62882
38.2378	7.36435	7.4304	7.50101	7.63868
38.3839	7.37632	7.44498	7.49889	7.63648
38.5306	7.36839	7.43854	7.49782	7.64409
38.6779	7.36808	7.43428	7.50064	7.64003
38.8258	7.37433	7.43686	7.49457	7.63544
38.9742	7.37053	7.43462	7.49743	7.64466
39.1231	7.37492	7.4332	7.4909	7.64066
39.2727	7.36536	7.43317	7.49435	7.63297
39.4228	7.36424	7.43781	7.48613	7.63895
39.5735	7.36632	7.43258	7.48936	7.63061
39.7247	7.36392	7.43284	7.49047	7.63878
39.8766	7.36746	7.44151	7.48442	7.63376
40.029	7.35636	7.42601	7.49315	7.63088
40.182	7.37267	7.43591	7.50113	7.63893
40.3355	7.36314	7.43803	7.49788	7.64167
40.4897	7.37169	7.43939	7.5	7.63876
40.6444	7.35938	7.44307	7.48886	7.63454
40.7998	7.36274	7.43696	7.49465	7.6308
40.9557	7.36947	7.44533	7.49184	7.63264
41.1122	7.36554	7.43674	7.49625	7.63255
41.2693	7.36771	7.43883	7.49312	7.63197
41.427	7.36222	7.43959	7.49668	7.63327
41.5853	7.36872	7.43757	7.49564	7.63881
41.7443	7.36603	7.43921	7.49412	7.63374
41.9038	7.36477	7.43854	7.49207	7.636
42.0639	7.35974	7.44136	7.49387	7.62831
42.2246	7.36848	7.43194	7.49787	7.63107
42.386	7.36806	7.43807	7.49728	7.63699
42.548	7.36619	7.44371	7.49904	7.63668
42.7105	7.37361	7.44224	7.49392	7.63943
42.8737	7.36509	7.44858	7.49586	7.63169
43.0376	7.37016	7.44402	7.49756	7.63558
43.202	7.36869	7.44385	7.49171	7.63166
43.3671	7.37112	7.43966	7.49694	7.62822
43.5328	7.37464	7.44432	7.49048	7.62844
43.6991	7.36837	7.43749	7.49406	7.63793
43.8661	7.37408	7.44229	7.4897	7.63733
44.0337	7.36237	7.43547	7.49693	7.63205
44.2019	7.36558	7.43808	7.49729	7.63753
44.3708	7.36299	7.43247	7.49215	7.63056
44.5403	7.36479	7.43158	7.48949	7.6291
44.7105	7.35669	7.43801	7.4931	7.62784
44.8813	7.37267	7.44099	7.49483	7.63428
45.0527	7.36306	7.44252	7.49552	7.62876
45.2249	7.36963	7.44019	7.4984	7.63978
45.3976	7.36522	7.43941	7.49604	7.62817
45.5711	7.36577	7.43542	7.49372	7.64017
45.7452	7.36275	7.43878	7.48759	7.63544
45.9199	7.36569	7.43968	7.49271	7.6345
46.0953	7.36388	7.44257	7.49009	7.63213
46.2714	7.36412	7.43673	7.49574	7.63157
46.4482	7.36494	7.44177	7.49512	7.63171
46.6256	7.36843	7.44118	7.49597	7.63621
46.8037	7.36525	7.43691	7.49208	7.63347
46.9825	7.36526	7.43834	7.49572	7.62761
47.162	7.3716	7.43507	7.49721	7.63207
47.3421	7.36878	7.4357	7.49396	7.62829
47.5229	7.36339	7.43548	7.48945	7.63683
47.7045	7.36094	7.43894	7.49199	7.63155
47.8867	7.36777	7.44248	7.49713	7.63426
48.0696	7.36633	7.43702	7.49352	7.62673
48.2532	7.36787	7.43619	7.49595	7.63021
48.4375	7.3665	7.43556	7.49313	7.62921
48.6225	7.37185	7.44713	7.49357	7.62658
48.8082	7.364	7.4356	7.49811	7.62924
48.9946	7.3651	7.44837	7.49707	7.63053
49.1818	7.36734	7.43569	7.49856	7.63094
49.3696	7.36769	7.43986	7.49097	7.63845
49.5582	7.36391	7.44101	7.49491	7.64052
49.7474	7.36848	7.44132	7.49099	7.64151
49.9374	7.37043	7.43822	7.49623	7.63708
50.1281	7.36849	7.44927	7.48966	7.63541
50.3196	7.36474	7.44214	7.502	7.63272
50.5117	7.3665	7.43732	7.49549	7.63025
50.7047	7.36446	7.43711	7.50733	7.63523
50.8983	7.36074	7.43772	7.49465	7.62923
51.0927	7.36197	7.43798	7.49978	7.63266
51.2878	7.3631	7.43651	7.4884	7.63066
51.4837	7.36522	7.44382	7.49323	7.63557
51.6802	7.35951	7.44181	7.4971	7.63182
51.8776	7.36925	7.44662	7.499	7.63128
52.0757	7.3563	7.43827	7.50021	7.63852
52.2746	7.36314	7.44542	7.4953	7.64011
52.4742	7.36695	7.44162	7.49243	7.62961
52.6746	7.3674	7.4449	7.49539	7.63143
52.8757	7.36666	7.44331	7.50046	7.63576
53.0776	7.3706	7.44332	7.49324	7.63352
53.2803	7.3679	7.44296	7.49218	7.63231
53.4837	7.36766	7.44345	7.49451	7.6301
53.688	7.36643	7.44654	7.49969	7.63188
53.8929	7.35905	7.43883	7.49691	7.63411
54.0987	7.36391	7.4412	7.49518	7.64066
54.3053	7.36617	7.43789	7.49364	7.63256
54.5126	7.3655	7.44067	7.49619	7.63301
54.7208	7.36869	7.43926	7.49779	7.63351
54.9297	7.36514	7.43396	7.49831	7.63099
55.1394	7.36559	7.44061	7.50564	7.628
55.3499	7.36373	7.44099	7.49287	7.6331
55.5613	7.36989	7.44482	7.49556	7.63537
55.7734	7.37036	7.44852	7.4934	7.6302
55.9864	7.36696	7.44245	7.49256	7.63174
56.2001	7.36987	7.44282	7.49656	7.63651
56.4147	7.36331	7.44	7.49251	7.6275
56.63	7.36576	7.44176	7.49634	7.63376
56.8462	7.36603	7.43515	7.49535	7.63081
57.0633	7.36216	7.43616	7.49805	7.63315
57.2811	7.36888	7.43885	7.49672	7.63407
57.4998	7.36419	7.43736	7.49246	7.63719
57.7193	7.3655	7.44308	7.49641	7.63827
57.9397	7.36591	7.43515	7.4953	7.63545
58.1608	7.36476	7.44226	7.49501	7.63851
58.3829	7.36642	7.44654	7.4974	7.63728
58.6057	7.36064	7.44281	7.49625	7.63751
58.8295	7.36332	7.44607	7.50051	7.63452
59.054	7.3606	7.44399	7.49979	7.62544
59.2795	7.36093	7.43898	7.49974	7.63217
59.5058	7.36523	7.44435	7.49848	7.63526
59.7329	7.36099	7.43906	7.49714	7.63233
59.9609	7.36346	7.44604	7.49712	7.62944
60.1898	7.36695	7.4433	7.50009	7.6284
60.4196	7.36103	7.44091	7.50026	7.62787
60.6502	7.36791	7.44984	7.50045	7.63514
60.8817	7.36838	7.44547	7.49828	7.63212
61.1141	7.37242	7.44218	7.49025	7.63572
61.3474	7.37051	7.43962	7.49018	7.63966
61.5815	7.36322	7.44363	7.49209	7.63728
61.8166	7.36611	7.44839	7.4924	7.63416
62.0525	7.36283	7.44934	7.49403	7.63488
62.2894	7.36388	7.44286	7.48676	7.63001
62.5271	7.36426	7.43972	7.49575	7.6343
62.7658	7.36617	7.44893	7.4948	7.64034
63.0053	7.36522	7.44356	7.50265	7.62803
63.2458	7.37089	7.44136	7.49925	7.63632
63.4872	7.36699	7.44281	7.49864	7.63114
63.7295	7.36266	7.43876	7.49425	7.62863
63.9728	7.36681	7.44394	7.4889	7.62488
64.2169	7.36197	7.44106	7.49735	7.6225
64.462	7.3602	7.43804	7.49148	7.62837
64.708	7.36507	7.43791	7.49586	7.63096
64.955	7.36424	7.43754	7.49375	7.63408
65.2029	7.35932	7.43934	7.49815	7.63117
65.4517	7.36397	7.43828	7.49564	7.63674
65.7015	7.36563	7.43751	7.49055	7.63717
65.9523	7.36345	7.43782	7.50002	7.63011
66.2039	7.36651	7.43585	7.49874	7.63374
66.4566	7.37307	7.43837	7.50076	7.63085
66.7102	7.37086	7.441	7.49915	7.62864
66.9648	7.36551	7.43717	7.49892	7.62979
67.2204	7.36377	7.43981	7.49775	7.6291
67.4769	7.37115	7.43633	7.49602	7.63115
67.7344	7.36403	7.44512	7.49596	7.62749
67.9929	7.36501	7.43835	7.4967	7.62936
68.2523	7.36727	7.4432	7.4972	7.63778
68.5128	7.36569	7.44194	7.49752	7.63433
68.7742	7.36865	7.44467	7.50119	7.6315
69.0367	7.36616	7.44289	7.49842	7.62884
69.3001	7.36892	7.44383	7.4986	7.63052
69.5646	7.3677	7.44313	7.49476	7.63044
69.83	7.37213	7.44166	7.49618	7.62931
70.0965	7.37132	7.4441	7.49805	7.63197
70.364	7.36546	7.44373	7.49706	7.63677
70.6324	7.36602	7.44278	7.4953	7.6375
70.902	7.36279	7.44344	7.49915	7.63014
71.1725	7.36518	7.44461	7.49588	7.62728
71.4441	7.36035	7.44819	7.49242	7.62958
71.7167	7.36121	7.44381	7.49351	7.63281
71.9903	7.36172	7.44326	7.49486	7.62713
72.265	7.36525	7.44373	7.49659	7.63311
72.5407	7.36666	7.43965	7.49491	7.62846
72.8175	7.37116	7.4402	7.50384	7.63115
73.0954	7.36635	7.43997	7.50067	7.63301
73.3743	7.36654	7.44225	7.50299	7.62762
73.6542	7.36664	7.43871	7.49932	7.63177
73.9352	7.36384	7.43576	7.49986	7.63588
74.2173	7.3675	7.4398	7.50292	7.63403
74.5005	7.36934	7.44296	7.49897	7.6239
74.7848	7.36915	7.44612	7.50225	7.62781
75.0701	7.36161	7.44281	7.50135	7.63359
75.3565	7.36317	7.44125	7.50224	7.62881
75.644	7.36528	7.43907	7.50103	7.63311
75.9326	7.3756	7.44452	7.49876	7.63326
76.2223	7.37208	7.44569	7.50163	7.62872
76.5131	7.37024	7.44244	7.49871	7.63835
76.805	7.36868	7.44234	7.50139	7.62776
77.098	7.36617	7.44	7.49773	7.63482
77.3922	7.36911	7.44292	7.4962	7.63679
77.6874	7.37035	7.44203	7.49528	7.63376
77.9838	7.3687	7.44228	7.49721	7.63598
78.2813	7.36956	7.44147	7.49641	7.63076
78.5799	7.36468	7.44616	7.50343	7.63433
78.8797	7.37111	7.44601	7.49736	7.63187
79.1806	7.36697	7.4472	7.49925	7.62915
79.4827	7.36569	7.4442	7.50282	7.63893
79.7859	7.36032	7.44053	7.50217	7.63509
80.0903	7.36325	7.43618	7.50651	7.63479
80.3958	7.36027	7.43851	7.5059	7.63443
80.7025	7.36165	7.44154	7.50299	7.63029
81.0104	7.36238	7.43667	7.50297	7.6325
81.3194	7.35986	7.44349	7.50387	7.63319
81.6296	7.35913	7.44016	7.49998	7.62756
81.941	7.36309	7.444	7.49788	7.63166
82.2536	7.36175	7.44384	7.50067	7.63391
82.5674	7.36673	7.44469	7.49928	7.63063
82.8823	7.37197	7.44168	7.50339	7.63663
83.1985	7.37138	7.43862	7.50008	7.63199
83.5158	7.36918	7.44158	7.49981	7.62627
83.8344	7.36597	7.44158	7.50054	7.6276
84.1542	7.36649	7.44294	7.49848	7.63346
84.4752	7.36648	7.44205	7.50041	7.62972
84.7974	7.36893	7.44221	7.50097	7.6324
85.1209	7.36741	7.43973	7.4996	7.63202
85.4456	7.36773	7.44305	7.50184	7.63155
85.7715	7.37085	7.44443	7.49094	7.62955
86.0986	7.36657	7.44444	7.49901	7.6337
86.4271	7.36823	7.44296	7.49638	7.6334
86.7567	7.36722	7.44268	7.49676	7.63385
87.0876	7.36855	7.44308	7.50014	7.64072
87.4198	7.36941	7.44265	7.50239	7.63733
87.7533	7.37022	7.44275	7.50346	7.62819
88.088	7.36696	7.43558	7.49703	7.63214
88.4239	7.36422	7.44241	7.49875	7.6317
88.7612	7.36518	7.44636	7.49542	7.62923
89.0997	7.36372	7.44135	7.49678	7.63547
89.4396	7.36838	7.44836	7.50454	7.63428
89.7807	7.36275	7.4428	7.51531	7.62966
90.1231	7.3657	7.44678	7.50179	7.62524
90.4669	7.36721	7.44627	7.50097	7.62966
90.8119	7.36527	7.44584	7.50482	7.63312
91.1583	7.36569	7.44136	7.50076	7.62846
91.5059	7.36472	7.44296	7.50385	7.62802
91.8549	7.36865	7.44441	7.50379	7.63193
92.2053	7.37337	7.44461	7.50624	7.63237
92.5569	7.36829	7.44436	7.50614	7.62949
92.9099	7.367	7.44741	7.50623	7.63316
93.2643	7.36659	7.44205	7.50807	7.63465
93.6199	7.36652	7.4433	7.50175	7.63832
93.977	7.36806	7.44775	7.50005	7.63434
94.3354	7.36996	7.44384	7.50103	7.63655
94.6952	7.37125	7.44594	7.50925	7.63232
95.0563	7.36589	7.44678	7.50385	7.62964
95.4188	7.37137	7.43874	7.49976	7.63056
95.7827	7.36663	7.44307	7.50365	7.62923
96.148	7.36506	7.44202	7.50174	7.63159
96.5147	7.36034	7.44255	7.50159	7.64181
96.8827	7.36053	7.44636	7.50137	7.6319
97.2522	7.3673	7.44448	7.49843	7.62488
97.6231	7.36651	7.44052	7.5037	7.6297
97.9954	7.36698	7.44081	7.50686	7.63165
98.3691	7.36567	7.44382	7.5075	7.63219
98.7442	7.36395	7.44481	7.50223	7.63234
99.1208	7.36784	7.44119	7.50026	7.63671
99.4988	7.36349	7.44495	7.50284	7.62876
99.8782	7.37027	7.44861	7.49966	7.63279
100.259	7.36484	7.44386	7.49952	7.63592
100.641	7.36594	7.44482	7.50305	7.6318
101.025	7.36808	7.44487	7.50104	7.62786
101.41	7.36482	7.44358	7.50356	7.63151
101.797	7.3659	7.44333	7.49962	7.63123
102.185	7.36645	7.44322	7.50788	7.63004
102.575	7.3648	7.44389	7.5118	7.62898
102.966	7.36731	7.44811	7.50779	7.63297
103.359	7.36833	7.45094	7.50698	7.63236
103.753	7.3658	7.44757	7.50388	7.63356
104.148	7.36325	7.44579	7.50273	7.6369
104.546	7.36484	7.43936	7.50379	7.63477
104.944	7.36353	7.44126	7.50359	7.63346
105.344	7.36469	7.44177	7.50129	7.63604
105.746	7.36479	7.44221	7.50292	7.62718
106.149	7.36541	7.44626	7.50605	7.63657
106.554	7.36469	7.44569	7.50619	7.63976
106.96	7.3671	7.44613	7.50061	7.63167
107.368	7.37083	7.44727	7.49986	7.62934
107.778	7.36691	7.44632	7.50142	7.62817
108.189	7.36676	7.44212	7.50322	7.63698
108.601	7.36853	7.44661	7.50707	7.63236
109.015	7.36484	7.44337	7.5037	7.63407
109.431	7.36428	7.44147	7.5	7.63438
109.848	7.36681	7.44801	7.50636	7.63334
110.267	7.36685	7.44767	7.50497	7.63805
110.687	7.36788	7.4427	7.50459	7.6354
111.109	7.36763	7.436	7.5096	7.63332
111.533	7.36649	7.44139	7.50702	7.63287
111.958	7.36727	7.44569	7.502	7.63503
112.385	7.36413	7.44245	7.50588	7.63705
112.814	7.3689	7.44519	7.50104	7.63475
113.244	7.36333	7.44188	7.50351	7.63608
113.676	7.35983	7.44717	7.50728	7.63281
114.109	7.36057	7.44658	7.50246	7.63565
114.544	7.36368	7.4486	7.50303	7.63073
114.981	7.36433	7.44778	7.50535	7.63268
115.419	7.36545	7.44619	7.50454	7.63717
115.859	7.36621	7.44333	7.50818	7.63722
116.301	7.37097	7.44775	7.50391	7.63267
116.744	7.36995	7.44587	7.50313	7.62771
117.189	7.36862	7.44221	7.50449	7.63044
117.636	7.36522	7.44382	7.50488	7.63054
118.085	7.36683	7.44457	7.50403	7.6304
118.535	7.3689	7.44928	7.50498	7.63109
118.987	7.36712	7.44893	7.50467	7.63364
119.44	7.36561	7.44731	7.50782	7.6313
119.896	7.36675	7.44318	7.50323	7.631
120.353	7.36681	7.44562	7.50261	7.63755
120.812	7.37038	7.44602	7.50209	7.63828
121.272	7.36602	7.44353	7.50599	7.63193
121.735	7.36765	7.4412	7.50289	7.63054
122.199	7.3687	7.44321	7.50326	7.62985
122.665	7.36584	7.44326	7.50583	7.6347
123.132	7.3651	7.44075	7.50408	7.63045
123.602	7.36839	7.44793	7.50181	7.62816
124.073	7.37077	7.44438	7.50424	7.63855
124.546	7.36899	7.44236	7.50199	7.63257
125.021	7.36585	7.45054	7.50503	7.63172
125.497	7.36801	7.44423	7.50074	7.63088
125.976	7.36843	7.44301	7.50605	7.63323
126.456	7.36716	7.44165	7.50719	7.63478
126.938	7.368	7.44537	7.50574	7.63576
127.422	7.37042	7.44947	7.50678	7.63082
127.908	7.37076	7.44866	7.50503	7.63245
128.395	7.3714	7.44488	7.50183	7.63322
128.885	7.36973	7.4447	7.50432	7.63282
129.376	7.36679	7.44625	7.50593	7.6296
129.869	7.37114	7.44525	7.50706	7.63435
130.364	7.36599	7.44829	7.50745	7.63338
130.861	7.36512	7.44636	7.5096	7.63304
131.36	7.3653	7.44859	7.50618	7.62983
131.861	7.3653	7.44845	7.50058	7.63547
132.364	7.36312	7.4446	7.50243	7.63382
132.868	7.36593	7.44214	7.50591	7.62964
133.375	7.36811	7.44462	7.50361	7.63092
133.883	7.36686	7.4469	7.50623	7.62934
134.393	7.36746	7.44625	7.50689	7.62711
134.906	7.36576	7.44504	7.50639	7.62779
135.42	7.36676	7.44171	7.50504	7.63343
135.936	7.36552	7.44665	7.50611	7.63212
136.454	7.36966	7.44194	7.50611	7.62674
136.975	7.36694	7.44449	7.50627	7.63263
137.497	7.36792	7.44682	7.50403	7.63021
138.021	7.36616	7.44367	7.50406	7.63105
138.547	7.36516	7.44735	7.50606	7.63422
139.075	7.36871	7.44782	7.49837	7.62857
139.605	7.36363	7.44743	7.50131	7.63186
140.137	7.36684	7.44529	7.50448	7.63577
140.671	7.36972	7.44795	7.50691	7.63891
141.208	7.36789	7.44702	7.50575	7.63146
141.746	7.36508	7.44509	7.50609	7.62447
142.286	7.36801	7.44788	7.50067	7.62692
142.829	7.36897	7.44891	7.50233	7.63035
143.373	7.37506	7.44554	7.49809	7.63162
143.919	7.37222	7.44419	7.50563	7.63326
144.468	7.37106	7.44845	7.50541	7.63414
145.019	7.37027	7.44934	7.5066	7.62915
145.571	7.37003	7.44356	7.50283	7.63119
146.126	7.36695	7.45118	7.50195	7.63237
146.683	7.36572	7.44682	7.50527	7.6341
147.242	7.36281	7.44909	7.50583	7.63354
147.804	7.36806	7.44425	7.50223	7.63607
148.367	7.36516	7.44922	7.50017	7.63543
148.932	7.36649	7.44806	7.5057	7.63379
149.5	7.36831	7.45137	7.5077	7.63591
150.07	7.36394	7.44571	7.50447	7.6295
150.642	7.3704	7.44515	7.50485	7.62831
151.216	7.36925	7.4479	7.50762	7.62864
151.792	7.37169	7.44786	7.50434	7.63267
152.371	7.36662	7.45253	7.50426	7.63185
152.952	7.36688	7.44879	7.50254	7.63176
153.535	7.36688	7.43972	7.50759	7.62585
154.12	7.36696	7.44513	7.50546	7.6265
154.707	7.36737	7.44801	7.50218	7.63099
155.297	7.36531	7.44482	7.50864	7.63123
155.889	7.36441	7.44862	7.50125	7.62924
156.483	7.36824	7.45034	7.50693	7.63228
157.079	7.36482	7.44407	7.50777	7.63109
157.678	7.36865	7.4515	7.5075	7.63158
158.279	7.36977	7.44649	7.5118	7.62381
158.882	7.36623	7.44776	7.50281	7.63069
159.488	7.37033	7.44773	7.50395	7.63125
160.096	7.36573	7.44607	7.50885	7.62999
160.706	7.36612	7.44615	7.50761	7.63067
161.318	7.36754	7.44594	7.50495	7.63085
161.933	7.37049	7.44975	7.50268	7.63335
162.55	7.36415	7.44844	7.50376	7.63135
163.17	7.36978	7.44644	7.50487	7.62687
163.792	7.36628	7.44636	7.50993	7.62978
164.416	7.36162	7.44675	7.50624	7.63734
165.043	7.36423	7.44529	7.50594	7.62418
165.672	7.36433	7.44846	7.50381	7.63452
166.303	7.37007	7.44677	7.50394	7.63391
166.937	7.36783	7.44833	7.5064	7.62635
167.573	7.3693	7.44922	7.50398	7.6286
168.212	7.36929	7.45091	7.50544	7.6318
168.853	7.36811	7.44587	7.50561	7.63081
169.496	7.36896	7.44253	7.50618	7.62816
170.142	7.36599	7.44978	7.50299	7.62874
170.791	7.36701	7.44991	7.50587	7.62564
171.441	7.3707	7.44828	7.50477	7.62988
172.095	7.36845	7.44902	7.50786	7.62974
172.751	7.36652	7.44686	7.50738	7.63213
173.409	7.36407	7.45101	7.50468	7.63244
174.07	7.36784	7.45046	7.5011	7.62959
174.733	7.36601	7.45066	7.50564	7.62774
175.399	7.36822	7.44594	7.50954	7.63298
176.068	7.37026	7.44427	7.50387	7.62892
176.739	7.36572	7.44181	7.50612	7.63168
177.412	7.36486	7.44542	7.50819	7.62411
178.088	7.36553	7.44948	7.5024	7.6287
178.767	7.36699	7.44518	7.50049	7.63203
179.448	7.36632	7.44489	7.5078	7.63542
180.132	7.36409	7.44594	7.50518	7.63523
180.818	7.3655	7.44962	7.50417	7.63164
181.507	7.36601	7.44952	7.50931	7.63287
182.199	7.36638	7.45004	7.50574	7.62865
182.893	7.36614	7.45138	7.50683	7.63145
183.59	7.367	7.45044	7.5029	7.62994
184.29	7.36974	7.44789	7.50643	7.63028
184.992	7.36538	7.44086	7.50894	7.63293
185.697	7.36381	7.44091	7.50642	7.62634
186.405	7.36733	7.44534	7.50803	7.62829
187.115	7.36841	7.44992	7.50438	7.63208
187.828	7.3687	7.44446	7.50619	7.62904
188.544	7.36502	7.43988	7.50472	7.63125
189.263	7.36416	7.44582	7.50818	7.63392
189.984	7.36585	7.45043	7.50292	7.63
190.708	7.365	7.45012	7.50128	7.63036
191.435	7.36396	7.44811	7.50323	7.62939
192.164	7.36819	7.44567	7.50976	7.63108
192.896	7.36102	7.44716	7.50708	7.62982
193.631	7.36345	7.44756	7.50226	7.62496
194.369	7.36735	7.44805	7.50567	7.62849
195.11	7.36442	7.44467	7.5071	7.63073
195.853	7.36647	7.44674	7.50725	7.63138
196.6	7.36496	7.44576	7.50741	7.62703
197.349	7.36868	7.44342	7.50628	7.62797
198.101	7.36309	7.44694	7.50096	7.62384
198.856	7.36779	7.44846	7.50559	7.62845
199.613	7.36664	7.44943	7.50622	7.63174
200.374	7.36128	7.44958	7.50743	7.63094
201.138	7.36269	7.4467	7.50626	7.6334
201.904	7.36427	7.4485	7.50397	7.63221
202.673	7.36302	7.44848	7.5056	7.63123
203.446	7.36168	7.45203	7.50409	7.63094
204.221	7.36792	7.44833	7.50378	7.62613
204.999	7.36432	7.45054	7.49835	7.62753
205.78	7.36708	7.44937	7.50611	7.62773
206.564	7.36379	7.44714	7.50303	7.62745
207.352	7.36155	7.44652	7.5039	7.62893
208.142	7.36224	7.44697	7.50304	7.62839
208.935	7.36333	7.44659	7.5025	7.62779
209.731	7.3645	7.4466	7.50444	7.6295
210.53	7.36121	7.44577	7.50041	7.62889
211.332	7.3669	7.45036	7.50503	7.62973
212.137	7.36369	7.44746	7.5057	7.62871
212.946	7.36098	7.44891	7.50559	7.62929
213.757	7.36354	7.44616	7.50434	7.62267
214.572	7.36655	7.44722	7.50561	7.62697
215.389	7.36251	7.45025	7.50628	7.62838
216.21	7.36167	7.44925	7.5024	7.62848
217.034	7.36397	7.44379	7.50171	7.62717
217.861	7.35793	7.44909	7.49905	7.62659
218.691	7.36402	7.44676	7.5013	7.62987
219.524	7.36776	7.45146	7.50335	7.62792
220.361	7.36486	7.44851	7.50344	7.62672
221.2	7.36314	7.44721	7.50062	7.62927
222.043	7.36685	7.44559	7.50149	7.62961
222.889	7.36188	7.44898	7.50267	7.62706
223.738	7.36501	7.44841	7.49902	7.63032
224.591	7.36121	7.44851	7.50276	7.62922
225.447	7.36248	7.44722	7.49869	7.62837
226.306	7.36274	7.44814	7.5015	7.62542
227.168	7.36562	7.44507	7.50145	7.6284
228.033	7.36383	7.44709	7.50195	7.62721
228.902	7.36206	7.45311	7.50097	7.62939
229.774	7.364	7.44782	7.50001	7.62541
230.65	7.35919	7.45021	7.50345	7.62692
231.529	7.36125	7.44845	7.50599	7.62655
232.411	7.36534	7.44809	7.49724	7.62642
233.296	7.3633	7.4497	7.50061	7.6262
234.185	7.35937	7.44576	7.50404	7.62449
235.078	7.36066	7.44949	7.50477	7.62888
235.973	7.36057	7.44606	7.50342	7.63299
236.872	7.36332	7.44839	7.50172	7.63096
237.775	7.36279	7.44667	7.50351	7.62397
238.681	7.36237	7.44667	7.50475	7.62799
239.59	7.36453	7.44605	7.50323	7.62457
240.503	7.36328	7.44616	7.50282	7.62469
241.419	7.3682	7.44629	7.5021	7.62557
242.339	7.36113	7.4465	7.50159	7.62818
243.263	7.36657	7.44455	7.50083	7.62502
244.189	7.36416	7.44459	7.4988	7.62663
245.12	7.36561	7.4472	7.5032	7.62889
246.054	7.36516	7.45075	7.50027	7.62785
246.991	7.36397	7.45151	7.49931	7.62853
247.932	7.3639	7.44437	7.50472	7.62348
248.877	7.36505	7.44501	7.49897	7.62722
249.825	7.36377	7.44787	7.50094	7.62551
250.777	7.36584	7.44555	7.5008	7.62491
251.732	7.36446	7.44794	7.49993	7.62693
252.691	7.36481	7.45074	7.50168	7.62464
253.654	7.36227	7.44565	7.50282	7.62393
254.62	7.36436	7.44616	7.5023	7.62494
255.591	7.36328	7.44223	7.49875	7.62591
256.564	7.36654	7.44859	7.50441	7.62144
257.542	7.36335	7.44564	7.50047	7.6259
258.523	7.36422	7.4443	7.50283	7.62797
259.508	7.3605	7.45178	7.49855	7.62714
260.497	7.3659	7.44753	7.49685	7.6275
261.489	7.36012	7.44587	7.49997	7.632
262.485	7.36189	7.44683	7.50187	7.62692
263.485	7.36482	7.4459	7.50169	7.6231
264.489	7.36472	7.44709	7.49646	7.62942
265.497	7.36191	7.44853	7.50266	7.6259
266.508	7.36304	7.44895	7.50171	7.62647
267.524	7.36524	7.44705	7.4976	7.62843
268.543	7.36257	7.44865	7.49936	7.62857
269.566	7.36204	7.44806	7.49707	7.62791
270.593	7.36308	7.44941	7.49881	7.62782
271.624	7.36402	7.44817	7.49807	7.62426
272.659	7.36205	7.44779	7.49738	7.62817
273.698	7.35977	7.44599	7.49964	7.62176
274.74	7.36232	7.44951	7.49607	7.6226
275.787	7.36134	7.44424	7.49336	7.62519
276.838	7.36341	7.44509	7.49834	7.623
277.892	7.36254	7.44786	7.49725	7.62374
278.951	7.35949	7.44605	7.49696	7.62693
280.014	7.3627	7.45024	7.49734	7.62603
281.081	7.36058	7.44463	7.49842	7.62411
282.151	7.35933	7.44162	7.49948	7.62555
283.226	7.36662	7.44902	7.49489	7.62696
284.305	7.35959	7.44554	7.49806	7.62599
285.388	7.36121	7.44824	7.4953	7.62732
286.476	7.36435	7.44807	7.49822	7.62409
287.567	7.3625	7.44758	7.49694	7.62922
288.663	7.36148	7.44872	7.4942	7.62178
289.762	7.36413	7.44571	7.4958	7.6236
290.866	7.3589	7.44816	7.49512	7.62295
291.974	7.36198	7.44671	7.49677	7.62417
293.087	7.3663	7.44714	7.49628	7.62414
294.203	7.35968	7.44868	7.4991	7.62675
295.324	7.36397	7.44822	7.49749	7.62439
296.449	7.3623	7.44413	7.50129	7.61998
297.578	7.36444	7.44572	7.50081	7.62741
298.712	7.36184	7.44782	7.49932	7.62284
300	7.36452	7.44289	7.49595	7.62262
