7.5E-5	8.16242	7.94734	8.27066	8.10746	8.18062	8.24975
1.375E-4	8.27287	7.65134	8.29819	7.96519	8.16742	8.27838
2.125E-4	8.34869	7.71432	8.23578	8.11499	8.15125	8.18727
2.75E-4	8.36704	7.80044	8.11424	8.05161	8.11782	8.13453
3.5E-4	8.22508	7.81997	8.0137	8.07347	8.07907	7.916
4.25E-4	8.1934	7.83747	7.93487	8.23887	8.03419	8.02652
5E-4	8.24292	7.74782	7.96905	8.1874	8.14181	8.06589
5.625E-4	8.12911	7.77892	8.08416	8.15217	8.13222	8.0393
6.375E-4	8.10867	7.98489	8.02804	8.27232	8.13784	8.02422
7.125E-4	8.06685	8.01313	7.94115	8.43096	8.27823	8.09966
7.875E-4	8.13401	8.07808	7.91037	8.25252	8.13402	8.09454
8.625E-4	8.14729	8.09258	7.80257	8.05161	8.00812	8.05484
9.375E-4	8.10596	8.03534	7.83381	8.11348	8.11262	7.9664
0.0010125	8.21457	8.1684	7.9036	8.09099	8.02363	7.85645
0.0010875	8.33616	8.23065	8.11989	8.23078	8.10403	8.05235
0.0011625	8.21033	8.18127	8.19149	8.29051	8.33912	8.08464
0.00125	8.01773	8.11005	8.10278	8.07141	8.18475	8.07507
0.001325	7.99578	8.14284	8.10138	8.09891	7.94628	7.91461
0.0014	8.03916	8.26519	7.98156	8.17908	7.85955	7.95635
0.0014875	8.21256	8.44403	8.01924	8.14413	7.76577	7.8618
0.0015625	8.23361	8.32568	8.05152	8.04656	8.00467	7.88808
0.0016375	8.06747	8.33706	8.19949	8.07808	8.08617	7.96776
0.001725	8.15246	8.30107	8.16766	8.19595	8.07395	7.83209
0.0018	8.07096	8.29863	8.08366	7.9952	8.17205	7.93671
0.0018875	8.06639	8.3256	7.99036	8.00057	8.22532	8.0198
0.0019625	8.06417	8.43807	8.03769	7.96701	8.1775	8.08829
0.00205	8.00478	8.43764	8.03838	7.96131	8.25112	8.21538
0.0021375	8.2013	8.44864	8.1553	7.88931	8.2487	8.08695
0.0022125	8.10695	8.41471	7.94169	7.95352	8.44175	8.01449
0.0023	8.03098	8.42538	8.09856	7.95482	8.27027	8.06614
0.0023875	8.09236	8.1655	8.09865	8.087	8.31245	8.03779
0.002475	8.2423	8.25929	8.03714	7.94814	8.32318	8.05614
0.0025625	8.34801	8.41934	8.17785	7.94491	8.30194	8.12424
0.00265	8.14489	8.33632	8.08654	8.06966	8.23853	8.11966
0.0027375	8.08357	8.28969	8.10436	8.12294	8.26567	8.19166
0.002825	8.22974	8.23321	8.02526	8.12805	8.1556	8.27983
0.0029125	8.10054	8.14371	8.07827	8.06141	8.18553	8.16641
0.003	8.12943	8.31698	8.1336	8.01843	8.14815	8.09992
0.0030875	8.1656	8.27171	7.96156	7.93205	8.14827	7.96529
0.0031875	8.13791	8.28863	7.83582	8.01472	8.12054	7.95345
0.003275	8.08446	8.53542	8.03077	7.97598	8.09425	7.97467
0.0033625	8.11908	8.21907	7.91788	8.04639	8.25915	7.81325
0.0034625	8.07909	8.05932	7.98613	8.06465	8.13749	8.11031
0.00355	8.15289	8.05346	8.15585	8.12632	8.06573	8.01473
0.00365	7.95879	8.29056	8.10993	8.032	8.17394	8.09934
0.0037375	7.99227	8.1616	8.23682	8.09814	8.16975	8.01193
0.0038375	8.11382	8.0788	8.30512	7.95982	8.04691	7.93293
0.0039375	7.99497	8.16299	8.22797	8.11107	8.03487	8.01387
0.004025	7.98164	8.15461	8.15359	8.14457	8.05	7.95936
0.004125	7.92581	8.24631	8.22745	8.03342	8.14326	8.14716
0.004225	7.96812	8.20572	8.17205	7.95551	8.17853	7.96063
0.004325	7.9863	8.22311	7.95438	8.1683	8.13468	7.77471
0.004425	8.04859	7.8048	8.00945	8.10885	7.91966	7.93691
0.004525	8.11316	8.06148	8.03272	8.03085	8.01264	7.97086
0.004625	8.22093	8.10926	8.18434	8.03699	8.12726	7.92647
0.004725	8.10616	8.00962	8.26724	7.96214	8.0696	8.06927
0.004825	8.27493	8.08342	8.13108	8.01755	8.05482	7.95881
0.004925	8.20768	8.00095	8.0835	7.94577	8.09103	8.01626
0.0050375	8.03011	8.10643	8.26073	7.96612	8.138	7.91291
0.0051375	8.09625	8.02451	8.16656	8.05229	8.15315	7.96369
0.0052375	8.11571	8.09902	8.16832	7.91644	8.14326	8.01102
0.00535	8.10797	8.16441	8.11602	7.99709	8.02144	7.90765
0.00545	8.15188	8.12494	7.99812	7.94797	7.9952	7.77768
0.0055625	7.99753	8.0804	7.97044	7.82812	7.88351	7.79787
0.0056625	8.18646	8.31559	7.92415	7.76723	7.97244	7.74964
0.005775	8.21634	8.16415	7.99214	7.88545	8.03922	7.79863
0.0058875	8.04159	8.10561	7.9822	8.08047	8.01575	7.916
0.006	8.03134	8.07006	8.13363	8.3356	8.23162	7.96042
0.0061125	8.1165	8.0808	8.1538	8.01472	8.02648	7.89068
0.0062125	8.03133	8.29565	7.98493	7.9765	8.12752	7.88059
0.006325	7.99065	8.29352	8.02949	8.03874	7.99485	8.07617
0.0064375	8.07081	8.23002	7.98889	8.17019	8.14519	8.03507
0.0065625	8.13236	8.126	8.09231	8.18225	8.11814	8.01425
0.006675	8.17024	8.16522	7.97306	8.13162	8.20375	8.0116
0.0067875	8.18706	8.0566	7.95185	7.9808	8.18843	7.94147
0.0069	8.16202	8.23105	7.98773	7.96146	8.15911	8.06447
0.007025	7.94075	8.11049	7.96705	8.02889	8.18059	8.03276
0.0071375	7.96558	8.16864	8.02974	8.06799	8.0697	8.04553
0.0072625	8.02442	8.29295	7.83291	8.0255	8.01047	8.0942
0.007375	7.9939	8.29237	8.13205	8.21352	8.10229	7.98393
0.0075	7.98915	8.12021	8.11241	8.33666	8.23356	7.9794
0.007625	7.93217	8.10068	8.03421	8.06578	7.93397	7.92312
0.0077375	7.92468	8.02644	7.85214	7.9816	8.11953	7.99117
0.0078625	7.95293	8.11419	8.01932	8.05904	8.1552	7.82729
0.0079875	7.93399	8.13479	7.93076	8.07715	8.08896	7.89319
0.0081125	8.04881	8.05923	7.87009	7.98449	8.25699	7.96639
0.0082375	8.07785	8.00929	7.90415	7.86934	8.12796	8.0704
0.0083625	8.09434	8.01377	7.91531	7.93373	8.09867	8.07485
0.0084875	7.95179	8.19334	8.12123	7.88565	7.92885	8.11109
0.008625	7.97398	8.21423	7.97317	7.92793	7.9171	8.09979
0.00875	8.16805	8.05468	7.93055	7.92625	8.00498	8.06234
0.008875	8.12607	7.88947	7.91348	7.95912	7.87377	7.96001
0.0090125	8.06971	7.96529	8.02605	8.14098	7.90492	7.80046
0.0091375	8.13167	7.99602	7.94082	7.94524	8.13603	8.05037
0.009275	7.96359	8.16969	7.9549	8.02598	8.07198	7.95186
0.0094125	7.89782	8.04901	7.96665	7.90637	8.10416	7.94215
0.0095375	7.94906	8.09174	8.12415	7.93238	8.05508	8.05462
0.009675	7.9953	8.29007	8.05839	7.92077	8.20397	7.99908
0.0098125	8.01373	8.29868	7.95624	7.96602	8.11697	7.83114
0.00995	8.03747	8.085	8.0877	8.07278	8.07755	8.00076
0.0100875	8.13985	8.10427	8.11143	8.11037	7.97338	8.05091
0.010225	7.8773	7.98641	8.19362	8.13263	8.08597	7.96353
0.010375	7.95546	8.18631	8.03925	8.06459	8.22258	7.95257
0.0105125	7.97936	8.11387	7.93418	8.04136	8.02009	7.89185
0.01065	7.91182	8.06882	7.90105	7.91839	8.12075	7.71696
0.0108	7.9388	8.17422	7.99083	8.00862	8.08767	7.97043
0.0109375	7.90837	7.9778	7.99315	7.99525	7.99997	8.02404
0.0110875	8.06096	8.00765	7.82	8.03729	7.91167	7.90466
0.0112375	8.04526	8.08174	7.89101	7.7745	8.03208	7.85084
0.011375	7.87423	7.99868	7.92101	7.90002	7.9516	7.73932
0.011525	8.14369	8.00682	7.88395	7.87747	7.80504	7.87328
0.011675	8.14464	8.00229	7.99736	7.89678	7.92163	7.95087
0.011825	8.02541	7.99121	8.02675	7.90804	7.96455	7.90966
0.011975	7.97893	8.1082	8.1448	7.94931	8.05247	7.90184
0.012125	7.99261	8.0999	7.97465	7.9811	8.09274	8.00299
0.0122875	7.99841	8.08317	8.0136	7.94324	7.86142	8.03155
0.0124375	8.09141	7.92821	7.98979	7.91064	8.06207	8.02293
0.0126	8.06553	8.09806	7.96825	7.9291	7.99839	7.8094
0.01275	8.01153	7.99659	8.025	8.01958	8.12609	7.87114
0.0129125	7.89873	8.07471	7.77877	7.85071	8.24405	8.07514
0.0130625	7.88302	8.03974	7.80069	7.85219	7.94757	7.97091
0.013225	8.01118	8.00206	8.05214	7.87933	8.008	7.86941
0.0133875	8.00318	8.07719	7.81494	7.91143	8.05224	7.83426
0.01355	7.90164	7.8164	7.87116	7.89739	8.08772	8.02557
0.0137125	7.82082	7.91743	7.91446	7.97843	8.04521	7.83107
0.013875	8.00229	7.99505	8.03283	7.94918	7.85312	7.72135
0.0140375	7.85552	7.96525	7.91607	7.84516	8.08064	7.75911
0.0142125	8.06371	8.08264	7.92001	7.90042	7.877	7.92207
0.014375	7.7875	7.9913	7.82907	7.97127	7.99258	7.9423
0.01455	7.85195	7.97762	7.6573	7.91747	7.94503	7.71489
0.0147125	8.02961	8.04081	7.76369	7.97069	8.0373	7.95839
0.0148875	7.96623	7.92328	8.03696	7.94816	7.8447	7.99075
0.0150625	7.93894	7.91343	7.90245	8.00809	8.02216	7.81075
0.0152375	7.979	8.17425	7.93039	7.83471	8.00079	7.85022
0.0154125	7.8698	8.19231	7.99738	7.94486	7.98692	7.78072
0.0155875	7.94784	8.06866	7.90642	7.90099	8.00954	7.89171
0.0157625	7.99607	8.01629	8.06427	7.93103	8.02764	7.92484
0.0159375	8.06519	8.18557	7.95806	7.90506	7.85025	7.8949
0.016125	7.96012	8.04239	7.8602	7.95085	7.83816	8.0285
0.0163	7.97672	8.00804	7.99417	7.96912	7.9796	7.89595
0.0164875	7.93176	8.10957	7.9183	7.94502	7.95135	7.85473
0.0166625	7.91568	8.07316	8.03914	7.92685	8.04622	7.80339
0.01685	7.91986	7.98686	7.91012	7.74522	7.86901	7.86687
0.0170375	7.93746	7.8575	7.91651	7.87549	7.75605	7.73144
0.017225	7.94027	8.01367	8.0011	8.00311	7.89281	7.88475
0.0174125	7.8407	8.00715	7.91285	8.14241	7.79345	7.92034
0.0176	7.99581	8.05419	8.05929	8.02116	7.92511	7.98776
0.0178	8.01369	8.00271	7.80455	7.93882	7.98969	7.9935
0.0179875	8.06362	7.90965	7.89817	8.01751	7.8599	8.0116
0.0181875	7.78302	7.93499	7.84232	7.91527	7.9847	7.92472
0.018375	7.89949	7.819	7.89656	7.91663	8.00407	7.88184
0.018575	8.01141	8.02983	7.96444	7.9653	8.03229	7.83795
0.018775	7.92867	8.05739	7.86485	7.9812	7.93423	7.90482
0.018975	7.9774	7.99333	7.71825	7.90033	7.84261	7.80935
0.019175	7.89757	7.96477	7.76595	7.84807	7.78387	7.85437
0.019375	7.7947	7.91427	8.01891	7.83119	7.89538	7.87645
0.019575	8.03764	7.98348	7.96481	8.02445	7.9372	7.97767
0.0197875	7.94099	7.86123	7.85743	7.96699	7.94861	7.94902
0.0199875	7.86201	7.89435	8.00368	7.95455	7.84743	7.80208
0.0202	7.86793	8.03305	7.81402	7.87983	7.80988	7.81358
0.0204125	7.83203	7.9473	7.69552	8.0325	7.92352	7.76316
0.020625	7.83508	8.02341	7.81599	7.9631	7.95157	7.74968
0.0208375	7.97168	7.94256	7.78738	7.7577	7.90307	7.77352
0.02105	7.92852	7.88241	7.84664	7.84201	7.9675	7.87702
0.0212625	8.02361	7.87623	7.88138	7.93626	7.99626	7.84251
0.021475	7.91483	7.97514	7.85959	7.99251	7.92188	7.71551
0.0217	7.92147	7.93674	7.84514	8.01363	7.91503	7.84139
0.0219125	7.93062	7.94454	7.76982	7.78155	7.90675	7.74896
0.0221375	7.86178	7.93741	7.88722	7.81135	7.97673	7.84055
0.0223625	7.84383	8.02702	7.80163	7.97859	8.02315	7.82736
0.0225875	7.80987	7.92537	7.86312	7.81309	7.94253	7.73881
0.0228125	7.83538	7.89376	7.83599	7.80606	8.083	7.64202
0.0230375	7.95682	7.96041	7.90648	8.0335	8.06014	7.68949
0.0232625	7.74619	7.91378	7.68241	7.94743	8.01428	7.80347
0.0235	7.88641	7.86503	7.87612	7.83351	7.8998	7.7718
0.023725	8.01991	7.76494	7.98692	7.78601	7.81641	7.84852
0.0239625	7.95311	7.91815	7.85161	7.92289	7.84948	7.87985
0.0242	7.93749	7.91444	7.88888	7.91134	7.85094	7.77375
0.0244375	7.90204	7.88702	7.89895	7.75265	7.9802	7.66738
0.024675	7.85724	7.98986	7.89495	7.9673	8.00636	7.64772
0.0249125	7.87634	7.90333	7.9042	7.87226	7.90898	7.68021
0.02515	7.85146	7.93722	7.86091	7.96386	7.84255	7.89355
0.0254	7.81564	7.88784	7.72434	7.71091	7.77027	7.8017
0.02565	7.81392	7.82615	7.83728	7.73494	7.89063	7.77236
0.0258875	7.92125	7.88715	7.70072	7.82668	7.94458	7.61895
0.0261375	7.88451	7.8947	7.6023	7.7259	7.83409	7.63011
0.0263875	7.96136	7.79206	7.96715	7.70215	7.84462	7.71255
0.02665	7.92045	7.84937	7.84634	7.70444	7.98023	7.72872
0.0269	7.98378	7.85591	7.7452	7.78301	7.75932	7.79067
0.02715	7.73561	7.86559	7.7285	7.83858	7.93814	7.72947
0.0274125	7.85601	7.87406	7.69624	7.82514	7.92429	7.74913
0.027675	7.77052	7.95419	7.77403	7.7419	7.84992	7.73012
0.0279375	7.98308	7.9284	7.75095	7.99331	7.97295	7.77831
0.0282	7.86828	7.85266	7.69709	8.01869	7.88086	7.71187
0.0284625	7.90259	7.8511	7.74838	7.86104	7.77243	7.77045
0.028725	7.79838	7.92625	7.76118	7.85675	7.87258	7.88555
0.029	7.93633	7.76112	7.79634	8.02237	7.84312	7.88726
0.0292625	7.75203	7.87072	7.90162	7.79472	7.83613	7.72283
0.0295375	7.75434	7.84644	7.81284	7.81617	7.89551	7.77462
0.0298125	7.74134	7.89543	7.81278	7.94799	7.84006	7.75336
0.0300875	7.82503	7.90131	7.72555	7.74618	7.90143	7.84756
0.0303625	7.83166	7.82358	7.7413	7.85967	7.73771	7.68788
0.03065	7.72059	7.87584	7.73299	7.70864	7.90761	7.7111
0.030925	7.81243	7.97571	7.80755	7.68909	7.75753	7.79365
0.0312125	7.69502	7.89222	7.78449	7.77274	7.85274	7.78956
0.0315	7.75075	7.9042	7.8387	7.84325	7.8264	7.72102
0.0317875	7.7971	7.74311	7.75159	7.8519	7.76338	7.65246
0.032075	7.79377	7.95583	7.78771	7.78243	7.88359	7.70682
0.0323625	7.90473	7.95629	7.73229	7.73351	7.94232	7.74639
0.0326625	7.79323	7.86016	7.78855	7.67823	7.79877	7.70891
0.03295	7.62737	7.80798	7.81544	7.74925	7.81618	7.66066
0.03325	7.69161	7.93621	7.74375	7.82449	7.7255	7.74061
0.03355	7.89521	7.98757	7.7227	7.74878	7.8331	7.71341
0.03385	7.79986	7.81026	7.75738	7.77525	7.82231	7.82355
0.0341625	7.75137	7.91737	7.7994	7.79989	7.88526	7.75469
0.0344625	7.77981	7.79236	7.70874	7.65769	7.75201	7.7292
0.034775	7.73652	7.80545	7.92731	7.77729	7.88042	7.72866
0.0350875	7.98785	7.8508	7.75881	7.71241	7.76574	7.77121
0.0354	7.79445	7.78167	7.78339	7.73965	7.83602	7.82157
0.0357125	7.94368	7.9082	7.88794	7.8139	7.8299	7.56978
0.036025	7.70126	7.84304	7.7885	7.64554	7.79996	7.67661
0.03635	7.74209	7.83815	7.65298	7.63408	7.87221	7.68892
0.0366625	7.57258	7.89152	7.77864	7.64298	7.74433	7.68221
0.0369875	7.61116	7.73075	7.71553	7.7522	7.60005	7.69679
0.0373125	7.70382	7.81975	7.64631	7.71553	7.61748	7.72774
0.0376375	7.67506	7.72902	7.64677	7.69027	7.68983	7.54586
0.037975	7.75882	7.80465	7.67874	7.83288	7.75938	7.54485
0.0383	7.75033	7.78072	7.79185	7.76842	7.6737	7.74982
0.0386375	7.81077	7.73352	7.67821	7.79864	7.71579	7.58301
0.038975	7.68953	7.8128	7.64386	7.63112	7.70862	7.64476
0.0393125	7.6058	7.73629	7.60266	7.76182	7.71858	7.62433
0.0396625	7.68843	7.75429	7.66112	7.67251	7.7705	7.64208
0.04	7.69176	7.7429	7.60677	7.70345	7.7996	7.72492
0.04035	7.64541	7.84386	7.74668	7.62535	7.78506	7.67579
0.0407	7.86479	7.8221	7.77201	7.62725	7.72602	7.7378
0.04105	7.86618	7.78113	7.6635	7.71205	7.68438	7.62724
0.0414	7.73282	7.79209	7.59989	7.69254	7.70005	7.63681
0.0417625	7.77101	7.65567	7.76549	7.68531	7.73269	7.6485
0.042125	7.67881	7.89242	7.67118	7.5924	7.78598	7.63684
0.042475	7.71394	7.63822	7.76248	7.5847	7.75268	7.62707
0.04285	7.67725	7.65288	7.65948	7.63661	7.86135	7.72519
0.0432125	7.69003	7.6497	7.64655	7.67606	7.72914	7.61043
0.043575	7.60054	7.67363	7.5455	7.62292	7.71717	7.58073
0.04395	7.63447	7.79353	7.58122	7.65115	7.69207	7.56727
0.044325	7.65894	7.80837	7.67077	7.72061	7.60599	7.50946
0.0447	7.59785	7.64203	7.68398	7.67974	7.85974	7.60261
0.045075	7.65245	7.66512	7.71462	7.7758	7.77527	7.61218
0.0454625	7.72476	7.83762	7.66623	7.63386	7.78991	7.64257
0.04585	7.74171	7.79855	7.69175	7.66817	7.59901	7.56603
0.0462375	7.6679	7.75939	7.71029	7.77195	7.8047	7.71931
0.046625	7.65229	7.7755	7.72811	7.81283	7.79909	7.71446
0.0470125	7.5479	7.79243	7.67732	7.64265	7.61172	7.65662
0.0474125	7.77462	7.61129	7.66218	7.7154	7.64934	7.64641
0.0478125	7.68106	7.77281	7.77682	7.72595	7.60991	7.74801
0.0482125	7.62157	7.55947	7.59823	7.64563	7.71097	7.67867
0.0486125	7.65306	7.67838	7.6103	7.78636	7.53812	7.67834
0.049025	7.50319	7.50615	7.7725	7.63047	7.65757	7.61472
0.049425	7.67219	7.74971	7.63052	7.70171	7.71568	7.5273
0.0498375	7.66727	7.77968	7.78908	7.64094	7.74353	7.633
0.05025	7.61901	7.66094	7.81084	7.56913	7.67973	7.66833
0.050675	7.63297	7.72673	7.69548	7.68192	7.64726	7.7282
0.0511	7.67306	7.59366	7.63667	7.61485	7.69672	7.78682
0.0515125	7.62929	7.64751	7.58391	7.67168	7.62648	7.62123
0.05195	7.64624	7.65044	7.64996	7.71712	7.61643	7.60433
0.052375	7.63497	7.60303	7.62964	7.71176	7.63336	7.64147
0.0528	7.63932	7.62963	7.58445	7.60352	7.63741	7.59554
0.0532375	7.60814	7.7136	7.58104	7.54212	7.6521	7.58353
0.053675	7.62238	7.70267	7.6099	7.61241	7.62553	7.59521
0.054125	7.65456	7.58787	7.6672	7.67329	7.5809	7.65676
0.0545625	7.5533	7.65093	7.65919	7.55859	7.61879	7.56729
0.0550125	7.64176	7.58036	7.57997	7.71821	7.62001	7.5339
0.0554625	7.6788	7.60684	7.59444	7.61471	7.66001	7.53659
0.0559125	7.55428	7.62272	7.62602	7.58579	7.74743	7.57796
0.056375	7.54601	7.59007	7.75945	7.61346	7.61927	7.60057
0.0568375	7.74343	7.6178	7.7227	7.64816	7.70096	7.6643
0.0573	7.68082	7.61586	7.72968	7.55949	7.62734	7.70753
0.0577625	7.66409	7.57825	7.67995	7.55773	7.63875	7.52172
0.0582375	7.62895	7.60754	7.64222	7.52835	7.64245	7.52926
0.0587125	7.57816	7.60992	7.60495	7.62552	7.50724	7.4301
0.0591875	7.55698	7.66472	7.54809	7.60657	7.59783	7.5622
0.0596625	7.66036	7.47224	7.63284	7.59811	7.55353	7.45722
0.06015	7.62356	7.53161	7.59292	7.48843	7.58919	7.53978
0.0606375	7.62611	7.61884	7.72109	7.56713	7.64206	7.4395
0.061125	7.63813	7.54363	7.56774	7.56409	7.64256	7.5371
0.0616125	7.61473	7.68011	7.54123	7.67184	7.54012	7.68676
0.0621125	7.66216	7.56822	7.63005	7.50871	7.58682	7.47993
0.0626125	7.61946	7.53776	7.72766	7.63245	7.59372	7.59946
0.0631125	7.56688	7.6524	7.69919	7.47091	7.51739	7.41604
0.063625	7.59973	7.57749	7.58147	7.52772	7.51506	7.48359
0.064125	7.56383	7.65256	7.51219	7.57572	7.60823	7.52101
0.06465	7.52654	7.522	7.61162	7.52531	7.53391	7.43175
0.0651625	7.58501	7.50171	7.52951	7.59384	7.61233	7.46573
0.0656875	7.37514	7.47129	7.59917	7.47078	7.68209	7.4561
0.0662125	7.59621	7.4641	7.66013	7.4847	7.59695	7.42161
0.0667375	7.53646	7.52088	7.61604	7.52432	7.61298	7.51005
0.0672625	7.49617	7.54796	7.47805	7.55059	7.55398	7.53534
0.0678	7.67402	7.60888	7.46798	7.57045	7.66214	7.47761
0.0683375	7.59425	7.50001	7.49801	7.55705	7.53592	7.58051
0.0688875	7.48533	7.64308	7.50299	7.55677	7.6039	7.50296
0.0694375	7.48443	7.42599	7.52917	7.49204	7.54832	7.47743
0.0699875	7.47859	7.52733	7.50361	7.48866	7.53306	7.46476
0.0705375	7.425	7.46084	7.52767	7.45051	7.47253	7.42895
0.0711	7.56351	7.49568	7.54417	7.51852	7.56057	7.44179
0.0716625	7.44996	7.47236	7.55359	7.52351	7.57607	7.45493
0.072225	7.48465	7.51288	7.53901	7.46027	7.48769	7.40771
0.0728	7.51555	7.54384	7.50787	7.53477	7.52126	7.52342
0.0733625	7.56314	7.53294	7.54673	7.62655	7.58144	7.49691
0.07395	7.47202	7.42025	7.58333	7.52916	7.60779	7.50686
0.074525	7.55239	7.48481	7.44688	7.50375	7.51214	7.54216
0.0751125	7.45199	7.49864	7.47298	7.48076	7.53679	7.46622
0.0757	7.55017	7.54007	7.51827	7.51313	7.5245	7.41388
0.0763	7.47745	7.5098	7.43237	7.46515	7.48887	7.38249
0.0769	7.39794	7.36733	7.48642	7.50733	7.45082	7.51826
0.0775	7.6222	7.44724	7.45853	7.57845	7.45897	7.53939
0.0781	7.42626	7.4725	7.65161	7.49542	7.46766	7.50991
0.0787125	7.52828	7.49063	7.57949	7.46386	7.55685	7.50105
0.079325	7.50054	7.46878	7.46586	7.53788	7.41018	7.46772
0.07995	7.45425	7.44513	7.4397	7.49226	7.46764	7.41092
0.080575	7.57241	7.45176	7.47594	7.47954	7.4225	7.34862
0.0812	7.59576	7.46662	7.46948	7.54092	7.5213	7.42963
0.0818375	7.41846	7.39474	7.51732	7.45043	7.53648	7.36352
0.082475	7.4006	7.40466	7.47769	7.48833	7.42481	7.4669
0.0831125	7.487	7.43885	7.44392	7.46917	7.4822	7.44236
0.08375	7.44412	7.44737	7.50265	7.42365	7.50557	7.42991
0.0844	7.49218	7.397	7.53867	7.38899	7.4702	7.49363
0.0850625	7.49942	7.43775	7.48766	7.47498	7.47933	7.49104
0.085725	7.48605	7.40801	7.44927	7.42753	7.54104	7.40915
0.0863875	7.4334	7.43692	7.50378	7.43802	7.4716	7.46495
0.08705	7.41604	7.39733	7.37387	7.40597	7.49923	7.32352
0.087725	7.36546	7.45077	7.5047	7.43613	7.51163	7.44523
0.0884	7.41605	7.36684	7.39565	7.39275	7.46596	7.4034
0.0890875	7.42693	7.36681	7.30686	7.39594	7.50213	7.46248
0.089775	7.42789	7.37745	7.57688	7.5164	7.39505	7.40318
0.0904625	7.49269	7.40709	7.43921	7.41845	7.52276	7.38445
0.0911625	7.47159	7.52987	7.45281	7.4386	7.42813	7.47276
0.0918625	7.49809	7.44319	7.37598	7.4511	7.48882	7.38792
0.0925625	7.48883	7.35549	7.48994	7.34266	7.40819	7.3535
0.093275	7.43279	7.38809	7.40711	7.42808	7.41747	7.38726
0.0939875	7.4862	7.28944	7.45524	7.40323	7.38466	7.34284
0.0947125	7.40528	7.38352	7.47275	7.36949	7.48826	7.33615
0.0954375	7.41939	7.36518	7.46188	7.4534	7.40623	7.45816
0.096175	7.44508	7.41697	7.37468	7.51488	7.42664	7.44762
0.0969	7.41412	7.42515	7.36393	7.46408	7.45979	7.41594
0.09765	7.45502	7.47676	7.50015	7.45472	7.42882	7.3277
0.0983875	7.36268	7.34973	7.37634	7.47771	7.43161	7.33078
0.09915	7.43782	7.30938	7.4654	7.332	7.44106	7.41184
0.0999	7.31055	7.38041	7.3995	7.33473	7.46274	7.35512
0.100662	7.43592	7.40594	7.35581	7.36215	7.40848	7.28199
0.101425	7.35743	7.42862	7.42408	7.41719	7.41425	7.40257
0.1022	7.42866	7.3873	7.38302	7.38092	7.37433	7.34998
0.102975	7.40352	7.31406	7.4192	7.4086	7.35404	7.29067
0.103762	7.43785	7.42192	7.43769	7.3515	7.40869	7.36014
0.10455	7.36684	7.28081	7.38394	7.31661	7.36374	7.39085
0.10535	7.39991	7.39021	7.43934	7.3107	7.39649	7.2673
0.10615	7.374	7.38892	7.3798	7.3738	7.37587	7.33185
0.10695	7.43312	7.37089	7.34436	7.35587	7.37303	7.35731
0.107763	7.36034	7.33156	7.33921	7.31634	7.35967	7.38377
0.108575	7.37686	7.33143	7.34672	7.36705	7.41173	7.32267
0.1094	7.3667	7.33762	7.35856	7.34363	7.36389	7.34289
0.110225	7.44534	7.19919	7.39181	7.38085	7.43849	7.35174
0.111062	7.33867	7.26631	7.2711	7.36067	7.38225	7.27229
0.1119	7.41034	7.14216	7.33376	7.41212	7.34214	7.39784
0.11275	7.42141	7.29393	7.39728	7.38212	7.36745	7.34422
0.1136	7.33129	7.33737	7.34114	7.37134	7.42989	7.34257
0.11445	7.30689	7.31028	7.40071	7.385	7.33949	7.34238
0.115313	7.35072	7.24724	7.27111	7.28027	7.34648	7.20838
0.116187	7.27113	7.26148	7.25448	7.33576	7.35407	7.29367
0.117063	7.29453	7.32265	7.37169	7.29552	7.30729	7.31568
0.117937	7.33435	7.30842	7.3737	7.29467	7.34905	7.43357
0.118825	7.35336	7.35259	7.34443	7.27907	7.35795	7.31236
0.119713	7.30006	7.2912	7.37928	7.31595	7.26294	7.26541
0.120613	7.24822	7.24515	7.34765	7.3557	7.24803	7.3092
0.121525	7.30159	7.32152	7.37097	7.19624	7.39645	7.32052
0.122437	7.34273	7.24333	7.31933	7.32265	7.35074	7.21356
0.12335	7.35231	7.32351	7.24598	7.39641	7.28125	7.38265
0.124275	7.34507	7.26964	7.31907	7.35328	7.34459	7.25013
0.125213	7.267	7.22746	7.32146	7.2429	7.40183	7.29834
0.12615	7.24209	7.26766	7.32641	7.30008	7.30067	7.3992
0.127088	7.29151	7.22429	7.37605	7.26006	7.27997	7.23678
0.128037	7.33702	7.22079	7.30931	7.31296	7.28841	7.20924
0.129	7.34235	7.2406	7.24045	7.29643	7.25065	7.27998
0.129963	7.34594	7.19087	7.25117	7.29029	7.32757	7.31186
0.130925	7.3229	7.29393	7.32206	7.25866	7.25697	7.24314
0.1319	7.29238	7.33762	7.25487	7.22701	7.3731	7.2183
0.132887	7.27412	7.19567	7.3072	7.2424	7.23823	7.19314
0.133875	7.30058	7.19454	7.29877	7.28224	7.31528	7.31812
0.134875	7.22201	7.24101	7.28626	7.28448	7.34711	7.26799
0.135888	7.27737	7.21974	7.22886	7.31956	7.26213	7.20786
0.136888	7.32258	7.27053	7.27889	7.23117	7.24724	7.28426
0.137912	7.32147	7.19011	7.37087	7.19504	7.34807	7.19383
0.138938	7.30294	7.17967	7.30217	7.21326	7.22621	7.17439
0.139962	7.24787	7.24081	7.3371	7.17938	7.28323	7.27629
0.141013	7.27439	7.2772	7.28051	7.23628	7.30794	7.20096
0.14205	7.22857	7.25805	7.3222	7.25852	7.28627	7.21574
0.143112	7.3024	7.15632	7.27422	7.23778	7.29745	7.30011
0.144175	7.21735	7.20938	7.27532	7.22885	7.25931	7.16427
0.145238	7.23456	7.22243	7.21286	7.26443	7.28543	7.27617
0.146313	7.17814	7.22893	7.20641	7.28441	7.32234	7.23748
0.1474	7.2121	7.18699	7.23378	7.26164	7.27501	7.20767
0.148487	7.28352	7.22171	7.31238	7.25028	7.32658	7.22294
0.149587	7.27742	7.17326	7.18875	7.26958	7.25427	7.23607
0.1507	7.30054	7.20218	7.27973	7.27118	7.2499	7.2599
0.151812	7.37187	7.22222	7.20979	7.19861	7.23482	7.1804
0.152925	7.25533	7.22929	7.22043	7.27649	7.24623	7.22943
0.154062	7.16525	7.19544	7.21904	7.23388	7.3185	7.23988
0.1552	7.20092	7.22204	7.22172	7.19132	7.205	7.20316
0.156337	7.19599	7.17531	7.21088	7.26835	7.22222	7.22877
0.1575	7.31519	7.24541	7.3038	7.15833	7.26334	7.17038
0.15865	7.24399	7.20257	7.20105	7.19472	7.20275	7.20988
0.159825	7.20983	7.22693	7.19402	7.18257	7.24689	7.15349
0.161	7.24063	7.21325	7.2078	7.15675	7.18982	7.22528
0.162188	7.1808	7.1832	7.15138	7.16495	7.21822	7.19152
0.163375	7.24285	7.17363	7.21541	7.19319	7.22504	7.17654
0.164587	7.22311	7.22779	7.18481	7.20227	7.25354	7.19422
0.165788	7.18602	7.18613	7.26719	7.17578	7.18433	7.16749
0.167012	7.20076	7.19205	7.19443	7.14095	7.21316	7.10816
0.168238	7.18745	7.13164	7.19147	7.25404	7.22714	7.18245
0.169475	7.18313	7.17644	7.17646	7.19939	7.15298	7.12882
0.170713	7.20285	7.13639	7.15122	7.1517	7.27008	7.15382
0.171975	7.2016	7.1045	7.09628	7.17777	7.2293	7.1362
0.173238	7.18327	7.14968	7.16641	7.16577	7.24608	7.18989
0.1745	7.20959	7.16617	7.19154	7.1265	7.17133	7.14882
0.175775	7.1991	7.16133	7.13973	7.12931	7.2105	7.13237
0.177062	7.18605	7.07488	7.11734	7.14194	7.22933	7.0587
0.178363	7.14842	7.1398	7.15877	7.1666	7.13159	7.13369
0.179675	7.15322	7.13363	7.16897	7.09647	7.18265	7.14495
0.180988	7.19951	7.24831	7.24456	7.18028	7.19828	7.18686
0.182313	7.18502	7.16168	7.1635	7.16569	7.10571	7.13943
0.183637	7.12946	7.0814	7.18046	7.08821	7.13268	7.08388
0.184988	7.1049	7.06464	7.13268	7.15219	7.1615	7.1813
0.186338	7.14895	7.10743	7.18219	7.07237	7.20071	7.12919
0.1877	7.14783	7.15389	7.17868	7.13876	7.18912	7.20484
0.189063	7.12971	7.09569	7.22105	7.15619	7.16692	7.09705
0.19045	7.1068	7.11124	7.16661	7.10417	7.09615	7.06612
0.191838	7.11963	7.13926	7.12736	7.09585	7.23239	7.12366
0.193237	7.15047	7.1468	7.14815	7.07651	7.13027	7.12901
0.19465	7.15154	7.14767	7.0498	7.12527	7.07721	7.14704
0.196063	7.15779	7.0515	7.11215	7.15144	7.15515	7.09403
0.197488	7.04917	7.07957	7.16106	7.11859	7.154	7.03705
0.198925	7.18075	7.14176	7.10617	7.12924	7.19314	7.10139
0.200375	7.11494	7.08433	7.08449	7.10958	7.14647	7.08422
0.201837	7.16562	7.08118	7.09973	7.11103	7.18907	7.07482
0.2033	7.12023	7.14564	7.12604	7.05504	7.08668	7.08229
0.204787	7.10147	7.10255	7.08028	7.07966	7.07768	7.08893
0.206275	7.11481	7.05472	7.10036	7.04582	7.15254	7.05687
0.207775	7.13431	7.08707	7.16163	7.06579	7.1099	7.01199
0.209275	7.17196	7.05735	7.07248	7.11796	7.14341	7.06465
0.2108	7.10139	7.03666	7.11394	7.06726	7.08581	7.05346
0.212325	7.11173	7.01627	7.06448	7.09456	7.08592	7.02914
0.213875	7.08156	7.10287	7.10276	7.07196	7.09822	7.07505
0.215425	7.12946	7.08865	7.12564	7.09732	7.07343	7.06797
0.216988	7.09227	7.09742	7.02271	7.07502	7.08882	7.05894
0.218562	7.13299	7.02147	7.08158	7.08306	7.07273	7.05264
0.22015	7.08774	7.08764	7.08368	7.0366	7.13927	7.06553
0.221738	7.03778	7.01912	7.13202	7.07511	7.11845	7.08074
0.22335	7.13715	7.05234	7.04724	7.0362	7.0633	7.02027
0.224963	7.05946	7.07781	7.06768	7.01047	7.09993	7.01349
0.226588	7.12559	7.05607	7.01867	7.07696	7.11855	7.05045
0.228237	7.09201	7.07548	7.08937	7.10113	7.0634	7.04833
0.229888	7.11193	7.01779	7.14976	7.07015	7.11189	7.05063
0.23155	7.08232	6.96292	7.06308	7.08651	7.06304	7.04339
0.233225	7.10006	7.04345	7.04308	7.05983	7.03069	6.98466
0.234912	7.07406	7.06677	7.07906	7.02224	7.04722	7.07251
0.2366	7.01033	7.05233	7.04378	7.06586	7.04537	6.98625
0.238312	7.06755	6.98772	7.04834	7.01044	7.0967	7.01866
0.240038	7.06119	7.03551	7.01262	7.05808	7.06683	7.01364
0.241763	7.08146	7.03829	7.08631	7.03107	7.02409	7.06108
0.243512	7.0456	7.02713	7.05627	7.0767	7.00604	6.99024
0.245275	7.05279	7.03033	7.05831	7.03712	7.03067	7.03315
0.247038	7.10102	7.02793	7.06708	7.03297	7.02148	6.98645
0.248825	7.0141	7.02514	7.05288	6.99161	7.06773	7.01818
0.250612	7.02204	7.01255	7.00721	7.06185	7.00829	6.95464
0.252425	7.04169	7.07125	7.02436	7.03618	7.08029	6.95259
0.254238	7.07421	6.98066	7.05628	6.99348	7.04348	6.98774
0.256075	7.02822	7.01447	7.09992	7.02834	7.00931	6.99468
0.257912	7.04627	7.02206	7.02161	7.04392	7.06599	6.99127
0.259775	7.03251	7.02329	7.02173	6.98006	6.99602	7.0434
0.26165	7.04646	6.97296	7.05985	6.96618	7.02522	6.98369
0.263525	7.0321	7.03517	7.00664	7.00712	7.09188	6.99771
0.265425	6.9847	6.95608	7.03479	7.00452	6.99932	6.98156
0.267338	7.06498	7.0071	6.97603	7.00631	6.97057	7.02817
0.26925	6.99686	7.00177	6.95824	7.0071	6.97584	6.96943
0.271188	7.01601	7.0163	6.99482	7.01609	7.03991	6.96348
0.273138	7.04026	6.99397	6.97048	6.9804	7.01195	6.99271
0.2751	7.0135	6.9572	7.02644	7.00682	6.98759	6.96347
0.277075	7.04117	6.99267	6.9936	7.01341	7.08782	6.961
0.279063	7.04916	7.0146	6.99488	7.00608	6.99806	6.98448
0.281075	7.03839	6.98146	7.00621	7.00232	6.98691	6.98159
0.283087	7.01024	7.0089	6.95684	6.98929	6.99203	6.97038
0.285125	6.95544	6.93402	6.9493	6.9277	6.95838	6.97889
0.287163	6.96555	6.97894	6.95101	6.97421	6.98757	6.90179
0.289225	6.96841	7.01164	6.98226	6.93674	6.96787	6.95681
0.2913	6.98559	6.9702	6.99217	6.97892	6.97326	6.93448
0.293388	7.00422	6.93123	6.97351	6.9507	7.0431	6.99248
0.295487	6.97834	6.96682	6.98229	6.93214	7.00035	6.99921
0.297612	6.97414	6.92948	6.95696	6.95297	7.031	6.93639
0.299738	7.04221	6.98956	6.95114	6.96462	7.02097	6.96216
0.301888	6.98522	6.92944	6.96259	6.93534	6.93096	6.92709
0.30405	6.94877	6.90408	6.96513	6.93269	7.02044	6.94564
0.306225	7.00537	6.95379	7.01272	6.91599	6.97696	6.95001
0.308425	7.00575	6.92589	6.9853	6.94719	6.91846	6.95909
0.310625	7.02661	6.92923	6.97773	6.94848	7.00612	6.91876
0.31285	6.96502	6.89551	6.94381	6.94476	6.96153	6.93932
0.315087	6.97718	6.91605	6.96063	7.03882	6.97866	6.90468
0.317338	6.92739	6.90662	6.97888	6.94989	6.97734	6.93077
0.319613	6.99847	6.98664	6.95243	6.93441	6.94553	6.91937
0.3219	6.95458	6.93669	6.96212	6.91144	6.91482	6.96128
0.3242	6.97528	6.87875	6.93807	6.95152	6.92836	6.93561
0.326512	7.00133	6.88992	6.95131	6.97611	6.97748	6.91062
0.32885	6.93193	6.94419	6.91277	6.92617	6.93479	6.88554
0.331187	6.9163	6.93436	6.993	6.90457	6.90833	6.89432
0.333562	6.94956	6.92622	6.93544	6.91458	6.95798	6.92893
0.335938	6.96915	6.92856	6.92619	6.90391	6.92645	6.93813
0.338338	6.98761	6.92094	6.97976	6.91118	6.98002	6.89251
0.34075	6.93099	6.89953	6.94387	6.91879	6.88244	6.93539
0.343188	6.89061	6.90097	6.927	6.95655	6.9343	6.92642
0.345638	6.92152	6.95444	6.92774	6.92272	6.93157	6.93029
0.3481	6.96685	6.8755	6.91063	6.91189	6.95787	6.86332
0.350575	6.93991	6.91283	6.91583	6.9067	6.90203	6.90774
0.353075	6.91367	6.8683	6.9176	6.86995	6.93116	6.85941
0.3556	6.93954	6.89794	6.94772	6.89491	6.98176	6.90128
0.358125	6.93273	6.92134	6.9157	6.91462	6.90543	6.87692
0.360675	6.94668	6.92154	6.88038	6.89244	6.91067	6.8967
0.36325	6.85793	6.87838	6.91551	6.90493	6.90375	6.90335
0.365838	6.9231	6.85475	6.90149	6.87558	6.90703	6.87747
0.368437	6.92062	6.89988	6.91839	6.87662	6.91366	6.84689
0.371062	6.93704	6.80785	6.93529	6.86988	6.88783	6.85442
0.373713	6.93066	6.86102	6.91363	6.87701	6.93253	6.87316
0.376363	6.91197	6.89772	6.94486	6.87996	6.93558	6.85012
0.37905	6.91858	6.88107	6.9023	6.87632	6.88357	6.86156
0.381738	6.90231	6.88682	6.90848	6.89379	6.91993	6.911
0.384463	6.9427	6.8788	6.95404	6.87461	6.8811	6.8826
0.387188	6.89114	6.83845	6.87526	6.88666	6.92118	6.86709
0.38995	6.91213	6.83964	6.89832	6.88359	6.88405	6.87004
0.392713	6.91933	6.91475	6.85269	6.89951	6.90976	6.85245
0.395512	6.94415	6.86958	6.92629	6.88723	6.88847	6.86927
0.398325	6.87555	6.87872	6.87142	6.87979	6.90113	6.82583
0.40115	6.89463	6.89638	6.89445	6.86782	6.90047	6.85788
0.404	6.88713	6.88728	6.8725	6.89787	6.92141	6.86756
0.406875	6.91527	6.85243	6.88126	6.86873	6.90069	6.86237
0.409763	6.87865	6.83739	6.88939	6.88372	6.86326	6.85428
0.412663	6.86988	6.84975	6.91089	6.88219	6.86476	6.84731
0.4156	6.89713	6.88496	6.91034	6.84308	6.89068	6.80866
0.41855	6.89321	6.81872	6.83482	6.86244	6.87759	6.87352
0.421525	6.88201	6.85716	6.90311	6.85135	6.86856	6.80046
0.424513	6.9233	6.87969	6.88652	6.87415	6.87719	6.84399
0.427525	6.83893	6.84912	6.90139	6.84592	6.91117	6.83495
0.43055	6.88901	6.79439	6.87204	6.87203	6.91101	6.8094
0.433612	6.8796	6.83102	6.87053	6.88805	6.91938	6.9104
0.436687	6.92796	6.87041	6.8796	6.84461	6.90064	6.81557
0.439775	6.93029	6.81862	6.85691	6.84719	6.83109	6.79639
0.4429	6.92553	6.85615	6.84321	6.83465	6.85568	6.83901
0.446038	6.91198	6.80705	6.87948	6.84392	6.87214	6.83575
0.4492	6.85733	6.82858	6.89179	6.81671	6.90306	6.82423
0.452375	6.87922	6.81423	6.85424	6.85789	6.85813	6.86801
0.455588	6.88518	6.79972	6.85838	6.82349	6.89224	6.84416
0.458813	6.85789	6.86835	6.879	6.81488	6.8641	6.86616
0.462063	6.87124	6.85397	6.85213	6.82835	6.85116	6.83519
0.465338	6.85293	6.83772	6.86998	6.79154	6.8522	6.79761
0.468625	6.88211	6.83333	6.88599	6.8045	6.86135	6.79897
0.47195	6.85605	6.82878	6.83309	6.83726	6.85232	6.82252
0.475287	6.83734	6.82556	6.85181	6.83216	6.8285	6.80099
0.47865	6.89497	6.78437	6.85567	6.85906	6.85222	6.80883
0.482038	6.84153	6.81119	6.86826	6.81396	6.82714	6.79937
0.48545	6.84053	6.79479	6.82459	6.81958	6.83636	6.82393
0.488887	6.83395	6.83169	6.85971	6.81483	6.83641	6.7961
0.492337	6.8671	6.8312	6.82347	6.80666	6.79373	6.80785
0.495825	6.8618	6.83182	6.83009	6.82965	6.83968	6.78604
0.499325	6.87971	6.8059	6.82324	6.79153	6.83558	6.81825
0.502863	6.84354	6.79372	6.87418	6.81798	6.82985	6.78874
0.506413	6.86798	6.79904	6.80612	6.77673	6.87026	6.83805
0.51	6.84315	6.81828	6.79744	6.78981	6.84	6.8084
0.5136	6.82382	6.77434	6.82732	6.83159	6.82525	6.81685
0.517225	6.85444	6.81516	6.87025	6.8409	6.86325	6.82769
0.520887	6.83715	6.81712	6.86618	6.86394	6.81908	6.84042
0.524562	6.85543	6.81407	6.849	6.82816	6.82924	6.8248
0.528275	6.79551	6.82324	6.85769	6.80896	6.84577	6.81377
0.532	6.8045	6.80073	6.7999	6.80938	6.83734	6.78954
0.535762	6.83879	6.79174	6.7963	6.77338	6.79793	6.77315
0.539537	6.82516	6.74951	6.83887	6.79677	6.81967	6.7766
0.54335	6.87045	6.79185	6.81265	6.84424	6.80536	6.79812
0.547188	6.82761	6.79115	6.83536	6.78661	6.79121	6.77814
0.55105	6.84278	6.78882	6.81955	6.80991	6.79837	6.75781
0.554937	6.76616	6.80336	6.85376	6.8234	6.85663	6.79073
0.55885	6.8241	6.78303	6.81859	6.76772	6.82513	6.74685
0.5628	6.84428	6.79049	6.85109	6.77777	6.77845	6.78749
0.566763	6.80292	6.77625	6.80971	6.80751	6.81726	6.76228
0.570763	6.78471	6.82194	6.85079	6.79411	6.82468	6.78224
0.574787	6.80472	6.79718	6.77968	6.7596	6.79233	6.77255
0.578838	6.80985	6.78807	6.82664	6.79388	6.85271	6.79789
0.582925	6.803	6.78335	6.84581	6.77576	6.79539	6.80782
0.587038	6.85802	6.8111	6.84999	6.79732	6.80615	6.78898
0.591175	6.82002	6.7788	6.79375	6.792	6.81048	6.76074
0.595338	6.78352	6.78106	6.84538	6.78574	6.78049	6.80809
0.599537	6.81316	6.79535	6.82278	6.77366	6.82178	6.75396
0.603763	6.86148	6.76508	6.82196	6.76513	6.82867	6.7485
0.608012	6.83464	6.78328	6.83769	6.82035	6.82753	6.77219
0.6123	6.81687	6.79414	6.78885	6.80516	6.78983	6.77503
0.616612	6.82666	6.78949	6.80314	6.79819	6.80925	6.75235
0.620963	6.78852	6.77112	6.8157	6.76847	6.78533	6.76978
0.625325	6.77686	6.78975	6.79595	6.78204	6.80061	6.78025
0.629737	6.81643	6.76569	6.77833	6.74715	6.7765	6.76378
0.634175	6.79744	6.75517	6.80385	6.81043	6.8203	6.82574
0.638637	6.8029	6.75337	6.81815	6.77334	6.78522	6.77843
0.643125	6.86092	6.75518	6.84791	6.77968	6.81914	6.73694
0.647663	6.81887	6.76304	6.77728	6.77408	6.79341	6.78099
0.652213	6.81688	6.79741	6.77923	6.74458	6.75411	6.77781
0.656812	6.84169	6.75764	6.82619	6.77204	6.79944	6.74052
0.661425	6.82021	6.81534	6.80433	6.77615	6.77272	6.78383
0.666088	6.80593	6.79551	6.78695	6.77924	6.78051	6.77867
0.670775	6.8065	6.73077	6.81163	6.75514	6.79259	6.76475
0.675488	6.76427	6.78347	6.80307	6.77566	6.81848	6.77559
0.680237	6.80347	6.73982	6.80833	6.73956	6.77384	6.76225
0.685025	6.82042	6.71645	6.84176	6.75095	6.74854	6.79067
0.689838	6.78502	6.76905	6.82331	6.73422	6.80674	6.77154
0.694687	6.8121	6.77371	6.81109	6.76412	6.80157	6.76891
0.699575	6.81227	6.75895	6.77768	6.74515	6.77795	6.77126
0.7045	6.77401	6.7709	6.83539	6.76262	6.76362	6.74495
0.70945	6.78895	6.76101	6.79407	6.76033	6.76816	6.75445
0.714437	6.7759	6.75527	6.79309	6.74626	6.79027	6.77454
0.719463	6.81138	6.73408	6.76882	6.7691	6.76639	6.73793
0.724513	6.79786	6.76007	6.759	6.76181	6.76942	6.75841
0.7296	6.80193	6.72364	6.78797	6.77258	6.79658	6.73283
0.734738	6.79128	6.74229	6.79557	6.75625	6.7604	6.74648
0.7399	6.81808	6.75724	6.78159	6.7357	6.74933	6.77795
0.745088	6.78929	6.69865	6.7993	6.76024	6.78337	6.75123
0.750325	6.80812	6.75028	6.79433	6.71436	6.75298	6.75682
0.7556	6.80981	6.76634	6.80083	6.77624	6.77823	6.73094
0.7609	6.80241	6.77111	6.7817	6.76438	6.77719	6.74628
0.76625	6.77968	6.72881	6.80519	6.72686	6.74008	6.74289
0.771625	6.77514	6.76217	6.81448	6.72785	6.79896	6.7525
0.77705	6.80513	6.75777	6.75651	6.74087	6.75193	6.74088
0.7825	6.77623	6.72743	6.78285	6.71456	6.79974	6.75637
0.788	6.78652	6.72671	6.76234	6.72956	6.74786	6.76827
0.793525	6.77098	6.74548	6.78007	6.76528	6.7712	6.76347
0.7991	6.8083	6.7327	6.77027	6.76549	6.7681	6.74957
0.8047	6.78933	6.76513	6.7937	6.73037	6.77299	6.73356
0.81035	6.80447	6.73634	6.7763	6.74596	6.75444	6.73055
0.816037	6.74934	6.78005	6.78255	6.77992	6.75405	6.7584
0.821763	6.78421	6.70677	6.80367	6.73604	6.74852	6.73783
0.827525	6.76888	6.7385	6.75105	6.74123	6.7594	6.73506
0.833337	6.80029	6.75242	6.761	6.74576	6.77506	6.70382
0.839175	6.80182	6.73186	6.78839	6.74675	6.76727	6.74888
0.845062	6.76446	6.73107	6.77627	6.71358	6.76901	6.74956
0.851	6.75077	6.74787	6.78379	6.74964	6.75482	6.73557
0.856963	6.78192	6.73915	6.7663	6.73642	6.74995	6.71508
0.862975	6.75964	6.72821	6.78412	6.77488	6.748	6.71964
0.869025	6.77491	6.72693	6.76	6.7399	6.7421	6.72902
0.875112	6.76891	6.72075	6.78877	6.72538	6.75409	6.70362
0.88125	6.77313	6.74242	6.7981	6.72045	6.76551	6.72352
0.887425	6.76247	6.72357	6.78124	6.72714	6.73128	6.74223
0.89365	6.7795	6.72687	6.76907	6.72451	6.76541	6.7149
0.899912	6.7683	6.74723	6.74902	6.72457	6.72952	6.72455
0.906225	6.75196	6.7312	6.73992	6.72215	6.75653	6.70804
0.912575	6.76546	6.71868	6.79039	6.72198	6.75229	6.71409
0.918962	6.75999	6.7234	6.7704	6.70596	6.7704	6.74434
0.9254	6.76927	6.7049	6.7747	6.71656	6.76956	6.7002
0.931888	6.77468	6.74296	6.778	6.7415	6.76268	6.67774
0.938412	6.74591	6.7438	6.76559	6.72252	6.74449	6.72011
0.944987	6.77074	6.74166	6.78221	6.71677	6.74109	6.73204
0.951612	6.7637	6.72543	6.76489	6.69624	6.75209	6.71851
0.958275	6.79403	6.7243	6.74159	6.70873	6.69881	6.74279
0.964988	6.76549	6.74763	6.76545	6.72323	6.74395	6.70425
0.97175	6.77033	6.71682	6.77264	6.72449	6.71735	6.72471
0.97855	6.76855	6.74559	6.77725	6.73433	6.71981	6.70298
0.9854	6.74257	6.72676	6.78366	6.71401	6.74065	6.70594
0.9923	6.77764	6.73644	6.75272	6.69992	6.74334	6.73201
0.99925	6.75386	6.7138	6.75326	6.71979	6.74479	6.71622
1.00625	6.77477	6.74416	6.77449	6.72182	6.74942	6.72544
1.01329	6.77854	6.69275	6.78909	6.71119	6.7564	6.73333
1.02039	6.74677	6.70905	6.78492	6.71724	6.73527	6.72371
1.02752	6.75894	6.74281	6.76971	6.7215	6.72743	6.71218
1.03472	6.76641	6.72988	6.75679	6.69153	6.7597	6.71826
1.04196	6.78898	6.71511	6.78872	6.74013	6.74795	6.71812
1.04925	6.76981	6.70568	6.79	6.70788	6.72343	6.71956
1.0566	6.78458	6.71215	6.7628	6.71745	6.72432	6.72382
1.06399	6.75512	6.71656	6.7836	6.71842	6.73525	6.72967
1.07144	6.74447	6.71733	6.76708	6.67414	6.76151	6.70199
1.07893	6.77067	6.72198	6.76749	6.71177	6.73398	6.7314
1.08648	6.75447	6.70109	6.75227	6.73043	6.71082	6.72465
1.09407	6.75379	6.69224	6.75165	6.71989	6.74472	6.72367
1.10174	6.76943	6.72791	6.75894	6.72304	6.71332	6.71576
1.10944	6.73728	6.68302	6.7658	6.67776	6.75123	6.7232
1.1172	6.76404	6.71425	6.76989	6.72548	6.76178	6.70786
1.12501	6.7712	6.72323	6.75273	6.68253	6.71088	6.71308
1.13287	6.75299	6.72185	6.76585	6.70411	6.72708	6.7282
1.1408	6.76301	6.70626	6.76429	6.70938	6.75888	6.71149
1.14877	6.72132	6.72983	6.75325	6.70491	6.71899	6.71638
1.15681	6.79717	6.70162	6.77254	6.72746	6.73574	6.71305
1.1649	6.76484	6.70245	6.7442	6.68148	6.73295	6.69428
1.17304	6.76616	6.70858	6.73249	6.7089	6.73973	6.66455
1.18124	6.74196	6.74386	6.7389	6.70042	6.7162	6.72114
1.1895	6.75681	6.70165	6.75594	6.69945	6.73098	6.69346
1.19781	6.74014	6.71036	6.72442	6.68835	6.73412	6.72391
1.20619	6.77149	6.71539	6.76418	6.72814	6.73644	6.69582
1.21461	6.76618	6.73569	6.742	6.73916	6.73703	6.68946
1.2231	6.77992	6.7285	6.79809	6.70623	6.72778	6.69223
1.23165	6.76073	6.71005	6.74487	6.71798	6.75004	6.68337
1.24026	6.76528	6.73275	6.72804	6.70399	6.72579	6.69544
1.24892	6.7463	6.72961	6.72315	6.73158	6.74452	6.68308
1.25765	6.74684	6.71473	6.71434	6.72194	6.74993	6.68742
1.26644	6.76011	6.71968	6.76612	6.68296	6.73638	6.6837
1.27529	6.7544	6.71818	6.74399	6.71223	6.69862	6.72638
1.2842	6.74514	6.69575	6.75587	6.68955	6.70038	6.70951
1.29316	6.75064	6.70613	6.76285	6.68984	6.73951	6.70525
1.3022	6.75391	6.68721	6.74918	6.70021	6.68787	6.70176
1.3113	6.75052	6.72129	6.74649	6.69791	6.73773	6.69786
1.32045	6.7616	6.72553	6.75308	6.714	6.73577	6.67002
1.32967	6.74567	6.7219	6.75542	6.71342	6.71578	6.71289
1.33896	6.73591	6.71415	6.76449	6.68955	6.74464	6.69588
1.34831	6.73293	6.68818	6.7667	6.70899	6.72532	6.71782
1.35773	6.75669	6.73348	6.721	6.7158	6.74686	6.67967
1.36721	6.74245	6.70917	6.74633	6.70119	6.71552	6.69296
1.37675	6.74803	6.70364	6.74801	6.70903	6.7233	6.72229
1.38636	6.74277	6.68411	6.75933	6.71331	6.72405	6.70507
1.39605	6.74473	6.72496	6.76174	6.71442	6.72128	6.69819
1.4058	6.73288	6.69477	6.74249	6.71835	6.73407	6.70031
1.41561	6.7676	6.696	6.7324	6.7064	6.71241	6.69509
1.42549	6.74803	6.72283	6.74961	6.70877	6.732	6.69651
1.43544	6.72922	6.70662	6.73785	6.68736	6.70822	6.69701
1.44546	6.7307	6.71548	6.72454	6.68713	6.72122	6.68395
1.45555	6.75578	6.72375	6.73842	6.69881	6.74405	6.70262
1.46571	6.74635	6.72678	6.75086	6.71797	6.72204	6.71091
1.47594	6.76552	6.71085	6.77165	6.70234	6.72903	6.68212
1.48624	6.73564	6.70624	6.75616	6.70009	6.7164	6.68359
1.49661	6.75286	6.73147	6.73704	6.6963	6.69909	6.68559
1.50705	6.73177	6.72969	6.76015	6.69549	6.70266	6.67849
1.51756	6.7319	6.71114	6.75509	6.71294	6.71523	6.70483
1.52815	6.74757	6.69232	6.74563	6.71888	6.74271	6.68097
1.53881	6.72991	6.70079	6.73432	6.71805	6.73356	6.69305
1.54955	6.729	6.69672	6.74518	6.70902	6.72012	6.69264
1.56036	6.73642	6.71252	6.74507	6.69226	6.70861	6.67415
1.57125	6.75106	6.73366	6.76531	6.68925	6.7153	6.69535
1.58221	6.77786	6.71311	6.72948	6.72625	6.71453	6.68289
1.59325	6.75149	6.72234	6.75924	6.7066	6.73092	6.69422
1.60436	6.73409	6.69797	6.7423	6.71083	6.69268	6.69474
1.61555	6.72607	6.72321	6.75513	6.70515	6.69615	6.67161
1.62681	6.74232	6.73177	6.77832	6.72627	6.7303	6.70414
1.63816	6.73701	6.69764	6.7472	6.71214	6.72228	6.69126
1.64959	6.75246	6.7052	6.76266	6.72239	6.71884	6.70225
1.66109	6.74314	6.69559	6.75272	6.71484	6.72294	6.67953
1.67268	6.75797	6.74947	6.75222	6.69956	6.6964	6.67697
1.68434	6.74295	6.71248	6.76188	6.71115	6.72357	6.68233
1.69609	6.74288	6.70874	6.73627	6.68774	6.73189	6.68505
1.70791	6.76371	6.70885	6.75413	6.70417	6.71652	6.68754
1.71981	6.75687	6.72347	6.7318	6.68734	6.71198	6.71559
1.73181	6.7364	6.72804	6.74377	6.72391	6.72951	6.68641
1.74388	6.7312	6.74008	6.7551	6.70764	6.72718	6.68232
1.75604	6.75301	6.7439	6.73751	6.71626	6.72058	6.6766
1.76828	6.73571	6.73742	6.72863	6.70235	6.73574	6.69087
1.7806	6.71848	6.70582	6.73163	6.70819	6.74019	6.67982
1.79301	6.75302	6.71668	6.7405	6.69893	6.72206	6.67679
1.80551	6.75451	6.72465	6.74136	6.69873	6.73051	6.69266
1.8181	6.74182	6.71641	6.74368	6.71056	6.69522	6.68291
1.83078	6.74289	6.70935	6.7508	6.70117	6.72676	6.69844
1.84354	6.75283	6.71916	6.74072	6.68582	6.70134	6.68804
1.85637	6.76254	6.71739	6.73653	6.69509	6.73361	6.66907
1.86931	6.7393	6.71769	6.74348	6.69493	6.73237	6.66656
1.88234	6.7446	6.7109	6.75614	6.70157	6.72266	6.68782
1.89546	6.75131	6.70411	6.73844	6.69314	6.69346	6.69047
1.90866	6.74494	6.70899	6.74989	6.73373	6.73116	6.66892
1.92196	6.75105	6.70633	6.75094	6.69896	6.70914	6.68614
1.93536	6.75322	6.71956	6.72326	6.7204	6.71832	6.69739
1.94885	6.74354	6.70401	6.74299	6.69759	6.70822	6.67125
1.96242	6.75541	6.72928	6.74675	6.69609	6.72363	6.68054
1.9761	6.74245	6.70223	6.73232	6.69377	6.742	6.67181
1.98986	6.75687	6.7256	6.73701	6.68486	6.74323	6.66912
2.00373	6.76423	6.72352	6.73759	6.71112	6.71496	6.67657
2.01769	6.75349	6.72578	6.745	6.70773	6.71209	6.67606
2.03174	6.74223	6.72684	6.72714	6.69007	6.72456	6.66154
2.04589	6.74742	6.70099	6.7411	6.70632	6.71608	6.68223
2.06014	6.75051	6.70578	6.74148	6.70992	6.70294	6.66875
2.07449	6.75156	6.71695	6.74323	6.70272	6.7334	6.6739
2.08894	6.74105	6.73295	6.74408	6.7181	6.74545	6.66886
2.10349	6.73959	6.7192	6.72999	6.70155	6.72985	6.67056
2.11814	6.75411	6.71752	6.73708	6.70946	6.73049	6.68484
2.13289	6.73925	6.70749	6.72673	6.72	6.72078	6.68551
2.14775	6.74021	6.72295	6.73688	6.70581	6.72236	6.67436
2.1627	6.76068	6.70611	6.75394	6.7015	6.72545	6.6894
2.17776	6.74871	6.73027	6.73682	6.71137	6.70832	6.66613
2.19292	6.76604	6.72072	6.72993	6.69878	6.74756	6.67841
2.2082	6.76194	6.71585	6.74074	6.70042	6.74279	6.69238
2.22358	6.74236	6.72881	6.73319	6.69781	6.72747	6.67506
2.23905	6.75981	6.71452	6.71989	6.68005	6.71851	6.68215
2.25465	6.74235	6.69165	6.72964	6.7181	6.72868	6.69135
2.27034	6.76657	6.71219	6.73077	6.70798	6.7311	6.65926
2.28615	6.7443	6.71408	6.74627	6.698	6.72523	6.69415
2.30206	6.74673	6.73195	6.74904	6.71349	6.7257	6.68754
2.31809	6.75784	6.69846	6.73378	6.69928	6.74029	6.67819
2.33422	6.73568	6.72329	6.7332	6.69288	6.71398	6.68434
2.35048	6.75186	6.69933	6.75402	6.70563	6.72928	6.66997
2.36684	6.7384	6.72859	6.7489	6.68117	6.72708	6.68153
2.38331	6.77032	6.72335	6.73805	6.69876	6.72052	6.6799
2.3999	6.73797	6.72637	6.74531	6.69809	6.73824	6.67245
2.41661	6.74857	6.71859	6.73974	6.6929	6.71613	6.67301
2.43342	6.75698	6.7159	6.73644	6.68869	6.71557	6.67453
2.45036	6.7379	6.72461	6.7427	6.70642	6.73572	6.67399
2.46743	6.74889	6.70775	6.73566	6.70344	6.74482	6.69766
2.4846	6.73191	6.7188	6.74472	6.6848	6.72003	6.67595
2.50189	6.75702	6.71059	6.73923	6.70327	6.71538	6.68468
2.5193	6.74851	6.71374	6.74693	6.69024	6.72929	6.69918
2.53682	6.74174	6.69199	6.73364	6.70814	6.72466	6.67128
2.55449	6.74826	6.73639	6.7211	6.69263	6.7225	6.67603
2.57226	6.75523	6.71935	6.73512	6.6925	6.72826	6.68844
2.59016	6.74234	6.73371	6.73574	6.7051	6.71876	6.69277
2.60819	6.73162	6.71573	6.72723	6.6972	6.71984	6.66844
2.62634	6.74997	6.71898	6.73304	6.70912	6.73837	6.69083
2.6446	6.74007	6.71599	6.73475	6.68774	6.72798	6.67705
2.66301	6.74249	6.71341	6.74381	6.69991	6.73406	6.69196
2.68154	6.73757	6.69296	6.75193	6.70289	6.73288	6.67885
2.70019	6.743	6.71781	6.73772	6.6955	6.72696	6.66538
2.71898	6.74437	6.71877	6.73287	6.69567	6.74313	6.68101
2.7379	6.72142	6.69844	6.72643	6.69918	6.72933	6.6863
2.75694	6.73267	6.71156	6.75277	6.69225	6.72882	6.68028
2.77612	6.73517	6.70136	6.73561	6.69191	6.72311	6.67288
2.79544	6.73576	6.70715	6.73214	6.69595	6.73929	6.66978
2.81487	6.74676	6.70597	6.74323	6.71928	6.73098	6.69488
2.83446	6.74241	6.71518	6.72976	6.69945	6.74164	6.69495
2.85418	6.74758	6.69571	6.72475	6.69022	6.72485	6.67963
2.87404	6.74937	6.69399	6.73744	6.70266	6.73437	6.68724
2.89403	6.72495	6.69657	6.74264	6.69377	6.72179	6.68153
2.91415	6.73764	6.73159	6.73458	6.69913	6.73745	6.6903
2.93443	6.73051	6.70821	6.74718	6.70053	6.72958	6.69277
2.95484	6.75179	6.69936	6.74316	6.69462	6.72375	6.69428
2.97539	6.75857	6.69796	6.75635	6.69971	6.72096	6.67879
2.99607	6.74081	6.71642	6.72448	6.69827	6.72387	6.69222
3.01691	6.74724	6.69341	6.73765	6.69399	6.7392	6.68432
3.0379	6.73608	6.72161	6.76309	6.71613	6.73829	6.68858
3.05903	6.72882	6.69376	6.73205	6.70158	6.73135	6.69424
3.0803	6.75143	6.69888	6.7209	6.69842	6.72495	6.68504
3.10171	6.74207	6.71163	6.74082	6.71085	6.73633	6.70037
3.12329	6.74144	6.7117	6.7343	6.69396	6.73781	6.67843
3.145	6.76161	6.70712	6.74199	6.70061	6.73873	6.68344
3.16687	6.73355	6.71296	6.72411	6.70627	6.71241	6.68857
3.1889	6.74388	6.69672	6.73046	6.70856	6.75089	6.69045
3.21108	6.74004	6.71963	6.73409	6.69864	6.74206	6.68617
3.2334	6.73512	6.70725	6.74766	6.7108	6.71929	6.6793
3.25588	6.7424	6.70242	6.74214	6.70047	6.74837	6.69681
3.27851	6.73187	6.70096	6.73955	6.7134	6.738	6.68096
3.30131	6.72514	6.68342	6.74122	6.72154	6.72438	6.67313
3.32426	6.75281	6.68983	6.72528	6.70848	6.73486	6.68251
3.34737	6.74921	6.70446	6.73374	6.73281	6.74937	6.67846
3.37065	6.73329	6.71164	6.73503	6.73078	6.71868	6.68631
3.39409	6.73146	6.69003	6.74193	6.71311	6.73841	6.69484
3.41768	6.74431	6.71694	6.73117	6.7036	6.73147	6.69463
3.44144	6.74339	6.70932	6.73431	6.71164	6.74086	6.68558
3.46536	6.75426	6.69449	6.72476	6.71223	6.73527	6.67741
3.48945	6.744	6.69668	6.75375	6.70218	6.7455	6.69012
3.51371	6.74659	6.70815	6.74513	6.71392	6.73482	6.69386
3.53814	6.72848	6.69859	6.72978	6.70885	6.72766	6.68113
3.56273	6.7543	6.69937	6.73956	6.70874	6.72893	6.67973
3.58749	6.72447	6.68571	6.73497	6.71277	6.73382	6.6813
3.61243	6.72359	6.69975	6.74368	6.71638	6.74091	6.68093
3.63754	6.748	6.70835	6.72701	6.72504	6.72549	6.66279
3.66283	6.7308	6.69335	6.75483	6.7124	6.73078	6.68397
3.68829	6.73357	6.68885	6.75779	6.70036	6.71312	6.68161
3.71391	6.75141	6.69553	6.73777	6.71872	6.73544	6.68387
3.73973	6.7405	6.69492	6.75029	6.70402	6.72912	6.69083
3.76572	6.74521	6.7079	6.73823	6.7056	6.73879	6.67319
3.7919	6.74747	6.69933	6.74321	6.70556	6.71928	6.67444
3.81825	6.73677	6.69976	6.75585	6.71011	6.72976	6.66743
3.84479	6.76229	6.69669	6.74329	6.71281	6.72363	6.67677
3.8715	6.7426	6.69922	6.74121	6.70455	6.7293	6.67797
3.89841	6.75084	6.70149	6.75169	6.7164	6.70871	6.68438
3.9255	6.74922	6.71367	6.74198	6.71612	6.73234	6.67427
3.95278	6.73232	6.7088	6.74532	6.70882	6.74052	6.69018
3.98025	6.76323	6.70879	6.75031	6.70379	6.72292	6.67603
4.00791	6.75323	6.70426	6.74241	6.72217	6.73461	6.68327
4.03576	6.73791	6.70523	6.75231	6.69769	6.72396	6.68696
4.0638	6.74484	6.70171	6.73312	6.71372	6.72401	6.65827
4.09204	6.73321	6.70423	6.75265	6.713	6.72577	6.66364
4.12047	6.74431	6.69693	6.74086	6.71251	6.71652	6.68908
4.1491	6.748	6.70958	6.75499	6.71314	6.73686	6.68236
4.17794	6.75145	6.71077	6.74399	6.70035	6.72694	6.6754
4.20696	6.73762	6.71037	6.7633	6.70529	6.72425	6.68594
4.2362	6.73774	6.70017	6.75136	6.71141	6.72615	6.67453
4.26563	6.73061	6.70768	6.75563	6.70705	6.72227	6.69258
4.29526	6.74088	6.6978	6.73691	6.71176	6.7225	6.67655
4.32511	6.74554	6.70789	6.74221	6.69838	6.73406	6.69291
4.35516	6.74212	6.70221	6.74047	6.70808	6.72659	6.68947
4.38541	6.72946	6.69953	6.75108	6.71926	6.72874	6.677
4.41589	6.7332	6.70171	6.76298	6.7099	6.74073	6.68615
4.44656	6.74159	6.72209	6.74328	6.70915	6.7359	6.69174
4.47745	6.73817	6.70341	6.75222	6.72624	6.74101	6.69728
4.50856	6.74266	6.70645	6.74528	6.71323	6.74024	6.66996
4.53988	6.74343	6.71057	6.74743	6.71227	6.74844	6.67471
4.57142	6.73916	6.70544	6.74837	6.71449	6.74225	6.69868
4.60318	6.72872	6.70185	6.74039	6.71132	6.73881	6.67984
4.63515	6.72923	6.69572	6.75139	6.69852	6.73528	6.67794
4.66735	6.72975	6.70541	6.75353	6.71752	6.73092	6.66423
4.69978	6.72688	6.69752	6.76455	6.71724	6.73426	6.67804
4.73243	6.72744	6.71309	6.74638	6.70993	6.74215	6.67675
4.76529	6.73676	6.7195	6.75658	6.71779	6.76739	6.67279
4.79839	6.73261	6.70748	6.73622	6.71253	6.76086	6.66139
4.83173	6.73945	6.7169	6.74052	6.70365	6.74848	6.66391
4.86529	6.73287	6.70954	6.74621	6.71004	6.74722	6.6632
4.89908	6.74674	6.71415	6.7421	6.70922	6.75885	6.66769
4.93311	6.73897	6.69573	6.74946	6.71514	6.76465	6.67022
4.96737	6.7322	6.70854	6.73331	6.72423	6.74971	6.66866
5.00187	6.73185	6.71802	6.7539	6.71237	6.75759	6.67681
5.03661	6.72784	6.70645	6.74836	6.71812	6.75272	6.65397
5.0716	6.73545	6.70978	6.7453	6.70052	6.75194	6.67137
5.10681	6.73547	6.71144	6.7438	6.70811	6.73379	6.69015
5.14229	6.74315	6.70608	6.75169	6.71973	6.74713	6.6909
5.178	6.73694	6.71048	6.74929	6.70561	6.74219	6.68105
5.21396	6.73198	6.71187	6.74485	6.70283	6.7453	6.67409
5.25017	6.73198	6.71175	6.74459	6.70898	6.74044	6.66958
5.28664	6.73051	6.71104	6.74375	6.71995	6.7359	6.66922
5.32335	6.73768	6.70334	6.75208	6.72852	6.73703	6.67636
5.36031	6.72496	6.71401	6.74381	6.71474	6.72587	6.66492
5.39754	6.73446	6.70735	6.74158	6.71466	6.72835	6.67256
5.43503	6.74652	6.69842	6.73328	6.71724	6.73796	6.65709
5.47277	6.74544	6.70266	6.74772	6.71278	6.73778	6.6605
5.51078	6.74071	6.70956	6.74846	6.72584	6.73856	6.65967
5.54904	6.73485	6.69958	6.74107	6.71143	6.73013	6.67464
5.58757	6.73709	6.69894	6.74269	6.70781	6.72853	6.67103
5.62638	6.74241	6.69524	6.74259	6.70691	6.71932	6.6617
5.66545	6.73494	6.70127	6.74672	6.72439	6.73296	6.67425
5.70479	6.74119	6.7081	6.75548	6.7152	6.73413	6.67031
5.7444	6.73605	6.70564	6.73907	6.72503	6.73559	6.6726
5.78429	6.73147	6.7053	6.73693	6.72419	6.72354	6.67522
5.82445	6.74423	6.69933	6.74002	6.72009	6.72944	6.6717
5.86489	6.73588	6.70437	6.73455	6.71525	6.7135	6.65743
5.90561	6.73393	6.70494	6.73922	6.7112	6.71249	6.67352
5.94663	6.73537	6.70066	6.73893	6.7218	6.72642	6.6643
5.98791	6.73623	6.7155	6.74248	6.70498	6.72657	6.65698
6.02949	6.72654	6.70224	6.74559	6.71187	6.70085	6.66913
6.07135	6.73922	6.69958	6.73915	6.69215	6.71481	6.66044
6.1135	6.74735	6.70411	6.74772	6.71598	6.71281	6.66218
6.15595	6.74015	6.70175	6.74109	6.71037	6.70773	6.66375
6.19869	6.74094	6.7016	6.73089	6.70834	6.70567	6.66561
6.24172	6.74013	6.68584	6.75275	6.71286	6.69674	6.66283
6.28506	6.75215	6.70131	6.7388	6.69773	6.70075	6.65803
6.3287	6.74798	6.70938	6.74307	6.69377	6.70386	6.66693
6.37264	6.73296	6.70755	6.74637	6.70722	6.69226	6.66679
6.41687	6.74872	6.70805	6.7421	6.70943	6.70699	6.66521
6.46142	6.74745	6.70461	6.75003	6.70455	6.69212	6.65527
6.50629	6.74865	6.69277	6.74241	6.70358	6.69979	6.67256
6.55145	6.74078	6.69912	6.7407	6.70225	6.69275	6.66627
6.59694	6.74777	6.70337	6.74601	6.71616	6.69393	6.65666
6.64274	6.75095	6.69244	6.74111	6.71281	6.67771	6.6667
6.68885	6.74357	6.6974	6.74936	6.70684	6.69347	6.67044
6.73527	6.74065	6.70398	6.73449	6.70324	6.68717	6.66243
6.78204	6.74773	6.70916	6.74297	6.70926	6.6862	6.65095
6.82911	6.75575	6.70239	6.75397	6.71402	6.68914	6.65942
6.87652	6.75165	6.70509	6.73624	6.7132	6.69073	6.66231
6.92426	6.7479	6.70734	6.74824	6.72012	6.69773	6.66422
6.97232	6.74829	6.70053	6.74319	6.69976	6.70722	6.66037
7.02072	6.74427	6.68846	6.74997	6.71384	6.70338	6.65863
7.06946	6.7588	6.69534	6.73851	6.71064	6.69977	6.67163
7.11853	6.74082	6.70565	6.74625	6.71587	6.71179	6.66724
7.16794	6.7444	6.70636	6.74651	6.70346	6.71286	6.67103
7.2177	6.75981	6.70729	6.74333	6.70901	6.70864	6.6699
7.2678	6.7511	6.7044	6.75214	6.72155	6.71113	6.66115
7.31825	6.75178	6.6989	6.74934	6.70656	6.69743	6.66621
7.36904	6.75336	6.71419	6.74898	6.72217	6.71443	6.67159
7.42019	6.74457	6.71047	6.73403	6.70908	6.69438	6.65574
7.4717	6.74975	6.70162	6.74273	6.71644	6.69879	6.65608
7.52355	6.74183	6.71231	6.74491	6.70561	6.69234	6.65934
7.57578	6.74922	6.70577	6.74663	6.71489	6.69081	6.65389
7.62836	6.73639	6.69315	6.74332	6.71649	6.7079	6.66362
7.6813	6.72992	6.70834	6.73664	6.7187	6.69741	6.66306
7.73461	6.73341	6.70764	6.75126	6.72073	6.69301	6.66601
7.7883	6.73849	6.71996	6.74266	6.70484	6.70071	6.666
7.84236	6.73517	6.70976	6.77426	6.71726	6.6999	6.6527
7.89679	6.74109	6.70199	6.74773	6.71018	6.70328	6.65293
7.95159	6.73271	6.70883	6.7417	6.72444	6.69154	6.66366
8.00677	6.73421	6.71019	6.75165	6.71602	6.7008	6.65381
8.06235	6.73252	6.71382	6.75214	6.71978	6.70123	6.65944
8.1183	6.72044	6.71078	6.74915	6.71477	6.69994	6.65997
8.17465	6.72329	6.71371	6.74165	6.71521	6.69829	6.66419
8.23137	6.72066	6.71338	6.74588	6.72584	6.7063	6.66464
8.28851	6.72882	6.71998	6.75226	6.71873	6.71687	6.65951
8.34603	6.71846	6.7109	6.74681	6.71743	6.71721	6.68089
8.40395	6.71801	6.71581	6.73302	6.71079	6.71383	6.6715
8.46227	6.72295	6.70438	6.74692	6.71327	6.7144	6.66914
8.521	6.72283	6.71114	6.7466	6.72817	6.71244	6.66922
8.58014	6.72629	6.69884	6.73513	6.71489	6.71347	6.67099
8.63968	6.73295	6.70723	6.74398	6.72015	6.71576	6.68303
8.69964	6.72037	6.70992	6.75244	6.71867	6.71059	6.67402
8.76001	6.71739	6.70905	6.75031	6.71878	6.71564	6.67768
8.8208	6.73095	6.71146	6.74162	6.70691	6.70938	6.6746
8.88201	6.72254	6.71073	6.75257	6.71055	6.69073	6.67175
8.94365	6.72672	6.69895	6.74362	6.70515	6.69187	6.67813
9.00571	6.7343	6.70757	6.73754	6.70801	6.69333	6.6699
9.0682	6.73522	6.70472	6.74379	6.71608	6.69273	6.67455
9.13114	6.7363	6.70283	6.74517	6.70739	6.70082	6.67808
9.1945	6.72471	6.69864	6.73526	6.70352	6.70269	6.66523
9.2583	6.73157	6.7109	6.74738	6.71144	6.69896	6.68023
9.32254	6.72795	6.70501	6.7323	6.71502	6.70048	6.67179
9.38724	6.7255	6.70747	6.74117	6.70826	6.70973	6.67322
9.45238	6.72537	6.70432	6.74014	6.7106	6.7107	6.67139
9.51796	6.72458	6.71116	6.74457	6.71437	6.72583	6.67462
9.58401	6.73051	6.71367	6.7344	6.71038	6.72707	6.6784
9.65051	6.74142	6.70708	6.73149	6.70412	6.71391	6.68041
9.71747	6.74355	6.70446	6.73329	6.71367	6.71916	6.67671
9.7849	6.73287	6.70434	6.73759	6.70543	6.73399	6.67378
9.8528	6.74125	6.70287	6.73433	6.70692	6.74849	6.66998
9.92116	6.73982	6.7021	6.73854	6.71165	6.74807	6.66205
10	6.73449	6.69607	6.73237	6.71352	6.72458	6.67143
