0.0001375	7.06129	7.26275	7.42021	7.44091	7.4993	7.91301	7.54339	7.43979	7.28262
0.000275	7.2738	7.36054	7.66267	7.54981	7.8106	7.84924	7.27508	7.45801	7.37297
0.000425	7.23963	7.37044	7.7188	7.53122	7.78794	7.72628	7.38886	7.43268	7.31084
0.0005625	7.48498	7.4418	7.39938	7.4788	7.7252	7.75774	7.53902	7.41268	7.71776
0.0007	7.49341	7.67056	7.43963	7.44918	7.6116	7.72059	7.62474	7.75247	8.03125
0.00085	7.48421	7.6543	7.46442	7.55837	7.6443	7.6685	7.50896	7.52513	7.70886
0.0009875	7.46191	7.87338	7.7793	7.66256	7.83325	7.65943	7.66581	7.6329	7.74103
0.0011375	7.3249	7.66278	7.1691	7.86205	7.28831	8.10769	7.67032	7.642	7.95581
0.0012875	7.52698	7.89999	7.12953	7.58969	7.54958	7.84517	7.62748	7.8604	7.81296
0.001425	7.47014	7.64278	7.29616	7.48391	7.49732	7.63727	7.63276	7.93404	7.95639
0.001575	7.74728	7.7934	7.4279	7.4269	7.72685	7.64185	7.57769	7.74245	8.03865
0.001725	7.70647	7.66235	7.66524	7.72281	7.71346	7.77036	7.38382	7.88827	7.93502
0.001875	7.72953	7.74986	7.39793	7.83825	7.6701	7.63939	7.61712	7.57066	7.68201
0.002025	7.63031	7.73711	7.59176	7.55634	7.77585	7.85624	7.63327	7.57309	7.60589
0.0021875	7.61488	7.45946	7.6314	7.4144	7.62979	7.88216	7.65463	7.6941	7.71431
0.0023375	7.69728	7.65834	7.38854	7.53458	7.77534	7.77704	7.46697	7.95078	7.77492
0.0024875	7.84823	7.72583	7.5359	7.67626	7.63599	7.88788	7.47636	7.84338	7.57615
0.00265	7.69097	7.54795	7.46567	7.74012	7.78024	7.69125	7.70473	7.85507	7.46454
0.0028	7.9125	7.82173	7.61148	7.64605	7.98323	7.7754	7.44227	7.78912	7.7096
0.0029625	7.83554	7.76207	7.74066	7.64482	7.99611	7.81188	7.44289	7.6863	7.76466
0.003125	7.81134	7.76226	7.63463	7.50942	7.69882	7.92539	7.31072	7.61716	7.75817
0.0032875	7.66788	7.80561	7.51537	7.53851	7.64296	7.7326	7.62988	7.60899	7.58985
0.00345	7.69082	7.74974	7.54311	7.51436	7.31731	7.72126	7.37141	7.63742	7.6479
0.0036125	7.5288	7.71084	7.61778	7.79362	7.5442	7.38513	7.63883	7.62095	7.4819
0.003775	7.64063	7.72328	7.53348	7.77355	7.89794	7.3619	7.51764	7.7152	7.73423
0.0039375	7.80286	7.78989	7.47331	7.76412	7.60491	7.79062	7.5482	7.62943	7.76128
0.0041	7.47499	7.66468	7.4404	7.42048	7.62197	7.64281	7.34614	7.56301	7.62732
0.0042625	7.8702	7.75682	7.49321	7.62545	7.57249	7.55193	7.48939	7.44928	7.59456
0.0044375	7.45516	7.59013	7.43037	7.53305	7.64771	7.52004	7.69007	7.63084	7.94209
0.0046	7.47551	7.79657	7.64328	7.45139	7.77141	7.38955	7.69246	7.52263	7.80084
0.004775	7.44085	7.54361	7.1812	7.5964	7.65433	7.59111	7.52536	7.61321	7.7376
0.00495	7.40838	7.41209	7.30353	7.4693	7.7978	7.48661	7.52639	7.72288	7.29522
0.005125	7.60273	7.61064	7.63843	7.52122	7.77547	7.64282	7.59432	7.59429	7.53544
0.0053	7.5134	7.5231	7.29212	7.61162	7.7111	7.75133	7.52519	7.75758	7.47221
0.005475	7.29674	7.52128	7.31925	7.41924	7.42815	7.66296	7.66167	7.41133	7.91317
0.00565	7.47384	7.59229	7.45263	7.46118	7.84096	7.60527	7.61499	7.65255	7.78694
0.005825	7.64546	7.68099	7.46697	7.42565	7.50279	7.55301	7.51687	7.69155	8.01204
0.006	7.80618	7.45469	7.48079	7.66507	7.57591	7.58191	7.56122	7.52486	7.84153
0.0061875	7.74298	7.72238	7.58944	7.57685	7.59918	7.63182	7.5197	7.8086	7.71003
0.0063625	7.63865	7.61217	7.72772	7.43563	7.54124	7.71526	7.50917	7.57545	7.50483
0.00655	7.64201	7.87728	7.53722	7.76718	7.60131	7.65384	7.50503	7.80538	7.51995
0.0067375	7.61285	7.75543	7.57226	7.64714	7.7594	7.52563	7.57009	7.63883	7.49066
0.0069125	7.65803	7.64059	7.58466	7.43721	7.89344	7.60108	7.41395	7.77564	7.57841
0.0071	7.66951	7.57144	7.542	7.60022	7.82786	7.61054	7.45916	7.27611	8.00818
0.0072875	7.73058	7.55563	7.41753	7.5233	7.56607	7.41338	7.42754	7.4969	7.65035
0.007475	7.54911	7.93641	7.23159	7.80848	7.67797	7.65341	7.62547	7.47286	7.56682
0.007675	7.92408	7.82822	7.38269	7.64048	7.83003	7.48528	7.69762	7.79341	7.53185
0.0078625	7.64015	7.50634	7.59302	7.43647	7.82217	7.42761	7.50436	7.7365	7.73315
0.0080625	7.42632	7.64847	7.70011	7.5813	7.64705	7.33031	7.73999	7.66635	7.70901
0.00825	7.53012	7.64857	7.77761	7.46427	7.4039	7.60422	7.39969	7.80654	7.52752
0.00845	7.65655	7.42304	7.58801	7.80737	7.55586	7.8095	7.24875	7.60171	7.50253
0.00865	7.52011	7.81089	7.57871	7.61428	7.57595	7.72427	7.65607	7.71838	7.6315
0.0088375	7.46548	7.70333	7.50933	7.78863	7.43077	7.62421	7.61179	7.4464	7.51596
0.0090375	7.45327	8.0451	7.52585	7.97581	7.55894	7.5329	7.58279	7.68098	7.66893
0.0092375	7.54996	7.57093	7.43082	7.64441	7.62583	7.72171	7.51253	7.42266	7.64508
0.00945	7.50133	7.65745	7.50851	7.58178	7.81097	7.65539	7.70276	7.49995	7.68036
0.00965	7.66476	7.6164	7.42181	7.53899	7.57307	7.51609	7.46558	7.56256	7.41364
0.00985	7.39025	7.49197	7.60442	7.45385	7.9097	7.63212	7.34083	7.54498	7.51062
0.0100625	7.36857	7.55961	7.57915	7.52611	7.51477	7.74145	7.50423	7.521	7.42758
0.010275	7.66129	7.74538	7.61491	7.60526	7.53194	7.53805	7.66611	7.69249	7.7929
0.010475	7.78697	7.70405	7.70948	7.47845	7.57378	7.53562	7.53287	7.79456	7.61385
0.0106875	7.70452	7.68353	7.58651	7.55633	7.80061	7.66385	7.43577	7.48904	7.63434
0.0109	7.35669	7.68925	7.58192	7.52518	7.64549	7.62296	7.54284	7.66552	7.59637
0.011125	7.63838	7.74717	7.75239	7.41603	7.59979	7.58735	7.44373	7.39258	7.61785
0.0113375	7.73701	7.83038	7.52973	7.4263	7.62671	7.56616	7.67215	7.64632	7.63847
0.01155	7.77502	7.58315	7.23882	7.44034	7.49409	7.48728	7.41161	7.59583	7.36956
0.011775	7.5008	7.64774	7.39051	7.67467	7.46937	7.61958	7.43653	7.59009	7.33319
0.0119875	7.48576	7.83188	7.40192	7.67758	7.4888	7.53366	7.44263	7.69896	7.25706
0.0122125	7.5251	7.45748	7.33065	7.59848	7.57137	7.45925	7.50231	7.56052	7.52809
0.0124375	7.42785	7.5538	7.44905	7.62111	7.45661	7.69148	7.2985	7.56241	7.69361
0.0126625	7.56197	7.66503	7.48856	7.60679	7.61882	7.39782	7.36687	7.27906	7.78741
0.0128875	7.50378	7.69796	7.42213	7.62738	7.80029	7.42077	7.59445	7.47059	7.56945
0.0131125	7.51785	7.72379	7.35929	7.50984	7.44996	7.64596	7.59865	7.56522	7.70396
0.01335	7.44737	7.51141	7.64943	7.75925	7.5928	7.63101	7.53677	7.55466	7.75159
0.013575	7.45722	7.80264	7.66543	7.81877	7.5683	7.63617	7.61126	7.58088	7.55988
0.0138125	7.46938	7.49518	7.54238	7.63265	7.46788	7.45846	7.77752	7.67756	7.51325
0.0140375	7.55047	7.52469	7.71576	7.73164	7.45991	7.39331	7.79666	7.5628	7.59347
0.014275	7.66299	7.54165	7.47249	7.54678	7.36959	7.6806	7.54744	7.6658	7.58669
0.0145125	7.63196	7.6218	7.43827	7.55518	7.67916	7.30998	7.67342	7.62449	7.61277
0.01475	7.59725	7.74946	7.50536	7.61113	7.57241	7.33571	7.52581	7.62759	7.57361
0.015	7.40755	7.7232	7.56289	7.61344	7.58093	7.65725	7.53473	7.5968	7.58494
0.0152375	7.64849	7.58665	7.68594	7.5745	7.64269	7.49558	7.54897	7.56773	7.59688
0.0154875	7.57931	7.64976	7.43566	7.51911	7.73602	7.52114	7.54863	7.44506	7.71222
0.015725	7.4328	7.77896	7.58412	7.38613	7.68045	7.49579	7.53853	7.5228	7.48358
0.015975	7.58918	7.60565	7.58748	7.54461	7.58322	7.80387	7.5828	7.51773	7.6811
0.016225	7.63125	7.60992	7.50302	7.51151	7.53917	7.79067	7.66227	7.48277	7.4367
0.016475	7.61949	7.68598	7.37848	7.28841	7.37395	7.57714	7.51534	7.62886	7.41531
0.016725	7.6587	7.58155	7.4486	7.73747	7.47602	7.64774	7.30135	7.44168	7.3276
0.0169875	7.49495	7.59608	7.43718	7.72109	7.49387	7.43302	7.55391	7.4033	7.50231
0.0172375	7.59296	7.57964	7.49666	7.50157	7.59168	7.69944	7.42588	7.74369	7.31303
0.0175	7.48238	7.61127	7.51207	7.70866	7.50906	7.58562	7.54671	7.61724	7.40774
0.0177625	7.62754	7.4706	7.62899	7.90135	7.54511	7.69174	7.29173	7.53564	7.32103
0.018025	7.37865	7.55981	7.61411	7.7049	7.5878	7.5716	7.43375	7.53472	7.48185
0.0182875	7.45402	7.6646	7.43821	7.42098	7.52631	7.41235	7.37151	7.5702	7.45627
0.01855	7.50342	7.50639	7.45744	7.39827	7.75238	7.44962	7.3879	7.54744	7.67195
0.0188125	7.6194	7.60253	7.6965	7.54849	7.71297	7.68624	7.51904	7.38687	7.6323
0.0190875	7.71187	7.62748	7.36744	7.61429	7.32639	7.42192	7.43998	7.533	7.38213
0.0193625	7.35778	7.41652	7.31754	7.59529	7.54885	7.40585	7.63821	7.54094	7.53298
0.019625	7.5262	7.57806	7.44348	7.49978	7.78763	7.62541	7.56567	7.53174	7.588
0.0199	7.47217	7.59848	7.39638	7.53484	7.44982	7.59665	7.50053	7.57636	7.54072
0.0201875	7.50135	7.57682	7.64584	7.46069	7.56897	7.37261	7.55106	7.54141	7.69137
0.0204625	7.46431	7.56082	7.43629	7.46079	7.43052	7.50085	7.50107	7.58684	7.54901
0.0207375	7.45925	7.49888	7.62737	7.51345	7.8257	7.60828	7.42542	7.62407	7.43857
0.021025	7.7372	7.48974	7.51272	7.49659	7.49977	7.51754	7.37281	7.5682	7.43739
0.0213125	7.50691	7.63455	7.44178	7.58627	7.3034	7.56572	7.36947	7.68273	7.65732
0.0216	7.68289	7.62879	7.4588	7.46798	7.56942	7.60681	7.36015	7.54128	7.43861
0.0218875	7.5769	7.57778	7.59436	7.40567	7.86995	7.62273	7.51223	7.46877	7.53392
0.022175	7.64944	7.51562	7.4675	7.55799	7.59374	7.50888	7.5742	7.54421	7.60904
0.0224625	7.66467	7.81623	7.508	7.75181	7.61536	7.4091	7.61412	7.69751	7.73167
0.0227625	7.53824	7.56597	7.5363	7.61499	7.56959	7.50238	7.50337	7.63932	7.81962
0.02305	7.36856	7.39524	7.65763	7.33766	7.54692	7.68105	7.50349	7.48244	7.60412
0.02335	7.33247	7.62635	7.45506	7.58497	7.44751	7.4535	7.38079	7.58353	7.43451
0.02365	7.54481	7.43914	7.5262	7.52141	7.61405	7.4449	7.54131	7.63875	7.52997
0.0239625	7.54309	7.67478	7.43869	7.44805	7.71009	7.77375	7.30434	7.44347	7.32147
0.0242625	7.64219	7.56595	7.54527	7.45529	7.74011	7.39038	7.50674	7.66253	7.41225
0.0245625	7.68119	7.61507	7.5028	7.53938	7.76632	7.53188	7.4073	7.61993	7.3752
0.024875	7.42585	7.61269	7.62949	7.77098	7.67875	7.51152	7.33536	7.51457	7.30315
0.0251875	7.4995	7.48393	7.70451	7.49456	7.50084	7.53433	7.36585	7.5376	7.49127
0.0255	7.52929	7.45732	7.62754	7.34912	7.52395	7.38486	7.42498	7.64887	7.53603
0.0258125	7.4553	7.47162	7.63876	7.55712	7.54435	7.4688	7.41991	7.43761	7.4314
0.0261375	7.55617	7.49363	7.4749	7.4339	7.36471	7.74522	7.35249	7.61676	7.64383
0.02645	7.60336	7.61777	7.5441	7.59608	7.56431	7.54637	7.34909	7.60607	7.76943
0.026775	7.48357	7.60976	7.43101	7.40191	7.38346	7.48777	7.50617	7.47866	7.71225
0.0271	7.7528	7.70765	7.29741	7.39488	7.54652	7.38863	7.61171	7.39295	7.60962
0.027425	7.68328	7.57998	7.5195	7.50817	7.39141	7.79882	7.29307	7.59437	7.50941
0.02775	7.73114	7.41569	7.3569	7.36067	7.52151	7.71147	7.4609	7.85885	7.50861
0.0280875	7.47324	7.38314	7.67914	7.37321	7.44903	7.67846	7.34799	7.25737	7.45964
0.028425	7.3857	7.70968	7.57313	7.54087	7.7049	7.611	7.37601	7.38861	7.53432
0.02875	7.27665	7.39798	7.45043	7.48977	7.74449	7.41214	7.3353	7.50726	7.47105
0.0291	7.46731	7.26644	7.52964	7.47572	7.75474	7.48216	7.30675	7.56601	7.37622
0.0294375	7.53134	7.3836	7.35504	7.75934	7.47956	7.44112	7.22507	7.43457	7.56762
0.029775	7.64905	7.56219	7.53416	7.62696	7.53828	7.47507	7.59735	7.47929	7.59005
0.030125	7.59371	7.60584	7.4364	7.49096	7.5176	7.27735	7.28908	7.43548	7.4849
0.030475	7.49337	7.63262	7.55907	7.7668	7.54806	7.55352	7.52216	7.62285	7.54767
0.030825	7.60173	7.64032	7.43414	7.57359	7.54182	7.54355	7.63234	7.45421	7.45933
0.031175	7.58097	7.7015	7.58043	7.59126	7.49591	7.53015	7.37086	7.52587	7.45462
0.031525	7.62989	7.53391	7.36156	7.54074	7.65063	7.62493	7.43927	7.39943	7.53221
0.0318875	7.44746	7.47714	7.48398	7.66102	7.51454	7.39998	7.40953	7.40922	7.51655
0.0322375	7.36664	7.59204	7.29246	7.49023	7.56539	7.54889	7.40016	7.61635	7.71157
0.0326	7.37184	7.50596	7.40009	7.55681	7.53625	7.48153	7.42552	7.50466	7.58976
0.032975	7.27035	7.70007	7.2822	7.47203	7.44703	7.45495	7.37856	7.37888	7.49355
0.0333375	7.27809	7.68934	7.27456	7.50624	7.40138	7.63159	7.21297	7.67992	7.44367
0.0337125	7.41296	7.54413	7.35648	7.3805	7.58683	7.50283	7.34965	7.4548	7.41487
0.034075	7.46148	7.58458	7.3426	7.53132	7.6649	7.49527	7.35187	7.40806	7.48218
0.03445	7.5936	7.48482	7.33208	7.37703	7.5763	7.29238	7.26793	7.5494	7.45807
0.0348375	7.55461	7.40234	7.36849	7.60785	7.61483	7.56885	7.44492	7.42685	7.50613
0.0352125	7.40853	7.40056	7.39428	7.48789	7.60857	7.51744	7.46073	7.61443	7.48603
0.0356	7.45023	7.53859	7.34418	7.38601	7.37882	7.53015	7.46159	7.55771	7.65305
0.035975	7.48517	7.43396	7.43517	7.49873	7.28069	7.55052	7.52719	7.55431	7.71412
0.0363625	7.42964	7.51375	7.24895	7.57895	7.66283	7.61378	7.33942	7.61723	7.55161
0.0367625	7.51658	7.36045	7.32641	7.43327	7.57111	7.49161	7.56635	7.59659	7.57126
0.03715	7.28529	7.48458	7.32412	7.39187	7.3701	7.32062	7.60242	7.46944	7.5347
0.03755	7.57102	7.42744	7.41778	7.37217	7.4797	7.58141	7.22944	7.43222	7.60418
0.03795	7.36146	7.50609	7.33461	7.30988	7.52296	7.38472	7.40757	7.39149	7.42673
0.03835	7.55207	7.65401	7.40419	7.4878	7.53117	7.38022	7.43586	7.41988	7.48861
0.03875	7.3333	7.66546	7.32463	7.49403	7.60786	7.6835	7.46634	7.54507	7.4842
0.0391625	7.37816	7.61745	7.1953	7.52035	7.50039	7.55615	7.23565	7.37198	7.71894
0.039575	7.32365	7.62005	7.29475	7.62048	7.60157	7.43868	7.34016	7.50534	7.70647
0.0399875	7.56324	7.48024	7.23542	7.55833	7.73483	7.33079	7.31647	7.54381	7.55137
0.0404	7.40773	7.42279	7.33122	7.35817	7.54885	7.41972	7.41539	7.51566	7.53883
0.0408125	7.31786	7.47948	7.39834	7.51384	7.34248	7.50821	7.42482	7.39691	7.40927
0.0412375	7.31123	7.47572	7.19691	7.57231	7.39113	7.48788	7.52343	7.45366	7.20491
0.0416625	7.21738	7.36649	7.56313	7.56716	7.4997	7.34758	7.42478	7.55242	7.46718
0.0420875	7.35233	7.3867	7.45401	7.34621	7.44647	7.40976	7.27122	7.49065	7.41403
0.042525	7.35221	7.46637	7.39508	7.40003	7.44464	7.48135	7.40355	7.49304	7.4173
0.04295	7.38721	7.55484	7.37728	7.44559	7.537	7.35506	7.41651	7.62306	7.39894
0.0433875	7.32027	7.45666	7.26085	7.34778	7.52129	7.36429	7.23928	7.52887	7.4267
0.043825	7.43236	7.43557	7.27614	7.53556	7.27992	7.54197	7.37099	7.55698	7.40346
0.044275	7.40903	7.38812	7.30778	7.49935	7.34936	7.44241	7.20072	7.49044	7.47298
0.0447125	7.19397	7.48782	7.24152	7.48551	7.55744	7.29125	7.53558	7.48838	7.46776
0.0451625	7.29567	7.30935	7.43804	7.29128	7.64139	7.48748	7.30211	7.40764	7.40668
0.045625	7.29516	7.41291	7.39139	7.31749	7.4855	7.47472	7.38955	7.5177	7.58045
0.046075	7.44798	7.35567	7.47445	7.14476	7.5565	7.50198	7.29149	7.40111	7.45605
0.0465375	7.3077	7.44038	7.31439	7.35917	7.36103	7.53699	7.3479	7.37058	7.46717
0.0469875	7.36784	7.44794	7.38454	7.40914	7.3391	7.3538	7.46863	7.28455	7.39102
0.0474625	7.47839	7.51301	7.18893	7.63808	7.49662	7.44216	7.30817	7.33025	7.3969
0.047925	7.51949	7.42963	7.40254	7.24419	7.62459	7.38016	7.38163	7.41116	7.4361
0.0484	7.33421	7.52577	7.38277	7.346	7.53354	7.43049	7.25314	7.43553	7.34862
0.048875	7.31516	7.36127	7.20201	7.41397	7.46886	7.41782	7.31671	7.43875	7.58379
0.04935	7.26471	7.368	7.26443	7.45763	7.21581	7.39948	7.23544	7.40708	7.39176
0.049825	7.36286	7.46729	7.45839	7.40837	7.45077	7.52343	7.42799	7.32763	7.53417
0.0503125	7.24821	7.48467	7.25122	7.48913	7.35978	7.39519	7.2468	7.53131	7.49394
0.0508	7.15767	7.35806	7.33974	7.38815	7.41833	7.33974	7.33244	7.39971	7.60846
0.0512875	7.36725	7.38429	7.58346	7.29148	7.45354	7.47809	7.34674	7.36771	7.37386
0.0517875	7.38664	7.43994	7.26907	7.28424	7.58934	7.52986	7.27795	7.3735	7.39903
0.0522875	7.50067	7.35291	7.50606	7.28943	7.54985	7.40929	7.33842	7.5331	7.62104
0.0527875	7.36486	7.43202	7.31946	7.41778	7.42547	7.54963	7.35597	7.4019	7.49063
0.0532875	7.36287	7.44871	7.36574	7.32648	7.44458	7.2599	7.16424	7.44633	7.3961
0.0538	7.49646	7.34643	7.17084	7.24993	7.32845	7.47789	7.21172	7.50406	7.51524
0.0543125	7.35268	7.42675	7.28878	7.386	7.54834	7.48269	7.32606	7.37902	7.41579
0.054825	7.35972	7.40821	7.23471	7.42525	7.45677	7.35547	7.31424	7.39994	7.44399
0.0553375	7.28048	7.62482	7.19487	7.43858	7.30272	7.43252	7.31996	7.42559	7.55059
0.0558625	7.2394	7.33643	7.32861	7.34304	7.4165	7.31432	7.29126	7.34576	7.53761
0.0563875	7.26191	7.41679	7.34876	7.36527	7.30251	7.51439	7.17754	7.33198	7.32229
0.0569125	7.33606	7.45199	7.47871	7.31954	7.46549	7.46227	7.31336	7.41604	7.41136
0.05745	7.3008	7.3081	7.36214	7.38445	7.50372	7.37764	7.44802	7.35355	7.34623
0.0579875	7.14878	7.42116	7.18234	7.42398	7.38831	7.48293	7.17432	7.45812	7.38101
0.058525	7.27548	7.36631	7.20436	7.38897	7.36032	7.39061	7.36246	7.48472	7.4299
0.059075	7.30096	7.29751	7.28627	7.31341	7.40192	7.38499	7.25376	7.35702	7.37726
0.059625	7.14648	7.33026	7.11697	7.34805	7.45101	7.45544	7.36292	7.35503	7.39099
0.060175	7.20352	7.40477	7.2403	7.29267	7.38359	7.16865	7.26974	7.40333	7.32394
0.060725	7.18105	7.37081	7.33962	7.43685	7.37227	7.39768	7.31436	7.49536	7.41674
0.0612875	7.19495	7.22576	7.22808	7.39167	7.38978	7.38277	7.31058	7.19221	7.35782
0.06185	7.27315	7.22522	7.26588	7.25064	7.49727	7.43663	7.38718	7.2467	7.54343
0.062425	7.23202	7.29078	7.41221	7.32524	7.25312	7.36064	7.21421	7.42179	7.50862
0.0629875	7.2939	7.38208	7.38887	7.08179	7.43795	7.38874	7.32325	7.43054	7.31837
0.0635625	7.2472	7.32126	7.22325	7.28464	7.38212	7.25095	7.36497	7.21938	7.36477
0.06415	7.18926	7.37132	7.15875	7.29728	7.37327	7.44019	7.20853	7.34993	7.44595
0.064725	7.27214	7.41917	7.20058	7.43715	7.41252	7.30011	7.33975	7.39536	7.28413
0.0653125	7.39459	7.36909	7.22298	7.27747	7.24326	7.38528	7.37987	7.39679	7.29098
0.0659125	7.351	7.27027	7.25627	7.24216	7.41153	7.47857	7.25976	7.33921	7.49295
0.0665	7.13247	7.37635	7.17446	7.17383	7.41436	7.21183	7.38206	7.24158	7.35716
0.0671	7.29212	7.41227	7.3853	7.26137	7.47868	7.40143	7.32997	7.41416	7.29308
0.0677	7.30891	7.35213	7.24621	7.21977	7.33482	7.21064	7.22605	7.36237	7.20217
0.0683125	7.32949	7.35185	7.16397	7.29428	7.36097	7.3563	7.19358	7.40318	7.40461
0.068925	7.31315	7.31276	7.25702	7.19144	7.42381	7.43098	7.32447	7.48483	7.44078
0.0695375	7.24493	7.20321	7.19709	7.38373	7.40173	7.31222	7.22893	7.42441	7.39468
0.0701625	7.28222	7.29337	7.11911	7.27722	7.446	7.27407	7.24841	7.27515	7.26501
0.0707875	7.2487	7.26396	7.31012	7.2887	7.45365	7.34188	7.1614	7.44021	7.26268
0.0714125	7.17565	7.10873	7.36876	7.33144	7.34364	7.29582	7.32059	7.4027	7.45692
0.07205	7.16039	7.32116	7.26098	7.37538	7.27017	7.26137	7.31904	7.42873	7.30981
0.0726875	7.24027	7.46768	7.21493	7.29252	7.43297	7.3837	7.33297	7.12172	7.25263
0.0733375	7.12839	7.21632	7.24098	7.32691	7.37167	7.35352	7.1434	7.2287	7.31114
0.073975	7.20336	7.32146	7.27123	7.28618	7.23079	7.3222	7.27952	7.42426	7.21358
0.074625	7.07741	7.22971	7.14523	7.21008	7.28378	7.33105	7.31674	7.47204	7.27939
0.0752875	7.36719	7.39096	7.32639	7.25876	7.471	7.40289	7.36684	7.25717	7.35494
0.07595	7.19174	7.26179	7.20693	7.35926	7.32604	7.31377	7.33875	7.20524	7.25441
0.0766125	7.03484	7.17785	7.14813	7.25712	7.4328	7.23991	7.26918	7.36196	7.38952
0.0772875	7.14589	7.20028	7.36225	7.25467	7.34461	7.3776	7.31184	7.40036	7.24872
0.07795	7.13486	7.09405	7.2019	7.24153	7.32759	7.25719	7.32058	7.22711	7.32717
0.0786375	7.16761	7.392	7.27908	7.38252	7.27044	7.40743	7.33335	7.4437	7.26799
0.0793125	7.17547	7.31259	7.25419	7.33955	7.3421	7.47557	7.26753	7.08161	7.50612
0.0800125	7.09413	7.33755	7.14461	7.30322	7.22214	7.39439	7.22093	7.37017	7.34781
0.0807	7.15463	7.20526	7.24628	7.28408	7.27088	7.38549	7.35369	7.22408	7.2614
0.0814	7.22646	7.29988	7.22776	7.30076	7.29848	7.36144	7.19199	7.31437	7.26514
0.0821	7.24177	7.21256	7.15169	7.15801	7.29429	7.20857	7.24811	7.13567	7.26559
0.0828125	7.2771	7.17726	7.19652	7.17506	7.30086	7.2777	7.08687	7.23876	7.26805
0.083525	7.12883	7.35136	7.19421	7.20596	7.24553	7.18631	7.15656	7.20041	7.33886
0.0842375	7.05316	7.33478	7.13033	7.16334	7.3087	7.2525	7.20889	7.27838	7.21941
0.0849625	7.07061	7.31467	7.25475	7.28188	7.32269	7.23377	7.15884	7.31831	7.26178
0.0856875	7.16582	7.21246	7.15297	7.17629	7.28647	7.20736	7.10109	7.37241	7.20937
0.086425	7.08384	7.2064	7.18007	7.22847	7.22516	7.24984	7.26446	7.25029	7.28348
0.0871625	7.09584	7.1674	7.14095	7.17863	7.3492	7.34863	7.18727	7.35045	7.12767
0.0879	7.06576	7.22892	7.2301	7.25959	7.27615	7.26011	7.25584	7.12231	7.1323
0.08865	7.16586	7.34297	7.21405	7.22154	7.38744	7.23717	7.34541	7.35317	7.39513
0.0894	7.16009	7.14908	7.20188	7.15415	7.38967	7.33626	7.10087	7.22574	7.24874
0.0901625	7.2157	7.32864	7.05221	7.27575	7.30449	7.25046	7.18103	7.36582	7.34691
0.090925	7.22481	7.15217	7.17425	7.16699	7.34831	7.22375	7.15285	7.25083	7.26484
0.0917	7.22205	7.24097	7.12779	7.17559	7.23235	7.1702	7.10794	7.30629	7.23938
0.0924625	7.01609	7.2243	7.19192	7.1669	7.3566	7.30292	7.21891	7.2644	7.12397
0.09325	7.12012	7.20298	7.22871	7.21666	7.23678	7.33307	7.39213	7.30805	7.28629
0.0940375	7.20308	7.30363	7.0928	7.23855	7.21269	7.28571	7.19062	7.23207	7.13559
0.094825	7.0636	7.11849	7.17687	7.20613	7.12396	7.24551	7.25822	7.21936	7.18628
0.095625	7.22943	7.29769	7.2131	7.15144	7.33125	7.27029	7.16244	7.20329	7.29631
0.096425	7.17447	7.15988	7.22339	7.3301	7.29287	7.23052	7.28026	7.2483	7.26622
0.097225	7.25243	7.32131	7.17492	7.24895	7.22995	7.39227	7.20097	7.34939	7.29979
0.0980375	7.0876	7.14409	7.08875	7.02178	7.27699	7.27082	7.17586	7.18256	7.33426
0.0988625	7.17318	7.15436	7.09946	7.0725	7.17281	7.2727	7.30963	7.28105	7.23711
0.0996875	7.17743	7.12087	7.15748	7.34005	7.20504	7.30769	7.24694	7.2295	7.14563
0.100512	7.14437	7.19618	7.19674	7.14767	7.17045	7.15915	7.09301	7.25926	7.35101
0.10135	7.16341	7.16569	7.16094	7.34374	7.23266	7.2569	7.22748	7.28743	7.15782
0.102187	7.05017	7.18364	7.16497	7.24838	7.37612	7.18955	7.18925	7.2922	7.34507
0.103037	6.99849	7.17782	7.06718	7.22992	7.18605	7.26752	7.1489	7.27766	7.22727
0.103887	7.00896	7.13603	7.05277	7.22682	7.17102	7.26331	7.00188	7.36111	7.13019
0.10475	7.21178	7.11355	7.20449	7.29037	7.27117	7.22463	7.23684	7.17877	7.29676
0.105613	7.08343	7.18925	7.0545	7.11125	7.31078	7.17662	7.21543	7.21027	7.28358
0.106487	7.03208	7.24667	7.0735	7.15737	7.25176	7.34409	7.2135	7.24327	7.2833
0.107363	6.96516	7.31398	6.98424	7.15596	7.11132	7.26043	7.13211	7.28392	7.26597
0.108237	6.95524	7.17522	7.21613	7.20878	7.36264	7.29184	7.19758	7.13611	7.31035
0.109125	7.13643	7.26213	7.08408	7.15685	7.1923	7.38976	7.18189	7.21957	7.23638
0.110025	6.98552	7.15412	7.14594	7.17077	7.1718	7.20234	7.10858	7.18608	7.18783
0.110925	7.09504	7.14637	7.08482	7.23464	7.28332	7.28265	7.17594	7.18627	7.15556
0.111837	7.10314	7.02842	7.09974	7.09426	7.2284	7.41408	7.24584	7.22329	7.10214
0.11275	7.02646	7.24424	7.03363	7.07616	7.23176	7.20583	7.11802	7.18286	7.30338
0.113675	7.06617	7.14427	7.06924	7.21076	7.20427	7.28041	7.0538	7.18812	7.36671
0.1146	7.16155	7.08128	7.17904	7.08494	7.20393	7.29358	7.07418	7.04711	7.18381
0.115525	7.06942	7.1511	7.03172	7.11	7.34847	7.30302	7.11747	7.34632	7.2406
0.116462	7.03246	7.1491	7.08186	7.04957	7.1901	7.13654	7.16319	7.1569	7.17564
0.117413	7.09579	7.16416	7.10772	7.01507	7.15005	7.23411	7.13966	7.19845	7.17946
0.118363	7.08906	7.07347	7.2111	7.11481	7.20128	7.23351	7.22656	7.1928	7.31586
0.119325	6.94566	7.0468	7.19656	7.23232	7.18772	7.21954	7.24387	7.1134	7.18598
0.120288	7.13475	7.17315	7.22843	7.10998	7.20965	7.16297	7.18481	7.27292	7.15588
0.121262	7.04336	7.11966	7.14959	7.14767	7.14923	7.29277	7.16291	7.15838	7.19977
0.122238	7.12163	7.16737	7.11191	7.15583	7.19194	7.24286	7.15287	7.25721	7.23823
0.123225	7.15926	7.16475	7.135	7.19762	7.2757	7.21099	7.11704	7.22888	7.16293
0.124225	7.14058	7.14413	7.11383	7.17706	7.21481	7.11103	7.07515	7.23153	7.19297
0.125225	7.12233	7.17584	7.1302	7.2241	7.29077	7.23206	7.16052	7.09484	7.12461
0.126225	6.96881	7.11029	7.11845	7.13235	7.25897	7.22668	7.1932	7.1616	7.15192
0.127237	7.09319	6.99594	7.14084	7.23416	7.11296	7.29261	7.06339	7.1139	7.16566
0.128263	7.12788	7.0729	7.23091	7.27095	7.23874	7.16063	7.28595	7.09633	7.21401
0.129287	6.99168	7.02905	7.01686	7.03715	7.12226	7.13865	7.07666	7.13444	7.1079
0.130325	7.07892	7.07117	7.14632	7.14172	7.14795	7.16687	7.17353	7.10083	7.16938
0.131362	7.09524	7.09709	7.03889	7.1773	7.15231	7.20792	7.07842	7.29379	7.07536
0.132412	6.96353	7.18362	7.09189	7.15024	7.23753	7.1113	7.11477	7.26966	7.19628
0.133475	7.10752	7.20284	6.97098	7.09594	7.23622	7.19477	7.05921	7.13563	7.18844
0.134538	7.09748	6.93843	7.07803	7.13175	7.29122	7.1905	7.09358	7.13934	7.1921
0.135613	7.02895	7.10391	7.06808	7.10279	7.20411	7.17481	7.05049	7.18599	7.12874
0.136688	7.03341	7.11802	6.98874	7.01564	7.12456	7.18952	7.13149	7.18407	7.23632
0.137775	6.94643	7.12361	7.1336	7.17839	7.21122	7.30586	7.01885	7.21624	7.13365
0.138863	7.05237	7.13641	7.06838	7.16276	7.26944	7.19964	7.09357	7.1971	7.18068
0.139962	6.99837	7.08643	7.0101	7.14962	7.10794	7.19368	7.01253	7.17765	7.17057
0.141075	7.03542	7.08081	6.99499	7.20814	7.18763	7.3238	7.08841	7.18136	7.10195
0.142188	7.12957	7.10559	7.1088	7.17892	7.23978	7.12341	7.1134	7.14533	7.0832
0.143312	7.13486	7.06072	7.03933	6.98961	7.09872	7.15387	7.10015	7.25039	7.05041
0.14445	7.03977	7.13334	7.05281	7.062	7.17639	7.10451	7.20869	7.03717	7.16166
0.145588	7.01667	7.17687	7.12515	7.12904	7.16924	7.13336	7.06097	7.12567	7.17714
0.146738	7.02696	7.00385	7.00235	6.94554	7.21078	7.05103	6.9688	7.10738	7.12393
0.147887	7.03459	7.02003	7.0351	7.03586	7.12558	7.12775	7.01307	7.1463	7.12605
0.14905	6.98652	7.06906	7.16726	6.9915	7.11284	7.0953	7.0764	7.24733	7.14726
0.150225	6.92383	7.22882	7.13891	7.05008	7.11488	7.15747	7.11437	7.18847	7.10346
0.151413	7.03034	7.15116	7.04695	7.12789	7.20486	7.19735	7.1753	7.12129	7.09067
0.1526	7.01538	7.098	7.04977	7.13313	7.12709	7.19544	7.09353	7.18345	7.07164
0.153787	7.05491	7.0474	7.04707	7.05038	7.16349	7.20441	7.04625	7.1827	7.09689
0.155	7.03833	7.03074	7.07506	7.09815	7.14119	7.17184	7.02941	7.09742	7.18555
0.156212	6.95893	7.10102	6.97385	7.10163	7.2019	7.13884	7.01522	7.25507	7.26605
0.157425	7.0268	7.21696	7.12021	7.01618	7.13072	7.13988	7.14162	7.01734	7.08235
0.158662	7.04854	7.02357	7.02201	7.11974	7.17407	7.17222	7.08954	7.08198	7.133
0.1599	6.88122	7.04897	7.07476	7.02856	7.13231	7.16761	6.9976	7.18831	7.12221
0.16115	6.9844	7.08235	7.01897	7.0844	7.10762	7.20243	7.03367	7.14982	7.14954
0.1624	7.01631	7.10097	7.08126	6.98482	7.01436	7.1869	7.09303	7.1491	7.08158
0.163662	7.0301	7.11279	7.07256	7.15558	7.07891	7.12918	7.046	7.16808	7.14514
0.164937	6.97308	7.04137	7.00404	7.02778	7.13089	7.15148	7.07885	7.04808	7.02977
0.166225	7.03249	7.06687	6.98918	6.97693	7.05099	7.15272	7.0689	7.20094	7.07832
0.167513	7.03138	7.10501	7.10645	7.02724	7.13702	7.09378	7.02781	7.22848	7.11073
0.168812	7.01854	7.03117	6.96257	7.02062	7.10208	7.12907	7.00264	7.04083	7.20344
0.170125	6.93573	7.157	7.01466	6.99495	7.0281	7.05208	7.00092	7.01857	7.13247
0.171438	7.00567	7.02873	6.9757	7.0458	7.10808	7.19128	6.96045	7.03074	7.09202
0.172762	6.94659	7.0166	6.97206	7.05394	6.93472	7.1862	7.06553	7.11257	7.08452
0.1741	6.97416	7.02935	6.95992	7.01893	7.05728	7.04468	7.01631	7.17978	7.08043
0.17545	6.84799	7.08058	6.95129	6.93771	7.20593	7.12275	7.01963	7.11755	7.16362
0.1768	7.00968	7.13335	6.97523	7.0809	7.05371	7.12753	6.89263	7.0486	6.99152
0.178163	7.03093	7.09269	7.13604	6.99897	7.10862	7.1106	7.04474	7.09169	7.10126
0.179538	6.99049	7.08926	7.05014	7.05656	7.07504	7.20344	7.01467	7.09985	7.08679
0.180925	6.94905	6.98351	6.98325	7.10763	7.14288	7.05327	7.02682	7.04138	6.99333
0.182313	6.99567	6.98403	6.98215	7.01678	7.11753	7.16629	7.09882	7.03473	7.17245
0.183712	6.83432	7.15834	7.07596	7.05847	7.0779	7.1544	6.91533	7.07225	7.10925
0.185125	6.99688	7.07519	7.00406	7.01568	7.08437	7.14145	7.00271	7.11399	7.00409
0.18655	6.88543	7.09805	7.03734	7.02371	7.12347	7.16853	6.94847	7.05566	7.03979
0.187988	7.02702	7.12014	7.02084	7.05697	7.03177	7.05298	7.00649	7.04759	7.08586
0.189425	6.88901	7.00413	6.99805	6.97138	7.126	7.20089	6.99427	7.0399	6.99448
0.190875	6.93058	6.91718	7.03839	7.05634	7.14018	7.04678	7.03948	7.15194	7.04921
0.192337	6.97843	7.07296	7.0357	7.0384	7.10277	7.05199	6.94084	7.09264	7.02901
0.193813	7.05929	7.09333	6.96376	7.05511	7.15417	7.02459	6.90161	7.00801	7.09465
0.195287	6.88378	7.00411	6.97986	6.99775	7.03239	7.0768	6.92034	7.05642	7.04349
0.196788	6.98429	7.02116	7.0629	6.97982	7.06506	6.99512	7.07102	7.09916	6.96907
0.198288	7.00626	7.07025	6.98771	7.09138	6.97827	7.09032	6.98301	7.09628	7.07663
0.1998	7.0147	7.02902	7.04243	7.01416	7.07958	7.07022	6.9862	7.09578	7.01317
0.201325	6.88161	6.95314	6.97587	6.95543	6.97315	7.00724	6.89321	6.95195	7.05871
0.202863	6.91453	6.96259	6.96143	7.05432	7.09691	7.10998	7.01113	7.02673	7.02542
0.2044	6.90689	7.05777	6.85906	7.11737	7.08538	7.13564	7.04885	7.01894	6.98058
0.205962	6.91739	6.96369	6.99598	7.04416	7.0449	7.04519	6.98898	7.0355	7.02703
0.207525	6.91434	6.96138	6.9569	6.90689	7.02223	7.05081	6.89338	6.95416	7.07995
0.2091	6.88342	7.08252	7.0176	7.00649	7.01101	7.13179	6.97693	7.07698	7.06693
0.210688	6.89943	7.06375	6.89539	7.04912	7.08473	6.97656	7.02258	7.08901	7.13017
0.212288	6.92462	7.05972	6.98597	7.04621	6.97478	7.07829	6.87579	7.10267	6.98664
0.2139	6.93291	6.95873	6.99715	6.9344	7.0906	7.06505	6.95575	6.99617	7.10801
0.215525	6.932	7.01935	6.91889	6.91332	7.09259	7.04547	6.94972	7.00603	7.02942
0.21715	7.03301	7.00936	7.07885	6.99336	7.0846	7.10061	6.91208	7.02463	7.09988
0.2188	6.93426	6.97533	6.95375	6.88535	7.03418	6.99628	7.03451	7.04388	6.98844
0.22045	6.82142	7.00905	7.04946	6.93758	7.09904	7.07153	6.95853	7.00475	7.04711
0.222125	6.86343	6.97105	6.90667	7.01598	7.14309	7.01376	6.91166	6.98444	6.9279
0.2238	6.96594	6.93245	6.95085	6.95379	6.98003	7.00443	6.90063	6.97667	6.97904
0.225488	6.95077	6.92399	6.91413	6.94586	7.03199	7.09523	6.8731	6.98256	7.03503
0.227187	6.94952	6.88356	6.98678	6.94941	7.03819	7.0997	6.91078	6.9936	7.00252
0.2289	6.86496	7.00345	6.9127	6.84558	7.0216	7.08574	6.94943	6.94795	6.99586
0.230625	6.87998	6.90878	6.95364	6.99675	7.10732	7.00426	6.91035	7.07173	6.93188
0.232362	7.01352	6.95816	6.82221	6.87708	7.06074	7.01858	6.96966	6.88747	7.02735
0.234113	6.9835	7.03622	6.94064	6.9842	7.03324	6.98997	6.94212	6.93091	7.02863
0.235875	6.98473	6.99772	6.93747	6.93209	7.03575	7.08862	6.97568	6.96291	6.99572
0.23765	6.8888	6.98892	6.95969	6.97439	6.9189	6.93605	6.97994	7.07007	7.04157
0.239438	6.92082	6.98191	6.94237	6.92846	6.99605	6.99082	6.94789	6.90931	7.00511
0.241238	6.89192	6.96739	6.90484	6.96089	7.00584	7.04053	6.90335	6.94188	7.02883
0.24305	6.90808	6.93086	6.9069	6.9517	6.99726	7.00907	6.90542	7.02521	6.9078
0.244862	6.89631	6.97126	6.93677	6.87779	6.90086	7.00237	6.99348	6.99121	6.96217
0.2467	6.95439	6.82601	6.97075	6.92125	7.00677	6.99695	6.78166	6.9182	6.97297
0.24855	6.91471	7.0071	7.01014	6.93161	7.02231	6.99442	6.84964	6.99257	6.96629
0.250412	6.87426	6.96345	6.91968	6.95504	7.01034	7.02595	6.92703	7.04752	6.94581
0.252288	6.82174	6.85919	6.87745	6.90442	7.01361	6.95893	6.93971	6.97373	6.98183
0.254175	6.8538	7.02449	6.96841	6.89859	6.99672	7.00503	6.91592	7.01334	6.92371
0.256075	6.87463	6.96468	6.8775	6.96818	6.90128	6.9622	6.84927	6.96852	6.99302
0.257987	6.77925	6.91559	6.94945	6.85007	7.01013	6.9523	6.95467	6.97299	6.94606
0.259912	6.85222	6.99851	6.92821	6.9659	7.02636	6.95301	6.84117	6.97226	6.93392
0.261862	6.88601	7.02504	6.82067	6.94526	7.02794	7.02844	6.82741	6.99377	6.929
0.263813	6.89059	6.90471	6.92161	6.92579	6.99369	6.95073	6.81902	7.01045	6.99664
0.265775	6.87589	6.94423	6.85341	6.99472	7.04192	6.92315	6.85425	6.97564	6.96454
0.267763	6.84382	6.96978	6.9236	6.88874	7.02655	6.93625	6.83924	6.95881	6.97453
0.26975	6.85625	6.85944	6.93371	6.92322	6.97694	6.98306	6.87263	6.91496	6.92337
0.271762	6.83273	6.98595	6.87488	6.97439	6.94496	6.88987	6.90454	6.99792	6.96331
0.273787	6.87439	6.95438	6.88142	6.92687	6.97409	7.07706	6.89063	7.00771	6.92117
0.275825	6.95685	6.90145	6.92059	6.91503	7.0066	7.00529	6.80743	6.9406	6.92629
0.277875	6.87369	6.97089	6.93411	6.88547	7.03522	7.0099	6.81435	6.91686	6.93235
0.279938	6.83981	6.92997	6.86601	6.92088	6.9705	6.95712	6.84386	7.0142	6.91234
0.282012	6.79833	6.94639	6.94034	6.90371	6.97318	6.99193	6.82767	6.90632	6.95499
0.284113	6.85095	6.89849	6.85208	6.92766	6.93913	7.04338	6.91281	6.98026	6.89958
0.286213	6.89099	7.00385	6.93041	6.93164	6.92662	6.92389	6.83422	6.90635	6.90149
0.288337	6.83953	6.97992	6.87616	6.8789	6.95606	7.03791	6.81411	6.896	6.93854
0.290475	6.85416	6.85336	6.85919	6.93042	7.05542	6.96297	6.82959	7.00194	6.89772
0.292625	6.78759	6.95789	6.84114	6.90351	6.92238	6.89239	6.85295	6.94979	6.91847
0.2948	6.8018	6.91921	6.84545	6.96712	6.9638	6.98133	6.82834	6.92656	6.93288
0.296975	6.88745	6.8724	6.92723	6.87874	6.94107	6.91172	6.8422	6.82783	6.93919
0.299175	6.75986	6.90727	6.87554	6.88143	6.93568	6.9556	6.83218	6.86082	6.89999
0.301387	6.83848	6.98679	6.88906	6.87259	6.94104	6.87601	6.90706	6.90311	6.92319
0.303613	6.88105	6.92212	6.90418	6.88503	6.92799	6.95588	6.88822	6.84867	6.93475
0.305862	6.84894	6.92299	6.84782	6.8526	6.88979	6.87665	6.75831	6.97954	6.95478
0.308113	6.85137	6.92166	6.88933	6.94355	7.01984	6.97628	6.82991	6.85061	6.80454
0.310387	6.83512	6.89948	6.87934	6.88676	6.9182	6.99426	6.88047	6.92149	6.88986
0.312687	6.85568	6.88079	6.88073	6.87307	6.97021	6.93028	6.83748	6.93518	6.91837
0.314988	6.78541	6.85116	6.87181	6.91559	6.85839	6.94013	6.80965	6.87288	6.97986
0.317313	6.73985	6.99657	6.83913	6.93954	6.96356	6.94503	6.81249	6.89751	6.89463
0.31965	6.89401	6.88736	6.90704	6.85498	6.87299	6.93848	6.7826	6.88992	6.84887
0.322	6.78606	6.87353	6.92089	6.89844	6.91069	6.96503	6.82245	6.94472	6.92002
0.324375	6.85398	6.89231	6.86325	6.86124	6.89946	6.91988	6.90696	6.89579	6.92203
0.326762	6.79357	6.85974	6.80257	6.86427	6.97748	6.86914	6.82465	6.93724	6.90909
0.329163	6.87554	6.91259	6.84981	6.91764	6.97558	6.91911	6.83227	6.90087	6.90746
0.331587	6.77361	6.82851	6.84963	6.86455	6.8748	6.91654	6.83491	6.90014	6.87769
0.334025	6.77039	6.8905	6.88453	6.91727	6.96391	6.87811	6.85118	6.87704	6.85427
0.336475	6.72483	6.96169	6.82555	6.90993	6.9245	6.94735	6.81801	6.92074	6.83585
0.33895	6.80528	6.83509	6.85761	6.82502	6.92747	6.95718	6.8121	6.83912	6.91866
0.341437	6.83293	6.94074	6.82686	6.83213	7.01843	6.86005	6.74701	6.93146	6.91645
0.343937	6.85195	6.97477	6.86685	6.83578	6.87844	6.89524	6.74387	6.88288	6.82269
0.346462	6.73548	6.95691	6.78277	6.90854	6.92356	6.90226	6.78618	6.85345	6.90608
0.349	6.8264	6.84379	6.83256	6.90317	6.91646	6.89181	6.76473	6.84928	6.83141
0.351563	6.79001	6.85793	6.77624	6.89742	6.94026	6.9561	6.84907	6.86898	6.82009
0.354138	6.84037	6.9082	6.8045	6.9001	6.86276	6.95336	6.80066	6.8788	6.92669
0.356725	6.75919	6.93381	6.82246	6.7939	6.94658	6.8704	6.78612	6.88538	6.89821
0.359338	6.75799	6.89913	6.82285	6.82379	6.86567	6.95238	6.75682	6.83865	6.87613
0.361975	6.79577	6.90083	6.84077	6.81804	6.8817	6.93932	6.79146	6.8294	6.82437
0.364612	6.80916	6.84067	6.81927	6.79288	6.91555	6.91151	6.8943	6.75956	6.92754
0.367287	6.74608	6.8996	6.9511	6.81058	6.94584	6.89658	6.76824	6.80669	6.87424
0.369975	6.77396	6.8452	6.86049	6.81786	6.9056	6.88293	6.80852	6.85552	6.91495
0.372675	6.76721	6.91207	6.80224	6.84576	6.8681	6.86147	6.8001	6.90871	6.87878
0.3754	6.70043	6.81991	6.75784	6.84092	6.92027	6.96437	6.74893	6.85498	6.85694
0.378137	6.79635	6.90512	6.83245	6.83021	6.85128	6.89183	6.79087	6.82796	6.79469
0.3809	6.78888	6.79863	6.7907	6.8389	6.93789	6.85726	6.77865	6.85698	6.84525
0.383675	6.73637	6.8217	6.8048	6.86606	6.87786	6.88883	6.82607	6.8119	6.84949
0.386475	6.72783	6.83429	6.7932	6.79795	6.85591	6.88314	6.76009	6.82872	6.85113
0.389288	6.73762	6.86091	6.82317	6.80204	6.91411	6.81331	6.75762	6.84885	6.88012
0.392125	6.76557	6.86299	6.79639	6.7918	6.81902	6.84559	6.82459	6.8478	6.83966
0.394987	6.7746	6.82136	6.73855	6.81894	6.82917	6.8461	6.70789	6.80761	6.81553
0.397862	6.75499	6.7954	6.72521	6.77299	6.92361	6.91085	6.70421	6.81398	6.77153
0.40075	6.76285	6.8398	6.79159	6.81	6.86141	6.84816	6.79193	6.92529	6.84166
0.403675	6.72746	6.82872	6.67309	6.88525	6.88429	6.84964	6.76616	6.83946	6.83293
0.406612	6.7251	6.8191	6.8108	6.7581	6.92444	6.90207	6.75431	6.80059	6.81811
0.409562	6.77737	6.84415	6.79179	6.78374	6.85183	6.83507	6.74549	6.74594	6.80277
0.412537	6.78861	6.84398	6.79647	6.75159	6.8119	6.84952	6.72822	6.8051	6.85282
0.415538	6.7769	6.85058	6.79474	6.75966	6.85396	6.84274	6.71079	6.80232	6.8625
0.418563	6.73033	6.86101	6.78497	6.79674	6.82325	6.88002	6.64541	6.84245	6.81018
0.4216	6.74586	6.81746	6.82375	6.78953	6.88067	6.9123	6.73374	6.82926	6.80177
0.424663	6.66936	6.81958	6.76149	6.78614	6.8478	6.8897	6.68992	6.80167	6.79693
0.42775	6.75512	6.8082	6.79408	6.78616	6.8335	6.814	6.73059	6.83474	6.77459
0.43085	6.79304	6.76798	6.68554	6.78619	6.78785	6.82678	6.70252	6.79756	6.83084
0.433975	6.79924	6.84098	6.83376	6.8504	6.81296	6.82715	6.75095	6.73922	6.83955
0.437125	6.70995	6.79924	6.78991	6.74528	6.871	6.88336	6.76051	6.81165	6.83545
0.440288	6.70911	6.8979	6.75266	6.75507	6.78838	6.84261	6.69368	6.7966	6.85106
0.443475	6.69302	6.79375	6.77112	6.71009	6.88984	6.85106	6.71526	6.81592	6.76837
0.446687	6.78777	6.84202	6.73943	6.77607	6.83811	6.87709	6.68476	6.74789	6.7898
0.449925	6.74691	6.84299	6.76435	6.76523	6.85047	6.86515	6.77215	6.72169	6.85253
0.453187	6.71862	6.8019	6.75996	6.86048	6.84666	6.84227	6.74696	6.7797	6.7774
0.456463	6.70511	6.7955	6.76663	6.83085	6.87099	6.78868	6.73876	6.81564	6.81088
0.459763	6.73721	6.79881	6.73901	6.77187	6.86493	6.81879	6.69064	6.82729	6.79434
0.463087	6.73016	6.75209	6.7015	6.76625	6.83277	6.81676	6.73673	6.82301	6.73913
0.466437	6.79067	6.83734	6.73546	6.80983	6.79058	6.7982	6.70463	6.74172	6.76805
0.469813	6.73085	6.86425	6.74804	6.82537	6.81028	6.81916	6.74391	6.7638	6.80719
0.473213	6.69511	6.76583	6.73423	6.75026	6.85356	6.85579	6.76882	6.77174	6.77601
0.476625	6.79933	6.80046	6.80999	6.75035	6.82427	6.76985	6.73089	6.75228	6.78935
0.480075	6.64128	6.82403	6.69854	6.76952	6.87713	6.83398	6.78728	6.77441	6.77734
0.483537	6.72507	6.78269	6.74386	6.7278	6.80465	6.77626	6.677	6.77291	6.88191
0.487025	6.69412	6.80193	6.70972	6.76934	6.88652	6.82775	6.70964	6.76262	6.77746
0.490537	6.71122	6.79881	6.6968	6.77929	6.80358	6.87867	6.68139	6.69263	6.7952
0.494075	6.75865	6.81864	6.78585	6.73852	6.83204	6.87822	6.64913	6.83863	6.79023
0.497638	6.73539	6.80708	6.68545	6.75798	6.86102	6.82238	6.70024	6.77141	6.76585
0.501225	6.7312	6.7668	6.76363	6.74183	6.79386	6.8245	6.76069	6.80871	6.70949
0.504838	6.70333	6.84868	6.73232	6.78473	6.80171	6.80856	6.73757	6.7705	6.80333
0.508488	6.71993	6.76411	6.7007	6.71877	6.78339	6.7494	6.7276	6.77428	6.75154
0.51215	6.65366	6.81335	6.7115	6.76496	6.81719	6.82191	6.66129	6.75939	6.78935
0.515837	6.68993	6.77239	6.71284	6.70651	6.8252	6.74683	6.71232	6.80105	6.73387
0.51955	6.74023	6.77555	6.7221	6.72153	6.77391	6.8005	6.72141	6.77665	6.75736
0.523287	6.70293	6.85389	6.73677	6.73387	6.7582	6.81769	6.70501	6.79082	6.79869
0.52705	6.72291	6.78771	6.71658	6.72125	6.81767	6.77024	6.74061	6.72191	6.80304
0.53085	6.65262	6.67821	6.70804	6.74286	6.77529	6.83757	6.68609	6.78221	6.69176
0.534662	6.71708	6.84619	6.72525	6.75035	6.81428	6.7943	6.66723	6.80393	6.75377
0.538513	6.72225	6.74066	6.72646	6.67505	6.81832	6.76175	6.69559	6.7408	6.73504
0.542375	6.69556	6.78944	6.69719	6.68482	6.81145	6.79342	6.70078	6.79592	6.70851
0.546275	6.63568	6.7393	6.6927	6.70167	6.75859	6.77221	6.63904	6.72993	6.73617
0.5502	6.68342	6.75953	6.66518	6.72243	6.80679	6.75656	6.74176	6.70849	6.74781
0.55415	6.67154	6.77198	6.65626	6.70561	6.80606	6.8094	6.65368	6.74979	6.69992
0.558137	6.68343	6.73128	6.68721	6.74083	6.81375	6.77512	6.64427	6.78668	6.76283
0.562137	6.65458	6.76451	6.70675	6.75987	6.80907	6.76084	6.6393	6.70439	6.71629
0.566175	6.65485	6.73773	6.72793	6.68885	6.81423	6.77187	6.70998	6.7367	6.76552
0.570238	6.65475	6.74147	6.71665	6.69097	6.77706	6.70698	6.63458	6.76976	6.74352
0.574337	6.70198	6.75682	6.67786	6.77437	6.78351	6.7558	6.69118	6.78672	6.73758
0.57845	6.67514	6.75483	6.7371	6.7506	6.7439	6.78533	6.63972	6.73323	6.67053
0.5826	6.65957	6.6771	6.64073	6.71334	6.74521	6.77239	6.7302	6.73966	6.71945
0.586775	6.68369	6.7278	6.68004	6.73222	6.77214	6.73721	6.65048	6.73438	6.67087
0.590988	6.64178	6.69667	6.71499	6.72626	6.75578	6.74961	6.62524	6.74398	6.69203
0.595225	6.66309	6.7513	6.68729	6.6931	6.72579	6.71186	6.62249	6.68591	6.69036
0.599487	6.65579	6.75723	6.63614	6.66839	6.75782	6.72238	6.67126	6.70066	6.72331
0.603775	6.6497	6.69214	6.75706	6.67914	6.80541	6.77077	6.58596	6.78437	6.7452
0.6081	6.68917	6.72336	6.67231	6.70351	6.76016	6.77775	6.69314	6.72984	6.72232
0.61245	6.64814	6.74803	6.72558	6.77213	6.7533	6.75954	6.63322	6.72412	6.66918
0.616838	6.68648	6.70501	6.70649	6.69369	6.73418	6.73531	6.66182	6.72859	6.66295
0.62125	6.59077	6.72624	6.67146	6.71145	6.80897	6.72593	6.61158	6.74944	6.71807
0.6257	6.66426	6.75991	6.68071	6.74014	6.79598	6.72352	6.60847	6.75216	6.75583
0.630175	6.66418	6.72483	6.64522	6.6772	6.75897	6.71425	6.57946	6.70877	6.69884
0.634687	6.67406	6.74505	6.66729	6.73862	6.76038	6.75263	6.64987	6.72378	6.70729
0.639225	6.63633	6.7606	6.64927	6.71483	6.77929	6.80617	6.65087	6.76227	6.70182
0.643788	6.67911	6.73203	6.67673	6.60885	6.72448	6.75623	6.67446	6.76594	6.68084
0.648387	6.67546	6.67073	6.62689	6.68109	6.80926	6.70888	6.62325	6.70638	6.75928
0.653025	6.64648	6.72851	6.64396	6.67843	6.76175	6.79467	6.61788	6.74793	6.71178
0.657687	6.65492	6.69522	6.69124	6.68998	6.74265	6.73554	6.6311	6.69153	6.74057
0.662387	6.72414	6.71711	6.68221	6.72656	6.74572	6.72063	6.62117	6.70875	6.7344
0.667113	6.67342	6.6542	6.636	6.72857	6.75152	6.73687	6.62214	6.74947	6.81385
0.671875	6.60128	6.64544	6.62636	6.71349	6.77534	6.69165	6.69161	6.71373	6.70875
0.676675	6.66695	6.68786	6.70945	6.70239	6.72819	6.78509	6.66597	6.69183	6.71528
0.6815	6.63478	6.72374	6.65924	6.70221	6.75122	6.73223	6.59925	6.68389	6.67723
0.686363	6.63878	6.72635	6.6209	6.68718	6.78205	6.74011	6.65519	6.69726	6.69245
0.691262	6.66079	6.7494	6.65833	6.65984	6.69792	6.73481	6.66577	6.69346	6.71111
0.696187	6.604	6.70552	6.63019	6.63932	6.73883	6.75561	6.67356	6.75711	6.7157
0.701163	6.6445	6.68313	6.6107	6.67983	6.70309	6.72505	6.64284	6.70347	6.70631
0.70615	6.6045	6.73521	6.64223	6.62711	6.71607	6.73596	6.60473	6.70419	6.70569
0.711187	6.64913	6.69747	6.65415	6.64879	6.73536	6.76271	6.62757	6.68946	6.69814
0.716263	6.59028	6.71386	6.64116	6.62863	6.75429	6.77143	6.63816	6.66137	6.70861
0.721362	6.64049	6.66615	6.64833	6.67033	6.74073	6.75602	6.64706	6.66841	6.70281
0.7265	6.62602	6.66189	6.63448	6.64938	6.73302	6.68492	6.61898	6.66227	6.72568
0.731675	6.62901	6.71997	6.6375	6.68904	6.6838	6.707	6.63919	6.70615	6.68053
0.736888	6.59274	6.66863	6.6727	6.69455	6.76363	6.72932	6.62406	6.63776	6.70799
0.742137	6.6393	6.69119	6.62311	6.68812	6.72005	6.76061	6.57278	6.68288	6.67739
0.747413	6.6173	6.68792	6.62132	6.64697	6.78571	6.69932	6.57809	6.71153	6.7171
0.752738	6.63735	6.68225	6.63783	6.65675	6.76551	6.75313	6.59177	6.6856	6.70575
0.758088	6.62358	6.71644	6.64124	6.65928	6.76636	6.7393	6.58399	6.70653	6.7062
0.763488	6.61687	6.68661	6.6874	6.66343	6.71582	6.76693	6.61566	6.69763	6.68077
0.768912	6.63644	6.67618	6.64285	6.678	6.72317	6.75954	6.54217	6.70801	6.71542
0.774387	6.61572	6.64805	6.63681	6.66782	6.68569	6.74026	6.6215	6.63806	6.69655
0.779887	6.662	6.684	6.65908	6.65243	6.74373	6.71386	6.65756	6.68182	6.63668
0.785438	6.64027	6.67104	6.64561	6.6408	6.73411	6.73285	6.54683	6.67413	6.67937
0.791013	6.6687	6.69339	6.65442	6.66282	6.72909	6.70047	6.61893	6.69717	6.70459
0.796637	6.6747	6.70141	6.64157	6.64477	6.71326	6.69372	6.59869	6.72503	6.66709
0.8023	6.65165	6.69076	6.63454	6.65059	6.66938	6.67558	6.66119	6.6351	6.70245
0.808	6.62231	6.67795	6.60942	6.66195	6.68918	6.73953	6.61571	6.64797	6.65366
0.813738	6.59541	6.66968	6.62017	6.69186	6.65621	6.67955	6.61023	6.71043	6.68785
0.819512	6.62311	6.63556	6.6575	6.6455	6.69409	6.72372	6.58274	6.71278	6.69679
0.825338	6.5865	6.6723	6.61678	6.63721	6.67682	6.72161	6.61085	6.65001	6.70617
0.8312	6.57892	6.67508	6.64123	6.63978	6.71589	6.67621	6.59838	6.68127	6.65988
0.8371	6.62631	6.68751	6.6909	6.6546	6.69632	6.70671	6.58996	6.63857	6.67547
0.843037	6.66445	6.68456	6.61469	6.6119	6.68168	6.71045	6.59448	6.63715	6.7247
0.849025	6.68203	6.67531	6.64075	6.66606	6.67789	6.70219	6.60163	6.62502	6.6625
0.85505	6.60418	6.6593	6.65503	6.61183	6.7112	6.68898	6.61615	6.57613	6.66895
0.861112	6.62996	6.70488	6.63016	6.6583	6.74733	6.6728	6.61601	6.68802	6.644
0.867212	6.63486	6.67052	6.69049	6.62292	6.67474	6.70818	6.61373	6.71628	6.6707
0.873362	6.56602	6.67008	6.6066	6.63837	6.72495	6.6503	6.65848	6.63915	6.67366
0.879562	6.63659	6.69315	6.64552	6.66409	6.69886	6.6563	6.58545	6.67799	6.67522
0.8858	6.57213	6.72819	6.65429	6.69946	6.71298	6.7221	6.57024	6.65969	6.63333
0.892075	6.63102	6.66417	6.61804	6.62373	6.66326	6.73807	6.57048	6.66348	6.69815
0.8984	6.62761	6.69799	6.61641	6.65734	6.72418	6.65966	6.58004	6.65357	6.65631
0.904763	6.63414	6.71594	6.67713	6.62528	6.66427	6.67783	6.60462	6.63951	6.65817
0.911175	6.55253	6.67458	6.62872	6.63685	6.69349	6.65551	6.59755	6.64632	6.71106
0.917625	6.61871	6.6725	6.65398	6.63775	6.66918	6.6913	6.58031	6.69561	6.62012
0.924125	6.61242	6.70352	6.68487	6.67875	6.68117	6.6785	6.556	6.61585	6.6439
0.930675	6.64271	6.6589	6.62564	6.64484	6.69013	6.6662	6.55445	6.64745	6.64317
0.937262	6.59556	6.61935	6.58423	6.63688	6.68801	6.68875	6.62021	6.64452	6.68254
0.9439	6.58361	6.63083	6.58283	6.62545	6.70497	6.64835	6.57429	6.62341	6.66353
0.950575	6.58387	6.68887	6.63226	6.63036	6.68728	6.78403	6.614	6.66244	6.63998
0.9573	6.591	6.70674	6.67185	6.60684	6.72146	6.7023	6.58862	6.64677	6.67203
0.964075	6.56206	6.68611	6.58954	6.62318	6.69019	6.66969	6.56392	6.6942	6.63996
0.9709	6.63237	6.68498	6.60218	6.60109	6.72421	6.75359	6.58988	6.66022	6.65418
0.977775	6.59465	6.65967	6.59506	6.6541	6.63565	6.6791	6.58532	6.66846	6.60052
0.984688	6.57428	6.68727	6.60557	6.65031	6.69224	6.66831	6.64507	6.64458	6.6337
0.99165	6.59108	6.68477	6.61303	6.64113	6.71226	6.67002	6.5607	6.67557	6.67906
0.998662	6.61575	6.62831	6.61705	6.63262	6.68455	6.66507	6.54703	6.6222	6.66558
1.00573	6.60594	6.67655	6.62916	6.59682	6.71046	6.72609	6.58052	6.65198	6.67133
1.01284	6.6112	6.64671	6.62104	6.59361	6.7143	6.65658	6.60234	6.62257	6.62168
1.01999	6.59668	6.7023	6.60743	6.67113	6.68972	6.6656	6.56117	6.64757	6.66744
1.0272	6.59825	6.65196	6.63942	6.63804	6.69547	6.70672	6.54982	6.66074	6.67718
1.03446	6.63941	6.65644	6.60981	6.61075	6.6769	6.7169	6.57043	6.6632	6.66497
1.04177	6.59037	6.69484	6.60598	6.71423	6.66447	6.65682	6.60978	6.63807	6.68304
1.04912	6.5775	6.67223	6.60915	6.63443	6.72443	6.71407	6.62796	6.66261	6.66744
1.05654	6.59604	6.65952	6.60561	6.64928	6.69677	6.70456	6.57262	6.64164	6.66474
1.064	6.60431	6.65048	6.60872	6.64872	6.7012	6.69929	6.61665	6.64818	6.69259
1.07151	6.62381	6.67052	6.59519	6.65947	6.68062	6.69359	6.6071	6.65149	6.62562
1.07909	6.57427	6.64513	6.61285	6.63068	6.66806	6.64608	6.58448	6.66981	6.63206
1.0867	6.6029	6.67798	6.66258	6.65316	6.67468	6.66948	6.5589	6.67821	6.66366
1.09438	6.58751	6.67224	6.61631	6.6693	6.72181	6.70732	6.59339	6.64327	6.6383
1.1021	6.58525	6.66995	6.57043	6.64186	6.71462	6.67563	6.59998	6.6526	6.62305
1.10987	6.59379	6.64464	6.56524	6.57072	6.67846	6.66588	6.56345	6.66514	6.6177
1.1177	6.59641	6.67922	6.58631	6.61382	6.68839	6.67671	6.57934	6.66194	6.69561
1.12559	6.59155	6.69133	6.60996	6.67214	6.7388	6.66849	6.6013	6.62642	6.65577
1.13354	6.57869	6.66676	6.59153	6.65772	6.693	6.71725	6.58781	6.65008	6.65661
1.14153	6.6153	6.68085	6.60625	6.64946	6.68254	6.64726	6.58453	6.63388	6.6457
1.14957	6.61119	6.69016	6.62435	6.64259	6.6641	6.66191	6.57936	6.66985	6.64996
1.15769	6.56792	6.67055	6.6185	6.64079	6.70289	6.67418	6.54159	6.63291	6.62244
1.16585	6.53939	6.63802	6.61627	6.64079	6.66078	6.68364	6.56339	6.62863	6.66571
1.17408	6.56866	6.65254	6.59375	6.62279	6.69848	6.65644	6.55952	6.65975	6.65126
1.18235	6.59671	6.68115	6.58707	6.60977	6.66551	6.68947	6.54866	6.65406	6.67549
1.19069	6.60664	6.65741	6.61038	6.6316	6.68644	6.66613	6.51855	6.6237	6.65769
1.19907	6.60308	6.63635	6.60492	6.66122	6.67171	6.69651	6.56822	6.61905	6.66676
1.20753	6.61086	6.65956	6.5663	6.65136	6.65857	6.69405	6.57256	6.65253	6.6702
1.21604	6.59975	6.65194	6.61072	6.65141	6.6795	6.69414	6.59718	6.67695	6.6038
1.2246	6.63312	6.65149	6.64435	6.61763	6.66888	6.65821	6.5814	6.62554	6.65465
1.23322	6.6059	6.70332	6.61847	6.60375	6.69531	6.6849	6.59656	6.66903	6.64358
1.24191	6.59412	6.66774	6.61837	6.62697	6.64704	6.71884	6.55699	6.62312	6.65159
1.25066	6.57856	6.67187	6.58565	6.64015	6.66017	6.66973	6.56532	6.63989	6.63779
1.25947	6.58227	6.66594	6.58845	6.63978	6.69501	6.6602	6.5389	6.64735	6.62153
1.26834	6.55421	6.65469	6.61333	6.614	6.69479	6.67087	6.55749	6.64491	6.64428
1.27727	6.62027	6.66757	6.62171	6.63458	6.69962	6.66237	6.56345	6.62278	6.66023
1.28626	6.60707	6.63836	6.59907	6.62691	6.6481	6.69871	6.59948	6.66154	6.63906
1.29531	6.5735	6.67762	6.6056	6.59325	6.70488	6.69972	6.59738	6.62365	6.65101
1.30444	6.59663	6.66763	6.62408	6.62846	6.69029	6.64677	6.54581	6.63652	6.6306
1.31361	6.55441	6.64072	6.59898	6.61793	6.67874	6.65637	6.54003	6.64798	6.63232
1.32286	6.58436	6.69475	6.59927	6.63279	6.67393	6.68033	6.54908	6.66719	6.64809
1.33216	6.57677	6.65016	6.61287	6.61984	6.66211	6.72451	6.58165	6.63043	6.64379
1.34154	6.58231	6.62572	6.56589	6.59938	6.67263	6.66785	6.58567	6.68358	6.66359
1.35098	6.62422	6.64432	6.5963	6.64333	6.69348	6.6684	6.55678	6.60293	6.64754
1.36047	6.58118	6.63405	6.5842	6.61499	6.67314	6.71592	6.56512	6.65505	6.66638
1.37005	6.60963	6.67594	6.59873	6.61523	6.68011	6.69423	6.55695	6.68524	6.65602
1.37969	6.56269	6.68758	6.61526	6.63213	6.69888	6.71062	6.59393	6.61331	6.63109
1.38939	6.62646	6.66548	6.60598	6.62578	6.68019	6.71409	6.56348	6.62941	6.66058
1.39915	6.63247	6.66716	6.61016	6.62344	6.6761	6.69934	6.58351	6.6437	6.64957
1.40899	6.59898	6.64576	6.5873	6.60891	6.62734	6.67101	6.53942	6.61344	6.62022
1.4189	6.5637	6.69313	6.57799	6.65404	6.67321	6.67546	6.53713	6.61262	6.63697
1.42887	6.5756	6.63246	6.59613	6.62395	6.66725	6.68462	6.59214	6.65069	6.67657
1.43891	6.58098	6.6618	6.59158	6.62767	6.67716	6.67946	6.57458	6.66037	6.66322
1.44903	6.56843	6.67641	6.60208	6.64457	6.69497	6.64665	6.56637	6.65705	6.65411
1.45921	6.56889	6.65281	6.59252	6.622	6.68037	6.68044	6.53143	6.6436	6.63824
1.46946	6.56294	6.66352	6.6116	6.63418	6.7108	6.67715	6.54815	6.62333	6.64726
1.47979	6.59321	6.66629	6.59066	6.65799	6.70133	6.6697	6.56928	6.6247	6.64565
1.49019	6.59455	6.64607	6.5807	6.63706	6.66712	6.63745	6.54671	6.63699	6.65905
1.50065	6.58697	6.68954	6.59655	6.62591	6.67257	6.68462	6.59141	6.62689	6.64312
1.51119	6.60009	6.66968	6.59216	6.6444	6.67094	6.63046	6.59649	6.65436	6.64019
1.52181	6.57338	6.65628	6.62183	6.63595	6.67356	6.67657	6.57104	6.63309	6.64492
1.5325	6.61998	6.67279	6.58319	6.6335	6.68411	6.68348	6.58186	6.60963	6.64202
1.54325	6.61426	6.65004	6.59343	6.63142	6.67672	6.69316	6.59944	6.6428	6.59486
1.55409	6.59248	6.67634	6.58645	6.63708	6.65517	6.69236	6.59417	6.62936	6.60116
1.565	6.60718	6.62563	6.60903	6.67087	6.69493	6.68493	6.56349	6.64735	6.64279
1.57599	6.61194	6.6676	6.58873	6.61203	6.70613	6.65322	6.59749	6.6426	6.65358
1.58705	6.61326	6.68246	6.63596	6.61518	6.69419	6.67761	6.55024	6.64522	6.62018
1.59819	6.61125	6.6472	6.6068	6.60268	6.74168	6.72682	6.57612	6.62855	6.63189
1.60941	6.59843	6.65544	6.64253	6.66156	6.70472	6.69958	6.55009	6.6457	6.63455
1.6207	6.62384	6.64457	6.605	6.65487	6.65229	6.70183	6.58245	6.67203	6.59592
1.63207	6.6054	6.63202	6.61702	6.62692	6.67741	6.68578	6.56929	6.62267	6.65807
1.64353	6.61243	6.6358	6.58121	6.5903	6.69443	6.67741	6.57856	6.63729	6.62167
1.65506	6.61153	6.65819	6.60937	6.63179	6.68365	6.68774	6.59945	6.64133	6.67405
1.66667	6.627	6.61539	6.60636	6.64751	6.68599	6.65478	6.56352	6.63971	6.66281
1.67836	6.61531	6.6562	6.58734	6.61453	6.65739	6.66186	6.53824	6.63961	6.64652
1.69014	6.56847	6.65322	6.61336	6.59776	6.68059	6.65288	6.56202	6.64404	6.64906
1.70199	6.56908	6.6585	6.57241	6.62775	6.65362	6.66304	6.55598	6.66744	6.63457
1.71393	6.62575	6.64675	6.63763	6.59423	6.68956	6.70462	6.59105	6.64838	6.63502
1.72594	6.58913	6.65152	6.58283	6.63052	6.67904	6.68889	6.54715	6.62368	6.68498
1.73805	6.57474	6.62929	6.62703	6.63192	6.64339	6.6679	6.55639	6.62203	6.61497
1.75022	6.57556	6.66478	6.60317	6.62531	6.68573	6.66989	6.57304	6.63177	6.63073
1.7625	6.59686	6.66714	6.63114	6.66227	6.69135	6.70103	6.53723	6.62146	6.66178
1.77486	6.59672	6.65805	6.62973	6.67133	6.68409	6.67868	6.57291	6.61682	6.64946
1.7873	6.60187	6.64207	6.5977	6.61726	6.69102	6.69202	6.55377	6.62614	6.6596
1.79982	6.59735	6.63617	6.62564	6.63549	6.63902	6.67663	6.56335	6.64354	6.6687
1.81244	6.57193	6.64892	6.6178	6.61876	6.66121	6.69269	6.55883	6.61154	6.67775
1.82514	6.59449	6.64517	6.59545	6.6728	6.69282	6.67695	6.57174	6.62471	6.65549
1.83794	6.60702	6.6352	6.64585	6.65486	6.69701	6.68761	6.54511	6.65368	6.62585
1.85081	6.59272	6.64397	6.61264	6.61294	6.69143	6.7093	6.56648	6.62065	6.65876
1.86378	6.58533	6.6662	6.64038	6.61682	6.676	6.69613	6.58265	6.64934	6.65617
1.87684	6.62174	6.63824	6.60248	6.62983	6.67333	6.65961	6.56457	6.63467	6.65553
1.88999	6.57156	6.66463	6.62197	6.65612	6.68107	6.68455	6.56837	6.60942	6.63393
1.90322	6.5874	6.69383	6.62376	6.64839	6.70343	6.64564	6.57679	6.65237	6.63576
1.91655	6.60789	6.67879	6.63443	6.6541	6.68685	6.69054	6.59985	6.66668	6.65615
1.92998	6.59742	6.66812	6.63969	6.6293	6.67383	6.67858	6.54541	6.63165	6.66915
1.9435	6.58177	6.66291	6.59879	6.64679	6.68441	6.67228	6.57602	6.64261	6.60954
1.9571	6.60552	6.67362	6.59861	6.63729	6.70161	6.6786	6.54864	6.64307	6.6527
1.97081	6.6068	6.6458	6.60511	6.61842	6.69608	6.69137	6.56956	6.66624	6.65092
1.98461	6.60819	6.66469	6.58431	6.64558	6.68632	6.66263	6.53341	6.67045	6.65979
1.9985	6.61517	6.6553	6.59322	6.61878	6.7142	6.69037	6.56026	6.64265	6.63347
2.0125	6.57449	6.63768	6.61775	6.65795	6.71028	6.68948	6.57529	6.6758	6.65679
2.02659	6.60062	6.64975	6.63096	6.66713	6.71261	6.6298	6.56577	6.62592	6.67676
2.04078	6.59224	6.63971	6.6031	6.64312	6.71449	6.69452	6.57305	6.65589	6.64891
2.05506	6.59706	6.63835	6.61243	6.64855	6.68587	6.66401	6.59357	6.67416	6.63389
2.06944	6.60595	6.65425	6.61189	6.64021	6.70494	6.69241	6.58458	6.6649	6.64543
2.08393	6.59554	6.67334	6.60523	6.64685	6.71769	6.65153	6.55786	6.65521	6.62693
2.09851	6.59445	6.64304	6.61257	6.62764	6.68393	6.67136	6.56159	6.66459	6.6715
2.11319	6.62171	6.65311	6.59609	6.64072	6.71249	6.67644	6.5897	6.65082	6.64604
2.12797	6.59611	6.66395	6.60239	6.64167	6.70024	6.69291	6.57068	6.64408	6.64766
2.14286	6.59541	6.66138	6.60867	6.6426	6.71092	6.67984	6.57591	6.67238	6.66287
2.15786	6.59697	6.66541	6.61788	6.64433	6.69735	6.69973	6.58314	6.63163	6.66143
2.17296	6.61974	6.64367	6.60304	6.63564	6.66159	6.69471	6.59037	6.65326	6.67393
2.18816	6.59382	6.66293	6.6245	6.67344	6.68344	6.68199	6.57777	6.63697	6.63695
2.20346	6.60188	6.66475	6.60153	6.60591	6.68564	6.70832	6.59304	6.64437	6.65778
2.21887	6.58515	6.68501	6.60159	6.63029	6.68484	6.71447	6.59981	6.61422	6.6496
2.2344	6.61738	6.65701	6.62323	6.62156	6.70818	6.68203	6.57477	6.66736	6.68151
2.25003	6.6218	6.65262	6.61726	6.63481	6.70481	6.69008	6.5697	6.66316	6.66081
2.26576	6.57355	6.64779	6.62184	6.64589	6.67207	6.71231	6.6098	6.63888	6.65584
2.2816	6.62349	6.67703	6.65517	6.64425	6.68488	6.66246	6.56223	6.67848	6.68162
2.29755	6.62931	6.68399	6.62589	6.64458	6.6948	6.67391	6.58425	6.62883	6.64884
2.31363	6.61128	6.65231	6.6316	6.6338	6.69819	6.69327	6.57648	6.68007	6.66026
2.3298	6.64251	6.67696	6.60094	6.63259	6.69464	6.67282	6.58599	6.66838	6.68044
2.34609	6.6057	6.66783	6.60417	6.63057	6.68766	6.7009	6.56916	6.67397	6.63918
2.36249	6.61063	6.69248	6.62113	6.63722	6.70824	6.71489	6.59478	6.64664	6.66959
2.379	6.58794	6.66385	6.6222	6.61572	6.65711	6.69892	6.60524	6.66969	6.66722
2.39563	6.64603	6.68102	6.60569	6.63995	6.68701	6.70806	6.58803	6.65672	6.63961
2.41237	6.59528	6.6765	6.6094	6.65012	6.70225	6.70211	6.60014	6.68118	6.65653
2.42924	6.62213	6.67989	6.62204	6.64491	6.67773	6.71183	6.58868	6.66951	6.63737
2.44621	6.61127	6.6852	6.63169	6.63192	6.69155	6.67539	6.58273	6.67519	6.64977
2.4633	6.62277	6.70718	6.62258	6.66609	6.71161	6.70127	6.60365	6.66831	6.66069
2.48051	6.6007	6.6743	6.61631	6.63973	6.72175	6.69904	6.60362	6.65598	6.68639
2.49785	6.61895	6.68447	6.60037	6.62413	6.70407	6.68654	6.60332	6.69082	6.65795
2.5153	6.62742	6.68506	6.5775	6.62138	6.69422	6.70619	6.60993	6.66663	6.64888
2.53288	6.58794	6.67479	6.63847	6.64796	6.74551	6.69607	6.55982	6.65473	6.67309
2.55058	6.5996	6.67379	6.63824	6.63916	6.69999	6.6826	6.59146	6.67614	6.66769
2.56839	6.59807	6.67451	6.60375	6.66912	6.70385	6.67378	6.58075	6.68108	6.66438
2.58634	6.60642	6.63904	6.6028	6.64851	6.72657	6.67616	6.57614	6.67026	6.67905
2.6044	6.60552	6.65833	6.5739	6.65438	6.71234	6.68859	6.61077	6.67752	6.65934
2.62259	6.63175	6.70165	6.6174	6.62795	6.71456	6.71482	6.56989	6.64303	6.67291
2.64091	6.60559	6.67506	6.63355	6.65372	6.69842	6.70089	6.59156	6.67302	6.6943
2.65935	6.60214	6.6733	6.62308	6.6398	6.67412	6.67932	6.5963	6.6678	6.68951
2.67793	6.61635	6.67685	6.60437	6.64053	6.71546	6.68662	6.57546	6.66494	6.6612
2.69662	6.60705	6.67875	6.60856	6.64895	6.69578	6.6906	6.60489	6.66513	6.67022
2.71546	6.60184	6.64369	6.63292	6.63183	6.69528	6.68762	6.58877	6.69476	6.67748
2.73443	6.59791	6.70223	6.62965	6.62959	6.65368	6.70498	6.60311	6.68055	6.68056
2.75351	6.60099	6.67215	6.64094	6.64647	6.67713	6.69921	6.60707	6.66319	6.66911
2.77274	6.62977	6.68661	6.60951	6.63805	6.70952	6.70878	6.6252	6.68204	6.69133
2.7921	6.61479	6.70862	6.63063	6.66038	6.69091	6.71558	6.61546	6.66543	6.69259
2.81159	6.63738	6.68477	6.65419	6.63084	6.69382	6.70255	6.61295	6.66546	6.68208
2.83121	6.62098	6.69992	6.62054	6.65924	6.69785	6.73318	6.58824	6.65465	6.70444
2.85098	6.64242	6.67466	6.62542	6.67232	6.72177	6.7157	6.56732	6.67948	6.68486
2.87087	6.61513	6.69324	6.65043	6.64163	6.69633	6.6996	6.59806	6.68932	6.68158
2.89091	6.60923	6.70229	6.63414	6.64786	6.68775	6.70537	6.59939	6.68419	6.68286
2.9111	6.61125	6.67734	6.62077	6.64126	6.69633	6.71901	6.58643	6.67298	6.6825
2.93141	6.64393	6.69626	6.65294	6.65482	6.71085	6.72901	6.59349	6.68492	6.67821
2.95187	6.59855	6.68958	6.62773	6.67308	6.68017	6.71328	6.61355	6.66603	6.66628
2.97248	6.62259	6.66525	6.63599	6.6664	6.7269	6.70166	6.62708	6.67212	6.66327
2.99321	6.62224	6.68853	6.63686	6.66564	6.71821	6.70235	6.58976	6.68159	6.68959
3.0141	6.6274	6.65185	6.64058	6.63616	6.72068	6.70564	6.5975	6.69052	6.67453
3.03514	6.65107	6.65682	6.60993	6.6552	6.72377	6.7125	6.59109	6.66796	6.66844
3.05631	6.6353	6.68573	6.62332	6.64425	6.73276	6.70764	6.58326	6.68462	6.67831
3.07764	6.6122	6.68634	6.62809	6.65489	6.72572	6.72363	6.59638	6.67615	6.70189
3.0991	6.60752	6.67376	6.62523	6.68527	6.70796	6.70551	6.62228	6.68789	6.67496
3.12072	6.63634	6.68949	6.619	6.6608	6.69926	6.72751	6.60692	6.64348	6.69928
3.1425	6.62707	6.69217	6.62586	6.64572	6.72065	6.70513	6.59293	6.66641	6.69246
3.16441	6.65502	6.69951	6.62199	6.64086	6.7023	6.72177	6.59501	6.66346	6.69653
3.18649	6.61173	6.70097	6.63195	6.6393	6.71204	6.69642	6.57296	6.67335	6.6807
3.20871	6.60457	6.67323	6.62323	6.65217	6.72843	6.72387	6.59349	6.66276	6.6909
3.2311	6.634	6.69318	6.65508	6.65164	6.70498	6.6958	6.60901	6.66321	6.69024
3.25364	6.61417	6.67922	6.63765	6.63722	6.70087	6.69058	6.60597	6.67341	6.69236
3.27632	6.61434	6.68635	6.64356	6.64873	6.73309	6.71389	6.64208	6.65853	6.67765
3.29918	6.65506	6.68875	6.6343	6.63898	6.71527	6.69344	6.5969	6.68977	6.67652
3.32218	6.64655	6.67721	6.64173	6.63331	6.70164	6.7158	6.61881	6.68173	6.67051
3.34535	6.59157	6.69083	6.65238	6.65025	6.68409	6.6935	6.60989	6.66877	6.65834
3.36867	6.64276	6.67841	6.63965	6.65109	6.71711	6.71258	6.61553	6.6662	6.67465
3.39216	6.62982	6.70831	6.62805	6.68316	6.713	6.72732	6.6021	6.68166	6.68863
3.41581	6.64832	6.65893	6.6306	6.67359	6.70778	6.73758	6.60006	6.68882	6.68061
3.43964	6.6265	6.67079	6.64777	6.67482	6.73118	6.74051	6.61915	6.71124	6.68031
3.46361	6.61557	6.69162	6.62456	6.65158	6.72522	6.69845	6.61557	6.69592	6.68589
3.48776	6.62748	6.69857	6.631	6.65222	6.7058	6.71763	6.6194	6.69978	6.68723
3.51207	6.64265	6.68384	6.62582	6.63737	6.74545	6.71578	6.59857	6.7108	6.69294
3.53656	6.64732	6.70099	6.63277	6.65586	6.73604	6.73471	6.61935	6.69926	6.67817
3.56121	6.63918	6.67568	6.63405	6.67857	6.71675	6.71202	6.59331	6.67252	6.69233
3.58604	6.65342	6.66354	6.65154	6.62975	6.70207	6.71068	6.5779	6.71484	6.69016
3.61104	6.60401	6.69573	6.65419	6.66201	6.72352	6.74441	6.61092	6.6626	6.6821
3.6362	6.63286	6.69423	6.63506	6.66557	6.71938	6.71276	6.5997	6.68457	6.67456
3.66155	6.62596	6.69088	6.64976	6.65382	6.71492	6.73323	6.61848	6.70521	6.72125
3.68706	6.61712	6.7053	6.62566	6.68837	6.7205	6.71949	6.60393	6.68407	6.6926
3.71276	6.63626	6.67562	6.66691	6.66	6.71315	6.72567	6.59487	6.65878	6.70925
3.73864	6.64081	6.68742	6.6533	6.65684	6.70922	6.71317	6.60663	6.68477	6.68446
3.76469	6.64147	6.67841	6.64945	6.67753	6.72428	6.72767	6.61471	6.68879	6.68719
3.79093	6.64349	6.70711	6.64326	6.66823	6.74309	6.74746	6.61383	6.71125	6.70776
3.81734	6.64503	6.72605	6.65416	6.66632	6.74559	6.72917	6.62515	6.71819	6.68536
3.84394	6.63932	6.69966	6.65912	6.65821	6.71699	6.76015	6.62284	6.67413	6.67968
3.87072	6.62233	6.70228	6.63061	6.65715	6.70683	6.72958	6.61547	6.69735	6.69395
3.89769	6.64688	6.71196	6.66002	6.66495	6.70153	6.71756	6.6234	6.71039	6.6729
3.92485	6.64867	6.70275	6.62971	6.6634	6.73718	6.73967	6.59926	6.70466	6.69539
3.95219	6.6113	6.69462	6.65491	6.68872	6.71165	6.74258	6.6169	6.71879	6.69839
3.97972	6.64311	6.68132	6.65744	6.68274	6.71421	6.7284	6.61035	6.70945	6.67645
4.00745	6.63415	6.69963	6.65021	6.66559	6.71324	6.73209	6.59483	6.7018	6.68722
4.03536	6.64232	6.71079	6.65203	6.67822	6.73369	6.73545	6.60566	6.69674	6.68768
4.06348	6.62676	6.68925	6.66747	6.65459	6.75533	6.73912	6.62056	6.69827	6.68339
4.09177	6.64204	6.69195	6.65606	6.6801	6.72524	6.72726	6.59298	6.69646	6.68789
4.12029	6.60651	6.70029	6.67786	6.65689	6.73232	6.73441	6.61776	6.68626	6.698
4.14899	6.65306	6.68735	6.65191	6.68559	6.74181	6.73753	6.61083	6.7076	6.68593
4.17788	6.62439	6.69154	6.67433	6.66291	6.70959	6.72084	6.62332	6.69464	6.68132
4.20697	6.62815	6.69247	6.66844	6.67681	6.70436	6.72762	6.6218	6.6924	6.6804
4.23628	6.62578	6.69241	6.64912	6.66564	6.74369	6.7766	6.62521	6.69769	6.69832
4.26578	6.64795	6.71143	6.65714	6.7106	6.72751	6.73917	6.6192	6.70439	6.69862
4.29549	6.65698	6.70971	6.66285	6.68309	6.73283	6.7513	6.63034	6.70373	6.6941
4.3254	6.6475	6.72505	6.66653	6.66714	6.72084	6.71857	6.64781	6.67868	6.68569
4.35553	6.63058	6.69673	6.67172	6.66279	6.74278	6.72612	6.63155	6.72021	6.68684
4.38585	6.6382	6.67895	6.66382	6.67823	6.75488	6.73024	6.64141	6.71664	6.69074
4.41639	6.6481	6.70898	6.65156	6.68409	6.7463	6.75226	6.60583	6.69667	6.6975
4.44715	6.6403	6.68965	6.64242	6.68852	6.74486	6.72747	6.61744	6.69472	6.69714
4.47811	6.6292	6.7059	6.66162	6.66858	6.75121	6.74509	6.62322	6.70163	6.69925
4.50929	6.64795	6.70923	6.63979	6.67308	6.73911	6.71682	6.61686	6.71051	6.68982
4.54069	6.63029	6.70639	6.65697	6.6648	6.70997	6.74377	6.63806	6.69419	6.70782
4.5723	6.65345	6.72924	6.65136	6.67091	6.72624	6.72763	6.62679	6.69432	6.71923
4.60413	6.6331	6.71194	6.64863	6.65756	6.73274	6.74442	6.62291	6.69031	6.70014
4.63619	6.62671	6.69145	6.65563	6.68466	6.73332	6.75633	6.64309	6.6965	6.68375
4.66846	6.65733	6.68425	6.66797	6.67165	6.71042	6.74873	6.60216	6.70643	6.70278
4.70096	6.65888	6.70916	6.66233	6.68129	6.72474	6.73033	6.59877	6.69446	6.69819
4.73368	6.66474	6.6979	6.65134	6.66727	6.72893	6.73542	6.62287	6.70121	6.69327
4.76664	6.65095	6.69075	6.6627	6.68426	6.74488	6.72379	6.61176	6.68475	6.67468
4.79981	6.65523	6.69863	6.6808	6.68456	6.73988	6.74689	6.63143	6.69073	6.70147
4.83322	6.64885	6.69995	6.65873	6.67104	6.73868	6.74462	6.63396	6.72318	6.70285
4.86686	6.6399	6.71991	6.65601	6.70206	6.74587	6.7194	6.60857	6.70598	6.69325
4.90074	6.61795	6.71144	6.65289	6.69208	6.7483	6.76072	6.63384	6.7332	6.71481
4.93485	6.6347	6.72812	6.6598	6.66766	6.72664	6.726	6.64404	6.7291	6.71413
4.96919	6.62919	6.69663	6.66847	6.68733	6.72478	6.75447	6.61558	6.68971	6.73707
5.00378	6.64454	6.70032	6.66052	6.69029	6.74494	6.72224	6.63143	6.69408	6.71286
5.0386	6.62603	6.70789	6.66014	6.67578	6.73315	6.73338	6.61196	6.70517	6.72071
5.07366	6.64564	6.70649	6.6279	6.6701	6.73533	6.73335	6.63061	6.72295	6.72018
5.10896	6.6361	6.69397	6.6702	6.68645	6.73912	6.73727	6.62336	6.6956	6.70719
5.14453	6.65111	6.69714	6.67554	6.68662	6.72238	6.72228	6.62951	6.70103	6.69336
5.18033	6.64257	6.71213	6.68396	6.68497	6.75265	6.74349	6.61138	6.70768	6.72167
5.21636	6.64853	6.68871	6.66508	6.69437	6.74514	6.76059	6.63876	6.71235	6.69199
5.25266	6.64096	6.70056	6.67244	6.69914	6.7545	6.73441	6.6307	6.69228	6.69783
5.28921	6.64774	6.71167	6.66146	6.71741	6.73637	6.74832	6.63448	6.70379	6.70078
5.32601	6.63393	6.72114	6.67181	6.6827	6.74849	6.74391	6.64191	6.69269	6.7264
5.36307	6.62782	6.72645	6.66072	6.69843	6.72671	6.71927	6.63931	6.70525	6.70807
5.40039	6.64762	6.71046	6.66416	6.67438	6.74042	6.75468	6.6304	6.73008	6.70589
5.43795	6.63683	6.72479	6.654	6.69415	6.74435	6.72827	6.63564	6.69958	6.72156
5.47579	6.63304	6.71305	6.67487	6.67785	6.76236	6.72048	6.61485	6.7206	6.71708
5.51389	6.64152	6.71042	6.65388	6.66217	6.74227	6.75424	6.64925	6.72437	6.71818
5.55224	6.64348	6.71099	6.68035	6.6911	6.73372	6.73393	6.62872	6.71728	6.71485
5.59086	6.64736	6.71233	6.66062	6.69328	6.73567	6.72261	6.61894	6.70679	6.71403
5.62976	6.64692	6.69836	6.68036	6.66954	6.73965	6.7406	6.63784	6.71272	6.71709
5.66892	6.65226	6.71503	6.67344	6.68023	6.74097	6.73598	6.63139	6.71412	6.70611
5.70835	6.65966	6.70467	6.66297	6.69698	6.74568	6.73139	6.63449	6.72575	6.70156
5.74806	6.66353	6.73012	6.66461	6.68404	6.75772	6.73971	6.63391	6.71735	6.73967
5.78805	6.66453	6.7282	6.65101	6.68291	6.75864	6.73844	6.66774	6.70368	6.70961
5.8283	6.64213	6.70704	6.67177	6.67594	6.74025	6.73541	6.64369	6.71819	6.70524
5.86884	6.65748	6.71229	6.66567	6.68623	6.74927	6.77207	6.60946	6.71964	6.71102
5.90966	6.63889	6.72096	6.64788	6.68342	6.76031	6.75013	6.6257	6.69593	6.7219
5.95076	6.63561	6.72344	6.64057	6.68135	6.75742	6.75832	6.62531	6.70052	6.72373
5.99215	6.64726	6.71437	6.64632	6.68138	6.7542	6.74233	6.65108	6.69817	6.73615
6.03382	6.65508	6.7117	6.65917	6.68861	6.75201	6.75455	6.6275	6.71894	6.74372
6.07579	6.6497	6.72995	6.65516	6.67182	6.74543	6.74415	6.62982	6.7186	6.71224
6.11805	6.65085	6.68805	6.66074	6.67643	6.74129	6.75713	6.64488	6.70157	6.71909
6.16059	6.65232	6.72361	6.66438	6.70156	6.72569	6.75109	6.6161	6.70318	6.72002
6.20344	6.6655	6.72678	6.66239	6.70922	6.7285	6.74076	6.63309	6.71904	6.71598
6.24657	6.65475	6.71697	6.67465	6.7004	6.73843	6.75598	6.6272	6.72432	6.74208
6.29001	6.67304	6.73572	6.66598	6.68638	6.74785	6.74283	6.63042	6.72405	6.69995
6.33375	6.63882	6.7275	6.6806	6.68658	6.74826	6.75388	6.63445	6.72133	6.71907
6.37779	6.64853	6.71651	6.67121	6.69766	6.72461	6.74299	6.64464	6.70654	6.72217
6.42214	6.64977	6.72458	6.6824	6.69857	6.74409	6.76718	6.62918	6.69977	6.72722
6.46679	6.66278	6.71951	6.66058	6.68671	6.7491	6.75886	6.63948	6.6942	6.72223
6.51176	6.65308	6.71265	6.64932	6.70024	6.75183	6.73983	6.63064	6.72324	6.71523
6.55704	6.64473	6.70877	6.67582	6.69373	6.74056	6.7646	6.63348	6.70913	6.7171
6.60262	6.66608	6.74179	6.68072	6.71108	6.74892	6.75263	6.62004	6.70929	6.7265
6.64853	6.65525	6.71261	6.65821	6.67987	6.75197	6.74549	6.65998	6.69416	6.73521
6.69475	6.65346	6.7216	6.67301	6.68659	6.74565	6.74929	6.64713	6.72877	6.71593
6.7413	6.6254	6.74154	6.67326	6.7016	6.73993	6.74598	6.65255	6.71704	6.72111
6.78816	6.65831	6.72684	6.67996	6.71017	6.73584	6.74001	6.64424	6.71849	6.70082
6.83535	6.65884	6.71704	6.68317	6.70363	6.75384	6.76361	6.65002	6.72439	6.72074
6.88287	6.65409	6.72837	6.66299	6.70966	6.76142	6.76495	6.64417	6.71662	6.72723
6.93073	6.64838	6.73074	6.66956	6.69129	6.74746	6.76344	6.63303	6.72268	6.7211
6.9789	6.64075	6.72725	6.67332	6.69307	6.73476	6.76924	6.64707	6.72221	6.71879
7.02741	6.65555	6.71741	6.66822	6.69631	6.74988	6.74472	6.64899	6.71496	6.71131
7.07626	6.64618	6.72287	6.67813	6.68359	6.74384	6.74937	6.62455	6.71155	6.72684
7.12546	6.65978	6.71173	6.67017	6.67535	6.73959	6.7502	6.647	6.72338	6.7168
7.17499	6.65116	6.72248	6.67434	6.69037	6.74908	6.7585	6.64009	6.72676	6.72407
7.22486	6.65947	6.71648	6.68001	6.71983	6.74892	6.7513	6.66618	6.73909	6.73232
7.27507	6.65271	6.72901	6.65953	6.72187	6.75289	6.76129	6.62765	6.73308	6.70132
7.32565	6.66295	6.73436	6.69691	6.7186	6.76129	6.75748	6.63688	6.71501	6.7165
7.37656	6.65533	6.73289	6.68159	6.69637	6.76122	6.75275	6.64545	6.7281	6.74043
7.42784	6.6522	6.72401	6.66763	6.68425	6.76163	6.74504	6.63927	6.72643	6.7445
7.47946	6.65315	6.72146	6.68803	6.68951	6.76914	6.77117	6.65302	6.71822	6.74451
7.53145	6.65794	6.73101	6.68454	6.70084	6.76591	6.74814	6.63426	6.71893	6.73015
7.58379	6.66899	6.73381	6.67888	6.71463	6.76168	6.74735	6.63738	6.71394	6.72571
7.6365	6.66117	6.72509	6.67143	6.70409	6.74725	6.7558	6.65052	6.72536	6.70707
7.68956	6.65949	6.73433	6.6815	6.70599	6.74862	6.75826	6.66285	6.70639	6.72767
7.74301	6.65998	6.73165	6.6857	6.70988	6.75256	6.76163	6.654	6.71653	6.72026
7.79681	6.67436	6.71832	6.68535	6.70878	6.75514	6.76563	6.64808	6.73222	6.73052
7.851	6.6599	6.72952	6.68199	6.70039	6.74647	6.76027	6.64904	6.7219	6.7247
7.90556	6.66946	6.72497	6.67995	6.70421	6.75798	6.75885	6.63169	6.72652	6.73868
7.9605	6.65343	6.71458	6.66729	6.69864	6.7493	6.74297	6.64783	6.70603	6.73771
8.01581	6.66685	6.73465	6.67443	6.69806	6.758	6.73864	6.64683	6.72267	6.71772
8.07151	6.67884	6.71357	6.66195	6.71061	6.75168	6.74768	6.64503	6.72203	6.72305
8.1276	6.6555	6.72369	6.69309	6.68832	6.7565	6.74732	6.62887	6.71404	6.72838
8.18409	6.67791	6.71145	6.68557	6.70747	6.74627	6.75761	6.64875	6.70093	6.72481
8.24095	6.65692	6.7418	6.67848	6.71361	6.75872	6.75263	6.64028	6.73383	6.73058
8.29821	6.66176	6.7265	6.68938	6.72066	6.76735	6.77145	6.63172	6.7247	6.73022
8.35588	6.6446	6.72332	6.67784	6.70266	6.76699	6.77658	6.64477	6.72578	6.74076
8.41393	6.65634	6.73352	6.67569	6.70768	6.77026	6.77178	6.62662	6.72319	6.73896
8.47239	6.66956	6.7162	6.67082	6.69058	6.75333	6.74658	6.63954	6.7356	6.71677
8.53126	6.66329	6.72286	6.69175	6.71181	6.75679	6.76867	6.63391	6.71813	6.73176
8.59054	6.65228	6.71579	6.67223	6.71385	6.75121	6.7533	6.63979	6.71432	6.73671
8.65021	6.67261	6.71997	6.68745	6.70045	6.75015	6.77075	6.65248	6.72946	6.72791
8.71031	6.67231	6.72336	6.67879	6.6934	6.77401	6.76742	6.64906	6.73999	6.72246
8.77084	6.66098	6.72997	6.69474	6.70522	6.77701	6.75314	6.65138	6.73163	6.7374
8.83176	6.67226	6.72994	6.6806	6.71878	6.76797	6.77307	6.64097	6.72395	6.73065
8.89312	6.66607	6.71796	6.67993	6.7207	6.76967	6.75723	6.63868	6.72926	6.73501
8.95491	6.67355	6.71561	6.68477	6.70628	6.76776	6.75114	6.63142	6.72418	6.7214
9.01713	6.65942	6.73114	6.69038	6.69267	6.75202	6.75027	6.64372	6.72856	6.71969
9.07976	6.65871	6.7126	6.67419	6.7096	6.74	6.73851	6.66167	6.72751	6.72245
9.14284	6.67694	6.73568	6.69875	6.69439	6.75031	6.75138	6.66543	6.7175	6.72628
9.20635	6.67841	6.71135	6.71727	6.70385	6.75237	6.76469	6.644	6.73166	6.74177
9.2703	6.66867	6.73807	6.68214	6.72592	6.75544	6.77853	6.6457	6.75156	6.73386
9.3347	6.66086	6.73445	6.68313	6.70324	6.75933	6.76638	6.64122	6.72606	6.71427
9.39955	6.66097	6.73222	6.68547	6.70968	6.76857	6.75548	6.63847	6.73026	6.73115
9.46484	6.67191	6.72323	6.69361	6.70589	6.76828	6.75593	6.6605	6.71956	6.74463
9.53059	6.67394	6.73437	6.68893	6.70798	6.75673	6.75983	6.65148	6.72928	6.74151
9.59679	6.66656	6.72095	6.67875	6.70333	6.76175	6.7538	6.65935	6.72462	6.71803
9.66345	6.67852	6.72434	6.68693	6.71015	6.74554	6.75788	6.65082	6.73656	6.73478
9.73057	6.68846	6.72762	6.68351	6.72027	6.77745	6.76794	6.6672	6.73568	6.72563
9.79816	6.65601	6.73594	6.68644	6.70821	6.75553	6.75867	6.64558	6.72965	6.72526
9.86621	6.65877	6.73194	6.68087	6.71186	6.77024	6.75603	6.64682	6.7315	6.72563
9.93474	6.68106	6.72648	6.69552	6.7079	6.75929	6.75138	6.65269	6.73456	6.7156
10.0037	6.67149	6.72932	6.69466	6.69904	6.75882	6.76557	6.64775	6.72287	6.73615
10.0732	6.6785	6.73555	6.67847	6.71306	6.75747	6.75637	6.65074	6.73729	6.72189
10.1432	6.66474	6.73516	6.68893	6.70362	6.77684	6.76576	6.66111	6.73537	6.72989
10.2136	6.67035	6.75839	6.68429	6.69569	6.75938	6.78149	6.65716	6.72912	6.74572
10.2846	6.67433	6.73903	6.68627	6.70273	6.77035	6.77797	6.64199	6.73543	6.74585
10.356	6.65468	6.73383	6.66772	6.70658	6.77013	6.76942	6.6346	6.72212	6.74157
10.4279	6.67228	6.74137	6.68402	6.70263	6.7656	6.76703	6.664	6.73518	6.72457
10.5003	6.65647	6.73351	6.68264	6.7056	6.75567	6.75418	6.66205	6.73628	6.7334
10.5733	6.69316	6.73566	6.69906	6.7048	6.75568	6.78589	6.64758	6.73186	6.73815
10.6467	6.67532	6.72437	6.69696	6.70074	6.75613	6.76323	6.65776	6.74905	6.72792
10.7206	6.66948	6.72767	6.68646	6.6994	6.76546	6.7724	6.6614	6.73242	6.7432
10.7951	6.66829	6.74667	6.68556	6.71897	6.77408	6.78058	6.65045	6.72934	6.73794
10.8701	6.65367	6.73971	6.68745	6.70018	6.76496	6.7795	6.64086	6.73307	6.73792
10.9455	6.67179	6.72497	6.67759	6.7162	6.7795	6.7634	6.65531	6.71892	6.72563
11.0216	6.67214	6.7091	6.6788	6.69592	6.75139	6.75834	6.66142	6.73338	6.72665
11.0981	6.66354	6.72957	6.69124	6.704	6.75985	6.7624	6.64835	6.72866	6.72783
11.1751	6.66968	6.73927	6.68352	6.7179	6.77255	6.763	6.66107	6.72791	6.73865
11.2528	6.66321	6.73234	6.68872	6.70029	6.7708	6.77487	6.64858	6.71945	6.73763
11.3309	6.65871	6.72553	6.6735	6.72125	6.77045	6.76924	6.6553	6.72745	6.74177
11.4096	6.66967	6.74086	6.68983	6.72408	6.77063	6.76342	6.65211	6.72697	6.73063
11.4888	6.66755	6.71945	6.68189	6.72432	6.77138	6.76105	6.6545	6.73643	6.73413
11.5686	6.67492	6.73017	6.69658	6.71893	6.75357	6.78082	6.64814	6.73789	6.72888
11.6489	6.6701	6.73109	6.68869	6.71495	6.76451	6.76207	6.66588	6.73698	6.73751
11.7298	6.67681	6.73284	6.69005	6.71929	6.7701	6.75531	6.65526	6.74283	6.7439
11.8112	6.65833	6.74119	6.67756	6.70019	6.7647	6.77469	6.64431	6.73214	6.7223
11.8932	6.66381	6.72693	6.69396	6.70579	6.75529	6.77064	6.64897	6.72593	6.7236
11.9758	6.67536	6.73778	6.68713	6.72386	6.76197	6.76202	6.65772	6.73459	6.7388
12.059	6.67011	6.73136	6.69609	6.70776	6.76044	6.7738	6.64866	6.75237	6.74935
12.1427	6.68007	6.73935	6.68235	6.72783	6.77157	6.76563	6.64873	6.73086	6.73666
12.227	6.67259	6.74044	6.68824	6.70163	6.77415	6.76493	6.66178	6.73021	6.73308
12.3119	6.66115	6.74404	6.69001	6.715	6.77617	6.76294	6.6552	6.74108	6.74659
12.3974	6.6669	6.73675	6.67615	6.71694	6.7624	6.75807	6.64404	6.73891	6.74781
12.4834	6.66499	6.72597	6.69227	6.705	6.77363	6.75967	6.65866	6.74686	6.74157
12.5701	6.67723	6.73705	6.69331	6.72043	6.76493	6.77085	6.66072	6.74721	6.7373
12.6574	6.68277	6.73255	6.69373	6.71427	6.76234	6.76452	6.6662	6.74138	6.74467
12.7453	6.65376	6.73766	6.70047	6.70043	6.76167	6.77851	6.65724	6.72306	6.73703
12.8337	6.67334	6.73252	6.68949	6.69446	6.76081	6.76231	6.65354	6.74772	6.75632
12.9228	6.67751	6.72769	6.67783	6.70612	6.77395	6.76971	6.6486	6.73436	6.73285
13.0126	6.67807	6.72683	6.67948	6.70989	6.77096	6.76942	6.66662	6.73516	6.74028
13.1029	6.66753	6.7326	6.68506	6.69234	6.75995	6.76058	6.66122	6.74505	6.73767
13.1939	6.66148	6.74149	6.69695	6.70707	6.77923	6.76176	6.65405	6.73432	6.74751
13.2855	6.65855	6.74417	6.67308	6.70434	6.76902	6.76652	6.66387	6.73816	6.74387
13.3777	6.66321	6.73527	6.68452	6.72175	6.76939	6.77068	6.65399	6.74001	6.72988
13.4706	6.68455	6.73413	6.67358	6.71636	6.75547	6.76156	6.6597	6.74288	6.74698
13.5641	6.67173	6.72872	6.68493	6.71771	6.76887	6.77678	6.66296	6.74077	6.74317
13.6582	6.67229	6.74289	6.69103	6.70335	6.76008	6.78817	6.6685	6.73382	6.7329
13.753	6.66531	6.74152	6.67866	6.70694	6.76466	6.77507	6.65602	6.73465	6.74085
13.8485	6.67203	6.74019	6.68235	6.70787	6.77728	6.77755	6.64176	6.73802	6.74602
13.9446	6.65749	6.74068	6.67585	6.72417	6.76476	6.75855	6.6497	6.74136	6.72543
14.0414	6.68473	6.73594	6.68217	6.72121	6.75755	6.77086	6.6657	6.73463	6.74772
14.1389	6.68261	6.73839	6.68821	6.71363	6.76096	6.77046	6.65504	6.74918	6.74525
14.2371	6.67733	6.74902	6.68717	6.70881	6.77717	6.78776	6.65308	6.73542	6.73562
14.3359	6.66862	6.74473	6.6705	6.71363	6.77335	6.76346	6.66823	6.73947	6.73057
14.4354	6.69017	6.74921	6.68212	6.71527	6.77096	6.77534	6.65897	6.73241	6.72779
14.5356	6.66989	6.72587	6.68428	6.71752	6.75843	6.75622	6.66159	6.75135	6.75168
14.6365	6.67518	6.74182	6.69465	6.70742	6.76792	6.76001	6.65495	6.73385	6.74664
14.7381	6.68066	6.73013	6.69052	6.71435	6.77208	6.77303	6.67434	6.73309	6.73956
14.8404	6.67537	6.73282	6.68687	6.72144	6.75992	6.76046	6.64857	6.73494	6.74002
14.9434	6.68153	6.73277	6.67698	6.71583	6.76201	6.75962	6.66589	6.75227	6.74377
15.0471	6.67234	6.74082	6.69752	6.72471	6.78224	6.77421	6.66375	6.73331	6.75098
15.1516	6.68655	6.73546	6.68569	6.70472	6.77303	6.78644	6.65635	6.72844	6.74923
15.2567	6.64926	6.73313	6.69344	6.70725	6.7718	6.77363	6.65037	6.75027	6.73009
15.3626	6.66267	6.73527	6.69429	6.70353	6.76873	6.76552	6.65384	6.72885	6.7263
15.4692	6.67537	6.73664	6.69732	6.71965	6.77623	6.76686	6.66629	6.73308	6.74283
15.5766	6.67393	6.74726	6.70417	6.70057	6.76072	6.77842	6.65613	6.73527	6.74512
15.6847	6.66944	6.74074	6.70926	6.70144	6.76708	6.77117	6.66506	6.73718	6.73487
15.7936	6.67536	6.75156	6.69262	6.72252	6.77899	6.76863	6.66124	6.73113	6.74183
15.9032	6.67838	6.72442	6.6913	6.71961	6.77073	6.76797	6.65615	6.74585	6.75302
16.0136	6.67212	6.73674	6.69678	6.71831	6.76046	6.7689	6.6595	6.74695	6.74859
16.1247	6.68075	6.74847	6.70386	6.71918	6.7662	6.77986	6.66806	6.73961	6.74093
16.2366	6.67693	6.73572	6.6957	6.72048	6.77027	6.78714	6.65723	6.7367	6.73879
16.3493	6.68476	6.74002	6.6777	6.70942	6.77169	6.76313	6.66256	6.7478	6.74373
16.4628	6.6766	6.73753	6.69301	6.72097	6.75776	6.77393	6.66778	6.73643	6.74457
16.577	6.69017	6.71951	6.69654	6.71456	6.76195	6.79166	6.6614	6.73321	6.74239
16.6921	6.66686	6.73283	6.69434	6.702	6.77419	6.769	6.65898	6.73435	6.7409
16.8079	6.67551	6.72528	6.70505	6.71163	6.7566	6.76864	6.6643	6.73464	6.74395
16.9245	6.68025	6.72276	6.70409	6.71922	6.74681	6.77416	6.68236	6.74149	6.73555
17.042	6.67217	6.74459	6.71409	6.71698	6.77302	6.76169	6.66867	6.74101	6.74154
17.1603	6.67354	6.73936	6.70077	6.71307	6.77425	6.7921	6.65944	6.7368	6.72999
17.2794	6.67444	6.73052	6.67153	6.72135	6.77813	6.76925	6.65024	6.75058	6.74204
17.3993	6.66423	6.74441	6.68542	6.70898	6.76917	6.76375	6.65943	6.71584	6.75024
17.52	6.68322	6.74841	6.69491	6.72361	6.77077	6.77604	6.65864	6.73081	6.74548
17.6416	6.68692	6.74309	6.68319	6.72527	6.77692	6.76952	6.65984	6.74086	6.73813
17.764	6.67005	6.73406	6.69238	6.717	6.7725	6.76156	6.65187	6.7462	6.74611
17.8873	6.67354	6.72756	6.68472	6.71412	6.77142	6.77001	6.66513	6.725	6.75023
18.0114	6.67374	6.73312	6.68495	6.73033	6.76296	6.78057	6.67078	6.73548	6.74511
18.1364	6.67452	6.73687	6.68154	6.69951	6.77553	6.77016	6.65109	6.74595	6.74613
18.2623	6.66932	6.74792	6.68054	6.70278	6.75808	6.77143	6.64656	6.73632	6.75476
18.389	6.67815	6.73533	6.68226	6.71391	6.77038	6.78167	6.65668	6.75322	6.74168
18.5166	6.68336	6.75497	6.6963	6.70974	6.75439	6.76888	6.66558	6.73102	6.73847
18.6451	6.67091	6.74681	6.69555	6.70684	6.7711	6.78164	6.66254	6.7458	6.73922
18.7745	6.6725	6.73657	6.68394	6.7146	6.77463	6.76459	6.65633	6.74012	6.74388
18.9047	6.67259	6.74345	6.69705	6.71353	6.77104	6.76979	6.6601	6.73612	6.7355
19.0359	6.67915	6.74306	6.68958	6.72248	6.76296	6.78859	6.66911	6.73793	6.73947
19.168	6.67682	6.73281	6.68513	6.70383	6.76579	6.77387	6.65507	6.74095	6.74401
19.301	6.68346	6.73752	6.68875	6.71427	6.76522	6.7712	6.65945	6.7385	6.74708
19.4349	6.68118	6.75672	6.68718	6.72762	6.77515	6.77864	6.66166	6.745	6.76487
19.5698	6.6832	6.75279	6.6906	6.71642	6.78081	6.77687	6.65298	6.73753	6.7392
19.7056	6.68588	6.7319	6.69345	6.71769	6.77329	6.7718	6.65831	6.76044	6.74266
19.8423	6.67491	6.73684	6.6867	6.72461	6.76874	6.77344	6.6634	6.73661	6.74043
20	6.69004	6.75066	6.7007	6.71806	6.77367	6.77887	6.67035	6.74172	6.73613