6.25E-4	7.74545	7.86726	7.74624
0.00125	7.85742	7.88714	7.92483
0.001875	8.02146	7.84934	7.90734
0.0025	8.01293	8.01343	7.86927
0.0031375	7.9492	7.87216	7.86925
0.0037625	7.9832	7.9378	8.00565
0.0044	7.93939	7.96601	7.83577
0.0050375	7.97809	7.82587	7.87764
0.005675	7.87014	7.94264	7.84221
0.0063125	8.012	7.89509	7.87827
0.00695	7.92324	7.86184	7.91958
0.0075875	7.82829	7.90269	7.88457
0.0082375	7.84908	7.86341	7.95665
0.0088875	7.83869	7.90527	7.91101
0.009525	7.79505	7.93134	7.87094
0.010175	7.92647	7.83192	7.82233
0.010825	7.87943	7.89384	7.88149
0.0114875	7.8581	7.86831	7.81999
0.0121375	7.77306	7.80255	7.84499
0.0127875	7.82555	7.78014	7.81449
0.01345	7.88921	7.85502	7.90333
0.0141125	7.87423	7.78537	7.79248
0.014775	7.73191	7.73211	7.8482
0.0154375	7.81387	7.8887	7.78787
0.0161	7.84395	7.82294	7.73817
0.0167625	7.82118	7.72454	7.76848
0.0174375	7.80891	7.77983	7.7404
0.0181	7.80336	7.86118	7.78312
0.018775	7.80932	7.74773	7.73153
0.01945	7.73222	7.74479	7.76963
0.020125	7.63367	7.69899	7.72213
0.0208	7.80504	7.76476	7.72838
0.0214875	7.74469	7.74339	7.68627
0.0221625	7.8064	7.72961	7.68826
0.02285	7.68917	7.79845	7.81243
0.023525	7.81541	7.77149	7.62311
0.0242125	7.71648	7.70851	7.63095
0.0249	7.72317	7.724	7.67483
0.0256	7.68732	7.64923	7.71122
0.0262875	7.78193	7.75872	7.64909
0.026975	7.73848	7.72454	7.57969
0.027675	7.65564	7.61477	7.72568
0.028375	7.72189	7.68491	7.68155
0.029075	7.72576	7.64596	7.66008
0.029775	7.64443	7.73275	7.67975
0.030475	7.656	7.76439	7.57422
0.0311875	7.67547	7.57638	7.61778
0.0318875	7.66913	7.64033	7.51117
0.0326	7.5989	7.61176	7.61314
0.0333125	7.63181	7.64102	7.64734
0.034025	7.66051	7.75245	7.65077
0.0347375	7.60466	7.58728	7.67971
0.03545	7.60345	7.65335	7.56131
0.036175	7.60219	7.52313	7.61152
0.0368875	7.61253	7.71919	7.5918
0.0376125	7.59837	7.66757	7.55235
0.0383375	7.49414	7.58269	7.65809
0.0390625	7.52763	7.58089	7.51775
0.0397875	7.66056	7.52831	7.52357
0.040525	7.60991	7.52307	7.55111
0.04125	7.52606	7.65284	7.60306
0.0419875	7.60845	7.52608	7.52279
0.042725	7.60559	7.57982	7.54049
0.0434625	7.58584	7.58173	7.4314
0.0442	7.48371	7.48419	7.51354
0.0449375	7.59562	7.60261	7.54801
0.0456875	7.54864	7.55888	7.57034
0.046425	7.59865	7.51263	7.48378
0.047175	7.54285	7.55273	7.591
0.047925	7.46491	7.49775	7.48324
0.048675	7.46918	7.53772	7.39286
0.0494375	7.55377	7.47363	7.46154
0.0501875	7.55863	7.45063	7.58068
0.05095	7.5084	7.42369	7.50961
0.0517	7.54067	7.44494	7.50294
0.0524625	7.51204	7.52397	7.47553
0.0532375	7.39994	7.45256	7.50674
0.054	7.55171	7.45135	7.46771
0.0547625	7.4969	7.45014	7.49853
0.0555375	7.4701	7.47727	7.45562
0.0563125	7.43075	7.45143	7.49142
0.057075	7.48544	7.44645	7.38394
0.0578625	7.52041	7.48116	7.38038
0.0586375	7.44131	7.36919	7.50394
0.0594125	7.39493	7.35834	7.37155
0.0602	7.49044	7.46556	7.36758
0.0609875	7.41358	7.44385	7.48729
0.061775	7.49097	7.42314	7.51942
0.0625625	7.41365	7.47543	7.44019
0.06335	7.5064	7.35806	7.36807
0.0641375	7.48842	7.43061	7.35338
0.0649375	7.52354	7.34423	7.44029
0.0657375	7.35042	7.36731	7.33483
0.0665375	7.41896	7.38229	7.37277
0.0673375	7.41649	7.41389	7.40126
0.0681375	7.32542	7.35677	7.40092
0.0689375	7.34565	7.38164	7.36867
0.06975	7.42991	7.38234	7.38991
0.0705625	7.32207	7.39804	7.259
0.071375	7.36376	7.37729	7.42176
0.0721875	7.35444	7.40334	7.30596
0.073	7.36086	7.35711	7.32182
0.073825	7.40373	7.38417	7.35972
0.0746375	7.31857	7.31668	7.29957
0.0754625	7.34533	7.34503	7.29741
0.0762875	7.33085	7.37955	7.33785
0.0771125	7.3125	7.31543	7.42004
0.07795	7.43247	7.35158	7.3566
0.078775	7.36934	7.43628	7.27423
0.0796125	7.48406	7.40421	7.3466
0.08045	7.30608	7.33322	7.33448
0.0812875	7.25221	7.29149	7.31556
0.082125	7.30534	7.27289	7.30843
0.082975	7.34962	7.25261	7.29135
0.0838125	7.25011	7.31552	7.30783
0.0846625	7.24715	7.31489	7.37496
0.0855125	7.32826	7.32941	7.25254
0.0863625	7.33416	7.23633	7.35051
0.087225	7.3258	7.31611	7.31641
0.088075	7.28124	7.31219	7.24055
0.0889375	7.2265	7.3654	7.25238
0.0898	7.29392	7.45087	7.29644
0.0906625	7.33147	7.37492	7.35097
0.091525	7.30815	7.30655	7.21928
0.0924	7.27617	7.31992	7.19992
0.0932625	7.16812	7.31409	7.22938
0.0941375	7.28302	7.28543	7.24536
0.0950125	7.27909	7.26732	7.32844
0.0958875	7.29224	7.23361	7.26477
0.096775	7.27081	7.31711	7.2423
0.09765	7.26875	7.25499	7.27669
0.0985375	7.29917	7.23342	7.32917
0.099425	7.28077	7.21258	7.21379
0.100313	7.23155	7.30082	7.24731
0.1012	7.28579	7.32814	7.33808
0.1021	7.28132	7.2106	7.27135
0.103	7.23924	7.25635	7.24462
0.1039	7.27381	7.25571	7.26643
0.1048	7.21861	7.16532	7.2722
0.1057	7.2056	7.13972	7.18564
0.1066	7.12952	7.20062	7.21681
0.107512	7.26195	7.25349	7.25979
0.108425	7.19625	7.20171	7.22282
0.109338	7.2159	7.26794	7.22845
0.11025	7.19325	7.17113	7.24618
0.111175	7.15384	7.22221	7.18036
0.112088	7.22016	7.17651	7.26392
0.113013	7.21395	7.22749	7.24019
0.113937	7.23054	7.22618	7.21327
0.114875	7.16676	7.17222	7.20881
0.1158	7.18564	7.16239	7.18999
0.116737	7.19411	7.19726	7.17979
0.117675	7.21393	7.21244	7.22765
0.118612	7.20589	7.1532	7.16647
0.11955	7.21984	7.12146	7.16776
0.120488	7.20782	7.14375	7.11016
0.121437	7.14707	7.13741	7.17822
0.122387	7.26646	7.12787	7.14535
0.123337	7.20013	7.10311	7.18339
0.124288	7.14164	7.16331	7.12155
0.125237	7.1422	7.18067	7.08921
0.1262	7.08034	7.07167	7.09675
0.127163	7.15552	7.11275	7.06488
0.128125	7.1426	7.17228	7.16698
0.129087	7.14891	7.13865	7.15297
0.130063	7.11455	7.1093	7.15869
0.131038	7.08055	7.13949	7.18195
0.132	7.14627	7.14085	7.15124
0.132987	7.06912	7.08147	7.08894
0.133962	7.15987	7.11264	7.11731
0.134937	7.09835	7.19548	7.09872
0.135925	7.12484	7.13613	7.13939
0.136912	7.18875	7.15599	7.17232
0.1379	7.14401	7.08871	7.16732
0.1389	7.1987	7.13308	7.09171
0.139887	7.15472	7.12668	7.04789
0.140887	7.11408	7.07322	7.09589
0.141888	7.05085	7.19051	7.10301
0.142888	7.10784	7.11286	7.09899
0.1439	7.06673	7.11451	7.15955
0.1449	7.09591	7.15015	7.12897
0.145912	7.15502	7.09965	7.13645
0.146925	7.19535	7.16396	7.04427
0.147938	7.03775	7.05345	6.99531
0.148962	7.11148	7.04921	7.10199
0.149988	7.08328	7.15713	7.09823
0.151012	7.14032	7.06615	7.03984
0.152038	7.08209	7.06859	7.11176
0.153062	7.11747	7.1326	7.10101
0.1541	7.13061	7.1392	6.97345
0.155137	7.09275	7.07659	7.02406
0.156175	7.04013	7.05497	7.08905
0.157212	7.06415	7.05593	7.10909
0.15825	7.14378	6.96386	7.09002
0.1593	7.03302	7.16606	7.07967
0.16035	7.05997	7.05837	6.98688
0.1614	7.09797	7.13957	7.00138
0.162463	7.03311	7.05533	7.04271
0.163512	7.02551	7.04154	7.11656
0.164575	6.96883	7.11554	7.00971
0.165637	7.00844	7.06097	7.06788
0.1667	7.02869	7.04471	7.11314
0.167775	7.05446	7.12826	7.06553
0.16885	7.11523	7.02918	7.06404
0.169925	7.05268	6.97113	7.04265
0.171	7.02696	6.95021	7.05284
0.172075	7.01301	7.04479	7.07033
0.173163	7.06121	7.03844	7.05874
0.17425	7.06952	7.06995	7.05368
0.175337	7.07063	6.9562	7.04761
0.176425	6.99093	6.97942	6.98809
0.177525	7.03441	7.03879	7.0258
0.178625	7.04915	7.04714	7.07003
0.179725	6.97141	6.99068	7.05083
0.180825	6.9772	7.11201	7.07015
0.181938	7.00303	7.01725	7.00607
0.18305	6.98538	6.94737	7.02275
0.184162	7.03306	7.00305	7.06051
0.185275	6.96889	7.02787	7.00501
0.186387	6.9643	6.99821	7.01476
0.187513	6.99525	6.98052	7.02451
0.188637	6.91142	6.97559	7.03047
0.189763	6.99612	6.99882	6.98006
0.1909	7.01838	6.99098	7.01441
0.192025	7.01904	6.96993	6.92964
0.193163	6.97743	7.02072	6.97704
0.194312	6.97681	7.01948	6.9823
0.19545	6.95405	6.9751	7.02123
0.1966	7.01567	7.0059	6.97158
0.19775	7.02842	7.01878	6.98884
0.1989	6.95034	6.99269	7.00381
0.20005	6.98966	6.96949	6.93449
0.201212	6.97937	6.97565	6.92148
0.202375	6.93373	6.93333	6.97765
0.203537	7.00782	6.96449	6.96805
0.2047	6.98972	7.00727	6.93941
0.205875	6.9523	6.99535	6.96782
0.20705	6.95375	6.99039	6.92762
0.208225	7.00939	6.94081	6.93181
0.2094	7.00835	6.90775	6.96846
0.210588	6.94724	6.92982	6.91812
0.211775	6.99747	6.91821	6.89746
0.212962	7.00269	6.95934	6.91004
0.21415	6.99099	6.94984	6.96657
0.21535	6.97726	6.98684	6.93145
0.21655	6.90755	6.99932	6.94039
0.21775	6.97368	6.93132	6.92777
0.218963	6.93676	6.90122	6.96063
0.220162	6.98954	6.90846	6.90174
0.221375	6.91933	6.88984	6.93465
0.2226	6.91637	6.96173	6.93473
0.223813	6.97734	7.00702	6.93954
0.225038	7.01187	6.90333	6.90305
0.226262	6.93121	6.95625	6.88919
0.227488	6.84731	6.92154	6.88914
0.228725	6.952	6.93451	6.94185
0.22995	6.91173	6.89486	6.93977
0.231187	6.94369	6.83961	6.94494
0.232438	6.87333	6.86969	6.88112
0.233675	6.89323	6.90251	6.88119
0.234925	6.94183	6.8975	6.94359
0.236175	6.90549	6.9038	6.89689
0.237438	6.98494	6.90122	6.89288
0.238688	6.89036	6.95027	6.83226
0.23995	6.9857	6.85228	6.94112
0.241213	6.92015	6.87132	6.8934
0.242488	6.89493	6.8725	6.97301
0.24375	6.87398	6.91199	6.89407
0.245025	6.88016	6.92032	6.8926
0.246312	6.93973	6.88049	6.91658
0.247588	6.89365	6.92302	6.81769
0.248875	6.88045	6.92025	6.86428
0.250163	6.815	6.86507	6.80732
0.251462	6.90302	6.9415	6.9006
0.25275	6.8777	6.9134	6.93429
0.25405	6.90893	6.93329	6.91546
0.25535	6.84182	6.89464	6.90137
0.256662	6.84046	6.89477	6.84931
0.257975	6.87177	6.92459	6.86895
0.259288	6.88989	6.88883	6.8679
0.2606	6.85764	6.93155	6.84975
0.261912	6.83909	6.88236	6.90069
0.263238	6.85074	6.91219	6.8961
0.264575	6.89374	6.95424	6.8799
0.2659	6.83809	6.93139	6.89787
0.267238	6.84341	6.84939	6.91376
0.268575	6.85416	6.84572	6.86173
0.269913	6.85975	6.85791	6.8838
0.271262	6.89897	6.83164	6.92207
0.2726	6.90119	6.86156	6.84023
0.273962	6.88564	6.83815	6.89791
0.275313	6.89582	6.91541	6.8817
0.276675	6.80189	6.84215	6.80846
0.278037	6.89804	6.87048	6.82433
0.2794	6.91383	6.81434	6.83063
0.280775	6.87283	6.84637	6.84634
0.28215	6.90359	6.91622	6.92156
0.283525	6.884	6.81601	6.79173
0.2849	6.91803	6.78294	6.85364
0.286287	6.86032	6.85886	6.83299
0.287675	6.8423	6.86201	6.84093
0.289075	6.7956	6.83493	6.83895
0.290462	6.81291	6.83557	6.82675
0.291862	6.83017	6.7951	6.87169
0.293275	6.88338	6.88097	6.88212
0.294675	6.85371	6.75253	6.84604
0.296088	6.82316	6.82037	6.8036
0.2975	6.86671	6.90225	6.82475
0.298925	6.81653	6.90213	6.8221
0.30035	6.8768	6.84559	6.80934
0.301775	6.82845	6.83529	6.84355
0.3032	6.82053	6.88012	6.88562
0.304637	6.81419	6.84045	6.80921
0.306075	6.8323	6.84073	6.83947
0.307512	6.83029	6.81918	6.82418
0.308962	6.74789	6.88017	6.81858
0.310412	6.82144	6.81713	6.78658
0.311862	6.83052	6.81193	6.83674
0.313313	6.81061	6.81259	6.80656
0.314775	6.89672	6.83095	6.8353
0.31625	6.83363	6.80186	6.78128
0.317712	6.84521	6.87486	6.81204
0.319187	6.82189	6.8457	6.83571
0.320662	6.83374	6.86597	6.83206
0.322138	6.86015	6.84803	6.82264
0.323625	6.7952	6.8365	6.81265
0.325112	6.81506	6.80952	6.77334
0.326613	6.83445	6.81481	6.86801
0.3281	6.81006	6.82092	6.7547
0.3296	6.83028	6.80301	6.78705
0.331113	6.81939	6.78856	6.81206
0.332613	6.77233	6.81166	6.79188
0.334125	6.80412	6.83857	6.81295
0.33565	6.80371	6.8338	6.864
0.337162	6.76991	6.76159	6.7958
0.338688	6.79213	6.84192	6.7852
0.340225	6.69738	6.77173	6.73636
0.34175	6.81401	6.83264	6.75182
0.343287	6.8115	6.79681	6.78363
0.344825	6.79631	6.72557	6.78859
0.346375	6.85565	6.78169	6.81006
0.347925	6.73693	6.78717	6.76017
0.349475	6.78663	6.83625	6.83133
0.351038	6.80249	6.74002	6.77335
0.3526	6.69808	6.78748	6.77586
0.354163	6.79811	6.81148	6.77426
0.355738	6.77388	6.81028	6.74593
0.357313	6.76539	6.7208	6.75836
0.358887	6.78674	6.81329	6.83157
0.360462	6.76292	6.75425	6.75357
0.36205	6.80517	6.8386	6.78007
0.36365	6.77726	6.7248	6.74009
0.365238	6.788	6.79881	6.77673
0.366838	6.77587	6.76296	6.73424
0.36845	6.79029	6.72581	6.73668
0.37005	6.77401	6.70471	6.77428
0.371662	6.73575	6.73115	6.78512
0.373287	6.79842	6.80042	6.7716
0.3749	6.70093	6.78259	6.75399
0.376525	6.70891	6.76503	6.75943
0.378163	6.78204	6.81351	6.75575
0.379788	6.73303	6.75915	6.74127
0.381425	6.73962	6.77003	6.78614
0.383075	6.74916	6.70243	6.72772
0.384725	6.79956	6.79679	6.80471
0.386375	6.77074	6.77329	6.76108
0.388025	6.73707	6.73615	6.76887
0.389688	6.79148	6.77235	6.79546
0.39135	6.76066	6.76274	6.78445
0.393025	6.77094	6.7499	6.785
0.3947	6.72822	6.78113	6.7265
0.396375	6.69985	6.80608	6.74351
0.398062	6.80548	6.72974	6.6486
0.39975	6.77632	6.75474	6.76282
0.401437	6.77071	6.68968	6.75794
0.403138	6.76172	6.81025	6.74487
0.404837	6.67483	6.73686	6.77688
0.406538	6.757	6.78032	6.71002
0.40825	6.70672	6.77378	6.74719
0.409963	6.74442	6.76588	6.74181
0.411687	6.75074	6.73739	6.73978
0.413413	6.7815	6.79379	6.696
0.415137	6.765	6.75984	6.71391
0.416862	6.68258	6.74733	6.74009
0.4186	6.76639	6.70385	6.70781
0.42035	6.71093	6.69538	6.72109
0.4221	6.80051	6.76445	6.71421
0.42385	6.74115	6.75226	6.74453
0.4256	6.76511	6.73998	6.77073
0.427363	6.76398	6.79478	6.79557
0.429125	6.72692	6.79689	6.75448
0.4309	6.70217	6.71835	6.73145
0.432675	6.77323	6.77824	6.74677
0.43445	6.68536	6.76631	6.70902
0.436238	6.75502	6.69836	6.71288
0.438025	6.75739	6.7289	6.77814
0.439825	6.73309	6.71055	6.70065
0.441625	6.73789	6.74662	6.76654
0.443425	6.72595	6.69754	6.7282
0.445237	6.77516	6.74368	6.68695
0.44705	6.69249	6.69642	6.7287
0.448862	6.71733	6.71424	6.70301
0.450687	6.72129	6.71172	6.72829
0.452513	6.77393	6.73671	6.66754
0.45435	6.71441	6.66982	6.72212
0.456187	6.71705	6.70498	6.71302
0.458025	6.75632	6.71711	6.71556
0.459875	6.77103	6.79008	6.65807
0.461725	6.70643	6.67375	6.71714
0.463587	6.73303	6.72784	6.68513
0.46545	6.70744	6.6968	6.65615
0.467313	6.66537	6.74019	6.74305
0.469187	6.71881	6.7326	6.69947
0.471063	6.68232	6.72365	6.7347
0.47295	6.66546	6.68414	6.6554
0.474838	6.70196	6.69405	6.72416
0.476725	6.67993	6.7046	6.71344
0.478625	6.72468	6.73853	6.68322
0.480525	6.72883	6.75583	6.7119
0.482437	6.70123	6.73954	6.75151
0.48435	6.66283	6.72299	6.71084
0.486263	6.66172	6.72456	6.703
0.488187	6.67005	6.68964	6.7404
0.490125	6.70866	6.67025	6.67477
0.49205	6.74704	6.68915	6.69929
0.493988	6.69673	6.68364	6.63593
0.495937	6.7441	6.69542	6.70668
0.497887	6.71247	6.70471	6.66539
0.499837	6.71871	6.69175	6.73647
0.5018	6.73861	6.69205	6.68999
0.503762	6.64002	6.66936	6.67547
0.505725	6.71315	6.73409	6.68601
0.5077	6.71352	6.68708	6.65854
0.509687	6.75403	6.68594	6.69482
0.511675	6.67276	6.70746	6.64784
0.513663	6.69375	6.72003	6.70276
0.515662	6.73809	6.68242	6.63752
0.517663	6.6796	6.65839	6.66249
0.519662	6.7385	6.70231	6.69222
0.521675	6.65105	6.68924	6.64237
0.5237	6.6725	6.67259	6.68749
0.525725	6.66556	6.69115	6.74212
0.52775	6.72436	6.67377	6.70566
0.529787	6.70502	6.68251	6.70674
0.531825	6.73921	6.66025	6.71921
0.533862	6.67064	6.71427	6.68914
0.535913	6.70646	6.65681	6.66136
0.537975	6.71907	6.72166	6.64845
0.540038	6.68797	6.68231	6.69215
0.5421	6.69183	6.7082	6.67267
0.544175	6.69028	6.71055	6.70538
0.54625	6.72513	6.67004	6.67252
0.548338	6.69296	6.71043	6.63576
0.550425	6.67234	6.68489	6.69173
0.552513	6.72837	6.71852	6.6758
0.554613	6.67838	6.66332	6.70387
0.556725	6.67993	6.72736	6.64576
0.558837	6.66349	6.65687	6.71261
0.56095	6.71071	6.67779	6.62515
0.563075	6.73112	6.66933	6.66258
0.5652	6.64516	6.6569	6.66404
0.567338	6.66759	6.65832	6.69036
0.569475	6.64223	6.66522	6.69319
0.571625	6.71091	6.66734	6.68052
0.573775	6.7099	6.70829	6.66451
0.575925	6.66429	6.67259	6.68773
0.578088	6.71002	6.69303	6.64525
0.580262	6.68175	6.64156	6.71347
0.582438	6.69456	6.69866	6.63101
0.584612	6.69499	6.63128	6.68709
0.5868	6.68742	6.66533	6.64981
0.588988	6.67044	6.68737	6.6745
0.591187	6.67788	6.6425	6.63405
0.593387	6.65618	6.67469	6.67866
0.5956	6.6838	6.69737	6.68437
0.597812	6.66763	6.70979	6.63491
0.600038	6.66824	6.66725	6.64885
0.602262	6.67644	6.70982	6.666
0.6045	6.68129	6.65411	6.62359
0.606737	6.69815	6.64943	6.71015
0.608988	6.68556	6.63624	6.68378
0.611238	6.63691	6.62841	6.67145
0.613487	6.65878	6.67827	6.64991
0.61575	6.60825	6.71284	6.61168
0.618025	6.63072	6.64334	6.63738
0.6203	6.62286	6.67265	6.69279
0.622575	6.63039	6.68862	6.6293
0.624862	6.66422	6.6583	6.68432
0.627163	6.63511	6.66601	6.63752
0.629462	6.64924	6.67855	6.63865
0.631763	6.64757	6.63192	6.68439
0.634075	6.66858	6.68326	6.62026
0.6364	6.64183	6.64087	6.66729
0.638725	6.63971	6.67962	6.62127
0.64105	6.64895	6.67367	6.69013
0.643387	6.64967	6.66243	6.69678
0.645725	6.67818	6.67134	6.64418
0.648075	6.63753	6.61844	6.67151
0.650437	6.65705	6.67019	6.6182
0.6528	6.67299	6.65321	6.65826
0.655163	6.66576	6.65708	6.6528
0.657538	6.66372	6.65453	6.68062
0.659925	6.63663	6.64151	6.69153
0.6623	6.60479	6.63031	6.64237
0.6647	6.6562	6.64889	6.6469
0.6671	6.63876	6.63818	6.63279
0.6695	6.61866	6.6285	6.63875
0.671912	6.64846	6.6551	6.66655
0.674338	6.66233	6.64225	6.65267
0.676763	6.66387	6.68302	6.68677
0.6792	6.67841	6.63758	6.61683
0.681638	6.64758	6.6475	6.69771
0.684075	6.66959	6.64703	6.63474
0.686525	6.68538	6.64649	6.65169
0.688987	6.67631	6.69994	6.58721
0.69145	6.66977	6.59288	6.64727
0.693925	6.64001	6.6726	6.63166
0.6964	6.59753	6.6429	6.61531
0.698888	6.65796	6.57159	6.60478
0.701375	6.6731	6.64775	6.64103
0.703875	6.65702	6.64041	6.62377
0.706375	6.61126	6.67869	6.65278
0.708888	6.66055	6.65116	6.63706
0.711412	6.6284	6.61989	6.5834
0.713938	6.62113	6.62188	6.62627
0.716462	6.64503	6.60802	6.61619
0.719	6.70254	6.6913	6.65045
0.72155	6.64392	6.66499	6.60753
0.7241	6.64214	6.61631	6.60939
0.726663	6.62155	6.68177	6.66872
0.729225	6.59865	6.64389	6.66441
0.7318	6.65024	6.66844	6.63089
0.734375	6.67745	6.63519	6.64513
0.736962	6.65524	6.62063	6.61612
0.73955	6.62856	6.65427	6.61786
0.74215	6.60771	6.6956	6.60681
0.744762	6.65102	6.62848	6.60469
0.747375	6.64195	6.61445	6.66259
0.75	6.63146	6.6453	6.63876
0.752625	6.60609	6.64246	6.63037
0.755262	6.67344	6.64923	6.61121
0.7579	6.58678	6.63003	6.62804
0.76055	6.61527	6.63495	6.60431
0.763213	6.62904	6.60859	6.62964
0.765875	6.66352	6.60356	6.60675
0.768538	6.65817	6.63041	6.6592
0.771213	6.6227	6.63318	6.60892
0.7739	6.64838	6.65781	6.62989
0.776587	6.64018	6.64985	6.64331
0.779288	6.63977	6.63316	6.64414
0.782	6.60531	6.6553	6.63614
0.784712	6.6235	6.65374	6.58817
0.787437	6.58535	6.65023	6.59811
0.790163	6.65613	6.63302	6.64361
0.7929	6.61492	6.62627	6.61457
0.795637	6.62692	6.66784	6.63464
0.798388	6.66993	6.69698	6.66053
0.80115	6.65002	6.65528	6.59434
0.803913	6.62551	6.61317	6.62878
0.806675	6.6307	6.63727	6.63328
0.809462	6.61041	6.6464	6.63567
0.81225	6.59877	6.63753	6.57655
0.815037	6.563	6.62762	6.61203
0.817837	6.62479	6.66358	6.64405
0.82065	6.63417	6.61417	6.63548
0.823475	6.64059	6.66035	6.65462
0.826288	6.6511	6.65354	6.59736
0.829125	6.616	6.60201	6.62563
0.831963	6.63023	6.62527	6.64122
0.834813	6.61795	6.62148	6.60034
0.837663	6.6237	6.65284	6.63093
0.840525	6.64184	6.63721	6.64665
0.8434	6.61625	6.62751	6.64188
0.846275	6.59253	6.62501	6.60795
0.849163	6.63211	6.69112	6.66117
0.85205	6.63037	6.65142	6.58962
0.85495	6.61577	6.62643	6.58095
0.857862	6.59618	6.62391	6.64796
0.860775	6.64876	6.58251	6.62499
0.8637	6.60385	6.59358	6.62797
0.866638	6.62673	6.62476	6.62141
0.869575	6.58099	6.63288	6.62376
0.872525	6.64791	6.64929	6.61675
0.875475	6.6552	6.63489	6.59485
0.878438	6.61547	6.67956	6.63154
0.881413	6.61035	6.67168	6.60606
0.884387	6.67813	6.59116	6.60344
0.887375	6.62796	6.64625	6.65059
0.890375	6.63772	6.58998	6.59864
0.893375	6.61374	6.63311	6.6247
0.896388	6.62599	6.64819	6.5652
0.8994	6.64355	6.65986	6.59117
0.902425	6.62397	6.62676	6.65048
0.905463	6.57672	6.62505	6.63675
0.908512	6.64118	6.61793	6.62697
0.911563	6.61293	6.6141	6.62554
0.914625	6.5728	6.62509	6.6259
0.917687	6.61821	6.6241	6.61281
0.920762	6.65576	6.62077	6.62913
0.92385	6.62601	6.62528	6.6502
0.926938	6.63083	6.65109	6.61919
0.930037	6.63674	6.61423	6.59772
0.93315	6.63753	6.58831	6.61404
0.936262	6.61905	6.62664	6.59927
0.939388	6.61853	6.56832	6.63884
0.942525	6.63062	6.60454	6.6561
0.945662	6.65543	6.62062	6.589
0.948825	6.62052	6.59895	6.58912
0.951975	6.57987	6.63389	6.63588
0.95515	6.64367	6.62318	6.63046
0.958325	6.65415	6.62722	6.6127
0.9615	6.60641	6.6071	6.61478
0.9647	6.59981	6.60262	6.6206
0.9679	6.64045	6.61801	6.63141
0.971112	6.61941	6.5954	6.61099
0.974325	6.57585	6.66811	6.64364
0.977562	6.608	6.61039	6.59091
0.980788	6.64278	6.58485	6.67361
0.984038	6.62577	6.61662	6.64661
0.987288	6.61227	6.62517	6.62691
0.99055	6.63205	6.61222	6.62181
0.993825	6.61772	6.59362	6.57074
0.9971	6.64397	6.61557	6.61911
1.00039	6.63495	6.58096	6.59607
1.00369	6.65481	6.60283	6.60052
1.00699	6.65546	6.63186	6.60985
1.01031	6.61553	6.60718	6.61387
1.01364	6.62538	6.62226	6.61698
1.01696	6.64402	6.63273	6.60078
1.0203	6.65501	6.63407	6.60768
1.02365	6.61491	6.59439	6.62548
1.02701	6.64056	6.6339	6.61521
1.03039	6.66222	6.60758	6.60747
1.03376	6.61079	6.6211	6.59226
1.03715	6.61986	6.623	6.5964
1.04054	6.66948	6.60875	6.64275
1.04395	6.62156	6.64317	6.60486
1.04736	6.62322	6.61443	6.59146
1.05078	6.63557	6.60155	6.58365
1.05421	6.59798	6.6162	6.62902
1.05765	6.58565	6.58154	6.63311
1.0611	6.5833	6.6286	6.63876
1.06456	6.59157	6.6156	6.59936
1.06802	6.60283	6.59849	6.61029
1.07151	6.62103	6.62237	6.60299
1.075	6.62711	6.62699	6.59522
1.07849	6.60871	6.59834	6.61405
1.082	6.60846	6.59962	6.65002
1.08551	6.64587	6.58458	6.63491
1.08904	6.61952	6.58106	6.62784
1.09257	6.63325	6.59215	6.60084
1.09611	6.64331	6.62631	6.63538
1.09966	6.60687	6.59242	6.59598
1.10322	6.63506	6.61977	6.60556
1.1068	6.62077	6.618	6.58016
1.11039	6.60484	6.59521	6.61204
1.11398	6.62915	6.58704	6.64529
1.11758	6.62309	6.60987	6.58584
1.12119	6.65826	6.64368	6.61322
1.1248	6.62142	6.57403	6.62761
1.12844	6.61209	6.5842	6.63131
1.13207	6.64625	6.57617	6.60054
1.13573	6.63252	6.65491	6.61353
1.13937	6.59816	6.58991	6.63448
1.14305	6.6356	6.62392	6.62682
1.14673	6.63121	6.61228	6.61112
1.15041	6.58813	6.65112	6.60029
1.15411	6.6595	6.60197	6.6054
1.15782	6.63821	6.62321	6.60983
1.16154	6.65323	6.6229	6.61843
1.16526	6.64905	6.61348	6.62379
1.169	6.62571	6.60444	6.59042
1.17275	6.62034	6.59943	6.63974
1.17651	6.61866	6.5839	6.60696
1.18027	6.61563	6.64795	6.56723
1.18405	6.63047	6.58979	6.63237
1.18784	6.61675	6.63873	6.60513
1.19164	6.64806	6.60242	6.63354
1.19545	6.64636	6.59966	6.60998
1.19926	6.66042	6.62811	6.57267
1.20309	6.6101	6.60751	6.62474
1.20694	6.66951	6.56682	6.6081
1.21078	6.66551	6.61431	6.62856
1.21464	6.63073	6.61483	6.572
1.21851	6.62844	6.56415	6.62305
1.22239	6.66638	6.58835	6.62987
1.22627	6.63562	6.58489	6.63945
1.23018	6.62751	6.59984	6.59933
1.23409	6.6446	6.64531	6.58953
1.23801	6.65817	6.61933	6.6158
1.24195	6.60507	6.61515	6.59508
1.24589	6.63953	6.60316	6.61614
1.24984	6.60318	6.59635	6.59843
1.2538	6.64538	6.5881	6.60609
1.25777	6.64422	6.60887	6.58806
1.26176	6.61074	6.61989	6.57436
1.26576	6.63546	6.6095	6.6085
1.26976	6.63412	6.62988	6.60821
1.27377	6.62712	6.62992	6.60214
1.27781	6.59076	6.61814	6.62112
1.28185	6.62223	6.57143	6.56563
1.2859	6.63918	6.59461	6.60668
1.28995	6.63172	6.59315	6.64459
1.29402	6.61264	6.59204	6.61265
1.29811	6.60323	6.59036	6.59939
1.3022	6.65331	6.5852	6.60823
1.3063	6.63399	6.61221	6.55541
1.31041	6.6294	6.61244	6.61882
1.31454	6.59108	6.57606	6.57989
1.31868	6.61386	6.61366	6.58865
1.32282	6.63125	6.59737	6.62117
1.32699	6.5975	6.58307	6.60457
1.33115	6.61162	6.59691	6.60293
1.33534	6.63927	6.60063	6.61633
1.33952	6.61308	6.63878	6.57441
1.34374	6.61945	6.62305	6.59613
1.34795	6.61277	6.61408	6.58699
1.35217	6.61522	6.61733	6.61398
1.35641	6.63264	6.60244	6.60409
1.36066	6.59806	6.6089	6.62718
1.36491	6.63883	6.61689	6.57601
1.36919	6.62143	6.5951	6.57954
1.37347	6.6172	6.60859	6.5773
1.37776	6.62547	6.59904	6.58761
1.38207	6.62535	6.61569	6.63284
1.38639	6.60689	6.61024	6.61722
1.39071	6.6406	6.58229	6.6143
1.39505	6.61798	6.58702	6.60109
1.39941	6.63075	6.61025	6.56449
1.40377	6.61556	6.58268	6.61326
1.40815	6.66114	6.56899	6.62941
1.41254	6.59833	6.62474	6.59521
1.41692	6.64179	6.6217	6.59629
1.42134	6.60536	6.57205	6.58271
1.42576	6.64699	6.63583	6.60902
1.4302	6.62076	6.62509	6.59061
1.43464	6.58332	6.60375	6.61885
1.4391	6.61084	6.62393	6.593
1.44356	6.61341	6.58423	6.60294
1.44805	6.63502	6.58247	6.61969
1.45254	6.6389	6.63369	6.57728
1.45705	6.58656	6.61689	6.60066
1.46156	6.62517	6.62833	6.60042
1.4661	6.65939	6.60486	6.62947
1.47064	6.64033	6.59283	6.57383
1.47519	6.63208	6.59489	6.61621
1.47975	6.63334	6.59999	6.60643
1.48434	6.65165	6.57656	6.59421
1.48892	6.65095	6.60468	6.58009
1.49353	6.65051	6.63355	6.63152
1.49814	6.58901	6.62888	6.62226
1.50276	6.65026	6.61795	6.58657
1.50741	6.6225	6.56896	6.60819
1.51206	6.61664	6.60991	6.62076
1.51672	6.65366	6.60146	6.56285
1.5214	6.62755	6.61732	6.58095
1.52609	6.61693	6.5813	6.60369
1.53079	6.63262	6.59957	6.59998
1.53551	6.61647	6.61202	6.60235
1.54024	6.62966	6.62799	6.59061
1.54498	6.60425	6.57538	6.59487
1.54973	6.65584	6.57797	6.59098
1.55449	6.64149	6.56419	6.59242
1.55926	6.6062	6.62303	6.58939
1.56406	6.64318	6.61525	6.59221
1.56886	6.65041	6.64177	6.60122
1.57368	6.61993	6.60097	6.61925
1.57851	6.63551	6.56344	6.58369
1.58335	6.61182	6.60963	6.58275
1.5882	6.65167	6.61736	6.60768
1.59308	6.64321	6.59239	6.63778
1.59795	6.65376	6.64458	6.60836
1.60285	6.63452	6.58497	6.56752
1.60775	6.61481	6.60524	6.57136
1.61267	6.59842	6.58868	6.62188
1.6176	6.61575	6.61776	6.58928
1.62255	6.65876	6.59637	6.61853
1.62751	6.61259	6.62371	6.55979
1.63249	6.65117	6.58592	6.59828
1.63748	6.61393	6.59901	6.58006
1.64248	6.57626	6.63063	6.60956
1.64749	6.63925	6.60921	6.60808
1.65251	6.66846	6.62422	6.58338
1.65755	6.59643	6.62776	6.61262
1.6626	6.63585	6.59915	6.56935
1.66766	6.61465	6.59022	6.63104
1.67275	6.662	6.58945	6.58187
1.67784	6.63207	6.61761	6.57863
1.68295	6.62571	6.63529	6.60179
1.68807	6.64717	6.60602	6.60851
1.6932	6.60486	6.59456	6.57859
1.69835	6.6584	6.60391	6.60388
1.70351	6.6131	6.62737	6.59725
1.70869	6.60571	6.58075	6.61696
1.71389	6.63396	6.5805	6.63309
1.71909	6.63996	6.61682	6.63407
1.7243	6.63645	6.57119	6.63144
1.72954	6.59318	6.61136	6.63604
1.73477	6.6107	6.60333	6.58785
1.74004	6.59615	6.57994	6.57585
1.74531	6.61222	6.62632	6.57396
1.7506	6.64597	6.59216	6.62782
1.7559	6.63635	6.61923	6.55802
1.76121	6.63205	6.6153	6.60673
1.76655	6.61848	6.61764	6.60457
1.77189	6.62105	6.62799	6.62703
1.77725	6.62719	6.58969	6.58616
1.78262	6.63955	6.6175	6.5982
1.78801	6.61404	6.63861	6.59042
1.79341	6.63592	6.63033	6.57588
1.79883	6.6023	6.60129	6.58458
1.80426	6.63155	6.60638	6.60013
1.8097	6.64166	6.63936	6.58513
1.81516	6.64973	6.61449	6.6085
1.82064	6.64337	6.59308	6.62357
1.82613	6.63174	6.61702	6.58126
1.83164	6.5844	6.5791	6.59488
1.83715	6.60253	6.61305	6.5766
1.84269	6.64248	6.60759	6.60618
1.84824	6.62186	6.56953	6.60544
1.8538	6.61635	6.6084	6.60094
1.85938	6.64964	6.61599	6.61419
1.86496	6.64635	6.60147	6.60548
1.87057	6.66059	6.63436	6.59841
1.8762	6.6456	6.64103	6.61983
1.88184	6.64012	6.63006	6.60721
1.88749	6.63649	6.58919	6.5783
1.89315	6.63898	6.6041	6.59718
1.89884	6.61801	6.65674	6.59083
1.90454	6.63237	6.60761	6.59104
1.91025	6.63613	6.62038	6.60521
1.91597	6.64361	6.61757	6.59432
1.92171	6.62137	6.61249	6.61896
1.92747	6.64117	6.6419	6.58902
1.93325	6.64687	6.60656	6.60844
1.93904	6.62594	6.59214	6.59057
1.94485	6.63714	6.60842	6.59707
1.95066	6.63343	6.59475	6.597
1.9565	6.6315	6.63438	6.59455
1.96235	6.64544	6.58083	6.58998
1.96823	6.66765	6.62964	6.59584
1.9741	6.61352	6.60791	6.59896
1.98	6.6428	6.64678	6.5978
1.98592	6.59981	6.60757	6.58692
1.99185	6.63039	6.60741	6.62413
1.9978	6.65825	6.61951	6.55748
2.00376	6.61082	6.61202	6.5999
2.00974	6.63529	6.63916	6.60063
2.01574	6.63752	6.60569	6.62475
2.02174	6.64625	6.61436	6.60891
2.02778	6.65124	6.62644	6.61843
2.03381	6.62891	6.61734	6.5708
2.03988	6.64088	6.60127	6.60364
2.04595	6.6209	6.6102	6.57827
2.05204	6.64949	6.62513	6.63022
2.05814	6.64525	6.62043	6.62784
2.06426	6.61055	6.63025	6.59347
2.07041	6.6162	6.62468	6.59896
2.07656	6.64659	6.60103	6.62385
2.08274	6.65231	6.63516	6.59945
2.08892	6.64186	6.64472	6.60661
2.09512	6.62365	6.62982	6.61613
2.10135	6.64478	6.62593	6.62425
2.10759	6.62613	6.61524	6.59185
2.11385	6.64006	6.60399	6.59454
2.12013	6.62734	6.61788	6.58726
2.12641	6.63218	6.62999	6.6092
2.13271	6.64161	6.63719	6.62287
2.13904	6.64799	6.62839	6.62033
2.14538	6.63176	6.60959	6.60209
2.15174	6.64529	6.62818	6.59892
2.15811	6.63678	6.59678	6.59613
2.1645	6.62474	6.60797	6.63027
2.17091	6.64029	6.64136	6.61624
2.17734	6.65425	6.59845	6.59513
2.18377	6.63427	6.6208	6.60813
2.19024	6.66313	6.62216	6.5768
2.19671	6.66018	6.60865	6.59399
2.2032	6.63742	6.61335	6.62361
2.20971	6.62143	6.61269	6.61038
2.21625	6.64839	6.62664	6.60904
2.22279	6.62039	6.64078	6.60858
2.22935	6.62957	6.61375	6.60272
2.23594	6.64928	6.627	6.6225
2.24254	6.64697	6.61347	6.62721
2.24915	6.62608	6.61295	6.61016
2.25579	6.67159	6.59433	6.59637
2.26244	6.66208	6.63126	6.61261
2.26911	6.63829	6.63208	6.58319
2.2758	6.62822	6.6296	6.62325
2.2825	6.6224	6.60874	6.61087
2.28923	6.69391	6.649	6.59148
2.29596	6.67533	6.61473	6.58032
2.30273	6.6408	6.65081	6.59444
2.3095	6.66397	6.64253	6.60962
2.3163	6.63635	6.65348	6.59805
2.32311	6.63051	6.64703	6.5957
2.32994	6.6314	6.62127	6.59129
2.33679	6.62844	6.65775	6.59871
2.34366	6.62773	6.63363	6.63873
2.35055	6.62933	6.63821	6.62826
2.35745	6.62602	6.63312	6.58625
2.36438	6.64741	6.64462	6.60653
2.37131	6.64456	6.60143	6.63134
2.37827	6.62154	6.62436	6.61944
2.38525	6.63521	6.63909	6.61729
2.39225	6.64575	6.6383	6.60086
2.39928	6.62971	6.60823	6.64641
2.4063	6.63069	6.63304	6.63549
2.41336	6.63741	6.64232	6.58463
2.42044	6.62346	6.63329	6.62024
2.42753	6.65594	6.63832	6.61067
2.43464	6.66616	6.62744	6.59048
2.44176	6.67065	6.63369	6.59562
2.44891	6.65012	6.64239	6.6194
2.45609	6.65013	6.62973	6.59526
2.46326	6.65821	6.64914	6.61624
2.47047	6.64966	6.63299	6.61367
2.4777	6.61775	6.62719	6.60335
2.48495	6.66062	6.63613	6.58998
2.49221	6.66192	6.64048	6.59948
2.49949	6.63233	6.64352	6.61235
2.5068	6.63152	6.60864	6.58003
2.51413	6.66262	6.63312	6.60162
2.52146	6.64476	6.6257	6.6161
2.52883	6.62792	6.61811	6.61924
2.5362	6.65274	6.61369	6.60133
2.5436	6.65636	6.6074	6.59712
2.55102	6.65909	6.63195	6.62197
2.55846	6.64269	6.6618	6.60262
2.56592	6.64635	6.6315	6.62282
2.57341	6.65371	6.64028	6.61246
2.58091	6.63944	6.63104	6.60169
2.58842	6.65413	6.61981	6.59373
2.59597	6.65957	6.62869	6.61728
2.60354	6.65132	6.62816	6.61381
2.61111	6.675	6.63457	6.63304
2.61871	6.63536	6.62736	6.61733
2.62634	6.64089	6.62913	6.61588
2.63398	6.65615	6.63016	6.60699
2.64164	6.65056	6.62512	6.61797
2.64932	6.64047	6.63422	6.58683
2.65703	6.67208	6.63452	6.59201
2.66475	6.64287	6.60834	6.62908
2.6725	6.64421	6.61278	6.60252
2.68026	6.62263	6.62065	6.62209
2.68805	6.63555	6.62943	6.6316
2.69585	6.64591	6.63861	6.60567
2.70369	6.63828	6.62417	6.60216
2.71152	6.63072	6.6353	6.61157
2.7194	6.63643	6.63967	6.61754
2.72729	6.63579	6.64052	6.60634
2.7352	6.64061	6.63131	6.59611
2.74314	6.63832	6.63573	6.61591
2.75109	6.61536	6.621	6.61546
2.75906	6.65154	6.65061	6.61782
2.76706	6.67101	6.63597	6.61142
2.77507	6.65691	6.62189	6.63004
2.78312	6.65184	6.64583	6.63415
2.79117	6.64595	6.62671	6.61037
2.79926	6.61288	6.61609	6.61793
2.80736	6.63034	6.62514	6.6369
2.81549	6.62596	6.63239	6.59516
2.82364	6.65068	6.63088	6.62725
2.83181	6.63545	6.62647	6.63059
2.84	6.63577	6.62383	6.62449
2.84821	6.64765	6.62856	6.63592
2.85645	6.63281	6.62513	6.63212
2.8647	6.67993	6.63805	6.63175
2.87299	6.6638	6.62202	6.62042
2.88129	6.63344	6.62573	6.58965
2.88961	6.65192	6.62764	6.61692
2.89795	6.64469	6.64765	6.63286
2.90633	6.6571	6.62124	6.60286
2.91471	6.67593	6.62163	6.62666
2.92313	6.65056	6.61984	6.61421
2.93156	6.65522	6.63602	6.62619
2.94003	6.65841	6.61646	6.6328
2.9485	6.63206	6.62683	6.61238
2.957	6.63544	6.60075	6.6206
2.96552	6.62601	6.63039	6.58706
2.97408	6.62188	6.61501	6.61031
2.98265	6.62601	6.63463	6.60071
2.99124	6.64311	6.61603	6.61715
2.99986	6.63625	6.63564	6.59951
3.0085	6.65974	6.63314	6.60748
3.01716	6.64663	6.63942	6.60964
3.02585	6.65152	6.6426	6.60605
3.03456	6.67149	6.61979	6.6021
3.04329	6.68003	6.64909	6.61955
3.05205	6.63965	6.64977	6.62726
3.06083	6.64984	6.63985	6.61736
3.06964	6.63078	6.63695	6.56933
3.07846	6.65803	6.62679	6.6028
3.08731	6.65963	6.6374	6.61882
3.09619	6.66032	6.64252	6.61332
3.10507	6.65673	6.61385	6.63635
3.114	6.65107	6.64094	6.58398
3.12295	6.66939	6.64756	6.62521
3.13191	6.6307	6.64649	6.62164
3.14091	6.63846	6.64381	6.62703
3.14992	6.6752	6.63281	6.62908
3.15896	6.64573	6.64682	6.60804
3.16804	6.65002	6.63365	6.59272
3.17712	6.66367	6.64515	6.6322
3.18624	6.66238	6.67152	6.60407
3.19537	6.67821	6.62939	6.61078
3.20454	6.65258	6.64479	6.60374
3.21373	6.68121	6.64692	6.65716
3.22294	6.66607	6.63092	6.59992
3.23218	6.65396	6.6349	6.63588
3.24144	6.67317	6.62918	6.62102
3.25073	6.65384	6.66304	6.60643
3.26003	6.66742	6.6282	6.6074
3.26936	6.63979	6.6478	6.62431
3.27872	6.68386	6.64467	6.62013
3.28811	6.65448	6.62053	6.62093
3.29752	6.67133	6.63703	6.65062
3.30696	6.6747	6.63426	6.61084
3.31641	6.61839	6.64854	6.62384
3.3259	6.651	6.63967	6.59742
3.33541	6.65949	6.63467	6.60592
3.34495	6.62178	6.65962	6.61228
3.35451	6.65111	6.64717	6.61427
3.3641	6.6531	6.65413	6.60626
3.37371	6.64909	6.65019	6.64937
3.38336	6.64164	6.65295	6.6234
3.39302	6.63783	6.64914	6.61268
3.40271	6.64415	6.6318	6.631
3.41243	6.66856	6.65236	6.62873
3.42217	6.66493	6.65382	6.62002
3.43194	6.656	6.64791	6.60459
3.44174	6.6401	6.62536	6.62864
3.45156	6.65624	6.63555	6.63915
3.4614	6.682	6.65838	6.60934
3.47128	6.63424	6.6355	6.61327
3.48117	6.64326	6.63032	6.62997
3.4911	6.65033	6.61969	6.61923
3.50106	6.65152	6.67165	6.63831
3.51104	6.66433	6.6429	6.62624
3.52104	6.66989	6.66412	6.62511
3.53108	6.6465	6.65303	6.6527
3.54114	6.66077	6.6667	6.63012
3.55122	6.67365	6.65567	6.6472
3.56134	6.66334	6.6439	6.62444
3.57148	6.67276	6.61907	6.62816
3.58165	6.68104	6.65853	6.62513
3.59184	6.652	6.64539	6.62707
3.60206	6.66513	6.63473	6.63236
3.61231	6.65491	6.62127	6.64955
3.62259	6.68453	6.62626	6.64075
3.63289	6.66684	6.65059	6.64462
3.64322	6.65861	6.63013	6.63899
3.65359	6.65566	6.63923	6.62565
3.66398	6.66045	6.64539	6.65244
3.67439	6.67169	6.65155	6.63556
3.68482	6.66482	6.65518	6.6597
3.6953	6.64454	6.65871	6.62356
3.7058	6.65611	6.63752	6.62233
3.71633	6.63381	6.64045	6.625
3.72688	6.63126	6.66116	6.6381
3.73746	6.68021	6.65202	6.64516
3.74808	6.67035	6.67274	6.63514
3.75871	6.67163	6.65034	6.63694
3.76939	6.65863	6.6795	6.64804
3.78008	6.65724	6.64866	6.64716
3.7908	6.67118	6.64422	6.61541
3.80156	6.67595	6.64174	6.6251
3.81234	6.67699	6.67019	6.63546
3.82315	6.65341	6.66986	6.62119
3.83399	6.67022	6.66064	6.62838
3.84486	6.66983	6.66068	6.63906
3.85576	6.65741	6.65716	6.64205
3.86669	6.64052	6.64057	6.62996
3.87765	6.64203	6.65939	6.64785
3.88864	6.65205	6.67193	6.65805
3.89965	6.6678	6.67104	6.64401
3.91069	6.66102	6.66162	6.62628
3.92176	6.65058	6.65401	6.64039
3.93287	6.66586	6.66551	6.64095
3.944	6.64334	6.62914	6.65343
3.95516	6.67622	6.64622	6.64868
3.96636	6.66113	6.65525	6.64311
3.97759	6.64955	6.65461	6.64945
3.98884	6.66649	6.66591	6.62732
4.00012	6.62794	6.68293	6.62507
4.01144	6.67147	6.69166	6.61948
4.02278	6.65928	6.64765	6.63004
4.03415	6.64868	6.67229	6.6198
4.04555	6.66379	6.66246	6.63253
4.05699	6.65863	6.67063	6.62336
4.06845	6.66312	6.67132	6.63619
4.07995	6.65927	6.6468	6.62882
4.09148	6.66178	6.6621	6.64207
4.10304	6.66262	6.66748	6.63288
4.11462	6.65138	6.67304	6.62159
4.12624	6.63627	6.66723	6.62086
4.13789	6.65999	6.68247	6.62368
4.14958	6.65381	6.65965	6.64305
4.16129	6.65576	6.65734	6.64658
4.17303	6.6707	6.64989	6.64449
4.1848	6.65399	6.66803	6.63773
4.19661	6.68142	6.67273	6.61592
4.20845	6.65473	6.66583	6.64061
4.22032	6.65024	6.6503	6.61234
4.23222	6.63682	6.68316	6.67263
4.24415	6.66377	6.67188	6.64467
4.25612	6.63598	6.65008	6.61405
4.26811	6.65358	6.67649	6.62161
4.28015	6.65512	6.67624	6.62969
4.29221	6.66548	6.67923	6.62092
4.3043	6.67439	6.66629	6.63163
4.31642	6.66252	6.67193	6.63462
4.32859	6.65123	6.67836	6.63818
4.34078	6.67739	6.66016	6.63552
4.353	6.65167	6.66905	6.65472
4.36526	6.64105	6.65587	6.6237
4.37755	6.6706	6.66027	6.64026
4.38987	6.67032	6.66031	6.6425
4.40223	6.6598	6.66121	6.65802
4.41461	6.64249	6.65716	6.65053
4.42704	6.65245	6.65567	6.64392
4.43949	6.65117	6.68136	6.63129
4.45197	6.66154	6.67225	6.64251
4.4645	6.65472	6.63529	6.63392
4.47705	6.68146	6.66683	6.62471
4.48964	6.67549	6.67085	6.64807
4.50226	6.66792	6.70379	6.65677
4.51491	6.66228	6.66312	6.65455
4.5276	6.65736	6.66026	6.63977
4.54033	6.65885	6.66626	6.63784
4.55309	6.65998	6.66903	6.64601
4.56588	6.65557	6.68096	6.64149
4.5787	6.66057	6.67181	6.65786
4.59156	6.66625	6.65414	6.66229
4.60445	6.67761	6.66578	6.65762
4.61739	6.65725	6.67935	6.64224
4.63035	6.67262	6.68027	6.649
4.64334	6.65858	6.66243	6.65422
4.65637	6.6518	6.66154	6.64804
4.66944	6.67058	6.66914	6.65312
4.68254	6.66677	6.66287	6.64213
4.69567	6.66638	6.66869	6.63963
4.70885	6.67145	6.67426	6.6673
4.72206	6.65392	6.68028	6.65609
4.7353	6.66549	6.66459	6.66445
4.74858	6.66738	6.66356	6.67006
4.76189	6.67917	6.67291	6.63353
4.77524	6.64558	6.66274	6.63942
4.78862	6.66396	6.68147	6.64188
4.80205	6.66627	6.67596	6.64157
4.8155	6.66364	6.68811	6.65401
4.829	6.67922	6.65759	6.65513
4.84253	6.67103	6.67857	6.65908
4.85609	6.65036	6.67949	6.66181
4.86969	6.68219	6.67897	6.65756
4.88333	6.66325	6.65443	6.64194
4.897	6.65538	6.68254	6.65248
4.91071	6.66486	6.68906	6.67059
4.92446	6.65972	6.66325	6.65449
4.93824	6.67895	6.66425	6.65433
4.95206	6.6737	6.67851	6.67684
4.96591	6.67375	6.67031	6.64224
4.97981	6.66531	6.66912	6.66513
4.99374	6.67794	6.66422	6.64917
5.00771	6.67031	6.68759	6.67192
5.02171	6.6636	6.66431	6.6549
5.03576	6.67243	6.67193	6.64552
5.04984	6.64966	6.66925	6.66578
5.06396	6.66868	6.66466	6.63848
5.07811	6.68334	6.64891	6.6603
5.09231	6.65014	6.66655	6.65402
5.10654	6.67535	6.66376	6.64931
5.12081	6.67021	6.67992	6.64859
5.13513	6.68351	6.68041	6.64947
5.14946	6.65193	6.66223	6.6586
5.16385	6.68548	6.67386	6.65984
5.17828	6.65813	6.68336	6.65451
5.19274	6.66309	6.67642	6.65145
5.20724	6.68281	6.65774	6.65684
5.22178	6.65626	6.67598	6.66167
5.23635	6.70717	6.66226	6.66139
5.25098	6.67382	6.66877	6.67223
5.26563	6.6769	6.67527	6.65329
5.28032	6.67847	6.67127	6.64338
5.29506	6.67227	6.67615	6.66797
5.30982	6.69214	6.66957	6.63668
5.32465	6.68017	6.67725	6.66666
5.3395	6.67641	6.64573	6.65096
5.35439	6.6763	6.67843	6.6576
5.36933	6.6889	6.67157	6.64574
5.3843	6.66821	6.67474	6.67365
5.39931	6.67216	6.67	6.67737
5.41436	6.68067	6.67795	6.66037
5.42945	6.6504	6.66643	6.66022
5.44459	6.68383	6.67447	6.65421
5.45976	6.66414	6.65911	6.66019
5.47498	6.6783	6.67404	6.64898
5.49022	6.68239	6.67978	6.66271
5.50553	6.68169	6.66634	6.65731
5.52086	6.67369	6.67103	6.65874
5.53624	6.68605	6.67542	6.66546
5.55165	6.68842	6.66945	6.66004
5.56711	6.68632	6.69269	6.66161
5.58261	6.67529	6.67378	6.66207
5.59816	6.68968	6.67324	6.65235
5.61374	6.67848	6.65239	6.6572
5.62936	6.67799	6.66434	6.6648
5.64504	6.67829	6.66585	6.66685
5.66074	6.70204	6.66574	6.66619
5.67649	6.68413	6.66625	6.66195
5.69229	6.68311	6.68684	6.65208
5.70813	6.69399	6.68024	6.64683
5.724	6.68699	6.65368	6.65735
5.73992	6.67734	6.67143	6.65298
5.75589	6.68588	6.64875	6.65658
5.77189	6.69094	6.6822	6.66783
5.78794	6.69207	6.65585	6.66215
5.80403	6.69347	6.67764	6.65751
5.82016	6.68187	6.66587	6.66499
5.83634	6.69215	6.67036	6.66578
5.85256	6.6731	6.66805	6.67746
5.86882	6.68941	6.67992	6.66351
5.88513	6.68643	6.64192	6.66948
5.90147	6.69326	6.67466	6.69286
5.91787	6.70399	6.67119	6.6853
5.93431	6.68699	6.66245	6.653
5.9508	6.67862	6.68229	6.67251
5.96733	6.70063	6.67413	6.67937
5.98389	6.70218	6.66555	6.65852
6.0005	6.69798	6.67686	6.67491
6.01716	6.66823	6.68074	6.68123
6.03386	6.69405	6.69075	6.67118
6.05061	6.68711	6.69727	6.65758
6.06741	6.69664	6.65559	6.68676
6.08425	6.68529	6.67835	6.65779
6.10112	6.69706	6.67077	6.66437
6.11806	6.6884	6.66948	6.66288
6.13503	6.69474	6.6664	6.6664
6.15205	6.70608	6.68679	6.64753
6.16911	6.69366	6.6703	6.66831
6.18622	6.68935	6.67078	6.66919
6.20337	6.70658	6.6717	6.6533
6.22057	6.70044	6.6819	6.67348
6.23782	6.70452	6.67435	6.66201
6.25513	6.69623	6.67192	6.68517
6.27246	6.70815	6.68106	6.67425
6.28985	6.7036	6.67738	6.66487
6.30727	6.68931	6.6767	6.67491
6.32475	6.68142	6.6619	6.67799
6.34228	6.69745	6.67694	6.65896
6.35985	6.69761	6.68448	6.64312
6.37747	6.72024	6.68342	6.65357
6.39514	6.68929	6.6658	6.674
6.41285	6.69307	6.67115	6.65801
6.43061	6.69727	6.68115	6.667
6.44842	6.7024	6.70011	6.65435
6.46628	6.69696	6.68568	6.67792
6.48419	6.69092	6.68638	6.66283
6.50214	6.68604	6.67703	6.66193
6.52014	6.70453	6.69557	6.66621
6.53818	6.70322	6.69191	6.64244
6.55627	6.706	6.69503	6.66152
6.57443	6.70157	6.69242	6.65927
6.59261	6.71671	6.6975	6.67423
6.61085	6.69501	6.68753	6.67991
6.62915	6.70939	6.68535	6.65398
6.64749	6.70004	6.68614	6.68336
6.66587	6.71425	6.6871	6.68056
6.68431	6.69206	6.69914	6.66833
6.7028	6.70642	6.689	6.67598
6.72134	6.70448	6.70278	6.66609
6.73991	6.69973	6.69528	6.67275
6.75855	6.716	6.68537	6.66913
6.77724	6.7091	6.68333	6.68643
6.79598	6.72021	6.70276	6.6758
6.81475	6.70638	6.69702	6.68004
6.83359	6.70649	6.68146	6.68111
6.85248	6.70748	6.68915	6.68889
6.87141	6.7028	6.69463	6.68038
6.8904	6.71821	6.69406	6.68022
6.90944	6.69772	6.68258	6.66759
6.92852	6.71758	6.68905	6.6873
6.94766	6.70872	6.70273	6.68405
6.96685	6.71712	6.69818	6.69203
6.9861	6.71276	6.69566	6.68908
7.00539	6.7027	6.69603	6.66997
7.02474	6.69257	6.69052	6.67838
7.04413	6.70891	6.69789	6.67502
7.06357	6.69688	6.70484	6.6978
7.08308	6.68543	6.70067	6.68177
7.10262	6.71013	6.6777	6.68367
7.12224	6.69467	6.70004	6.67636
7.14189	6.71614	6.69142	6.6812
7.1616	6.71114	6.69962	6.68387
7.18136	6.72209	6.68947	6.67853
7.20118	6.69371	6.70021	6.68046
7.22104	6.69462	6.69013	6.68999
7.24096	6.70324	6.69691	6.6864
7.26094	6.71825	6.70998	6.68935
7.28096	6.71271	6.70272	6.71364
7.30105	6.71293	6.69671	6.69225
7.32118	6.70968	6.70483	6.69731
7.34136	6.71724	6.70368	6.68143
7.36161	6.70184	6.69785	6.69672
7.38191	6.70282	6.70074	6.68692
7.40226	6.70081	6.6794	6.69696
7.42266	6.71885	6.72515	6.69497
7.44312	6.7191	6.69488	6.68995
7.46364	6.7004	6.69864	6.69475
7.4842	6.72718	6.72307	6.69523
7.50483	6.69864	6.70154	6.68141
7.52551	6.72024	6.70164	6.69302
7.54624	6.71749	6.70244	6.69024
7.56704	6.71244	6.71288	6.69481
7.58787	6.73405	6.72177	6.68658
7.60878	6.71639	6.71633	6.71375
7.62974	6.71181	6.70751	6.69026
7.65075	6.71141	6.7158	6.69471
7.67181	6.71495	6.71431	6.69187
7.69294	6.72545	6.72559	6.69241
7.71413	6.71397	6.69902	6.69706
7.73536	6.72373	6.70899	6.70849
7.75666	6.71635	6.7076	6.69931
7.77801	6.73947	6.71216	6.67901
7.79943	6.71886	6.70946	6.71245
7.82089	6.71727	6.71545	6.69373
7.84241	6.72979	6.69775	6.68907
7.86399	6.72118	6.71646	6.69989
7.88562	6.73345	6.71747	6.71048
7.90732	6.72688	6.69677	6.70587
7.92907	6.72588	6.71603	6.71293
7.95089	6.72356	6.7149	6.69653
7.97276	6.72404	6.71365	6.69905
7.9947	6.73334	6.71151	6.69702
8.01669	6.72748	6.70056	6.69591
8.03872	6.72703	6.71239	6.69015
8.06084	6.73782	6.71512	6.68954
8.083	6.72844	6.71074	6.70626
8.10522	6.73238	6.70402	6.71637
8.12751	6.74038	6.72528	6.70751
8.14985	6.7321	6.72063	6.72024
8.17225	6.72949	6.73657	6.7102
8.19471	6.72654	6.73944	6.70098
8.21724	6.72076	6.72051	6.70576
8.23983	6.72068	6.72286	6.69511
8.26246	6.72533	6.71654	6.70869
8.28518	6.73736	6.72366	6.71091
8.30794	6.73352	6.71967	6.70638
8.33076	6.73454	6.72113	6.6875
8.35365	6.7307	6.72087	6.69271
8.37659	6.72567	6.70851	6.70366
8.3996	6.72944	6.7155	6.69052
8.42268	6.72207	6.73335	6.70541
8.4458	6.7293	6.72219	6.70798
8.469	6.7235	6.72264	6.71404
8.49225	6.73172	6.71633	6.70561
8.51558	6.73175	6.73132	6.70086
8.53895	6.72459	6.6945	6.69438
8.5624	6.73782	6.72375	6.6974
8.5859	6.72891	6.72771	6.69409
8.60946	6.73408	6.73608	6.70842
8.6331	6.7356	6.72821	6.70709
8.65679	6.73034	6.72551	6.71125
8.68055	6.74103	6.72143	6.68952
8.70438	6.73517	6.72903	6.69008
8.72825	6.7309	6.71754	6.71245
8.7522	6.7102	6.73728	6.70142
8.77621	6.72976	6.73312	6.70561
8.80029	6.71677	6.73854	6.69829
8.82444	6.73596	6.74014	6.70856
8.84864	6.73628	6.73468	6.71676
8.87291	6.71729	6.7288	6.70437
8.89725	6.71411	6.7376	6.70579
8.92165	6.72703	6.72857	6.7062
8.94611	6.74496	6.73777	6.70922
8.97064	6.73612	6.73032	6.71655
8.99524	6.72334	6.71603	6.71832
9.0199	6.72082	6.71411	6.70824
9.04463	6.72595	6.72905	6.70296
9.06942	6.73618	6.71775	6.70795
9.09429	6.72774	6.74057	6.71268
9.11921	6.73634	6.71999	6.71532
9.1442	6.73208	6.73731	6.70663
9.16926	6.73861	6.72461	6.71378
9.19439	6.72799	6.73083	6.71421
9.21959	6.74358	6.72879	6.70637
9.24485	6.74378	6.72784	6.71274
9.27017	6.74076	6.71894	6.724
9.29558	6.73106	6.73388	6.71226
9.32104	6.73514	6.74204	6.71956
9.34656	6.72557	6.72609	6.72727
9.37218	6.72888	6.71641	6.70854
9.39784	6.74155	6.72675	6.71296
9.42358	6.73134	6.72376	6.71648
9.44939	6.7433	6.72261	6.71775
9.47526	6.7401	6.72577	6.73484
9.5012	6.73188	6.73635	6.71688
9.52721	6.7112	6.72873	6.72621
9.5533	6.74324	6.71557	6.70877
9.57945	6.74325	6.71693	6.722
9.60567	6.74259	6.73119	6.71914
9.63198	6.74194	6.7258	6.73668
9.65834	6.75056	6.72189	6.73698
9.68476	6.75559	6.7323	6.72215
9.71128	6.74931	6.72194	6.71809
9.73785	6.74516	6.72583	6.72938
9.7645	6.7617	6.73675	6.73134
9.79121	6.7509	6.70867	6.72774
9.818	6.74801	6.72377	6.7212
9.84486	6.75052	6.73289	6.73414
9.8718	6.75094	6.71916	6.72092
9.8988	6.749	6.73439	6.73794
9.92587	6.76268	6.72098	6.73131
9.95302	6.76049	6.72657	6.74714
9.98025	6.74658	6.73071	6.74072
10.0075	6.75617	6.74719	6.73131
10.0349	6.74613	6.7211	6.74419
10.0624	6.76299	6.72416	6.73315
10.0899	6.75746	6.72911	6.73649
10.1174	6.75371	6.72167	6.74551
10.1451	6.74781	6.74125	6.73403
10.1728	6.75828	6.73741	6.73985
10.2007	6.74769	6.73052	6.74286
10.2285	6.75657	6.74786	6.7386
10.2565	6.76305	6.72493	6.73915
10.2845	6.73843	6.75085	6.73553
10.3126	6.75724	6.73795	6.72668
10.3408	6.75716	6.73105	6.74293
10.3691	6.76012	6.74612	6.72648
10.3974	6.74455	6.73894	6.75266
10.4258	6.7602	6.74882	6.74422
10.4543	6.74052	6.73974	6.76074
10.4829	6.75364	6.73471	6.7446
10.5115	6.75466	6.74294	6.74473
10.5402	6.74288	6.73186	6.74077
10.569	6.74821	6.73288	6.72373
10.5979	6.75202	6.75207	6.73257
10.6268	6.74669	6.73174	6.73453
10.6558	6.74789	6.74578	6.7448
10.6849	6.75096	6.7481	6.73325
10.7141	6.74894	6.73855	6.74164
10.7434	6.75022	6.75431	6.74401
10.7727	6.7503	6.74999	6.74699
10.8021	6.74915	6.75418	6.74811
10.8316	6.7663	6.73684	6.74326
10.8612	6.75682	6.75539	6.74655
10.8908	6.75863	6.75079	6.7532
10.9206	6.76424	6.76481	6.76103
10.9504	6.74665	6.74713	6.76167
10.9803	6.74675	6.74542	6.74796
11.0102	6.76904	6.75767	6.75646
11.0403	6.75064	6.73652	6.75205
11.0704	6.76161	6.7528	6.73898
11.1006	6.75965	6.74244	6.75846
11.1309	6.75937	6.75513	6.75572
11.1613	6.76697	6.74289	6.7491
11.1917	6.76984	6.75165	6.74481
11.2222	6.75915	6.75104	6.7514
11.2528	6.76991	6.75902	6.75565
11.2836	6.75527	6.74755	6.75596
11.3143	6.76772	6.75461	6.75223
11.3452	6.7607	6.76216	6.76045
11.3761	6.77553	6.76098	6.75608
11.4072	6.77054	6.7465	6.75911
11.4383	6.76861	6.75665	6.75952
11.4694	6.76795	6.76587	6.75468
11.5007	6.76741	6.75727	6.74941
11.5321	6.7806	6.74577	6.74894
11.5635	6.78761	6.75403	6.75634
11.595	6.78477	6.7647	6.74694
11.6266	6.76366	6.76263	6.75823
11.6583	6.77666	6.75436	6.76193
11.6901	6.77257	6.76785	6.75805
11.722	6.77424	6.7652	6.75734
11.7539	6.77136	6.77876	6.74587
11.786	6.76614	6.75925	6.77009
11.8181	6.77763	6.76657	6.76633
11.8503	6.78028	6.76725	6.76854
11.8826	6.77467	6.77015	6.76469
11.915	6.78532	6.78346	6.75591
11.9474	6.76587	6.75742	6.76518
11.98	6.77953	6.76895	6.74287
12.0126	6.78776	6.77482	6.76959
12.0454	6.80005	6.78248	6.76553
12.0782	6.7716	6.78654	6.76254
12.1111	6.77298	6.77878	6.7593
12.144	6.79057	6.7792	6.76687
12.1771	6.77679	6.77696	6.76192
12.2103	6.79035	6.76468	6.76647
12.2436	6.79058	6.7756	6.75581
12.2769	6.78148	6.77503	6.76599
12.3103	6.78308	6.77233	6.75022
12.3438	6.78548	6.77505	6.76048
12.3774	6.77911	6.76354	6.76066
12.4111	6.77834	6.78886	6.75241
12.445	6.79647	6.77009	6.76371
12.4788	6.78593	6.77752	6.75394
12.5128	6.7906	6.77799	6.76346
12.5469	6.79526	6.76945	6.74724
12.581	6.79694	6.77639	6.75224
12.6153	6.79253	6.77681	6.76967
12.6496	6.78939	6.77547	6.76189
12.684	6.78606	6.76956	6.76053
12.7185	6.79085	6.78118	6.76199
12.7531	6.7845	6.77659	6.74874
12.7879	6.79967	6.77833	6.74817
12.8226	6.78228	6.78194	6.74211
12.8575	6.79354	6.76628	6.74382
12.8925	6.7972	6.76922	6.75194
12.9276	6.78264	6.78156	6.76759
12.9628	6.78099	6.77362	6.77678
12.998	6.78333	6.78399	6.75496
13.0334	6.79728	6.77458	6.76032
13.0688	6.78646	6.77383	6.76022
13.1044	6.80336	6.78641	6.75315
13.14	6.79153	6.78672	6.75066
13.1758	6.8002	6.76952	6.75486
13.2116	6.81128	6.78668	6.75996
13.2476	6.79451	6.76882	6.76513
13.2836	6.79607	6.7838	6.74918
13.3197	6.79369	6.77896	6.76161
13.3559	6.80106	6.78254	6.76039
13.3922	6.78642	6.77115	6.76736
13.4286	6.80105	6.78335	6.75757
13.4651	6.7944	6.77029	6.76448
13.5018	6.79778	6.78941	6.75596
13.5385	6.78582	6.77396	6.76198
13.5753	6.80684	6.79451	6.76567
13.6122	6.79991	6.78757	6.76658
13.6492	6.79566	6.78268	6.76363
13.6863	6.79457	6.78145	6.76878
13.7235	6.78475	6.78181	6.77376
13.7608	6.79767	6.78327	6.77182
13.7982	6.78908	6.77672	6.75767
13.8357	6.79201	6.78117	6.76854
13.8733	6.80517	6.7948	6.76561
13.9109	6.79905	6.78978	6.76747
13.9487	6.79904	6.78027	6.77271
13.9867	6.78049	6.77367	6.7638
14.0246	6.80817	6.78189	6.75815
14.0627	6.7918	6.78646	6.7725
14.101	6.7847	6.77915	6.76713
14.1393	6.79876	6.78527	6.77332
14.1777	6.78519	6.78189	6.78966
14.2162	6.79362	6.78603	6.77701
14.2548	6.79072	6.78744	6.78039
14.2935	6.79133	6.78682	6.77909
14.3323	6.79304	6.78033	6.791
14.3713	6.79006	6.78915	6.78497
14.4103	6.80042	6.78383	6.78423
14.4494	6.78604	6.80004	6.78298
14.4887	6.78173	6.79725	6.78395
14.528	6.7938	6.78566	6.78896
14.5674	6.79599	6.7934	6.78872
14.607	6.78862	6.80448	6.79032
14.6467	6.78479	6.79925	6.7936
14.6864	6.80668	6.78969	6.79331
14.7263	6.7914	6.78679	6.7775
14.7663	6.79817	6.79294	6.80608
14.8064	6.80019	6.79167	6.79827
14.8465	6.80483	6.79758	6.8102
14.8869	6.7917	6.7861	6.78707
14.9272	6.80205	6.78712	6.80508
14.9678	6.81252	6.78687	6.78908
15.0084	6.80478	6.79483	6.78768
15.0491	6.80438	6.80457	6.80792
15.09	6.79879	6.79792	6.79489
15.1309	6.80277	6.78968	6.79483
15.172	6.81994	6.79172	6.80183
15.2131	6.81662	6.78918	6.80016
15.2544	6.81286	6.80621	6.8042
15.2958	6.81318	6.80096	6.79603
15.3373	6.80438	6.79971	6.81089
15.3789	6.81354	6.79999	6.79727
15.4206	6.80533	6.80834	6.81164
15.4625	6.81835	6.79627	6.80308
15.5044	6.81354	6.80305	6.79446
15.5465	6.82202	6.80134	6.80264
15.5886	6.82636	6.80551	6.80563
15.6309	6.82719	6.79552	6.79702
15.6733	6.83424	6.80712	6.80022
15.7158	6.8266	6.80118	6.7928
15.7584	6.82899	6.80404	6.79469
15.8012	6.83071	6.80024	6.8033
15.844	6.82821	6.80443	6.80258
15.887	6.8273	6.80984	6.79436
15.9301	6.83608	6.81187	6.80739
15.9733	6.82676	6.81417	6.7997
16.0166	6.81686	6.80997	6.7991
16.06	6.83123	6.81814	6.8
16.1035	6.83155	6.82254	6.80071
16.1472	6.82226	6.81241	6.8005
16.191	6.82951	6.80462	6.80947
16.2349	6.81379	6.82646	6.79533
16.2789	6.82281	6.80456	6.80195
16.323	6.82585	6.81809	6.81169
16.3673	6.81824	6.82657	6.80637
16.4116	6.81464	6.81428	6.80252
16.4561	6.81529	6.81165	6.80628
16.5007	6.81535	6.82383	6.80912
16.5454	6.82272	6.82273	6.81215
16.5903	6.81739	6.81805	6.8183
16.6352	6.84022	6.80886	6.80432
16.6803	6.83251	6.82154	6.80772
16.7255	6.81524	6.81865	6.81011
16.7708	6.81623	6.82143	6.8073
16.8162	6.82598	6.8328	6.80809
16.8618	6.8341	6.82044	6.79728
16.9075	6.81564	6.83457	6.81286
16.9533	6.83408	6.83093	6.80772
16.9992	6.82141	6.8371	6.80873
17.0453	6.82966	6.82921	6.8156
17.0915	6.83219	6.83446	6.80367
17.1378	6.82644	6.83006	6.81152
17.1842	6.82661	6.83049	6.81158
17.2307	6.83446	6.82983	6.80904
17.2774	6.82032	6.82774	6.82038
17.3242	6.8276	6.833	6.80534
17.3711	6.83101	6.82413	6.81438
17.4181	6.81319	6.83726	6.80389
17.4653	6.83086	6.83715	6.81049
17.5126	6.82	6.83283	6.81609
17.56	6.82215	6.83441	6.81013
17.6076	6.81722	6.82914	6.80882
17.6553	6.81242	6.8371	6.82298
17.7031	6.81623	6.83131	6.80785
17.751	6.82353	6.8341	6.81401
17.7991	6.81703	6.84519	6.81651
17.8473	6.82699	6.83372	6.81951
17.8956	6.81988	6.83161	6.81167
17.944	6.82306	6.83981	6.80296
17.9926	6.82598	6.829	6.81491
18.0413	6.82313	6.83158	6.81008
18.0901	6.82241	6.84345	6.81635
18.1391	6.83788	6.82879	6.80663
18.1882	6.83468	6.82573	6.8144
18.2374	6.82752	6.82427	6.813
18.2868	6.83171	6.83716	6.79625
18.3363	6.83171	6.83756	6.80886
18.3859	6.83715	6.8275	6.80543
18.4357	6.83444	6.8295	6.81791
18.4856	6.83894	6.83486	6.81048
18.5356	6.83785	6.82239	6.80494
18.5857	6.83384	6.82176	6.80716
18.636	6.84279	6.82459	6.80766
18.6865	6.81936	6.8341	6.81061
18.737	6.83571	6.8262	6.81631
18.7877	6.82919	6.81906	6.82658
18.8386	6.83302	6.82485	6.82376
18.8895	6.84309	6.83484	6.80939
18.9406	6.83098	6.82205	6.82226
18.9918	6.84137	6.82594	6.81101
19.0432	6.83443	6.82259	6.81835
19.0947	6.8366	6.82737	6.82222
19.1464	6.83817	6.82082	6.82086
19.1982	6.84471	6.81997	6.82579
19.2501	6.84621	6.8269	6.82404
19.3022	6.85076	6.82855	6.83004
19.3544	6.84423	6.82969	6.83217
19.4067	6.84497	6.82687	6.83125
19.4592	6.83915	6.83494	6.84107
19.5118	6.85101	6.82759	6.83351
19.5646	6.83472	6.82629	6.84324
19.6175	6.84696	6.82791	6.84494
19.6706	6.85255	6.82468	6.84345
19.7237	6.85533	6.84621	6.84451
19.7771	6.85616	6.82786	6.83441
19.8306	6.84508	6.83369	6.84605
19.8842	6.85291	6.83432	6.84796
19.9379	6.85199	6.84106	6.83607
19.9918	6.86233	6.83399	6.83373
20.0459	6.85156	6.83114	6.83823
20.1001	6.84272	6.83857	6.83786
20.1544	6.86233	6.85204	6.84141
20.2089	6.86469	6.83097	6.84609
20.2635	6.85692	6.84515	6.85172
20.3183	6.85458	6.84588	6.85099
20.3732	6.85946	6.8403	6.84053
20.4283	6.86015	6.84739	6.84521
20.4835	6.86642	6.84505	6.83778
20.5389	6.85984	6.85424	6.8473
20.5944	6.86011	6.83318	6.84533
20.65	6.86919	6.84549	6.83644
20.7059	6.86113	6.84352	6.82937
20.7618	6.85264	6.85001	6.83645
20.8179	6.85728	6.84676	6.84389
20.8742	6.86335	6.8503	6.83015
20.9306	6.85513	6.84547	6.84178
20.9871	6.85557	6.85401	6.83528
21.0438	6.865	6.85332	6.83801
21.1007	6.86703	6.85147	6.83352
21.1577	6.86953	6.85309	6.83818
21.2149	6.863	6.84956	6.84187
21.2722	6.86248	6.85215	6.83769
21.3297	6.86091	6.84801	6.83675
21.3873	6.86327	6.86308	6.85362
21.4451	6.87679	6.86115	6.84595
21.503	6.86167	6.85516	6.84178
21.5611	6.86096	6.86002	6.84897
21.6193	6.85976	6.85307	6.85157
21.6777	6.86932	6.86206	6.85177
21.7363	6.85149	6.86956	6.85587
21.795	6.86007	6.85755	6.84033
21.8539	6.86843	6.85901	6.8411
21.9129	6.85586	6.87527	6.84597
21.9721	6.8702	6.86316	6.84257
22.0314	6.86524	6.8664	6.85326
22.0909	6.86064	6.86335	6.83539
22.1506	6.86093	6.86782	6.85305
22.2104	6.86693	6.86586	6.85231
22.2704	6.85707	6.86493	6.85158
22.3305	6.85665	6.87349	6.85585
22.3908	6.85342	6.87494	6.85429
22.4513	6.85606	6.86566	6.85077
22.5119	6.85659	6.87718	6.85688
22.5727	6.86321	6.85739	6.85914
22.6336	6.85193	6.86814	6.85513
22.6947	6.86011	6.86993	6.8484
22.756	6.85794	6.87099	6.84701
22.8174	6.86188	6.86193	6.84514
22.879	6.85686	6.878	6.8499
22.9408	6.86786	6.8598	6.84364
23.0027	6.86233	6.8697	6.84249
23.0648	6.86941	6.86603	6.83806
23.1271	6.86179	6.87067	6.84277
23.1895	6.86422	6.86466	6.82697
23.2521	6.86294	6.87517	6.83688
23.3149	6.86377	6.87709	6.84813
23.3778	6.86812	6.87649	6.84355
23.4409	6.8674	6.86811	6.84253
23.5042	6.8655	6.87453	6.84359
23.5676	6.86395	6.85933	6.85425
23.6312	6.86792	6.87294	6.85218
23.695	6.87199	6.85774	6.85712
23.7589	6.8768	6.86864	6.85929
23.823	6.86761	6.87188	6.87323
23.8873	6.87539	6.86539	6.8511
23.9518	6.86765	6.86181	6.86052
24.0164	6.8598	6.86052	6.86304
24.0812	6.87835	6.86853	6.87192
24.1462	6.88101	6.8686	6.8663
24.2113	6.88252	6.86882	6.87104
24.2767	6.8753	6.87473	6.86971
24.3422	6.88367	6.86325	6.87069
24.4078	6.88041	6.87153	6.87284
24.4737	6.87974	6.86478	6.87584
24.5397	6.88141	6.85986	6.87055
24.6059	6.87879	6.85238	6.87224
24.6723	6.8852	6.87184	6.86416
24.7388	6.87937	6.87184	6.87441
24.8056	6.88592	6.86321	6.87237
24.8725	6.88519	6.86762	6.86994
24.9396	6.87773	6.87537	6.87275
25.0069	6.89335	6.86375	6.88212
25.0743	6.88796	6.87908	6.87864
25.142	6.89057	6.8676	6.88764
25.2097	6.8809	6.8778	6.87148
25.2778	6.88357	6.8785	6.87668
25.3459	6.8847	6.88462	6.87337
25.4143	6.89491	6.87207	6.87895
25.4828	6.88182	6.87542	6.87517
25.5515	6.89158	6.87728	6.87704
25.6204	6.89218	6.87725	6.88016
25.6895	6.88997	6.88267	6.87581
25.7588	6.89553	6.88162	6.8701
25.8283	6.88765	6.89017	6.87368
25.8979	6.89817	6.88035	6.87643
25.9678	6.90571	6.88671	6.87089
26.0378	6.88705	6.89431	6.86605
26.108	6.89303	6.89083	6.88688
26.1784	6.89408	6.89434	6.87453
26.2489	6.89458	6.88172	6.86549
26.3197	6.8939	6.89591	6.86689
26.3907	6.9022	6.89488	6.87048
26.4618	6.89362	6.89531	6.88231
26.5332	6.89565	6.89356	6.87431
26.6047	6.90251	6.90218	6.87397
26.6764	6.90268	6.89601	6.88168
26.7483	6.90333	6.89646	6.86647
26.8204	6.89529	6.89724	6.86818
26.8927	6.89973	6.9018	6.87698
26.9652	6.89545	6.90529	6.87486
27.0379	6.89477	6.89287	6.87649
27.1108	6.89236	6.90359	6.88864
27.1839	6.88354	6.89598	6.88231
27.2571	6.88467	6.89886	6.87922
27.3306	6.88669	6.89097	6.88181
27.4042	6.89314	6.89165	6.88279
27.4781	6.88336	6.88918	6.89197
27.5522	6.88529	6.88406	6.88787
27.6264	6.88259	6.89041	6.88512
27.7009	6.88117	6.8854	6.88857
27.7755	6.88294	6.88767	6.88831
27.8504	6.88348	6.87895	6.89858
27.9254	6.892	6.8868	6.88709
28.0007	6.8932	6.8857	6.88504
28.0761	6.88585	6.89991	6.88372
28.1518	6.88584	6.88844	6.89483
28.2276	6.88822	6.89088	6.88958
28.3037	6.88817	6.89548	6.88773
28.3799	6.90211	6.89179	6.89103
28.4564	6.87705	6.89827	6.90368
28.5331	6.89179	6.89801	6.89947
28.6099	6.89086	6.89922	6.89891
28.687	6.89389	6.90036	6.89412
28.7643	6.89665	6.89889	6.89429
28.8418	6.89403	6.89076	6.90457
28.9195	6.89607	6.89534	6.90078
28.9974	6.89566	6.90702	6.89643
29.0755	6.89193	6.90391	6.90166
29.1539	6.90086	6.89847	6.89499
29.2324	6.89761	6.90783	6.90453
29.3111	6.90429	6.90631	6.89743
29.3901	6.91211	6.9071	6.89526
29.4692	6.9138	6.89761	6.89622
29.5486	6.90719	6.90174	6.88851
29.6282	6.90859	6.90825	6.89752
29.708	6.91331	6.90591	6.90135
29.788	6.92182	6.90087	6.89825
29.8682	6.91927	6.90554	6.89602
29.9487	6.92259	6.913	6.9104
30.0294	6.92513	6.91288	6.89683
30.1102	6.91557	6.9132	6.90946
30.1913	6.921	6.91327	6.90316
30.2726	6.92682	6.90734	6.90134
30.3541	6.9245	6.9159	6.90218
30.4359	6.9271	6.90674	6.89208
30.5178	6.92648	6.91551	6.89586
30.6	6.9241	6.92703	6.89453
30.6824	6.93105	6.91537	6.89531
30.765	6.93422	6.92151	6.8997
30.8479	6.93758	6.92687	6.89676
30.9309	6.93325	6.91458	6.90669
31.0142	6.92948	6.91939	6.90814
31.0977	6.92479	6.92195	6.90031
31.1814	6.92331	6.91528	6.90751
31.2654	6.92156	6.91802	6.91279
31.3496	6.93025	6.91282	6.90247
31.434	6.92385	6.91003	6.90601
31.5186	6.92139	6.90445	6.90914
31.6035	6.92528	6.90868	6.90307
31.6885	6.92244	6.91625	6.90661
31.7738	6.92744	6.91005	6.90133
31.8594	6.91821	6.91511	6.91546
31.9451	6.91808	6.91414	6.91581
32.0311	6.92247	6.91847	6.91209
32.1174	6.91641	6.92021	6.91557
32.2038	6.91214	6.91868	6.91031
32.2905	6.91955	6.92119	6.90929
32.3774	6.91755	6.93366	6.90892
32.4646	6.90544	6.91389	6.90741
32.5519	6.91283	6.92476	6.90767
32.6395	6.91139	6.92408	6.91096
32.7274	6.90677	6.90984	6.90804
32.8155	6.91157	6.91249	6.90888
32.9038	6.91137	6.90655	6.91367
32.9924	6.91484	6.91441	6.90556
33.0811	6.90784	6.9057	6.90923
33.1702	6.9262	6.9067	6.90683
33.2594	6.92817	6.92415	6.91204
33.3489	6.92968	6.91938	6.91721
33.4387	6.92262	6.9206	6.91455
33.5287	6.93338	6.91136	6.91841
33.6189	6.93318	6.92455	6.92193
33.7094	6.93707	6.91707	6.92191
33.8001	6.93731	6.91855	6.91329
33.891	6.93508	6.91373	6.91298
33.9822	6.93782	6.91795	6.91566
34.0736	6.93859	6.9214	6.92072
34.1653	6.94019	6.91242	6.9195
34.2572	6.93787	6.92074	6.9196
34.3494	6.94725	6.93069	6.92169
34.4418	6.94082	6.92476	6.91507
34.5345	6.94255	6.92354	6.92371
34.6274	6.93298	6.91877	6.91912
34.7206	6.94178	6.92173	6.92413
34.814	6.94061	6.9232	6.92272
34.9076	6.9316	6.9272	6.91425
35.0015	6.92791	6.93269	6.92061
35.0957	6.93282	6.93202	6.92157
35.1901	6.93196	6.93234	6.92944
35.2848	6.93755	6.92481	6.92366
35.3797	6.93133	6.92176	6.92414
35.4749	6.92947	6.92254	6.91921
35.5703	6.92433	6.93104	6.92574
35.666	6.92571	6.9264	6.93565
35.7619	6.93164	6.92398	6.92335
35.8581	6.93271	6.92531	6.91812
35.9546	6.9305	6.93325	6.9281
36.0513	6.93139	6.93453	6.92846
36.1482	6.9312	6.9297	6.92994
36.2454	6.9406	6.92718	6.93616
36.3429	6.94102	6.92819	6.92535
36.4407	6.94288	6.93102	6.93118
36.5387	6.94832	6.91991	6.93429
36.637	6.94131	6.92852	6.93148
36.7355	6.94259	6.91641	6.93294
36.8343	6.94116	6.92055	6.9301
36.9333	6.94662	6.92072	6.92969
37.0326	6.93865	6.93873	6.92752
37.1322	6.93742	6.9256	6.93384
37.2321	6.94008	6.93278	6.93359
37.3322	6.9361	6.92891	6.92812
37.4326	6.93311	6.92891	6.92864
37.5333	6.93604	6.93113	6.93376
37.6342	6.93277	6.93279	6.91448
37.7354	6.93907	6.93636	6.92187
37.8368	6.94459	6.92886	6.91856
37.9386	6.94818	6.93639	6.92261
38.0406	6.9532	6.93263	6.91593
38.1429	6.94958	6.93507	6.9233
38.2454	6.95046	6.93736	6.92315
38.3483	6.96197	6.93306	6.92873
38.4514	6.96039	6.93918	6.93454
38.5547	6.96805	6.94165	6.92596
38.6584	6.96475	6.9469	6.92898
38.7623	6.96542	6.93977	6.93185
38.8665	6.95883	6.9449	6.94081
38.971	6.96048	6.94432	6.9425
39.0758	6.96374	6.94504	6.94054
39.1809	6.96522	6.9334	6.94836
39.2862	6.96068	6.94914	6.94885
39.3918	6.95866	6.9368	6.94343
39.4977	6.96038	6.93955	6.94025
39.6039	6.95926	6.93989	6.94323
39.7103	6.95638	6.94574	6.93555
39.8171	6.95869	6.93808	6.94833
39.9241	6.94752	6.94491	6.94607
40.0314	6.95139	6.94505	6.93708
40.139	6.95087	6.95367	6.94151
40.2469	6.95024	6.95231	6.94035
40.3551	6.95224	6.95246	6.93982
40.4635	6.94787	6.94855	6.93863
40.5723	6.94885	6.95618	6.92852
40.6813	6.96302	6.95135	6.92834
40.7907	6.95826	6.95069	6.92997
40.9003	6.94659	6.95075	6.9248
41.0102	6.95432	6.95014	6.92759
41.1204	6.95645	6.94632	6.92689
41.231	6.95173	6.94256	6.92398
41.3418	6.95466	6.94883	6.92926
41.4529	6.95202	6.93986	6.93337
41.5643	6.95381	6.94317	6.9318
41.676	6.94803	6.9478	6.93188
41.788	6.95872	6.93841	6.93062
41.9003	6.95905	6.94145	6.94171
42.0129	6.95641	6.93734	6.93844
42.1258	6.9674	6.93995	6.94543
42.2389	6.96419	6.94573	6.94113
42.3525	6.96102	6.94583	6.94438
42.4663	6.96754	6.94674	6.94236
42.5804	6.96315	6.94334	6.95094
42.6948	6.95979	6.95405	6.9411
42.8095	6.96073	6.95308	6.94941
42.9245	6.95989	6.95197	6.95068
43.0398	6.96096	6.95199	6.94633
43.1555	6.96231	6.95236	6.94444
43.2715	6.95948	6.95032	6.94933
43.3877	6.96448	6.95133	6.95105
43.5043	6.96648	6.95608	6.94363
43.6212	6.95833	6.95619	6.94537
43.7383	6.96733	6.96232	6.94648
43.8559	6.96432	6.96442	6.94535
43.9737	6.97062	6.95923	6.94858
44.0918	6.95987	6.96676	6.952
44.2103	6.96209	6.96519	6.9601
44.329	6.96692	6.96454	6.94373
44.4481	6.97722	6.96247	6.95418
44.5675	6.97506	6.95989	6.94607
44.6873	6.97309	6.9589	6.95212
44.8073	6.97706	6.95546	6.94934
44.9277	6.97102	6.96022	6.95876
45.0484	6.97213	6.94872	6.96045
45.1694	6.97339	6.95394	6.95571
45.2907	6.97384	6.95266	6.95389
45.4123	6.96544	6.95414	6.94866
45.5343	6.96925	6.9505	6.95592
45.6566	6.96675	6.95447	6.95078
45.7793	6.96905	6.95333	6.95251
45.9022	6.96315	6.95762	6.95912
46.0255	6.95242	6.95567	6.95837
46.1491	6.95723	6.95341	6.95845
46.2731	6.95127	6.94703	6.95497
46.3974	6.96103	6.95426	6.96626
46.522	6.96735	6.9522	6.96094
46.6469	6.96031	6.95473	6.96149
46.7722	6.97141	6.95858	6.96831
46.8978	6.97934	6.95616	6.96057
47.0238	6.97269	6.96145	6.96929
47.1501	6.97423	6.96251	6.96319
47.2767	6.97903	6.95937	6.9577
47.4037	6.97709	6.95834	6.95732
47.531	6.97966	6.95762	6.96108
47.6586	6.97621	6.95348	6.95791
47.7866	6.97957	6.95471	6.95937
47.9149	6.98273	6.96002	6.95952
48.0436	6.97402	6.95472	6.96729
48.1726	6.97686	6.95165	6.96077
48.3019	6.98057	6.95371	6.96168
48.4317	6.98986	6.9621	6.96394
48.5617	6.98354	6.95583	6.96148
48.6921	6.98291	6.95897	6.97089
48.8228	6.99279	6.96845	6.96252
48.9539	6.98808	6.97017	6.96255
49.0854	6.98171	6.96802	6.97742
49.2172	6.98827	6.96297	6.96734
49.3493	6.98618	6.97252	6.96542
49.4818	6.98108	6.96313	6.96686
49.6147	6.99262	6.97571	6.97244
49.7479	6.98036	6.96907	6.9729
49.8815	6.98537	6.97368	6.97993
50.0154	6.97885	6.9695	6.97865
50.1497	6.97218	6.95889	6.97835
50.2843	6.97002	6.96261	6.98192
50.4193	6.97678	6.96212	6.98265
50.5547	6.97083	6.9543	6.98365
50.6904	6.97175	6.95816	6.97742
50.8265	6.9716	6.95887	6.97798
50.963	6.98149	6.9644	6.97493
51.0998	6.96999	6.95167	6.96997
51.2369	6.97341	6.96822	6.97507
51.3745	6.9717	6.96757	6.97531
51.5124	6.98044	6.96031	6.97483
51.6507	6.97956	6.97333	6.97039
51.7893	6.977	6.96779	6.96933
51.9284	6.98628	6.96703	6.96497
52.0678	6.99394	6.96356	6.9628
52.2075	6.99615	6.96513	6.96746
52.3477	6.99482	6.96356	6.97239
52.4882	7.00513	6.96927	6.9676
52.6291	6.99446	6.97055	6.96676
52.7703	6.99481	6.97738	6.96873
52.912	6.99777	6.96842	6.97121
53.054	6.99141	6.97732	6.97052
53.1964	6.99717	6.9732	6.96688
53.3392	6.99402	6.97666	6.97206
53.4824	6.99835	6.98223	6.97775
53.6259	6.99344	6.98355	6.97855
53.7698	6.99212	6.98007	6.98564
53.9142	6.98873	6.97932	6.98629
54.0588	6.98549	6.98172	6.97651
54.2039	6.98814	6.98105	6.98406
54.3494	6.99053	6.97576	6.98371
54.4953	6.99048	6.97966	6.98582
54.6415	6.98548	6.97463	6.98955
54.7882	6.98502	6.97174	6.98542
54.9352	6.97918	6.97267	6.98901
55.0826	6.97682	6.96567	6.99333
55.2305	6.97787	6.97074	6.97981
55.3787	6.97884	6.97678	6.98337
55.5273	6.9794	6.97474	6.98226
55.6763	6.98259	6.97642	6.97842
55.8257	6.98239	6.96792	6.97849
55.9755	6.98554	6.97394	6.97455
56.1258	6.98345	6.97427	6.98026
56.2764	6.98875	6.97221	6.98448
56.4274	6.98911	6.97592	6.99026
56.5788	6.98838	6.98819	6.98679
56.7306	6.99799	6.98157	6.98281
56.8828	7.003	6.97911	6.97709
57.0355	7.00284	6.98174	6.97715
57.1885	7.00427	6.97947	6.981
57.342	6.99581	6.98394	6.97225
57.4958	6.99556	6.98409	6.97291
57.6501	6.99694	6.9874	6.97585
57.8048	6.9884	6.98399	6.98156
57.9599	6.98712	6.98197	6.98502
58.1154	6.99066	6.9726	6.9832
58.2713	6.98979	6.96867	6.98228
58.4277	6.98924	6.97273	6.99062
58.5844	6.98448	6.9754	6.99023
58.7416	6.98438	6.97609	6.9897
58.8992	6.97678	6.98093	6.98921
59.0572	6.98732	6.97909	6.98362
59.2157	6.9869	6.98129	6.98327
59.3745	6.99048	6.98309	6.98845
59.5339	6.98559	6.97938	6.98398
59.6936	6.99333	6.97716	6.98643
59.8537	6.99705	6.97561	6.99081
60.0143	6.98662	6.97462	6.98354
60.1753	6.9953	6.98368	6.98869
60.3367	6.99061	6.97934	6.99152
60.4986	6.99675	6.98147	6.98693
60.6609	6.99631	6.97911	6.98488
60.8236	6.9972	6.97761	6.98515
60.9868	6.99975	6.97796	6.98853
61.1504	7.00153	6.98092	6.98585
61.3144	7.00572	6.98326	6.98985
61.4789	7.00703	6.9883	6.99307
61.6438	7.01143	6.98495	6.99419
61.8092	7.01938	6.99222	6.98917
61.975	7.01124	6.98718	6.98867
62.1412	7.01125	6.98796	6.99023
62.3079	7.01745	6.99276	6.99325
62.475	7.00953	6.98559	6.99382
62.6426	7.01569	6.99053	6.98425
62.8106	7.01236	6.99479	6.98343
62.9791	7.01679	6.99064	6.98381
63.148	7.01115	6.99134	6.98563
63.3174	7.01298	6.99086	6.98662
63.4873	7.00638	6.99303	6.98453
63.6575	7.00565	6.99123	6.99006
63.8283	6.99608	6.98645	6.99898
63.9995	6.99448	6.97699	6.99931
64.1711	6.98558	6.98077	6.99554
64.3432	6.988	6.98284	6.98695
64.5158	6.99833	6.98395	6.98274
64.6888	7.00409	6.98476	6.97675
64.8623	7.00571	6.993	6.98435
65.0363	7.00473	6.99506	6.98621
65.2107	7.01074	6.99517	6.9886
65.3856	6.99827	6.98751	6.98861
65.561	6.9955	6.98877	6.97952
65.7368	7.00324	6.99162	6.98882
65.9131	6.99576	6.98914	6.99357
66.0899	7.00189	6.99151	6.99349
66.2671	6.99763	6.99365	7.00121
66.4448	6.98894	7.00006	7.00104
66.623	6.99252	6.99734	6.99778
66.8017	6.99233	6.99902	6.99771
66.9808	6.99654	6.99227	7.00088
67.1604	7.00215	6.998	6.99856
67.3405	7.0036	6.99611	6.99655
67.5211	7.00268	6.99725	6.99899
67.7022	7.01111	6.994	6.98391
67.8837	7.00525	6.99792	6.9908
68.0657	7.00365	6.98716	6.9847
68.2483	6.99834	6.99	6.98422
68.4313	7.00547	6.98851	6.98174
68.6148	7.00191	6.99543	6.98307
68.7988	7.00054	6.99055	6.99229
68.9832	7.00142	6.99064	6.99445
69.1682	6.99792	6.98592	7.00757
69.3537	6.99962	6.9941	6.9987
69.5396	7.00177	6.98725	7.00683
69.7261	7.0046	6.99361	6.99978
69.913	7.00595	6.99634	6.99762
70.1005	7.00968	6.99317	6.99828
70.2885	7.0064	6.99498	6.99643
70.4769	7.00321	6.99823	6.98645
70.6659	6.99963	6.99163	6.99084
70.8553	7.00453	6.99145	6.99468
71.0453	7.00793	6.99992	6.99507
71.2358	7.01313	6.99414	6.99477
71.4268	7.01044	6.99552	6.99705
71.6183	7.00953	6.99918	7.00162
71.8103	7.00875	6.99389	6.99747
72.0028	7.0062	6.993	7.00489
72.1959	7.00658	6.98898	6.99385
72.3894	7.01032	6.98786	6.99321
72.5835	7.00272	6.99301	6.98619
72.7781	7.00269	6.98762	6.98737
72.9732	7.00226	6.99301	6.98755
73.1688	7.00476	6.99791	6.98049
73.365	7.00027	6.99624	6.98124
73.5617	7.00725	6.99152	6.98386
73.7589	7.00202	6.98802	6.98683
73.9566	7.00445	6.98959	6.99715
74.1549	7.00571	6.9893	6.99624
74.3537	7.00532	6.99239	6.99751
74.553	7.01306	6.98895	7.00144
74.7528	7.01737	6.99084	7.0015
74.9532	7.01455	6.99356	7.00198
75.1542	7.01693	6.99545	6.99789
75.3556	7.01817	7.0019	6.99715
75.5576	7.01616	7.00515	6.99886
75.7602	7.01623	7.00246	6.99813
75.9632	7.01391	7.00395	7.00213
76.1669	7.01084	7.00471	7.00775
76.371	7.00907	7.00819	6.99974
76.5758	7.00758	7.00849	6.99197
76.781	7.00872	7.00313	6.99605
76.9868	7.00945	6.99675	6.99343
77.1932	7.00089	7.00133	6.99782
77.4001	6.9995	6.9978	6.99679
77.6076	6.99628	6.99263	6.99479
77.8156	7.00471	6.99122	6.98764
78.0241	7.00552	7.00224	6.99292
78.2333	7.00423	6.99395	6.99384
78.443	7.01276	7.00041	6.99319
78.6532	7.00846	7.00454	6.99617
78.864	7.01206	7.00466	7.00038
79.0754	7.01814	6.99989	7.00839
79.2874	7.01317	7.0022	7.00468
79.4999	7.02108	7.00551	7.00853
79.7129	7.01585	7.01425	7.00921
79.9266	7.02098	7.01149	7.01
80.1408	7.01877	7.01653	6.99876
80.3556	7.01467	7.01101	7.0026
80.5709	7.01721	7.00955	6.99702
80.7869	7.02079	6.99888	7.00374
81.0034	7.01314	6.99694	7.00961
81.2205	7.01206	6.99458	7.00335
81.4382	7.00728	6.99925	7.0048
81.6564	6.99965	7.0034	6.99808
81.8753	7.00248	7.00329	7.00133
82.0947	7.00014	6.9935	6.99684
82.3147	7.00026	6.99762	6.99252
82.5353	7.00158	6.99416	6.99607
82.7565	6.99961	6.9987	6.99568
82.9782	7.00824	7.00805	6.99715
83.2006	7.00719	7.01271	7.00591
83.4236	7.02062	7.01915	7.00985
83.6471	7.01996	7.01646	7.00905
83.8713	7.02486	7.0173	7.00191
84.0961	7.02635	7.01471	7.00551
84.3214	7.01838	7.00766	6.99696
84.5474	7.02289	7.01619	7.00484
84.7739	7.02357	7.01207	7.00543
85.0011	7.02686	7.00636	7.00472
85.2289	7.02131	7.01114	7.00582
85.4573	7.02309	7.00805	7.00232
85.6863	7.02194	7.01443	6.99776
85.9159	7.01751	7.00589	7.00462
86.1461	7.0221	7.00874	7.01278
86.3769	7.01637	7.00416	7.00809
86.6084	7.01666	7.00381	7.00283
86.8405	7.00703	7.00654	7.00449
87.0732	7.00473	7.00762	7.00232
87.3065	7.00832	7.00589	7.00138
87.5404	7.01661	7.01021	7.00235
87.775	7.01831	7.01043	6.99901
88.0102	7.02144	7.01282	6.99773
88.246	7.02208	7.01119	7.00133
88.4824	7.02296	7.0129	7.01669
88.7195	7.02987	7.01156	7.01248
88.9572	7.02929	7.01182	7.01083
89.1956	7.02733	7.01404	7.01088
89.4345	7.02621	7.01699	7.00828
89.6742	7.02459	7.01189	7.00747
89.9144	7.02398	7.01631	7.00724
90.1553	7.02788	7.00726	7.01241
90.3969	7.02663	7.00621	7.00523
90.6391	7.02214	7.00818	7.00492
90.8819	7.0224	7.00389	7.00813
91.1254	7.01007	7.00597	7.00302
91.3696	7.00589	6.99856	7.00152
91.6144	7.0073	7.00208	6.9994
91.8598	7.01076	7.00272	6.99834
92.1059	7.02167	7.01054	6.99859
92.3527	7.02399	7.01408	6.9978
92.6001	7.02579	7.01516	6.99953
92.8482	7.03288	7.01134	7.00403
93.0969	7.02931	7.00596	7.00327
93.3464	7.0286	7.01038	7.00829
93.5964	7.02015	7.01365	7.01387
93.8472	7.02661	7.01166	7.01575
94.0986	7.02624	7.01965	7.01264
94.3507	7.02734	7.01415	7.01492
94.6034	7.02989	7.01099	7.01334
94.8569	7.02149	7.0118	7.01103
95.111	7.02038	7.0062	7.00914
95.3658	7.01522	7.01049	6.99828
95.6213	7.01777	7.01096	6.996
95.8774	7.02112	7.01137	6.9927
96.1343	7.01044	7.00572	6.99809
96.3918	7.01787	7.00858	7.00096
96.65	7.01858	7.00352	7.00117
96.9089	7.01881	7.00941	7.00265
97.1685	7.02019	7.00751	7.00597
97.4288	7.01677	7.01267	7.00339
97.6898	7.0219	7.01797	7.00718
97.9515	7.0218	7.02302	6.99712
98.2139	7.02501	7.02263	6.99813
98.477	7.02598	7.01742	7.00005
98.7407	7.02508	7.01895	7.01039
99.0052	7.0333	7.01408	7.0113
99.2704	7.03574	7.00779	7.01056
99.5363	7.03187	7.00847	7.00705
99.803	7.0246	7.0047	7.00117
100.07	7.01781	7.00853	7.00209
100.338	7.01808	7.0093	7.00487
100.607	7.01953	7.00569	7.00233
100.877	7.02073	7.00926	7.00503
101.147	7.02126	7.00681	7.00704
101.418	7.0212	7.00666	7.00018
101.689	7.01879	7.00989	7.00149
101.962	7.01958	7.0138	7.00089
102.235	7.03032	7.02022	7.00965
102.509	7.03899	7.02272	7.00569
102.783	7.03645	7.02367	7.00493
103.059	7.03856	7.02954	7.00499
103.335	7.03639	7.03172	7.00587
103.611	7.0312	7.02626	7.00448
103.889	7.03327	7.02512	7.00351
104.167	7.02805	7.02137	7.00844
104.446	7.03438	7.01346	7.00548
104.726	7.03468	7.00925	7.002
105.006	7.04147	7.00546	7.00449
105.288	7.02648	7.01065	7.00209
105.57	7.02806	7.00994	7.00086
105.852	7.02826	7.01849	7.00066
106.136	7.03347	7.01642	7.00899
106.42	7.03511	7.01137	7.00787
106.705	7.03208	7.00644	6.99901
106.991	7.03756	7.01337	7.00064
107.277	7.03298	7.01558	7.00601
107.565	7.03675	7.02529	7.00837
107.853	7.03799	7.02282	7.01765
108.142	7.03728	7.02084	7.0182
108.431	7.03764	7.02014	7.00834
108.722	7.03408	7.01885	7.01093
109.013	7.02807	7.01705	7.01068
109.305	7.03351	7.01065	7.00368
109.597	7.02119	7.00849	6.99766
109.891	7.02038	7.01342	6.99611
110.185	7.02345	7.01892	7.001
110.48	7.02775	7.01269	7.00247
110.776	7.03146	7.01266	7.00171
111.073	7.03754	7.01999	7.00852
111.37	7.0403	7.01765	7.00134
111.669	7.03793	7.02725	6.99941
111.968	7.02933	7.02672	6.99822
112.267	7.0352	7.02493	6.99822
112.568	7.03428	7.02247	6.99967
112.869	7.03343	7.01587	7.00977
113.172	7.03108	7.01184	7.0083
113.475	7.02937	7.01319	7.00437
113.779	7.0314	7.00878	7.00602
114.083	7.02666	7.01606	6.99914
114.389	7.02235	7.01294	6.99109
114.695	7.02666	7.01794	6.9918
115.002	7.03078	7.01595	6.98617
115.31	7.03746	7.02098	6.98517
115.619	7.03463	7.02849	6.9896
115.929	7.04342	7.03646	6.99641
116.239	7.04858	7.03373	7.00175
116.55	7.04582	7.03281	7.0066
116.862	7.03959	7.0243	7.00167
117.175	7.03817	7.025	7.00495
117.489	7.03645	7.02528	7.00319
117.804	7.03428	7.0199	6.99856
118.119	7.0281	7.01226	6.99853
118.435	7.02237	7.0177	7.00227
118.752	7.02033	7.02019	7.00425
119.07	7.03108	7.02008	7.00092
119.389	7.03478	7.0195	7.00547
119.709	7.03429	7.02163	7.00617
120.029	7.03198	7.01539	7.00177
120.351	7.02705	7.01821	6.99988
120.673	7.02931	7.02507	7.00217
120.996	7.02745	7.02147	6.99998
121.32	7.0282	7.01704	6.9977
121.645	7.03589	7.02686	7.0046
121.971	7.03673	7.01905	7.00152
122.297	7.03983	7.01361	6.99653
122.625	7.0348	7.01277	6.99901
122.953	7.02788	7.01639	7.00326
123.282	7.02756	7.01281	7.00168
123.612	7.03018	7.01384	7.00527
123.943	7.03353	7.01978	7.00711
124.275	7.03713	7.02354	7.00689
124.608	7.03811	7.03199	7.0002
124.941	7.03482	7.03219	7.00054
125.276	7.03958	7.04211	7.00401
125.611	7.04327	7.03964	7.00338
125.948	7.04321	7.03196	6.99829
126.285	7.04346	7.02415	6.9915
126.623	7.04363	7.01285	6.99244
126.962	7.03557	7.01223	6.98826
127.302	7.03045	7.01199	7.00574
127.643	7.0206	7.01164	7.00851
127.984	7.0311	7.01438	7.00897
128.327	7.02888	7.01491	7.00726
128.671	7.0292	7.01963	7.00468
129.015	7.04074	7.02626	7.00523
129.361	7.04262	7.03511	6.99513
129.707	7.04472	7.03067	6.99242
130.054	7.04385	7.02891	6.99724
130.402	7.03689	7.02365	7.00199
130.751	7.03517	7.02416	6.99397
131.101	7.0346	7.02215	6.9984
131.452	7.03301	7.02109	6.99108
131.804	7.03487	7.01826	7.00493
132.157	7.02744	7.02193	7.00448
132.511	7.0367	7.02361	7.0016
132.866	7.03089	7.0275	7.00705
133.221	7.03093	7.02231	7.01087
133.578	7.03713	7.02543	7.00104
133.936	7.04326	7.02575	7.00105
134.294	7.04443	7.02678	6.99882
134.654	7.03953	7.02331	6.99734
135.014	7.0401	7.02374	6.99986
135.376	7.03246	7.0253	7.00716
135.738	7.02403	7.01563	7.00771
136.101	7.02282	7.01078	6.99986
136.466	7.02163	7.01055	6.99879
136.831	7.03162	7.01973	7.00544
137.197	7.0292	7.02733	7.00326
137.565	7.03459	7.02697	7.01144
137.933	7.0414	7.02593	7.00823
138.302	7.04467	7.02707	7.00356
138.672	7.04196	7.02074	6.99999
139.043	7.04731	7.02102	6.99713
139.416	7.04637	7.01846	7.00529
139.789	7.04867	7.01901	7.00312
140.163	7.04853	7.01758	7.0042
140.538	7.04421	7.02079	7.00665
140.914	7.03594	7.01739	6.99485
141.292	7.02197	7.01727	6.98272
141.67	7.0224	7.02311	6.98807
142.049	7.03054	7.0179	7.00613
142.429	7.03072	7.02378	7.00539
142.81	7.0349	7.02898	7.00211
143.193	7.0347	7.03415	7.00858
143.576	7.03882	7.03689	6.99946
143.96	7.03997	7.02347	6.99258
144.346	7.03754	7.02614	6.99176
144.732	7.03196	7.02862	6.98902
145.119	7.034	7.01878	6.99411
145.508	7.02742	7.02049	6.99838
145.897	7.03002	7.02434	6.99866
146.288	7.03063	7.0246	6.99847
146.679	7.0297	7.02689	6.99778
147.072	7.03597	7.02914	7.00122
147.466	7.04158	7.0281	6.99645
147.86	7.04105	7.02825	7.00021
148.256	7.04488	7.03035	6.99791
148.653	7.03997	7.02918	6.99695
149.051	7.03483	7.02551	7.00564
149.45	7.02726	7.01435	7.00463
149.85	7.02948	7.01862	7.0049
150.251	7.02962	7.01737	7.00704
150.653	7.02583	7.016	6.99602
151.056	7.02684	7.01559	6.99649
151.46	7.04049	7.02552	7.00534
151.866	7.04144	7.02789	7.00146
152.272	7.04142	7.02942	7.00382
152.68	7.0441	7.02618	7.00504
153.089	7.0445	7.0233	7.00848
153.498	7.03735	7.02281	7.00375
153.909	7.03821	7.01405	7.00363
154.321	7.02908	7.01697	7.00463
154.734	7.02363	7.02715	7.00428
155.148	7.02439	7.03243	7.00536
155.563	7.03333	7.03292	7.00485
155.98	7.03554	7.02892	6.99882
156.397	7.02944	7.02889	6.99489
156.816	7.03946	7.01719	7.00777
157.235	7.03753	7.0225	7.00596
157.656	7.03785	7.03015	7.00259
158.078	7.0287	7.02103	7.00564
158.501	7.02855	7.01975	7.00206
158.925	7.02134	7.02314	7.00554
159.351	7.02618	7.03061	6.99776
159.777	7.02535	7.02965	6.99752
160.205	7.02997	7.03105	6.99093
160.634	7.03613	7.03248	6.9966
161.063	7.04198	7.03341	6.98992
161.495	7.04553	7.02983	6.99923
161.927	7.05167	7.02447	7.0069
162.36	7.05406	7.01534	7.00488
162.795	7.04113	7.02232	7.00173
163.23	7.03621	7.02738	7.00104
163.667	7.01946	7.02567	7.00075
164.105	7.02216	7.02238	7.00042
164.544	7.02224	7.02492	6.99812
164.985	7.02499	7.03171	6.99902
165.426	7.04156	7.0359	7.00341
165.869	7.04521	7.0293	6.99816
166.313	7.04333	7.02579	7.00467
166.758	7.04557	7.01861	7.00299
167.204	7.04589	7.01787	7.00391
167.651	7.03922	7.02231	7.00143
168.1	7.03582	7.01929	6.99998
168.55	7.02866	7.02174	6.99733
169.001	7.03039	7.02163	7.00711
169.453	7.03534	7.02672	7.00416
169.907	7.03322	7.02979	7.00117
170.361	7.03912	7.03059	6.99234
170.817	7.04097	7.01395	6.99473
171.274	7.03862	7.01602	6.9998
171.733	7.04092	7.01287	7.00818
172.192	7.04417	7.01714	7.01014
172.653	7.03347	7.02017	7.00553
173.115	7.02281	7.02725	6.99508
173.578	7.02856	7.03254	6.99416
174.043	7.04158	7.03481	7.00456
174.509	7.04367	7.03122	7.00909
174.976	7.04229	7.0281	7.00089
175.444	7.04394	7.02509	6.99778
175.913	7.03143	7.01408	7.00098
176.384	7.03469	7.01382	7.00907
176.856	7.02916	7.02181	7.00451
177.329	7.0288	7.02651	7.00492
177.804	7.03258	7.02331	6.99868
178.279	7.0388	7.02624	7.00002
178.757	7.04033	7.02573	7.00382
179.235	7.04996	7.02618	7.00648
179.714	7.04272	7.01853	6.99988
180.195	7.04039	7.01089	6.98944
180.677	7.04531	7.01037	6.99331
181.161	7.03666	7.02283	6.99762
181.646	7.02673	7.02236	7.00168
182.132	7.02736	7.01727	7.00055
182.619	7.03721	7.02209	7.00204
183.108	7.04015	7.01692	6.99001
183.598	7.04143	7.01376	6.99226
184.089	7.04267	7.01539	6.995
184.582	7.04618	7.01197	6.99817
185.075	7.04181	7.01666	6.99428
185.571	7.03075	7.01664	6.99093
186.067	7.02031	7.01381	7.00419
186.565	7.02871	7.01403	7.00087
187.064	7.02619	7.02553	6.99457
187.565	7.03303	7.02664	6.99572
188.067	7.04004	7.02349	7.00292
188.57	7.04518	7.01866	7.00896
189.074	7.05094	7.01326	7.0077
189.58	7.0441	7.0128	7.0034
190.087	7.03473	7.01584	6.99603
190.596	7.03064	7.01585	6.99783
191.106	7.02813	7.02013	6.99915
191.617	7.03243	7.02096	7.00268
192.13	7.04007	7.0252	7.00379
192.644	7.04965	7.02079	7.00355
193.16	7.04491	7.02362	7.00733
193.676	7.04121	7.01494	7.00897
194.195	7.0322	7.0135	6.99802
194.714	7.03	7.01648	6.98733
195.235	7.02833	7.01904	6.99132
195.758	7.02841	7.01934	7.00235
196.281	7.04071	7.02705	7.00546
196.806	7.05204	7.02008	7.00197
197.333	7.05095	7.01114	7.00039
197.861	7.04752	7.00906	7.00193
198.39	7.03835	7.01287	7.00494
198.921	7.03824	7.01635	6.99883
199.453	7.03289	7.01703	6.99754
199.987	7.03119	7.01583	7.00215
200.522	7.0405	7.01755	7.00901
201.059	7.04666	7.01944	7.00762
201.596	7.0443	7.01146	7.00491
202.136	7.04186	7.00289	6.99767
202.677	7.04155	7.00614	6.99309
203.219	7.04285	7.00769	6.99757
203.763	7.03299	7.00466	6.99929
204.308	7.033	7.01596	6.99226
204.854	7.03065	7.01858	6.98902
205.402	7.04207	7.01559	6.99828
205.952	7.04594	7.01489	6.99969
206.503	7.04158	7.00491	6.99644
207.055	7.04148	7.00563	6.99619
207.609	7.04918	7.0079	6.9915
208.165	7.04314	7.00881	6.99752
208.722	7.03065	7.0205	7.00215
209.28	7.02805	7.02502	6.99859
209.84	7.03729	7.03064	6.99812
210.401	7.04284	7.0253	7.00211
210.964	7.04743	7.01348	6.99542
211.529	7.04244	7.00641	6.9963
212.095	7.04267	7.00677	6.9909
212.662	7.04015	7.01078	6.99279
213.231	7.03169	7.01409	6.99447
213.801	7.02979	7.02217	6.99777
214.373	7.03951	7.0332	6.98849
214.947	7.037	7.02435	6.99043
215.522	7.04128	7.01175	7.00051
216.098	7.03926	7.00015	6.99407
216.677	7.03577	7.01132	6.99063
217.256	7.02763	7.01372	6.99339
217.837	7.02189	7.01781	6.98785
218.42	7.02104	7.01991	6.99235
219.004	7.03599	7.01506	6.99994
219.59	7.04715	7.00831	7.00014
220.178	7.0446	7.00583	7.0012
220.767	7.04791	7.00761	7.00121
221.357	7.04623	7.0131	7.00467
221.95	7.03806	7.01738	7.00247
222.543	7.0243	7.02201	7.00293
223.139	7.02033	7.01736	7.0086
223.736	7.032	7.01446	6.99951
224.334	7.0376	7.01809	6.99664
224.934	7.04229	7.01023	6.99992
225.536	7.04522	7.00785	7.00816
226.139	7.03688	7.01967	7.01571
226.744	7.0253	7.02105	7.00641
227.351	7.02497	7.02539	7.01155
227.959	7.03359	7.01522	7.01081
228.569	7.03373	7.01049	7.00142
229.18	7.03426	7.00606	6.99511
229.793	7.03863	7.01541	7.00105
230.408	7.04643	7.01673	7.0107
231.024	7.04513	7.01416	7.00941
231.642	7.03257	7.01001	7.00944
232.262	7.02445	7.00962	7.00218
232.883	7.02509	7.00622	7.00881
233.506	7.0452	7.00444	7.00662
234.131	7.04197	7.0108	6.99857
234.757	7.04664	7.01686	7.00394
235.385	7.03346	7.02749	7.01053
236.015	7.02332	7.03507	7.00881
236.646	7.02657	7.02497	7.00327
237.279	7.03601	7.00513	7.00224
237.914	7.03836	7.00171	7.00415
238.55	7.03923	7.00844	7.00524
239.189	7.04169	7.01065	6.99296
239.828	7.04337	7.01343	6.9979
240.47	7.03248	7.00909	7.00594
241.113	7.0192	7.00693	7.00815
241.758	7.03145	7.00739	7.00097
242.405	7.04158	7.00451	7.0021
243.053	7.04369	7.01395	6.99611
243.703	7.03676	7.01893	6.99881
244.355	7.03944	7.02141	7.00357
245.009	7.02823	7.01691	7.0116
245.664	7.02788	7.0089	7.00207
246.321	7.04261	7.00171	6.99281
246.98	7.03753	7.00359	7.0027
247.641	7.04238	7.00979	7.01264
248.303	7.03888	7.02576	7.00838
248.967	7.03769	7.01955	7.00498
249.633	7.02356	7.01468	7.00918
250.301	7.02545	7.01424	7.0038
250.971	7.02917	7.01069	6.99042
251.642	7.02998	7.00347	6.98824
252.315	7.03605	7.00484	7.00454
252.99	7.04354	7.00964	7.01091
253.667	7.04045	7.01482	7.00368
254.345	7.02491	7.01035	7.00484
255.025	7.02619	7.01537	7.00536
255.708	7.03017	7.00518	6.99953
256.392	7.03804	7.00562	6.99914
257.077	7.03746	7.01072	6.99926
257.765	7.04144	7.01499	7.00388
258.454	7.03657	7.01193	6.99532
259.146	7.02393	7.01423	6.99446
259.839	7.0284	7.0089	6.99778
260.534	7.03595	7.01072	7.00407
261.231	7.03851	7.00148	7.0035
261.93	7.03493	7.00211	7.00354
262.63	7.02672	7.00598	6.99645
263.333	7.02197	7.00727	6.99633
264.037	7.0231	7.00852	7.00116
264.743	7.04245	7.0029	6.99683
265.451	7.04253	7.01108	6.98566
266.161	7.04038	7.00552	6.99289
266.873	7.03776	7.01089	7.002
267.587	7.03744	7.00908	6.99508
268.303	7.02849	7.00648	6.99979
269.02	7.03485	7.0002	7.00211
269.74	7.04506	7.00504	6.99937
270.461	7.04586	7.00647	6.99577
271.185	7.03784	7.01332	6.99844
271.91	7.02767	7.01101	7.00427
272.637	7.02295	7.00606	6.99822
273.366	7.03902	6.99906	7.0001
274.098	7.03803	7.00135	7.00321
274.831	7.03897	7.00229	6.99802
275.566	7.03493	7.01239	7.0027
276.303	7.0288	7.01233	6.99753
277.042	7.02548	7.0105	6.98956
277.783	7.03249	6.99944	6.99293
278.526	7.04189	6.99757	6.99618
279.271	7.04272	7.00244	6.99739
280.018	7.04334	7.00926	6.98923
280.767	7.0363	7.01146	6.99493
281.518	7.02068	7.01553	6.99916
282.27	7.02477	7.00388	6.98608
283.025	7.03752	6.99907	6.99569
283.782	7.04343	7.00496	6.99722
284.541	7.04246	7.01195	6.99411
285.302	7.03961	7.00842	6.98651
286.065	7.02739	7.00526	6.98995
286.831	7.02314	7.00087	6.98599
287.598	7.03132	7.00572	6.9856
288.367	7.04119	7.00874	6.99251
289.138	7.03105	7.01354	6.99241
289.911	7.01612	7.00862	6.99266
290.687	7.02114	7.0052	6.99436
291.464	7.02924	7.00788	6.98618
292.244	7.03963	7.00632	6.99227
293.025	7.04437	7.00116	7.00232
293.809	7.04237	7.01745	6.99665
294.595	7.03778	7.02345	6.98859
295.383	7.01985	7.00558	6.99295
296.173	7.02105	7.00133	6.97789
296.965	7.02566	7.00104	6.98395
297.759	7.04134	7.00378	6.99487
298.555	7.0419	7.0101	6.9959
299.354	7.0265	7.00531	6.99161
300.154	7.02281	7.00263	6.9931
300.957	7.03649	7.00457	6.98437
301.762	7.03865	7.00914	6.98344
302.569	7.0345	7.00835	6.99644
303.378	7.04174	7.01117	6.994
304.19	7.0351	7.0079	6.99042
305.003	7.02565	7.00317	6.99348
305.819	7.04074	7.00701	6.989
306.637	7.04194	7.01026	6.97656
307.457	7.03401	7.00967	6.98692
308.279	7.02028	7.00889	6.98699
309.104	7.03122	7	6.98451
309.93	7.03345	7.00599	6.98418
310.759	7.03257	7.00374	6.98399
311.59	7.03413	7.00593	6.98038
312.423	7.02607	7.00504	6.9885
313.259	7.02029	6.99767	6.98698
314.097	7.0269	6.99723	6.99009
314.937	7.03723	7.00107	6.99941
315.779	7.04132	7.01359	6.98809
316.623	7.03747	7.01549	6.9795
317.47	7.02187	7.00438	6.98063
318.319	7.02379	6.99558	6.99525
319.171	7.0353	7.00193	6.99402
320.024	7.03652	7.00847	6.98768
320.88	7.02918	7.01379	6.98276
321.738	7.02983	7.00857	6.98458
322.598	7.02649	6.99826	6.99517
323.461	7.03098	7.00043	7.00127
324.326	7.04019	7.00217	6.99818
325.194	7.03414	7.00493	6.99181
326.063	7.02893	6.9941	6.98425
326.935	7.02132	6.99591	6.98878
327.81	7.03063	6.99619	6.99163
328.686	7.03838	7.00466	6.98189
329.565	7.04017	7.0116	6.98958
330.446	7.03957	6.99735	6.9728
331.33	7.03136	6.99022	6.97974
332.216	7.02726	7.00132	6.99483
333.105	7.04109	7.00054	6.99502
333.995	7.03776	7.00627	6.9816
334.889	7.02914	7.00221	6.97678
335.784	7.02	6.99139	6.98434
336.682	7.02619	6.99575	6.99213
337.582	7.03217	7.00983	6.99046
338.485	7.03834	7.01375	6.98281
339.39	7.03304	6.99203	6.98028
340.298	7.0229	6.99237	6.99095
341.208	7.03181	6.9979	6.99708
342.121	7.04107	7.01016	6.98226
343.035	7.03985	7.01551	6.99389
343.953	7.03561	6.99772	6.99304
344.873	7.02394	6.99408	6.99356
345.795	7.02797	6.99278	6.99047
346.719	7.03722	7.00051	6.98643
347.647	7.0343	7.00621	6.97888
348.576	7.03256	6.9996	6.99041
349.508	7.02775	6.9946	6.99303
350.443	7.03016	7.00223	6.98725
351.38	7.02952	7.00579	6.98152
352.32	7.0371	7.0025	6.98838
353.262	7.03651	6.99488	6.98774
354.207	7.01666	6.99616	6.98948
355.154	7.02925	7.00732	6.98977
356.104	7.03196	7.00689	6.97909
357.056	7.03151	6.99874	6.97039
358.011	7.02234	6.99362	6.98894
358.968	7.01841	7.00259	6.98946
359.928	7.03018	7.00399	6.98118
360.89	7.03266	7.00678	6.98565
361.855	7.02443	6.9978	6.98619
362.823	7.0153	7.00361	6.98369
363.793	7.02375	7.00524	6.98657
364.766	7.04005	7.00492	6.98523
365.741	7.02828	6.99685	6.9828
366.72	7.025	6.99606	6.98363
367.7	7.022	6.99695	6.9831
368.683	7.03039	7.0049	6.9754
369.669	7.03326	7.01202	6.98212
370.658	7.0371	6.99764	6.98035
371.649	7.02026	6.99905	6.97811
372.643	7.01894	7.00107	6.9797
373.639	7.02845	7.00707	6.98266
374.638	7.03546	6.99908	6.97293
375.64	7.02363	6.99048	6.97839
376.645	7.01565	6.99459	6.98807
377.652	7.02322	7.00564	6.98515
378.662	7.03116	6.99895	6.98735
379.674	7.0325	6.98836	6.97317
380.689	7.0201	6.99771	6.97248
381.707	7.02135	7.00102	6.98567
382.728	7.03402	7.00117	6.97377
383.751	7.02459	6.99474	6.96596
384.778	7.01378	6.99332	6.98717
385.806	7.01728	6.99821	6.98615
386.838	7.03362	7.00388	6.9791
387.872	7.0357	6.99535	6.98137
388.91	7.02491	6.98974	6.97624
389.95	7.02014	6.99207	6.98318
390.992	7.02618	7.00188	6.97867
392.038	7.02519	6.98975	6.9789
393.086	7.0294	6.98366	6.97335
394.137	7.02159	6.99229	6.98442
395.191	7.02304	6.99988	6.98305
396.248	7.02746	6.99739	6.98548
397.307	7.03205	6.98688	6.98128
398.37	7.02429	6.99009	6.97363
399.435	7.0194	7.00253	6.97718
400.503	7.02975	6.99034	6.96905
