3.125E-4	8.07329	8.1562	8.08103	7.97243	8.27463	8.09145	8.03146	8.10734
6.25E-4	8.11676	8.1981	7.91693	8.12428	8.18405	8.14802	8.04262	8.19151
9.375E-4	8.26876	8.09632	8.00597	8.17324	8.08999	8.11347	8.2665	8.04311
0.0012625	8.23242	8.19016	8.16984	8.17094	8.03685	8.12338	8.29318	8.10161
0.0015875	8.25194	8.13079	8.24665	8.09616	7.93421	8.07773	8.3146	8.20667
0.0019	8.14532	8.33075	8.2433	8.15478	7.9874	8.09046	8.19772	8.1693
0.002225	8.18631	8.19239	8.26237	8.15378	8.04562	8.04277	8.17304	8.19175
0.0025625	8.1622	8.26651	8.22448	8.19174	7.97884	8.05666	8.16808	8.18146
0.0028875	8.15206	8.27479	8.30769	8.19	7.94137	8.06199	8.25769	8.19705
0.0032125	8.17653	8.22204	8.22297	8.17468	7.90194	8.07668	8.22871	8.17096
0.00355	8.1991	8.17648	8.211	8.10434	7.9587	8.09028	8.25629	8.1604
0.0038875	8.18417	8.18695	8.21942	8.05279	8.07225	8.0962	8.19508	8.19124
0.004225	8.19332	8.14499	8.22723	8.05248	8.03201	8.07692	8.20447	8.11667
0.004575	8.17286	8.12663	8.17334	8.13405	7.97557	8.07495	8.13846	8.10937
0.0049125	8.10883	8.14778	8.17956	8.16774	8.00246	8.07682	8.12409	8.06733
0.0052625	8.16509	8.16244	8.16754	8.07878	8.06352	8.18207	8.2402	8.10022
0.0056125	8.14958	8.17591	8.15838	8.13998	7.98165	8.11252	8.2027	8.12701
0.0059625	8.1951	8.22378	8.12457	8.04637	8.02174	8.14486	8.25155	8.14878
0.0063125	8.1746	8.1388	8.1044	8.13446	8.03166	8.1697	8.22588	8.26615
0.0066625	8.23803	8.16058	8.18234	8.20629	8.04858	8.12544	8.2534	8.13219
0.007025	8.1644	8.20089	8.22336	8.0676	7.99445	8.0447	8.27798	8.15286
0.0073875	8.21218	8.15691	8.19143	8.15685	8.01351	8.01901	8.27909	8.12236
0.00775	8.17662	8.13004	8.10112	8.03607	7.96972	8.08718	8.14979	8.13925
0.0081125	8.199	8.19494	8.16912	8.14084	7.97302	8.11017	8.25247	8.17214
0.0084875	8.15046	8.11519	8.19017	8.04923	7.98961	8.08128	8.23907	8.17691
0.00885	8.19054	8.14228	8.19437	8.14531	8.02399	8.13045	8.19103	8.15296
0.009225	8.12343	8.12382	8.14352	8.17791	8.0513	8.02825	8.22942	8.10415
0.0096	8.16152	8.10605	8.15483	8.07561	7.96818	8.06822	8.24911	8.1292
0.009975	8.12843	8.22408	8.18141	8.11285	7.99445	8.07843	8.22306	8.20298
0.0103625	8.17349	8.17798	8.18862	8.13493	7.97021	8.07994	8.26318	8.10734
0.01075	8.1545	8.20001	8.1994	8.14017	7.94679	8.06876	8.24625	8.14792
0.0111375	8.17178	8.19304	8.11387	8.15827	8.00652	8.05187	8.24216	8.15213
0.011525	8.09805	8.17533	8.17218	8.08669	7.9576	8.01713	8.16989	8.20342
0.0119125	8.15446	8.13529	8.15292	8.10297	8.04207	8.09935	8.22159	8.16826
0.0123125	8.14114	8.16801	8.18369	8.18031	7.98681	8.03906	8.22585	8.16955
0.0127	8.17018	8.18975	8.16567	8.1462	8.00632	8.09701	8.25225	8.11899
0.0131	8.23853	8.15764	8.11935	8.14136	8.05462	8.14961	8.17465	8.161
0.0135125	8.23846	8.1741	8.13386	8.03469	7.98463	8.11169	8.15482	8.16091
0.0139125	8.13503	8.07859	8.20203	8.111	8.0244	8.08498	8.24485	8.17631
0.014325	8.13457	8.13847	8.2159	8.13597	7.98537	8.05692	8.24967	8.16081
0.0147375	8.07535	8.20101	8.19128	8.07213	7.98595	8.06268	8.20838	8.11532
0.01515	8.14389	8.05163	8.11864	8.13148	8.0164	8.12897	8.14366	8.15521
0.0155625	8.1293	8.19635	8.11231	8.14414	8.04814	8.06647	8.17978	8.04784
0.0159875	8.10578	8.13851	8.1168	8.07395	7.94357	8.08373	8.20927	8.15355
0.0164	8.06979	8.10727	8.15968	8.0279	8.00679	8.10652	8.22235	8.1324
0.0168375	8.17316	8.18324	8.12148	8.16109	8.01589	8.09271	8.17892	8.11416
0.0172625	8.11681	8.12706	8.15727	8.06157	7.97107	8.0824	8.20301	8.17694
0.0176875	8.15542	8.12079	8.16183	8.14256	8.02397	8.09214	8.17336	8.06442
0.018125	8.11846	8.2065	8.11282	8.14208	8.06327	8.10446	8.14641	8.18059
0.0185625	8.15492	8.14	8.1696	8.07895	8.02309	8.10515	8.21331	8.12859
0.019	8.17066	8.08897	8.25871	8.11933	8.00625	8.10673	8.21272	8.11345
0.01945	8.11395	8.14059	8.13877	8.06247	7.99628	8.08205	8.13617	8.09879
0.0199	8.09991	8.21468	8.23689	8.12713	8.0158	8.03616	8.21816	8.09039
0.02035	8.14997	8.13824	8.12194	8.11803	7.9756	8.03634	8.20705	8.15475
0.0208	8.09166	8.0869	8.09085	8.10185	7.92994	8.08037	8.15349	8.09103
0.02125	8.10619	8.1738	8.13592	8.08278	7.97881	8.00536	8.18388	8.07535
0.0217125	8.08353	8.09299	8.09499	8.12248	8.01288	8.09529	8.11847	8.18526
0.022175	8.11008	8.11973	8.14415	8.12398	7.97714	8.03952	8.17989	8.12288
0.0226375	8.14885	8.16474	8.20269	8.16228	7.98045	8.0673	8.23247	8.13104
0.0231125	8.14462	8.13505	8.09091	8.11373	8.01777	8.08805	8.1479	8.14031
0.0235875	8.07803	8.11415	8.13464	8.13946	8.03128	8.06683	8.21485	8.14951
0.0240625	8.16453	8.14291	8.14697	8.14526	7.9829	8.14058	8.2272	8.1522
0.0245375	8.18623	8.13156	8.19127	8.15643	7.99794	8.0844	8.14013	8.17137
0.0250125	8.10131	8.13438	8.14256	8.10676	8.02146	8.11277	8.22181	8.12571
0.0255	8.0714	8.11477	8.16148	8.10949	8.01041	8.07922	8.16048	8.10912
0.0259875	8.0929	8.08874	8.16497	8.09748	7.90864	8.1299	8.17255	8.08922
0.0264875	8.13252	8.10517	8.14035	8.01079	7.94557	8.0165	8.13793	8.15348
0.026975	8.08891	8.17247	8.10117	7.98046	7.95721	8.05259	8.17105	8.07982
0.027475	8.08864	8.14526	8.13015	8.06429	7.93471	8.06041	8.20232	8.11919
0.0279875	8.05249	8.13098	8.10337	8.03	7.99552	8.07493	8.14844	8.13868
0.0284875	8.12134	8.17384	8.15293	8.08287	7.96577	8.1253	8.21475	8.10021
0.029	8.09728	8.19198	8.08641	8.08458	7.98935	8.08639	8.16945	8.14936
0.0295125	8.12538	8.14287	8.18226	8.15117	7.97127	8.059	8.18799	8.18024
0.030025	8.19176	8.07968	8.19473	8.17185	8.02176	8.02974	8.15121	8.17942
0.03055	8.14653	8.12266	8.13247	8.09305	7.97754	8.03092	8.25964	8.06437
0.031075	8.09193	8.14864	8.1566	8.07614	7.99646	7.99148	8.18996	8.10983
0.0316	8.08988	8.07103	8.05015	8.03973	7.96105	7.99581	8.11509	8.10738
0.032125	8.02273	8.05196	8.0722	8.04554	7.97345	7.99752	8.08039	8.07876
0.0326625	8.09262	8.07636	8.05338	8.06009	7.95069	8.06423	8.17385	8.0717
0.0332	8.14366	8.04823	8.1667	8.0691	7.92251	8.04432	8.14553	8.11489
0.0337375	8.14407	8.12266	8.09948	8.10376	7.96584	8.07535	8.14743	8.08551
0.0342875	8.07715	8.11079	8.18113	8.08739	8.01628	8.1291	8.12073	8.11655
0.0348375	8.08733	8.0813	8.10596	8.06	7.9504	8.0477	8.20784	8.12394
0.0353875	8.07832	8.10573	8.17335	8.15311	8.05929	8.08587	8.15805	8.12699
0.03595	8.07627	8.11871	8.09702	8.07443	7.9693	8.06296	8.15585	8.13169
0.0365125	8.15067	8.17222	8.14633	8.10006	7.99672	8.05908	8.18425	8.10041
0.037075	8.09493	8.09815	8.09095	8.01384	7.96828	8.0796	8.14419	8.07901
0.03765	8.07766	8.04502	8.01104	8.06812	7.94532	8.02147	8.1011	8.03316
0.0382125	8.03004	8.03004	8.04448	8.02472	7.89805	8.03407	8.09085	8.1465
0.0388	8.12041	8.07616	8.09703	8.09454	7.97254	8.0765	8.1721	8.0663
0.039375	8.08302	8.09415	8.1079	8.10483	7.98655	8.05838	8.11079	8.06006
0.0399625	8.10246	8.06495	8.09023	8.07914	7.9629	8.0598	8.09742	8.10675
0.04055	8.06042	8.10686	8.10917	8.14352	8.02809	8.08727	8.22293	8.16871
0.0411375	8.12052	8.09739	8.09057	8.07799	8.01606	8.10843	8.12472	8.04797
0.0417375	8.14247	8.06694	8.06942	8.12854	7.96895	8.01198	8.15398	8.0592
0.0423375	8.07407	8.02853	8.03831	8.0551	8.0209	8.05594	8.13222	8.04187
0.04295	8.05943	8.06374	8.04945	8.0721	7.91502	8.03813	8.14507	8.083
0.04355	8.0474	8.08983	8.05922	8.05293	7.94369	8.01327	8.07812	8.08573
0.0441625	8.07113	8.08583	7.93993	8.09535	7.94928	8.09469	8.09113	8.08409
0.0447875	8.09634	8.07948	8.09067	8.06052	8.01674	8.02259	8.05687	8.06394
0.0454125	8.08232	8.09544	8.10653	7.99529	8.01989	8.05381	8.13362	8.07562
0.0460375	8.06478	8.05253	8.05445	8.03039	7.96848	8.06088	8.11335	8.06338
0.0466625	8.08372	8.10808	8.06491	8.04397	8.00075	8.13873	8.06736	8.08846
0.0473	8.0502	8.04756	8.05338	8.04029	8.03006	8.07249	8.12388	8.07042
0.0479375	7.95482	8.06685	8.02327	8.01796	7.93411	7.97477	8.05503	8.04907
0.0485875	8.04143	8.03686	8.00255	8.00045	7.98753	8.03373	8.09922	8.02679
0.0492375	8.07398	8.09224	8.02783	8.04194	7.99157	8.11947	8.07712	8.02108
0.0498875	8.07512	8.0303	8.06641	8.02939	7.94493	8.09163	8.12358	8.09844
0.05055	8.05718	8.04989	7.98419	8.06325	7.97039	8.06598	8.1512	8.05655
0.0512125	8.11051	8.07676	8.07261	8.05138	8.00618	8.07173	8.08612	8.09644
0.051875	8.0947	8.05763	8.01856	8.05958	8.007	8.02286	8.12072	8.08356
0.05255	8.04525	8.05992	8.01097	8.03556	7.94392	8.08173	8.0978	8.10976
0.053225	8.04782	8.05632	8.0416	8.02107	7.97692	8.06758	8.11365	8.06565
0.0539	8.04324	8.05309	8.04465	8.03676	7.95527	8.08671	8.06586	8.03514
0.0545875	7.99277	8.00509	8.0212	8.08681	7.97928	8.04956	8.0611	8.00339
0.055275	8.05341	8.09357	8.01082	8.00894	7.96386	8.03752	8.09058	8.07012
0.055975	8.03018	8.03613	8.00575	8.09825	7.98316	8.0534	8.09479	8.06267
0.056675	8.08564	8.10866	7.99963	8.04581	8.01702	8.03855	8.1335	7.99632
0.057375	8.03312	8.05911	8.01542	8.01959	8.04287	8.09735	8.12369	8.02962
0.0580875	8.10686	8.01414	8.01207	8.05739	7.96821	8.0895	8.07159	8.06862
0.0588	8.05205	8.06404	7.98389	8.00332	8.03071	8.06775	8.08496	7.99908
0.059525	8.03077	8.05342	7.9947	8.00902	7.98034	8.02773	8.04605	8.08404
0.06025	8.02851	7.99153	8.00647	8.01908	7.99653	8.01719	8.06583	8.04826
0.060975	8.07948	8.07277	8.01621	8.02398	7.97243	8.07039	8.06043	8.031
0.0617125	8.04339	8.04731	8.04238	8.0398	7.97138	8.07522	8.03674	7.99298
0.06245	8.02667	8.04066	8.00679	8.02512	8.01079	8.11343	8.08525	8.0433
0.0632	7.99223	8.05109	8.02146	8.06465	8.03602	8.10348	8.05923	8.06127
0.06395	8.0489	8.03017	8.04022	7.99599	7.93524	8.08738	8.07372	8.02769
0.0647	8.05115	7.99844	8.02602	7.99908	8.03722	8.05796	8.03609	7.99248
0.0654625	8.00064	8.06751	7.99415	8.04587	8.00653	8.02857	8.08591	8.03668
0.066225	8.01524	7.98582	7.99278	8.00709	8.00236	8.04776	8.0814	8.06138
0.067	7.97357	8.07997	7.97971	8.02118	7.99253	7.99355	8.06341	8.03531
0.067775	7.99811	8.04023	8.05542	8.00816	7.99012	8.04598	7.98879	8.08813
0.0685625	8.05533	8.00777	8.0043	8.03063	8.02721	8.05155	8.0301	8.04812
0.06935	8.08201	8.01589	8.00546	8.0431	8.01172	8.05264	8.03907	8.05569
0.0701375	8.00175	8.03034	7.96759	7.98491	7.98135	8.0454	8.05536	7.98463
0.0709375	8.01609	7.99935	7.99493	8.02224	7.95795	8.06425	8.0496	8.06222
0.0717375	7.99415	7.99397	7.98616	8.04208	7.99888	7.98709	8.04022	7.97479
0.07255	8.02165	8.03278	8.0252	8.03625	8.00544	8.01643	8.05403	7.997
0.0733625	8.02891	8.0463	7.98869	8.05444	7.99076	8.03829	8.06861	8.04343
0.0741875	8.03091	8.02674	8.00412	7.99867	7.97134	8.04938	8.00653	8.00979
0.0750125	7.9884	7.99763	8.0272	8.02203	7.96306	8.08358	8.08176	8.03308
0.0758375	7.99248	8.04231	7.96199	7.97251	7.96796	8.03296	8.04002	8.04204
0.076675	8.00169	7.97101	7.90675	7.97964	7.95678	8.01432	8.01996	7.97183
0.077525	7.99947	7.98201	7.98037	7.98521	7.99081	8.09759	8.02995	8.03939
0.078375	8.01238	8.06175	7.99637	8.01452	7.97205	8.04102	8.04543	8.06482
0.079225	8.05872	8.03608	7.99447	7.96107	7.99852	8.05627	8.03616	8.04034
0.0800875	8.03563	8.02204	8.00538	8.01583	7.942	8.04658	8.02534	8.02917
0.08095	8.02387	7.98601	7.94537	7.99985	8.02362	7.98527	8.05413	8.03037
0.081825	7.98343	8.01717	7.94389	7.99379	7.97989	8.01542	8.00192	8.00018
0.0827125	8.00836	8.02477	7.99604	7.95161	7.97915	7.96052	7.96682	8.01153
0.0835875	8.02845	8.01573	7.97497	7.96296	7.99888	8.02691	8.04618	8.06108
0.0844875	8.02327	8.02761	7.95491	7.98261	7.96557	8.07987	8.04895	8.02624
0.085375	7.99641	8.05224	8.00113	8.03812	7.93952	8.04721	8.01377	7.96375
0.0862875	8.00784	8.01261	8.03132	7.98745	7.98095	8.01962	8.01922	8.04048
0.0872	8.00376	8.01419	7.9316	7.97364	7.94611	8.01485	8.02385	7.98818
0.0881125	8.00708	7.97966	7.98583	7.99904	7.96504	8.00642	7.98255	7.98052
0.0890375	7.9839	8.05777	8.00359	7.97135	7.97768	8.03943	8.05669	8.02893
0.0899625	7.97318	7.98638	7.96295	7.99254	7.98595	7.99878	7.99316	8.04133
0.0909	7.96205	8.01586	7.99255	8.01043	7.99311	8.03756	8.03719	8.02567
0.0918375	7.95673	8.01953	7.94811	7.99597	7.97723	7.94869	8.01902	7.97623
0.0927875	7.98835	8.00392	7.97142	7.94179	7.93098	8.01793	7.98095	7.96213
0.0937375	7.95919	7.96384	7.92928	7.96464	7.95239	7.9974	7.9913	7.98665
0.0947	8.03735	8.03866	7.94174	7.98353	7.92568	8.01243	8.04721	7.94129
0.095675	8.02223	8.01881	7.97553	7.97539	7.9952	8.06315	8.00573	8.00375
0.09665	7.99192	8.034	7.96775	8.01695	7.92466	8.0122	8.04708	8.0303
0.097625	7.95186	8.0692	7.93267	7.96754	7.98507	7.98365	7.98694	7.98183
0.098625	7.9738	7.94372	7.89355	7.94749	7.96952	8.03076	7.99173	7.96315
0.0996125	7.90926	7.98319	7.94656	7.96962	7.96739	7.96882	7.94605	7.96864
0.100612	7.9598	7.94012	7.96663	8.02862	7.95906	7.93898	8.00144	7.96148
0.101625	7.94967	7.99568	7.94525	7.9899	7.96332	7.99	8.01873	8.01454
0.102637	7.96472	7.98779	7.9708	7.96809	7.96252	8.01275	7.9811	8.01823
0.103662	8.01907	7.98712	7.93789	7.9667	7.90928	7.98822	7.98764	7.96718
0.1047	7.96182	7.98928	7.94777	7.92704	7.93603	7.9997	7.9804	7.93374
0.105737	7.99318	8.00065	7.92366	7.89931	7.90656	7.97936	7.98763	7.96218
0.106775	8.01317	7.97448	7.93992	7.99002	7.93845	7.97889	8.00514	8.00912
0.107837	7.99311	7.96188	7.94008	7.99535	7.96985	8.04958	8.03199	8.01638
0.108888	7.9814	7.95021	7.96683	7.98435	7.99296	7.94816	7.98124	7.95242
0.109963	7.96254	7.95296	7.92534	7.93942	7.94134	7.98984	7.97504	7.94489
0.111038	7.95959	7.92753	7.87351	7.95367	7.89581	7.98134	7.91568	7.95267
0.112112	7.96674	7.97646	7.92558	7.96763	7.94197	7.99977	8.01399	7.96508
0.1132	7.99575	8.00553	7.96869	7.9746	7.93642	7.98752	7.99296	8.00983
0.1143	7.98018	7.98751	7.897	7.94401	7.94065	7.96114	7.92758	7.96586
0.1154	7.91984	7.93211	7.89472	7.92759	7.95945	7.96325	7.92613	7.95035
0.116512	7.90428	7.97633	7.89314	7.91753	7.93761	8.00584	7.98138	7.94963
0.117638	7.9695	7.96093	7.87481	7.92586	7.9424	7.94108	7.95987	7.95051
0.118763	7.92684	7.97719	7.96379	7.97746	7.92915	8.02734	7.98143	7.96332
0.1199	7.92184	7.92737	7.90115	7.9765	7.93194	7.96847	7.94729	7.96676
0.121037	7.96107	7.92963	7.9093	7.92542	7.91162	7.94769	7.95789	7.91684
0.122188	7.91991	7.9589	7.88583	7.90176	7.95464	7.953	7.95779	7.94334
0.12335	7.95	7.96759	7.90876	7.89502	7.97195	7.96622	7.96278	7.95215
0.124513	7.94194	7.90932	7.93558	7.97927	7.94382	7.94622	7.95469	7.95446
0.125687	7.92396	7.94018	7.91201	7.91642	7.92155	7.99695	7.96402	7.97562
0.126875	7.92962	7.97028	7.84734	7.95408	7.90006	7.95154	7.94096	7.95838
0.128063	7.95106	7.92931	7.90696	7.92279	7.92267	7.94379	7.95087	7.94541
0.129263	7.95194	7.94715	7.90987	7.92005	7.93647	7.93575	7.9379	7.95328
0.130475	7.96652	7.92496	7.94324	7.94155	7.90474	7.9527	7.9596	7.94919
0.131688	7.93457	7.92818	7.87398	7.92253	7.92239	7.92073	7.93976	7.92407
0.132913	7.91815	7.93799	7.87225	7.94883	7.93882	8.00247	7.93974	7.91796
0.13415	7.90919	7.96577	7.9268	7.96305	7.90946	7.94126	7.9269	7.95616
0.135387	7.94848	7.9535	7.88882	7.94776	7.92545	7.94561	7.96787	7.93011
0.136637	7.92588	7.92718	7.90691	7.90095	7.91789	7.95048	7.9876	7.92937
0.1379	7.92214	7.89739	7.88049	7.90739	7.88446	7.95495	7.92322	7.96682
0.139162	7.91629	7.93622	7.88539	7.94354	7.8864	7.95188	7.94679	7.96964
0.14045	7.88517	7.93151	7.88333	7.90487	7.92744	7.92334	7.9745	7.93374
0.141725	7.92465	7.92428	7.90185	7.94074	7.94997	7.97811	7.96372	7.92624
0.143025	7.92418	7.94967	7.88699	7.89813	7.90969	7.93563	7.94793	7.91586
0.144325	7.94574	7.9124	7.90546	7.89706	7.90146	7.93762	7.91899	7.88549
0.145637	7.90086	7.94373	7.93598	7.9131	7.88523	7.93068	7.87738	7.93815
0.146962	7.93181	7.92878	7.8939	7.91944	7.90052	7.93955	7.9058	7.97712
0.148288	7.9023	7.90138	7.8851	7.90459	7.89804	7.9526	7.97088	7.92447
0.149625	7.93502	7.90391	7.89345	7.89854	7.86069	7.91119	7.92335	7.91613
0.150975	7.91822	7.92978	7.86639	7.92302	7.8952	7.9512	7.95679	7.8943
0.152338	7.93443	7.92732	7.88234	7.891	7.86194	7.95169	7.92887	7.90935
0.153712	7.9347	7.92915	7.90034	7.90983	7.86181	7.97418	7.90303	7.90185
0.155088	7.91153	7.93342	7.8557	7.91075	7.88198	7.91717	7.93785	7.87657
0.156475	7.86842	7.86244	7.87782	7.88483	7.90694	7.94123	7.88528	7.91372
0.157862	7.95886	7.92682	7.84119	7.88481	7.86711	7.90944	7.91736	7.88145
0.159275	7.90383	7.92512	7.87433	7.86906	7.87362	7.93809	7.88146	7.90729
0.160688	7.86427	7.92334	7.85265	7.88985	7.86244	7.95789	7.88793	7.87754
0.162113	7.91463	7.89549	7.86843	7.88462	7.84151	7.93178	7.92083	7.91683
0.16355	7.89299	7.91643	7.87047	7.91843	7.84373	7.92497	7.89438	7.92713
0.165	7.87127	7.92455	7.86532	7.86187	7.85411	7.93193	7.87845	7.89685
0.16645	7.88802	7.87355	7.83304	7.87992	7.84536	7.89495	7.88088	7.92136
0.167912	7.86829	7.87581	7.86903	7.87241	7.85955	7.87784	7.92121	7.91
0.1694	7.90239	7.90462	7.85694	7.88037	7.88076	7.89494	7.8964	7.93678
0.170875	7.90784	7.87804	7.83414	7.86799	7.84645	7.92728	7.91169	7.89526
0.172375	7.86585	7.89629	7.84966	7.89898	7.88944	7.88665	7.899	7.86397
0.173888	7.87748	7.89279	7.81955	7.85905	7.8381	7.89772	7.91068	7.84288
0.1754	7.84842	7.90185	7.87676	7.91194	7.86767	7.88656	7.9002	7.91974
0.176925	7.84971	7.86751	7.82413	7.88143	7.85379	7.88531	7.88155	7.87658
0.178463	7.86072	7.88283	7.83195	7.83746	7.8201	7.86973	7.84373	7.85195
0.180012	7.87269	7.90699	7.82222	7.87956	7.86415	7.93576	7.90706	7.91691
0.181575	7.86149	7.90889	7.84091	7.8334	7.81822	7.90274	7.88223	7.88342
0.18315	7.87019	7.87853	7.83947	7.83113	7.82384	7.89694	7.87243	7.88458
0.184725	7.85957	7.87896	7.87085	7.84462	7.80972	7.90082	7.85723	7.9047
0.186325	7.87799	7.86805	7.82569	7.85033	7.88095	7.90655	7.86609	7.85239
0.187925	7.87727	7.86124	7.82242	7.85755	7.86382	7.85987	7.91138	7.8703
0.189537	7.835	7.86312	7.81674	7.85141	7.81417	7.89281	7.88021	7.89133
0.191162	7.85228	7.87856	7.83466	7.85426	7.86256	7.88104	7.89217	7.84716
0.1928	7.87743	7.8671	7.8357	7.83811	7.80191	7.87386	7.87331	7.87767
0.19445	7.84512	7.88074	7.8215	7.84626	7.81141	7.8847	7.82555	7.83072
0.196112	7.86099	7.87548	7.85775	7.82341	7.83972	7.89379	7.8947	7.87117
0.197775	7.84697	7.89075	7.8042	7.85501	7.82104	7.89096	7.89325	7.89069
0.199463	7.84081	7.83494	7.88132	7.82253	7.81391	7.86182	7.87634	7.85203
0.201163	7.89633	7.85586	7.77452	7.8433	7.83335	7.85958	7.8513	7.82922
0.202863	7.85669	7.85785	7.83049	7.85082	7.83513	7.87426	7.88126	7.86772
0.204588	7.84074	7.84742	7.80913	7.82646	7.81156	7.87575	7.86119	7.86038
0.206313	7.85696	7.86306	7.78404	7.84247	7.8295	7.84174	7.84554	7.82546
0.20805	7.82853	7.84538	7.84073	7.82452	7.85182	7.85801	7.84583	7.88559
0.209813	7.83632	7.84712	7.84191	7.8047	7.83434	7.84779	7.88898	7.8676
0.211575	7.81786	7.85209	7.78732	7.82634	7.83293	7.87766	7.86725	7.85042
0.21335	7.82036	7.83382	7.80942	7.80859	7.82263	7.86737	7.84473	7.8381
0.215137	7.83518	7.86302	7.80733	7.81911	7.84044	7.85603	7.87973	7.83326
0.21695	7.83486	7.83607	7.83654	7.832	7.80891	7.83306	7.82331	7.85855
0.218763	7.81475	7.87543	7.78437	7.82821	7.77789	7.82147	7.8611	7.85296
0.220588	7.85025	7.84341	7.77636	7.8169	7.77894	7.87626	7.83908	7.83926
0.222438	7.84237	7.80175	7.79408	7.80864	7.82109	7.86689	7.88409	7.85536
0.224287	7.85018	7.79191	7.81865	7.80877	7.76938	7.84252	7.81538	7.79344
0.22615	7.81577	7.81709	7.76053	7.854	7.79334	7.86944	7.83695	7.85237
0.228038	7.79942	7.8065	7.75681	7.77039	7.81837	7.84654	7.79	7.84327
0.229925	7.82877	7.82498	7.76301	7.81911	7.76897	7.80905	7.81059	7.8318
0.231825	7.82512	7.80189	7.7976	7.78722	7.77763	7.85526	7.87533	7.80325
0.23375	7.78768	7.78642	7.76027	7.81538	7.78676	7.84844	7.83272	7.84237
0.235675	7.80565	7.82302	7.75416	7.81425	7.77741	7.86015	7.79981	7.81947
0.237625	7.84048	7.79856	7.76108	7.78714	7.81908	7.81136	7.82268	7.83311
0.239588	7.83917	7.78688	7.75161	7.82029	7.75192	7.81852	7.81489	7.80071
0.241563	7.78363	7.811	7.79935	7.80599	7.7474	7.82392	7.81602	7.81928
0.24355	7.81157	7.82403	7.81139	7.78503	7.78971	7.83433	7.78904	7.76225
0.24555	7.77651	7.78842	7.76882	7.77705	7.78062	7.79221	7.77848	7.7887
0.247562	7.78881	7.80812	7.77994	7.75432	7.76911	7.81245	7.82705	7.8021
0.249588	7.7878	7.82416	7.75966	7.7764	7.77395	7.81401	7.81874	7.8028
0.251625	7.79135	7.775	7.78133	7.81269	7.77513	7.8155	7.81051	7.80194
0.253688	7.76442	7.79735	7.76637	7.79653	7.73546	7.80656	7.80005	7.80566
0.25575	7.74577	7.81355	7.78061	7.74951	7.75526	7.7986	7.80282	7.81982
0.257838	7.78018	7.76118	7.72269	7.75594	7.77072	7.78939	7.79425	7.76787
0.259937	7.77929	7.77399	7.76384	7.7825	7.7417	7.80624	7.77213	7.7845
0.26205	7.78463	7.75472	7.71998	7.77892	7.75568	7.79189	7.76176	7.7917
0.264175	7.79271	7.74495	7.75712	7.7647	7.73455	7.79144	7.77608	7.77658
0.266325	7.77688	7.76654	7.76835	7.7658	7.74279	7.79401	7.79416	7.79849
0.268488	7.75604	7.78117	7.72251	7.75827	7.73799	7.75783	7.75011	7.76153
0.27065	7.76525	7.75553	7.75477	7.75572	7.74173	7.78618	7.79943	7.76134
0.272837	7.76453	7.78154	7.73962	7.75544	7.74154	7.77306	7.76945	7.7744
0.27505	7.76342	7.75069	7.72804	7.74488	7.74991	7.77821	7.76815	7.76694
0.277263	7.77443	7.76111	7.70932	7.77715	7.74091	7.75863	7.77591	7.77148
0.2795	7.76882	7.76437	7.70959	7.71894	7.7577	7.75099	7.73783	7.78147
0.28175	7.75195	7.73326	7.72429	7.73009	7.70034	7.77065	7.73461	7.79042
0.284012	7.75661	7.76573	7.70239	7.754	7.72593	7.8139	7.77106	7.7455
0.286287	7.77862	7.74926	7.69122	7.74131	7.7559	7.77827	7.74959	7.82204
0.288588	7.77315	7.7341	7.70939	7.71602	7.74254	7.78071	7.76303	7.75486
0.2909	7.74066	7.72893	7.70805	7.73347	7.6987	7.7772	7.7552	7.76823
0.293225	7.74048	7.77328	7.72505	7.69285	7.72688	7.76193	7.74244	7.74441
0.295575	7.72381	7.72704	7.71197	7.7319	7.72383	7.75448	7.76624	7.74516
0.297938	7.7377	7.74075	7.75062	7.75201	7.71049	7.76529	7.74222	7.73618
0.300312	7.76359	7.76628	7.69117	7.74018	7.69143	7.76135	7.75904	7.74295
0.302713	7.71169	7.76345	7.72405	7.72966	7.70828	7.77604	7.75267	7.75455
0.305113	7.72657	7.74397	7.69893	7.70187	7.69184	7.75573	7.7681	7.74104
0.307537	7.72071	7.74482	7.70523	7.69815	7.69522	7.77471	7.7205	7.70382
0.309987	7.69853	7.74289	7.68293	7.70979	7.69692	7.76631	7.75733	7.75394
0.31245	7.74519	7.7278	7.68408	7.72233	7.69215	7.7323	7.75332	7.72223
0.314925	7.72223	7.72956	7.69328	7.71608	7.69803	7.71359	7.74446	7.73489
0.317425	7.74224	7.72418	7.70204	7.68157	7.70154	7.74081	7.71552	7.72901
0.319937	7.73371	7.71087	7.71035	7.68887	7.65456	7.7586	7.73895	7.7321
0.322462	7.70238	7.72106	7.6613	7.68809	7.68458	7.73069	7.75661	7.73205
0.325013	7.72553	7.73109	7.67102	7.70091	7.68448	7.7349	7.7089	7.73581
0.327575	7.70614	7.725	7.68835	7.66302	7.67969	7.74772	7.70806	7.73559
0.330162	7.70377	7.71555	7.65217	7.70276	7.67882	7.71793	7.73124	7.72052
0.332763	7.70908	7.71916	7.65601	7.69839	7.65511	7.7253	7.71589	7.70063
0.335375	7.71668	7.70913	7.66586	7.71059	7.66843	7.7037	7.70253	7.70123
0.338012	7.71426	7.6955	7.65201	7.70107	7.67678	7.74157	7.70915	7.70395
0.340663	7.70448	7.67805	7.65046	7.7012	7.65697	7.7052	7.70866	7.69164
0.343338	7.71361	7.68857	7.65336	7.66648	7.67129	7.71618	7.68186	7.69346
0.346038	7.69718	7.68763	7.64683	7.65388	7.66536	7.72028	7.70294	7.68773
0.348738	7.67511	7.6863	7.66571	7.68472	7.63963	7.70353	7.70884	7.71208
0.351475	7.673	7.68545	7.65632	7.65638	7.65464	7.70289	7.71443	7.68717
0.354225	7.68892	7.6611	7.65284	7.68532	7.64512	7.7104	7.69592	7.66805
0.356988	7.68891	7.66813	7.66054	7.64571	7.62424	7.71194	7.70483	7.68381
0.359775	7.67076	7.68834	7.65448	7.65149	7.61711	7.68622	7.69208	7.66806
0.362575	7.6657	7.67105	7.63767	7.63466	7.63996	7.67356	7.65701	7.65424
0.3654	7.66385	7.68188	7.64999	7.64983	7.65081	7.68787	7.68236	7.70117
0.36825	7.66763	7.6537	7.63758	7.63462	7.64676	7.67431	7.66268	7.66686
0.371112	7.65592	7.64138	7.62464	7.65779	7.6384	7.69117	7.69534	7.66449
0.374	7.66403	7.64509	7.6269	7.65848	7.61367	7.69218	7.65727	7.67346
0.3769	7.65631	7.67396	7.6457	7.65313	7.64099	7.70076	7.71204	7.67657
0.379825	7.64285	7.64543	7.63337	7.65019	7.64517	7.66383	7.63315	7.62978
0.382775	7.64317	7.66137	7.63881	7.65138	7.62058	7.67644	7.65768	7.66213
0.385738	7.65457	7.64946	7.61683	7.63114	7.63824	7.67374	7.66592	7.65003
0.388725	7.66692	7.65416	7.64871	7.63132	7.59762	7.68667	7.66324	7.66143
0.391725	7.65722	7.64947	7.61536	7.62582	7.64945	7.64792	7.63555	7.66465
0.394762	7.64265	7.65017	7.60869	7.62856	7.61123	7.64709	7.64583	7.63411
0.3978	7.63025	7.62981	7.58403	7.62642	7.6187	7.64499	7.62185	7.64196
0.400875	7.63541	7.66164	7.60553	7.61078	7.62284	7.68796	7.66238	7.67585
0.403962	7.60582	7.62561	7.60327	7.6301	7.59946	7.62184	7.65545	7.6201
0.407075	7.61378	7.60652	7.59801	7.60696	7.60181	7.6679	7.63282	7.63725
0.410212	7.59538	7.60782	7.60467	7.59541	7.60169	7.63458	7.63275	7.62135
0.413363	7.61243	7.58338	7.60601	7.6064	7.58852	7.62898	7.61385	7.63152
0.416537	7.6125	7.64081	7.57573	7.61497	7.60317	7.62351	7.63801	7.62307
0.419737	7.58852	7.59522	7.58978	7.59284	7.60996	7.62734	7.63789	7.63761
0.422962	7.62162	7.62338	7.58958	7.60276	7.59085	7.62984	7.63153	7.60313
0.426212	7.62494	7.62355	7.56139	7.59196	7.60134	7.63673	7.628	7.62935
0.429475	7.61767	7.60039	7.56289	7.59659	7.56423	7.6048	7.63757	7.60231
0.432763	7.60739	7.6153	7.59302	7.60274	7.59272	7.60397	7.6159	7.62257
0.436075	7.61246	7.58102	7.5939	7.58603	7.57092	7.64098	7.60417	7.6122
0.439413	7.59971	7.59576	7.56513	7.59354	7.56124	7.63359	7.6151	7.60847
0.442762	7.59627	7.59833	7.55515	7.59354	7.58475	7.61575	7.59574	7.58831
0.44615	7.60655	7.61606	7.57254	7.57652	7.55463	7.61868	7.59035	7.5799
0.44955	7.57353	7.60523	7.56251	7.5818	7.57443	7.63364	7.62904	7.60547
0.452975	7.58841	7.59188	7.5744	7.56499	7.54528	7.60491	7.59803	7.58427
0.456437	7.58117	7.57575	7.5575	7.57526	7.56508	7.63186	7.59775	7.6045
0.459913	7.58522	7.57829	7.55262	7.58651	7.56529	7.58327	7.59735	7.58887
0.463412	7.5446	7.57298	7.55905	7.57228	7.55196	7.61251	7.59818	7.60131
0.466938	7.5782	7.56294	7.546	7.56324	7.53461	7.58019	7.57537	7.58369
0.470475	7.5425	7.58917	7.53326	7.57101	7.56888	7.59963	7.58284	7.5897
0.47405	7.56413	7.55719	7.5332	7.54209	7.54276	7.57067	7.58079	7.56456
0.47765	7.55993	7.56391	7.5239	7.5439	7.53144	7.56724	7.58759	7.58409
0.481275	7.54769	7.55692	7.54225	7.53966	7.50295	7.57515	7.59605	7.55065
0.484925	7.55656	7.5446	7.52087	7.52958	7.50388	7.5934	7.57019	7.56407
0.4886	7.5471	7.55777	7.53336	7.54936	7.51626	7.57576	7.55071	7.56583
0.4923	7.56512	7.55965	7.50374	7.53651	7.50883	7.58846	7.57299	7.55251
0.496025	7.53413	7.5491	7.53303	7.51412	7.50657	7.57061	7.56242	7.55655
0.499775	7.53707	7.54832	7.48259	7.52515	7.49361	7.58012	7.52863	7.54639
0.50355	7.55423	7.5426	7.5181	7.50788	7.50616	7.56231	7.5621	7.5452
0.50735	7.56221	7.53315	7.49746	7.53232	7.50614	7.55552	7.56131	7.53688
0.511175	7.56185	7.53722	7.4852	7.51487	7.50719	7.56569	7.53808	7.54991
0.515037	7.52488	7.53602	7.5099	7.52911	7.50435	7.52968	7.55043	7.54049
0.518912	7.51689	7.52878	7.48668	7.50852	7.48977	7.54394	7.54439	7.5415
0.522825	7.51961	7.52765	7.48825	7.50526	7.48269	7.56292	7.54273	7.53907
0.526762	7.51205	7.51759	7.49496	7.50522	7.4869	7.54114	7.52855	7.51734
0.530725	7.53095	7.53857	7.48668	7.49553	7.48188	7.54034	7.51964	7.53447
0.534712	7.50413	7.50833	7.47364	7.51811	7.4924	7.5332	7.55019	7.50206
0.538725	7.52521	7.51244	7.47526	7.4862	7.49149	7.54148	7.51085	7.52043
0.542775	7.50987	7.53074	7.49396	7.5171	7.47776	7.55548	7.52746	7.51521
0.54685	7.48505	7.49038	7.48625	7.4857	7.4916	7.52605	7.53172	7.49664
0.55095	7.49188	7.49595	7.45929	7.49357	7.46859	7.51866	7.51575	7.51392
0.555088	7.50757	7.49672	7.44665	7.49032	7.4682	7.51482	7.51599	7.50937
0.55925	7.48786	7.49367	7.44528	7.48864	7.46449	7.50933	7.49526	7.48897
0.563438	7.48902	7.4972	7.44652	7.48597	7.4606	7.51817	7.51456	7.49251
0.56765	7.50847	7.49043	7.44061	7.482	7.46112	7.50115	7.49665	7.49264
0.5719	7.4776	7.47748	7.4262	7.47383	7.4509	7.50389	7.48074	7.50547
0.576175	7.47883	7.48389	7.44785	7.46765	7.4554	7.48382	7.48747	7.50231
0.580475	7.4797	7.48638	7.43973	7.45219	7.47177	7.47551	7.4767	7.47765
0.584813	7.46441	7.4779	7.43528	7.47468	7.44029	7.50842	7.47348	7.49068
0.589175	7.49596	7.47204	7.42698	7.43823	7.42864	7.50314	7.46663	7.46635
0.593575	7.47	7.43911	7.44719	7.45637	7.45465	7.48807	7.45655	7.48046
0.598	7.45526	7.45828	7.45783	7.45631	7.45652	7.47384	7.48136	7.4805
0.602462	7.47188	7.49095	7.42065	7.45431	7.41685	7.46167	7.45534	7.48171
0.60695	7.48095	7.44547	7.43409	7.43434	7.4219	7.47528	7.45664	7.46199
0.611462	7.46811	7.45326	7.43218	7.43563	7.43251	7.47467	7.47528	7.44062
0.616013	7.45321	7.43967	7.42616	7.4392	7.40435	7.4499	7.45575	7.44411
0.6206	7.43041	7.44983	7.40821	7.43441	7.43915	7.46587	7.46119	7.4531
0.625212	7.45455	7.44968	7.42826	7.4228	7.41835	7.45918	7.46111	7.43206
0.629862	7.43024	7.45119	7.39642	7.41971	7.41123	7.43359	7.44463	7.44446
0.634538	7.46098	7.42726	7.38808	7.40934	7.41301	7.44785	7.46548	7.44457
0.63925	7.42278	7.40851	7.39587	7.41508	7.38654	7.45939	7.46187	7.45785
0.643987	7.43322	7.41456	7.39725	7.40268	7.40681	7.45792	7.42279	7.4359
0.648763	7.41498	7.41646	7.39997	7.40945	7.39143	7.43096	7.43666	7.41541
0.653575	7.41742	7.43359	7.3689	7.42321	7.39634	7.44337	7.42503	7.42714
0.658413	7.41515	7.42238	7.39446	7.40637	7.38332	7.4404	7.44204	7.43592
0.663288	7.42097	7.40474	7.38732	7.40643	7.39973	7.44378	7.42014	7.41734
0.6682	7.42342	7.40304	7.3767	7.40973	7.3748	7.40863	7.42451	7.43535
0.67315	7.4198	7.40215	7.37459	7.38338	7.39026	7.43123	7.41373	7.40173
0.678125	7.42031	7.40937	7.36829	7.3943	7.3689	7.43409	7.42024	7.39694
0.683137	7.41022	7.40094	7.35527	7.41007	7.37236	7.41992	7.40395	7.4053
0.688187	7.3997	7.41063	7.35466	7.3984	7.36073	7.41672	7.39613	7.40665
0.693263	7.38909	7.38076	7.35755	7.38638	7.37895	7.41819	7.4045	7.40551
0.698388	7.38351	7.39136	7.3693	7.37522	7.39495	7.40965	7.40861	7.39968
0.703538	7.39253	7.37639	7.3482	7.3837	7.37779	7.42393	7.39604	7.39125
0.708725	7.39106	7.40372	7.32651	7.37796	7.36075	7.4068	7.37975	7.38313
0.71395	7.38541	7.39177	7.34233	7.36046	7.35312	7.40992	7.38316	7.37993
0.719212	7.35147	7.36067	7.33176	7.36695	7.3416	7.42358	7.38611	7.3688
0.724513	7.3903	7.36779	7.36885	7.36245	7.33115	7.3668	7.37934	7.37623
0.729837	7.38285	7.38072	7.31881	7.35222	7.34335	7.38107	7.36787	7.37989
0.735213	7.37241	7.36507	7.34412	7.3453	7.34439	7.39711	7.36106	7.38452
0.740625	7.35691	7.35737	7.33802	7.3487	7.33113	7.36161	7.38332	7.35869
0.746063	7.34932	7.3659	7.32752	7.36285	7.33204	7.36342	7.36109	7.36397
0.75155	7.35652	7.36319	7.32587	7.34876	7.33131	7.40055	7.3783	7.34377
0.757075	7.36722	7.34822	7.3225	7.3248	7.32054	7.36707	7.36534	7.36069
0.762625	7.37016	7.34118	7.3173	7.32447	7.32741	7.36173	7.35716	7.35192
0.768225	7.3528	7.33247	7.29902	7.32631	7.30628	7.37361	7.35284	7.34849
0.773862	7.33289	7.34472	7.32727	7.31957	7.31744	7.36097	7.36536	7.34741
0.779537	7.35958	7.32025	7.30221	7.32555	7.28904	7.35753	7.3528	7.34443
0.785263	7.33339	7.33376	7.29789	7.30696	7.31675	7.35458	7.34405	7.34738
0.791013	7.34496	7.34421	7.30214	7.32614	7.31461	7.35612	7.32511	7.32496
0.796812	7.32267	7.32351	7.28871	7.30944	7.29606	7.32739	7.31495	7.32829
0.802638	7.33038	7.3366	7.27558	7.29517	7.29938	7.34427	7.32112	7.33429
0.808513	7.31975	7.31036	7.28661	7.29593	7.28519	7.3352	7.3212	7.32603
0.814438	7.31697	7.3049	7.27782	7.29629	7.2724	7.34163	7.34281	7.30022
0.820387	7.30723	7.32374	7.27243	7.28724	7.29095	7.32139	7.32376	7.32329
0.826388	7.31338	7.31568	7.26746	7.30195	7.28841	7.32186	7.31571	7.31217
0.832425	7.30464	7.29967	7.26178	7.26821	7.28216	7.31176	7.32526	7.31851
0.838512	7.28844	7.28198	7.29078	7.28787	7.26884	7.31557	7.31202	7.29504
0.844638	7.2985	7.29411	7.2809	7.2673	7.27328	7.31697	7.31546	7.28577
0.8508	7.30702	7.30132	7.25842	7.2732	7.24426	7.30997	7.29863	7.29018
0.857013	7.29197	7.29254	7.27637	7.25871	7.24488	7.3137	7.29361	7.29306
0.863262	7.30402	7.29975	7.26351	7.26158	7.25989	7.28375	7.31022	7.29494
0.869563	7.2792	7.27813	7.25702	7.26981	7.24407	7.28727	7.27573	7.28852
0.8759	7.28122	7.27287	7.26111	7.25663	7.25967	7.3116	7.29855	7.2804
0.882288	7.27128	7.27689	7.23781	7.25948	7.23998	7.2817	7.27272	7.28447
0.888713	7.27345	7.27297	7.23148	7.25437	7.23037	7.27547	7.28958	7.27709
0.895187	7.26402	7.275	7.22202	7.2406	7.22918	7.28609	7.29012	7.26604
0.9017	7.24947	7.26952	7.21406	7.24889	7.22465	7.29887	7.29884	7.26934
0.908262	7.27328	7.25177	7.2387	7.24151	7.21991	7.28044	7.28711	7.26303
0.914875	7.25707	7.25409	7.20988	7.22959	7.23415	7.26796	7.26147	7.26961
0.921525	7.26275	7.2503	7.22598	7.22129	7.22523	7.28755	7.27012	7.26515
0.928225	7.23958	7.2487	7.21671	7.22482	7.20648	7.27853	7.24679	7.25476
0.934975	7.2344	7.24859	7.20556	7.23633	7.21821	7.2658	7.25968	7.24218
0.941763	7.23745	7.23813	7.21617	7.22296	7.19885	7.26531	7.26452	7.23967
0.9486	7.232	7.23585	7.2115	7.20207	7.20627	7.25719	7.24512	7.2377
0.955487	7.21944	7.2473	7.21065	7.22265	7.21243	7.26266	7.25155	7.25049
0.962425	7.22833	7.2431	7.18328	7.21261	7.17175	7.25225	7.22862	7.23285
0.969413	7.22996	7.23591	7.18178	7.19213	7.20759	7.25726	7.24674	7.22956
0.976438	7.21766	7.23653	7.18794	7.21415	7.20073	7.24159	7.22305	7.22602
0.983525	7.22462	7.20091	7.19855	7.20013	7.17936	7.24457	7.23505	7.22304
0.99065	7.21635	7.23255	7.19071	7.20079	7.18862	7.2366	7.22554	7.20153
0.997825	7.2159	7.20082	7.20125	7.20639	7.17325	7.24622	7.21082	7.21652
1.00505	7.22049	7.21381	7.18159	7.19532	7.18351	7.22243	7.21504	7.21622
1.01234	7.20723	7.21119	7.17905	7.18366	7.18133	7.21618	7.22448	7.20922
1.01966	7.19742	7.20475	7.17777	7.18087	7.18997	7.22594	7.21554	7.21238
1.02705	7.20816	7.19891	7.15808	7.17988	7.17712	7.21225	7.2162	7.19372
1.03447	7.19565	7.21345	7.15647	7.17534	7.17245	7.21217	7.209	7.20795
1.04196	7.18374	7.19032	7.16479	7.16679	7.16434	7.20208	7.20479	7.18239
1.04949	7.20121	7.1825	7.16754	7.1839	7.15646	7.21045	7.19589	7.19493
1.05708	7.19979	7.20066	7.16014	7.18314	7.1732	7.20297	7.2016	7.19304
1.06471	7.19006	7.18517	7.14386	7.14734	7.15266	7.20902	7.19001	7.18648
1.07241	7.17657	7.1715	7.14548	7.17235	7.15845	7.20163	7.18327	7.18553
1.08015	7.17194	7.15743	7.15859	7.15855	7.15694	7.20006	7.17898	7.18506
1.08795	7.16723	7.17223	7.13582	7.13403	7.14444	7.18932	7.17364	7.17081
1.09581	7.17536	7.16757	7.14041	7.16461	7.13119	7.18712	7.19233	7.18203
1.10371	7.15954	7.19126	7.13965	7.13546	7.12405	7.18525	7.1889	7.17799
1.11168	7.16993	7.18022	7.13951	7.14514	7.11553	7.19034	7.17089	7.1753
1.1197	7.15198	7.15989	7.13552	7.14209	7.12069	7.17792	7.15477	7.16087
1.12777	7.15195	7.16726	7.12207	7.1406	7.12926	7.17622	7.16788	7.15705
1.1359	7.14143	7.14752	7.13816	7.13515	7.13406	7.17864	7.15506	7.15134
1.14409	7.13821	7.16327	7.13052	7.14369	7.13387	7.16164	7.1391	7.15037
1.15233	7.16327	7.15158	7.12871	7.13028	7.10898	7.17694	7.14332	7.13091
1.16062	7.14971	7.15188	7.12421	7.1168	7.12129	7.16825	7.14859	7.16439
1.16899	7.15681	7.15362	7.1153	7.11478	7.11517	7.16079	7.12941	7.13525
1.1774	7.14759	7.1317	7.11442	7.11281	7.10327	7.14581	7.14435	7.15325
1.18588	7.14134	7.13886	7.09764	7.11483	7.11038	7.15113	7.13271	7.12656
1.1944	7.12721	7.128	7.09383	7.11499	7.10768	7.14129	7.13981	7.12565
1.203	7.13126	7.13541	7.10193	7.09983	7.11617	7.13594	7.14624	7.14053
1.21165	7.12997	7.13097	7.08841	7.11274	7.10051	7.14308	7.12096	7.13871
1.22035	7.11753	7.10214	7.09377	7.10075	7.09206	7.13666	7.11132	7.12265
1.22913	7.127	7.13271	7.09883	7.09655	7.08729	7.14838	7.13286	7.11295
1.23796	7.12809	7.11702	7.07376	7.08782	7.06596	7.1334	7.11383	7.10542
1.24685	7.1105	7.10734	7.08714	7.09766	7.09341	7.1286	7.12405	7.11903
1.2558	7.10376	7.12035	7.09001	7.10081	7.07453	7.12629	7.12008	7.10634
1.26482	7.08566	7.09675	7.07648	7.08698	7.08366	7.10991	7.1103	7.10437
1.2739	7.10528	7.10328	7.06448	7.06358	7.06924	7.11315	7.11989	7.10246
1.28305	7.08204	7.10703	7.07167	7.0797	7.06626	7.10704	7.09391	7.09569
1.29225	7.10756	7.09334	7.06909	7.08241	7.05635	7.12028	7.10289	7.09535
1.30152	7.09125	7.09171	7.0649	7.07454	7.05985	7.11206	7.08668	7.0894
1.31085	7.08908	7.10345	7.06562	7.07864	7.04264	7.09852	7.0888	7.08902
1.32025	7.08715	7.09165	7.06641	7.07365	7.05452	7.0932	7.0914	7.08065
1.32971	7.07811	7.08838	7.05012	7.05951	7.03997	7.10695	7.07787	7.07651
1.33924	7.07762	7.08844	7.05794	7.05962	7.04732	7.08036	7.09123	7.08197
1.34884	7.07202	7.08479	7.05443	7.04808	7.04043	7.09737	7.06805	7.06837
1.3585	7.06869	7.07604	7.04626	7.06323	7.04047	7.08781	7.06991	7.05785
1.36822	7.07526	7.06471	7.0423	7.05088	7.03769	7.07616	7.06455	7.0743
1.37803	7.06281	7.06952	7.03614	7.03928	7.03281	7.08422	7.06567	7.06596
1.38789	7.05481	7.06597	7.03485	7.04408	7.02439	7.07534	7.06543	7.06878
1.39783	7.05579	7.06029	7.04483	7.05141	7.03781	7.0737	7.06883	7.05645
1.40782	7.05533	7.06956	7.02895	7.04617	7.02685	7.06908	7.05871	7.03579
1.41789	7.06583	7.05996	7.04314	7.04128	7.02722	7.06467	7.06401	7.04847
1.42804	7.0645	7.05457	7.03091	7.04001	7.02386	7.07392	7.05931	7.04883
1.43824	7.04855	7.05323	7.02886	7.03355	7.01853	7.07094	7.05223	7.04297
1.44852	7.04049	7.05821	7.00341	7.04072	7.0232	7.04601	7.05261	7.04988
1.45887	7.03807	7.0448	7.01863	7.02662	7.01577	7.04684	7.04047	7.03968
1.4693	7.03705	7.05532	7.02018	7.02061	7.00839	7.04418	7.06098	7.04436
1.4798	7.03205	7.05752	7.01053	7.03546	7.01554	7.05391	7.04805	7.04018
1.49036	7.02292	7.04277	7.01129	7.01501	6.99994	7.03712	7.04381	7.03162
1.50101	7.02143	7.03381	7.00782	7.02395	7.0118	7.04525	7.02853	7.03646
1.51172	7.02436	7.02419	6.99051	7.01897	7.00027	7.04067	7.02736	7.03415
1.52251	7.02402	7.0259	7.00505	7.00062	6.99533	7.04673	7.03428	7.0269
1.53339	7.01492	7.03211	6.99464	7.02305	6.98597	7.02968	7.0275	7.00434
1.54432	7.01667	7.02489	6.98958	6.99831	6.98066	7.03108	7.01912	7.01083
1.55534	7.00859	7.03066	6.99606	7.00844	6.98649	7.04597	7.02802	7.01626
1.56644	7.01334	7.01349	6.98432	6.99444	6.9934	7.03358	7.02127	7.0091
1.5776	7.00902	7.00224	6.97829	6.98182	6.98144	7.02445	7.0131	6.98827
1.58885	7.01499	7.03162	6.99066	6.99551	6.98114	7.01984	7.02764	6.99256
1.60018	7.00562	7.03026	6.96865	7.00838	6.98303	7.01987	7.00993	6.993
1.61158	6.9885	7.01212	6.97616	7.00026	6.97523	7.0218	7.01324	7.00302
1.62306	6.97523	7.02307	6.97298	6.99402	6.97652	7.00842	7.00237	7.00219
1.63462	6.99628	6.99803	6.97322	6.98531	6.96579	7.02611	7.00767	6.99383
1.64626	6.9927	7.00172	6.96346	6.99029	6.95804	7.00846	6.98939	6.99636
1.65799	7.00558	6.9999	6.97208	6.97272	6.9702	7.01673	6.98634	6.97687
1.6698	6.96523	7.00635	6.96068	6.98318	6.95434	7.00004	6.99498	6.98636
1.68169	6.98544	7.00574	6.96085	6.97372	6.95337	7.00252	6.98476	6.98726
1.69365	6.98043	7.01253	6.95672	6.9699	6.94937	6.99485	6.98854	6.9822
1.7057	6.97624	6.99997	6.95456	6.96822	6.95163	6.99677	6.97554	6.97319
1.71784	6.97019	6.98437	6.94029	6.96322	6.94678	6.99554	6.99627	6.97661
1.73006	6.97691	6.99695	6.94711	6.97203	6.95955	6.99194	6.98861	6.97464
1.74236	6.96822	6.98169	6.94231	6.95594	6.95602	6.97639	6.97548	6.97542
1.75475	6.96971	6.98894	6.94742	6.95737	6.94595	6.98338	6.98058	6.98569
1.76723	6.96088	6.98384	6.94436	6.97129	6.92265	6.98338	6.97844	6.97531
1.77979	6.95024	6.97657	6.94654	6.96132	6.94144	6.98184	6.97996	6.95756
1.79244	6.95805	6.97001	6.93504	6.95807	6.94024	6.98567	6.97294	6.96211
1.80517	6.94874	6.98151	6.93354	6.95791	6.92997	6.97613	6.97888	6.96692
1.818	6.95753	6.97506	6.93547	6.95092	6.9321	6.96064	6.95682	6.94592
1.83091	6.94386	6.98296	6.93071	6.94965	6.92219	6.97405	6.95963	6.94553
1.84391	6.94336	6.96692	6.93401	6.94384	6.92904	6.98286	6.9741	6.96619
1.85701	6.94222	6.96792	6.92113	6.95803	6.92739	6.97458	6.95425	6.95118
1.87019	6.94102	6.966	6.92698	6.94279	6.9339	6.96639	6.9569	6.95492
1.88346	6.94523	6.96356	6.92962	6.94182	6.91552	6.96527	6.95461	6.94461
1.89684	6.94336	6.95735	6.93373	6.91765	6.91083	6.959	6.95733	6.94769
1.9103	6.93665	6.95491	6.91972	6.94349	6.92465	6.95506	6.94685	6.93769
1.92385	6.93366	6.95277	6.9172	6.94089	6.91141	6.95454	6.95532	6.94779
1.9375	6.92527	6.96052	6.91137	6.93726	6.90445	6.95295	6.95109	6.9423
1.95124	6.94235	6.94376	6.91527	6.92367	6.91058	6.94589	6.94582	6.94524
1.96508	6.91047	6.94682	6.90063	6.92293	6.90917	6.9499	6.94457	6.92033
1.97901	6.92701	6.94334	6.91032	6.91063	6.89744	6.94205	6.93878	6.93498
1.99304	6.91272	6.95498	6.90382	6.91562	6.90744	6.95264	6.94317	6.91805
2.00716	6.91465	6.9381	6.90642	6.90839	6.90061	6.94412	6.94002	6.91648
2.02139	6.90553	6.95048	6.90365	6.91567	6.89649	6.94503	6.93481	6.92921
2.03571	6.90395	6.93373	6.91152	6.91444	6.89216	6.93392	6.92582	6.91838
2.05014	6.90065	6.94085	6.90174	6.91431	6.88171	6.93492	6.9317	6.92432
2.06466	6.89795	6.94895	6.88494	6.92103	6.88339	6.944	6.93023	6.91982
2.07929	6.89807	6.93588	6.8884	6.9078	6.88955	6.93509	6.93597	6.9193
2.09401	6.90273	6.91884	6.89014	6.90234	6.88223	6.92175	6.92443	6.91806
2.10884	6.89668	6.93968	6.8892	6.90441	6.87842	6.9216	6.92158	6.91514
2.12376	6.89859	6.92865	6.89083	6.91772	6.86923	6.92383	6.92685	6.89987
2.1388	6.89678	6.92412	6.89669	6.90216	6.88272	6.93009	6.90972	6.89948
2.15394	6.89122	6.92158	6.88731	6.89679	6.87785	6.92246	6.92098	6.91137
2.16917	6.8992	6.91948	6.88424	6.89397	6.88213	6.9257	6.91737	6.89967
2.18453	6.89512	6.92047	6.8798	6.89972	6.87448	6.92106	6.91524	6.91713
2.19998	6.88749	6.92081	6.89324	6.89648	6.88273	6.92948	6.91905	6.89739
2.21554	6.88625	6.91866	6.87403	6.88521	6.86451	6.9201	6.91081	6.89942
2.23121	6.88729	6.92918	6.87077	6.89613	6.86174	6.91458	6.89762	6.8959
2.24699	6.87248	6.92074	6.8857	6.89172	6.8649	6.91187	6.90701	6.90518
2.26288	6.88535	6.90862	6.87287	6.87395	6.85933	6.90449	6.90591	6.88616
2.27888	6.87625	6.92105	6.87529	6.88211	6.86146	6.91794	6.90667	6.88554
2.29499	6.88121	6.91203	6.86659	6.88098	6.86558	6.89429	6.90999	6.87961
2.3112	6.86657	6.90593	6.86936	6.88187	6.86362	6.90756	6.89076	6.89746
2.32754	6.87001	6.902	6.87023	6.88416	6.8584	6.89953	6.90782	6.88182
2.34398	6.87283	6.89827	6.87041	6.88453	6.86522	6.90038	6.90457	6.8941
2.36054	6.87189	6.90129	6.86426	6.8846	6.86721	6.90462	6.8924	6.87879
2.37721	6.8588	6.89231	6.8751	6.87436	6.85871	6.90396	6.89088	6.87543
2.394	6.87091	6.89847	6.86515	6.87455	6.85938	6.88644	6.89061	6.88711
2.41091	6.86433	6.88698	6.85183	6.87337	6.84948	6.91272	6.89859	6.88088
2.42794	6.86212	6.89602	6.86167	6.86115	6.85561	6.90168	6.89134	6.87961
2.44508	6.86123	6.89492	6.85879	6.87137	6.85015	6.89201	6.89248	6.87709
2.46234	6.85824	6.89288	6.85764	6.86727	6.84901	6.89026	6.87564	6.87687
2.47971	6.85868	6.89278	6.85938	6.86799	6.85144	6.89401	6.86995	6.86759
2.49721	6.85968	6.88515	6.86041	6.86265	6.84497	6.89453	6.89072	6.86435
2.51484	6.85855	6.88546	6.85693	6.87156	6.84377	6.88745	6.8839	6.87482
2.53259	6.85475	6.88796	6.85727	6.86977	6.84483	6.88586	6.88036	6.87439
2.55045	6.85008	6.88306	6.84633	6.8545	6.83785	6.88659	6.87316	6.87023
2.56844	6.85295	6.88054	6.83814	6.85705	6.83834	6.89057	6.87946	6.86258
2.58655	6.85012	6.87795	6.8442	6.85936	6.84954	6.89004	6.87534	6.86621
2.6048	6.84389	6.87177	6.84466	6.85038	6.83949	6.8757	6.86525	6.86125
2.62316	6.84942	6.88188	6.83933	6.85669	6.82653	6.87833	6.87492	6.87625
2.64166	6.84724	6.86874	6.83925	6.84944	6.8423	6.87592	6.87069	6.86793
2.66029	6.84837	6.8803	6.84151	6.86663	6.83024	6.87551	6.86798	6.86191
2.67904	6.8468	6.86307	6.84442	6.84541	6.82636	6.88257	6.87045	6.85771
2.69791	6.83958	6.86499	6.83343	6.85479	6.82721	6.87317	6.86318	6.85309
2.71692	6.84082	6.86836	6.83245	6.84777	6.83509	6.87786	6.85373	6.85946
2.73607	6.83685	6.85658	6.84197	6.84672	6.8348	6.88002	6.85004	6.85341
2.75535	6.83473	6.8634	6.83426	6.85339	6.83185	6.87423	6.85917	6.8633
2.77476	6.84134	6.86323	6.83218	6.83948	6.82452	6.87328	6.86124	6.84563
2.79431	6.83887	6.86752	6.83952	6.84441	6.8318	6.88093	6.84823	6.84808
2.81399	6.83976	6.85744	6.82757	6.84449	6.8351	6.86895	6.85586	6.85003
2.83381	6.83691	6.86362	6.82603	6.83567	6.82627	6.86559	6.86314	6.84355
2.85376	6.83401	6.86426	6.83227	6.84363	6.83888	6.86448	6.85484	6.84051
2.87385	6.82135	6.85228	6.82664	6.83563	6.83196	6.87318	6.8552	6.84466
2.89409	6.82696	6.85369	6.82535	6.83823	6.82763	6.86716	6.84686	6.84547
2.91446	6.82122	6.85728	6.81995	6.83733	6.81523	6.86208	6.84696	6.84392
2.93497	6.82005	6.85458	6.82023	6.83128	6.81108	6.85606	6.85076	6.84451
2.95563	6.82524	6.84735	6.82456	6.84029	6.82315	6.86356	6.84267	6.85007
2.97642	6.82016	6.85001	6.81644	6.84034	6.81572	6.87539	6.85613	6.83979
2.99738	6.815	6.84961	6.82446	6.83913	6.81287	6.85675	6.85548	6.84376
3.01846	6.82409	6.84446	6.81696	6.83048	6.81338	6.85988	6.85261	6.83022
3.0397	6.82449	6.85129	6.82606	6.83358	6.79848	6.86047	6.84364	6.83852
3.06107	6.82251	6.85159	6.81167	6.83181	6.81415	6.85011	6.84666	6.83532
3.08261	6.8177	6.84329	6.81782	6.82654	6.82258	6.85208	6.84789	6.83687
3.10429	6.82172	6.84669	6.81792	6.83152	6.82024	6.84983	6.84003	6.82997
3.12613	6.81634	6.85334	6.81734	6.8329	6.81764	6.85333	6.83719	6.84003
3.1481	6.8089	6.84417	6.82106	6.82135	6.80695	6.85894	6.84505	6.83643
3.17024	6.81128	6.8431	6.82227	6.82494	6.81237	6.84441	6.8283	6.82999
3.19252	6.80813	6.83383	6.80378	6.83044	6.80606	6.8528	6.84173	6.83619
3.21496	6.80459	6.83144	6.80933	6.82807	6.80908	6.86043	6.82777	6.82296
3.23756	6.80697	6.8404	6.81258	6.83105	6.80793	6.84878	6.83346	6.83857
3.26031	6.80193	6.83674	6.80088	6.81929	6.80554	6.84252	6.8352	6.83085
3.28323	6.79517	6.83368	6.80752	6.82071	6.81029	6.85065	6.83384	6.82184
3.3063	6.81233	6.83478	6.80178	6.82629	6.80405	6.8474	6.83618	6.82476
3.32952	6.80876	6.82761	6.7953	6.81678	6.7999	6.85156	6.84504	6.81555
3.35291	6.79763	6.83128	6.79963	6.81408	6.80544	6.84533	6.82695	6.81943
3.37646	6.79682	6.83046	6.80544	6.81021	6.79979	6.84268	6.83555	6.81767
3.40019	6.79928	6.83	6.79747	6.81554	6.81173	6.84635	6.83599	6.8181
3.42406	6.80472	6.82773	6.80004	6.81406	6.80872	6.84522	6.83471	6.82123
3.44811	6.80275	6.81746	6.8036	6.80615	6.7946	6.84072	6.83357	6.82215
3.47233	6.80025	6.81575	6.7948	6.81646	6.79609	6.84639	6.8332	6.81976
3.4967	6.79455	6.82393	6.80225	6.81175	6.79912	6.8299	6.82542	6.82406
3.52125	6.80135	6.81558	6.79788	6.80557	6.80093	6.83586	6.82463	6.81196
3.54597	6.79075	6.82154	6.79373	6.80387	6.79533	6.83323	6.83081	6.81539
3.57086	6.79777	6.81699	6.80598	6.80591	6.79098	6.84457	6.82694	6.82242
3.59594	6.79496	6.81913	6.78953	6.8074	6.78842	6.83447	6.82503	6.8152
3.62118	6.79595	6.80938	6.79851	6.8044	6.78957	6.84182	6.82211	6.81645
3.64659	6.80594	6.81272	6.78809	6.79361	6.79322	6.8318	6.81834	6.81067
3.67217	6.80307	6.80882	6.79167	6.79883	6.78657	6.83037	6.82717	6.82133
3.69794	6.79465	6.81273	6.79311	6.80022	6.78602	6.83028	6.81808	6.81033
3.72389	6.80057	6.82013	6.78929	6.80117	6.7912	6.83506	6.82276	6.80732
3.75001	6.79926	6.82477	6.79438	6.79748	6.77716	6.81982	6.81788	6.80575
3.77631	6.79931	6.81285	6.79398	6.80001	6.7837	6.83215	6.81946	6.81454
3.8028	6.79527	6.81458	6.79798	6.79872	6.79375	6.83872	6.81345	6.80404
3.82947	6.79976	6.79826	6.7812	6.7934	6.7828	6.82984	6.81857	6.80516
3.85632	6.79608	6.80138	6.7915	6.79548	6.78006	6.82906	6.81068	6.80605
3.88337	6.79455	6.80811	6.78944	6.79132	6.78858	6.82753	6.81625	6.79991
3.9106	6.79415	6.80856	6.79351	6.78942	6.7915	6.82583	6.81111	6.81289
3.93802	6.79406	6.80695	6.78344	6.79628	6.78644	6.82452	6.81062	6.80067
3.96563	6.7996	6.80971	6.78879	6.79356	6.77692	6.82099	6.81417	6.79965
3.99342	6.79275	6.80658	6.78717	6.79165	6.78803	6.82531	6.81005	6.79935
4.02142	6.798	6.81085	6.78389	6.79387	6.78747	6.82684	6.80995	6.79885
4.04961	6.80112	6.807	6.77672	6.79163	6.78708	6.81487	6.81683	6.8057
4.07799	6.79766	6.80522	6.7833	6.80111	6.77905	6.81803	6.82108	6.80121
4.10658	6.79162	6.8099	6.78428	6.79774	6.77576	6.8254	6.81551	6.79783
4.13535	6.79169	6.8005	6.78043	6.79684	6.78014	6.81402	6.81205	6.80511
4.16433	6.79349	6.80816	6.77375	6.79265	6.7809	6.82066	6.81137	6.79471
4.1935	6.79479	6.8157	6.77493	6.78706	6.77725	6.8192	6.80432	6.79898
4.22289	6.7958	6.80829	6.77416	6.7828	6.78166	6.81863	6.80889	6.79428
4.25246	6.79583	6.80473	6.7675	6.78729	6.77853	6.8266	6.80694	6.8039
4.28225	6.79408	6.80099	6.77041	6.79216	6.77528	6.82026	6.81381	6.80026
4.31225	6.78631	6.80209	6.77541	6.78972	6.77593	6.81132	6.80364	6.79223
4.34245	6.79255	6.7987	6.76526	6.78582	6.7807	6.8149	6.80248	6.79866
4.37286	6.79571	6.80063	6.75897	6.78322	6.77602	6.81054	6.805	6.79856
4.40349	6.79405	6.79233	6.77035	6.79149	6.78075	6.81798	6.79986	6.79857
4.43433	6.78481	6.79949	6.76823	6.79094	6.77328	6.80849	6.80797	6.7899
4.46537	6.7925	6.79432	6.75973	6.78354	6.76937	6.81092	6.80094	6.798
4.49664	6.79889	6.79974	6.76528	6.78466	6.77236	6.81219	6.79897	6.79461
4.52812	6.78867	6.79858	6.765	6.78161	6.7687	6.80504	6.81397	6.79651
4.55981	6.78714	6.79279	6.75964	6.77793	6.77245	6.80867	6.8049	6.79042
4.59174	6.79105	6.79603	6.75978	6.78728	6.76744	6.81013	6.79588	6.78929
4.62388	6.79135	6.79811	6.76762	6.77851	6.76832	6.80411	6.80259	6.79079
4.65624	6.78828	6.78815	6.75609	6.78168	6.76463	6.80389	6.80833	6.78923
4.68883	6.79744	6.78828	6.76171	6.77319	6.76425	6.8044	6.79664	6.79317
4.72164	6.781	6.78419	6.756	6.77131	6.76249	6.80327	6.79688	6.78362
4.75469	6.7821	6.78446	6.75481	6.76793	6.75978	6.80253	6.79904	6.79026
4.78795	6.79289	6.78293	6.75896	6.77118	6.76081	6.8009	6.7963	6.78647
4.82145	6.78464	6.78116	6.75457	6.7737	6.75513	6.79265	6.79479	6.78658
4.85519	6.78286	6.78063	6.75291	6.77351	6.76579	6.79752	6.79464	6.78548
4.88915	6.77375	6.78455	6.75251	6.76839	6.76234	6.79237	6.80202	6.77691
4.92335	6.78178	6.78224	6.75658	6.76283	6.7522	6.79469	6.79437	6.78265
4.95779	6.77644	6.78257	6.75172	6.76952	6.75689	6.79912	6.79511	6.77603
4.99248	6.78419	6.79025	6.74934	6.76903	6.75818	6.7968	6.79233	6.77713
5.02739	6.78049	6.7792	6.74629	6.76949	6.7527	6.79188	6.78971	6.77823
5.06255	6.76974	6.7803	6.75054	6.76594	6.75759	6.79085	6.78705	6.77325
5.09795	6.76736	6.78056	6.73785	6.76808	6.7558	6.78845	6.79462	6.77445
5.1336	6.77725	6.77793	6.74281	6.76944	6.75544	6.79768	6.78789	6.77793
5.1695	6.7727	6.77322	6.74307	6.76617	6.75128	6.79636	6.78724	6.7799
5.20564	6.77757	6.77177	6.74439	6.76466	6.75764	6.79308	6.79145	6.7792
5.24204	6.76797	6.7736	6.73902	6.76397	6.75144	6.7923	6.78179	6.78287
5.27869	6.7728	6.76943	6.74258	6.75825	6.75055	6.7942	6.78873	6.778
5.31559	6.77102	6.76828	6.74009	6.75911	6.748	6.78939	6.7832	6.77871
5.35275	6.76916	6.76982	6.72992	6.75878	6.74318	6.79476	6.7815	6.77175
5.39016	6.77245	6.7745	6.7428	6.75436	6.75067	6.78628	6.78191	6.77012
5.42784	6.76947	6.7721	6.74758	6.75993	6.73969	6.78402	6.78446	6.76949
5.46578	6.76926	6.76849	6.73306	6.75838	6.74684	6.78783	6.77359	6.76629
5.50397	6.77096	6.77591	6.73558	6.75312	6.74431	6.78046	6.78306	6.76742
5.54244	6.76798	6.76427	6.74045	6.75324	6.74246	6.7838	6.78162	6.76334
5.58116	6.7715	6.77281	6.74163	6.75351	6.7466	6.78232	6.77244	6.76188
5.62016	6.7644	6.76988	6.73994	6.75035	6.74594	6.77784	6.77596	6.75861
5.65944	6.76297	6.77354	6.74467	6.75109	6.74447	6.7847	6.77174	6.76209
5.69898	6.76738	6.77156	6.73948	6.75137	6.73433	6.78122	6.7795	6.75558
5.73879	6.76653	6.77633	6.74001	6.74713	6.74357	6.77876	6.77055	6.75348
5.77889	6.76554	6.76711	6.74325	6.74874	6.74408	6.7792	6.77144	6.75387
5.81925	6.77237	6.77407	6.7349	6.74522	6.73391	6.77876	6.77377	6.75081
5.8599	6.76589	6.76541	6.74653	6.75198	6.73502	6.78629	6.76693	6.75708
5.90083	6.76666	6.77925	6.74878	6.75535	6.74273	6.78575	6.76892	6.74216
5.94205	6.76659	6.77399	6.74146	6.75046	6.73161	6.79283	6.77395	6.74933
5.98355	6.75728	6.78517	6.7405	6.74749	6.73992	6.78276	6.77202	6.75704
6.02534	6.75369	6.7756	6.73649	6.75632	6.74329	6.78179	6.76833	6.75433
6.06741	6.7624	6.78114	6.73919	6.75504	6.73432	6.78008	6.77134	6.7529
6.10978	6.75438	6.77217	6.74257	6.75271	6.74183	6.78614	6.76568	6.75903
6.15244	6.75788	6.77973	6.74418	6.74966	6.74406	6.78039	6.77634	6.76177
6.1954	6.76338	6.77604	6.73919	6.74848	6.73928	6.7786	6.77162	6.7584
6.23866	6.76022	6.78273	6.74772	6.75086	6.73783	6.78546	6.76937	6.76244
6.28221	6.75829	6.77884	6.74064	6.75586	6.73945	6.78827	6.77181	6.76188
6.32608	6.75338	6.78003	6.73803	6.75729	6.73864	6.7858	6.77085	6.75838
6.37024	6.75491	6.77624	6.74242	6.75203	6.73935	6.78647	6.7724	6.76029
6.4147	6.76112	6.7849	6.74279	6.75759	6.74768	6.78177	6.76836	6.76779
6.45948	6.75288	6.78562	6.74086	6.75837	6.74425	6.77704	6.77143	6.76376
6.50456	6.76125	6.78056	6.74083	6.75596	6.7375	6.78668	6.77544	6.76319
6.54996	6.75789	6.7754	6.74491	6.74802	6.74711	6.77917	6.77364	6.76525
6.59567	6.7463	6.78468	6.74649	6.75617	6.7398	6.78705	6.76986	6.76752
6.64171	6.75248	6.77472	6.74913	6.74672	6.74302	6.77815	6.77107	6.76065
6.68806	6.75939	6.78708	6.74561	6.75874	6.74134	6.77549	6.77775	6.7627
6.73474	6.75681	6.78625	6.74701	6.76144	6.74935	6.78007	6.7735	6.76186
6.78172	6.7583	6.78048	6.74972	6.75807	6.74042	6.77699	6.77757	6.76205
6.82905	6.74388	6.77997	6.75248	6.76474	6.74951	6.78467	6.77469	6.76156
6.8767	6.749	6.78437	6.74982	6.7545	6.74804	6.78986	6.7743	6.76396
6.92467	6.75058	6.77972	6.75123	6.76249	6.7474	6.78267	6.76956	6.76496
6.97299	6.75001	6.77817	6.747	6.7616	6.74914	6.78984	6.77748	6.76215
7.02164	6.75142	6.78354	6.75491	6.77107	6.75511	6.78531	6.78029	6.75761
7.07061	6.75565	6.78339	6.75355	6.76349	6.74835	6.78706	6.7825	6.76424
7.11994	6.75148	6.78986	6.75958	6.76409	6.75395	6.77804	6.78121	6.75989
7.1696	6.75195	6.78759	6.75522	6.76125	6.74486	6.79219	6.78428	6.76896
7.21961	6.75946	6.78597	6.75414	6.7697	6.75693	6.78949	6.77726	6.76755
7.26998	6.74966	6.78764	6.75699	6.76725	6.75019	6.79164	6.77417	6.76423
7.32067	6.75289	6.7852	6.75831	6.76666	6.7541	6.7887	6.78632	6.76647
7.37173	6.75129	6.78553	6.75565	6.76245	6.74889	6.79308	6.77983	6.76656
7.42314	6.75343	6.78503	6.75263	6.76145	6.75226	6.79577	6.78096	6.76935
7.47491	6.75157	6.78418	6.75496	6.76554	6.7541	6.79774	6.77777	6.76868
7.52704	6.75143	6.77957	6.75668	6.76438	6.7511	6.7929	6.78443	6.76807
7.57952	6.74703	6.78217	6.7563	6.75864	6.74679	6.79182	6.78226	6.76985
7.63237	6.74976	6.78679	6.75769	6.76508	6.75404	6.79599	6.78375	6.77015
7.68559	6.75281	6.7877	6.75489	6.75912	6.75458	6.79174	6.78246	6.77417
7.73917	6.75279	6.78406	6.75525	6.77239	6.75073	6.79136	6.78446	6.77772
7.79313	6.75548	6.78395	6.75304	6.76688	6.75428	6.79693	6.78557	6.7718
7.84746	6.75602	6.78274	6.75252	6.76587	6.74566	6.79578	6.78058	6.77774
7.90217	6.74941	6.78126	6.75178	6.76542	6.74856	6.79297	6.78519	6.77615
7.95726	6.75406	6.77777	6.75259	6.75831	6.75179	6.79873	6.78787	6.77102
8.01272	6.75622	6.77514	6.75151	6.76624	6.74903	6.79836	6.77572	6.77374
8.06857	6.75455	6.77633	6.75446	6.76262	6.7508	6.79255	6.78281	6.7721
8.12482	6.75531	6.77765	6.75202	6.75952	6.74596	6.79561	6.78406	6.76346
8.18145	6.75717	6.77195	6.75917	6.76419	6.74459	6.79614	6.78027	6.77045
8.23847	6.76463	6.77673	6.7558	6.76533	6.74339	6.7883	6.78033	6.77396
8.29589	6.75654	6.77728	6.75909	6.76046	6.75086	6.79507	6.77898	6.76826
8.35371	6.75964	6.77786	6.75161	6.76333	6.74465	6.78944	6.78076	6.76494
8.41193	6.75663	6.77767	6.75125	6.76287	6.74538	6.79663	6.7773	6.76749
8.47055	6.76011	6.77709	6.75337	6.76216	6.74317	6.79627	6.78242	6.76576
8.52958	6.76954	6.77541	6.75625	6.7651	6.74193	6.79453	6.77855	6.76895
8.58901	6.76267	6.7732	6.75494	6.75828	6.74433	6.79243	6.77859	6.76806
8.64886	6.76352	6.77489	6.74973	6.76447	6.74726	6.79544	6.7805	6.77432
8.70912	6.76637	6.77956	6.75414	6.75864	6.74691	6.79039	6.77892	6.77072
8.7698	6.76608	6.77797	6.74609	6.75904	6.74647	6.79275	6.77584	6.7696
8.8309	6.76341	6.77299	6.74591	6.76041	6.75015	6.79378	6.77807	6.76717
8.89242	6.7654	6.77771	6.74908	6.76189	6.74335	6.79683	6.77645	6.76571
8.95438	6.76307	6.7707	6.74617	6.76375	6.7451	6.78913	6.77335	6.76644
9.01676	6.76327	6.77525	6.74826	6.75067	6.74313	6.79012	6.77181	6.76613
9.07957	6.76741	6.76869	6.74841	6.7542	6.73931	6.78305	6.7709	6.7699
9.14283	6.76679	6.77341	6.74285	6.75955	6.74503	6.78705	6.77488	6.76843
9.20651	6.764	6.76776	6.74677	6.74843	6.74034	6.7894	6.76309	6.7715
9.27064	6.7646	6.7659	6.74779	6.74941	6.74098	6.78595	6.77011	6.76639
9.33521	6.76188	6.76226	6.74345	6.75118	6.73929	6.78139	6.76912	6.76195
9.40022	6.76185	6.76747	6.74067	6.75468	6.73931	6.78065	6.76803	6.76703
9.4657	6.76192	6.76216	6.73865	6.74947	6.73734	6.78113	6.7645	6.76426
9.53162	6.76138	6.76233	6.7392	6.75327	6.73375	6.78206	6.76738	6.75766
9.59801	6.75819	6.75423	6.73773	6.75171	6.73846	6.77837	6.76817	6.75886
9.66485	6.75814	6.75518	6.73458	6.74648	6.73375	6.77974	6.76896	6.75879
9.73215	6.762	6.75815	6.73411	6.74581	6.73565	6.77543	6.76	6.75494
9.79992	6.75319	6.76218	6.73094	6.75145	6.73404	6.77784	6.76867	6.75442
9.86817	6.75585	6.75749	6.73834	6.74375	6.7315	6.77153	6.7634	6.75631
9.93689	6.7587	6.7602	6.72822	6.74456	6.72965	6.77277	6.76074	6.75909
10.0061	6.75277	6.76535	6.72649	6.74347	6.72686	6.77326	6.75773	6.75947
10.0758	6.75646	6.76004	6.7322	6.74389	6.72887	6.77514	6.7599	6.75414
10.1459	6.75208	6.76548	6.72916	6.74542	6.72848	6.7696	6.76224	6.75174
10.2165	6.75604	6.76479	6.7299	6.74438	6.72618	6.77395	6.75823	6.75518
10.2877	6.76148	6.76034	6.73001	6.74376	6.72414	6.77605	6.76167	6.75272
10.3593	6.7615	6.75769	6.73726	6.74825	6.72895	6.77642	6.76044	6.74779
10.4314	6.74969	6.7606	6.73571	6.74652	6.72336	6.76955	6.76128	6.75344
10.504	6.7557	6.76442	6.73511	6.74177	6.73198	6.77356	6.767	6.75305
10.5772	6.75618	6.76592	6.73495	6.74698	6.72994	6.77152	6.76231	6.7522
10.6508	6.75206	6.76691	6.74081	6.74751	6.73341	6.77827	6.76018	6.75398
10.7249	6.75866	6.76542	6.74192	6.74445	6.7328	6.77589	6.76213	6.75422
10.7996	6.75331	6.76552	6.74033	6.74717	6.73429	6.77824	6.76551	6.74896
10.8748	6.75139	6.7751	6.74211	6.74122	6.72978	6.77761	6.75935	6.74876
10.9504	6.75085	6.77152	6.74315	6.74657	6.73305	6.78008	6.76315	6.75132
11.0267	6.75567	6.76983	6.74305	6.747	6.73226	6.77871	6.76214	6.75098
11.1034	6.74426	6.77027	6.74167	6.7507	6.734	6.77968	6.76405	6.74899
11.1807	6.74853	6.77625	6.75226	6.75032	6.73328	6.77817	6.76213	6.74942
11.2585	6.74156	6.77344	6.74697	6.74995	6.73597	6.78326	6.76143	6.75333
11.3368	6.74452	6.77543	6.75054	6.75705	6.73989	6.77778	6.76581	6.75769
11.4157	6.74564	6.77316	6.74822	6.75935	6.73835	6.78051	6.76783	6.76351
11.4952	6.74296	6.77825	6.74484	6.75358	6.74233	6.78	6.77451	6.75376
11.5752	6.74451	6.77749	6.75054	6.75708	6.74209	6.78373	6.77276	6.76138
11.6557	6.74216	6.77328	6.75172	6.75845	6.74174	6.78659	6.7757	6.75909
11.7368	6.74415	6.77651	6.75179	6.76178	6.73888	6.78418	6.7781	6.75961
11.8185	6.74037	6.77599	6.75333	6.75874	6.74297	6.78399	6.77398	6.76278
11.9007	6.74386	6.77509	6.75	6.75832	6.74207	6.78369	6.77227	6.76275
11.9835	6.7466	6.78037	6.75525	6.76512	6.74299	6.78536	6.77627	6.76926
12.0669	6.7453	6.77468	6.74951	6.76094	6.74402	6.78642	6.77592	6.76608
12.1509	6.74681	6.77216	6.74859	6.76269	6.74122	6.78424	6.77867	6.76292
12.2354	6.75017	6.77408	6.74953	6.75707	6.74415	6.78916	6.7809	6.76439
12.3205	6.75312	6.7771	6.75169	6.76113	6.75058	6.785	6.77828	6.76704
12.4062	6.7529	6.77879	6.75081	6.75994	6.74202	6.784	6.78043	6.76947
12.4925	6.7481	6.77573	6.7421	6.75682	6.74328	6.77964	6.77786	6.767
12.5794	6.74939	6.77555	6.74732	6.75583	6.74211	6.78214	6.77733	6.76559
12.667	6.74711	6.77732	6.74992	6.75322	6.73911	6.77613	6.77513	6.76346
12.7551	6.75023	6.7731	6.74685	6.76028	6.74291	6.78349	6.77718	6.76526
12.8438	6.74962	6.78012	6.74954	6.76093	6.7411	6.7804	6.77467	6.76861
12.9331	6.75083	6.77409	6.74667	6.75915	6.7418	6.78233	6.77702	6.76575
13.0231	6.75136	6.7759	6.74586	6.7552	6.7434	6.78502	6.77717	6.76479
13.1137	6.75437	6.7716	6.74343	6.75929	6.74586	6.78308	6.77675	6.76354
13.2049	6.75328	6.77086	6.74308	6.76154	6.74504	6.78367	6.774	6.76937
13.2967	6.75328	6.77174	6.74387	6.75542	6.74391	6.7818	6.77742	6.76496
13.3892	6.75659	6.76904	6.74471	6.75258	6.73555	6.78054	6.77482	6.76346
13.4823	6.75297	6.77024	6.73937	6.75145	6.73947	6.78379	6.77321	6.76602
13.5761	6.75976	6.76662	6.73964	6.74939	6.73673	6.78416	6.77142	6.7623
13.6705	6.75912	6.7595	6.73591	6.75122	6.73302	6.782	6.7721	6.75973
13.7656	6.75423	6.75971	6.73326	6.74768	6.73128	6.78041	6.7685	6.75953
13.8613	6.75408	6.75996	6.73335	6.74503	6.72854	6.78164	6.77084	6.75916
13.9577	6.75638	6.75876	6.73388	6.74526	6.72843	6.77999	6.76553	6.75964
14.0548	6.75212	6.75524	6.73462	6.74561	6.72912	6.77774	6.7647	6.75951
14.1525	6.75456	6.75535	6.72992	6.74284	6.7269	6.77601	6.76932	6.75918
14.2509	6.76084	6.75652	6.72828	6.74103	6.72469	6.77082	6.76823	6.75713
14.35	6.75922	6.75551	6.72765	6.73843	6.71974	6.76953	6.76692	6.75308
14.4498	6.75639	6.75428	6.72414	6.73878	6.72166	6.76936	6.76206	6.7526
14.5503	6.75526	6.76001	6.72911	6.73623	6.72527	6.76839	6.75808	6.76068
14.6515	6.7552	6.7618	6.7317	6.74061	6.72294	6.7647	6.75964	6.75657
14.7533	6.75817	6.75377	6.72863	6.741	6.72726	6.7669	6.76131	6.75057
14.8559	6.75722	6.76121	6.73196	6.74048	6.72529	6.76426	6.76022	6.75608
14.9592	6.75442	6.75985	6.72818	6.74165	6.72932	6.7666	6.75499	6.75329
15.0632	6.75387	6.75939	6.72909	6.74204	6.7266	6.76288	6.7616	6.7423
15.1679	6.7529	6.76351	6.7322	6.74403	6.72878	6.77174	6.76056	6.75189
15.2734	6.75279	6.76498	6.73118	6.74745	6.72495	6.76619	6.76721	6.7498
15.3795	6.74856	6.76361	6.73582	6.75132	6.72645	6.76898	6.7617	6.75147
15.4865	6.74192	6.765	6.7368	6.7484	6.72779	6.77477	6.76726	6.75012
15.5941	6.74872	6.76394	6.73799	6.75085	6.72442	6.77368	6.7658	6.75288
15.7025	6.73948	6.76886	6.74309	6.7495	6.72871	6.77119	6.77055	6.75535
15.8117	6.74081	6.76796	6.74609	6.75117	6.73162	6.77533	6.7664	6.75845
15.9216	6.73821	6.77095	6.74148	6.75058	6.73789	6.7776	6.76792	6.75645
16.0323	6.73793	6.77026	6.746	6.75316	6.73844	6.78107	6.77081	6.75627
16.1437	6.73637	6.77106	6.74853	6.75686	6.73994	6.77875	6.77388	6.75605
16.2559	6.73803	6.77275	6.7446	6.75213	6.73837	6.78091	6.77354	6.76225
16.3689	6.74197	6.77373	6.7489	6.75864	6.73371	6.77609	6.77531	6.75836
16.4827	6.74021	6.77059	6.74861	6.75429	6.74209	6.78028	6.77569	6.76311
16.5973	6.7404	6.77139	6.75025	6.75146	6.74316	6.78264	6.77193	6.76601
16.7126	6.7437	6.77081	6.7434	6.75054	6.74629	6.78313	6.77289	6.77197
16.8288	6.74222	6.77131	6.7438	6.75025	6.74394	6.78109	6.7726	6.77064
16.9457	6.73804	6.76911	6.74425	6.75208	6.74403	6.78175	6.77125	6.76306
17.0635	6.74112	6.77352	6.74181	6.74966	6.74448	6.77905	6.76535	6.76077
17.1821	6.74498	6.77583	6.74401	6.74582	6.74127	6.78003	6.7696	6.75711
17.3015	6.74756	6.77338	6.74767	6.75156	6.7445	6.78181	6.76881	6.75918
17.4218	6.74361	6.76759	6.74229	6.75045	6.74605	6.77494	6.7671	6.75959
17.5428	6.74745	6.76845	6.74205	6.74808	6.74512	6.77535	6.77065	6.75505
17.6647	6.75071	6.77062	6.74371	6.74705	6.7472	6.7791	6.77182	6.75724
17.7875	6.75173	6.76626	6.73998	6.7499	6.74023	6.77644	6.77526	6.75716
17.9111	6.75081	6.76744	6.7311	6.74467	6.73679	6.77406	6.77015	6.75632
18.0356	6.75645	6.7634	6.73767	6.74485	6.73271	6.77523	6.76812	6.75681
18.1609	6.75697	6.76186	6.73239	6.74416	6.73159	6.77276	6.76663	6.75636
18.2871	6.76111	6.75718	6.72896	6.74453	6.73414	6.76947	6.76607	6.75196
18.4142	6.75635	6.75701	6.72204	6.74164	6.73001	6.76791	6.76436	6.75169
18.5421	6.75606	6.75432	6.72504	6.74334	6.72973	6.76344	6.76236	6.75142
18.671	6.75068	6.75443	6.72367	6.73941	6.72508	6.76549	6.75962	6.74432
18.8007	6.75103	6.7527	6.72465	6.73655	6.72462	6.76158	6.75846	6.75061
18.9313	6.74918	6.75515	6.72304	6.73533	6.71833	6.76158	6.75671	6.74283
19.0629	6.74615	6.75476	6.72577	6.73918	6.72155	6.76196	6.75365	6.73485
19.1953	6.7479	6.75324	6.72667	6.73673	6.72151	6.76355	6.75059	6.73998
19.3287	6.743	6.75661	6.7275	6.731	6.72405	6.76337	6.75104	6.74041
19.463	6.74348	6.75187	6.72955	6.7371	6.72553	6.76446	6.75605	6.74066
19.5982	6.74008	6.75769	6.7299	6.74024	6.72705	6.76629	6.75566	6.74397
19.7344	6.74305	6.7572	6.7339	6.74028	6.72659	6.76278	6.76093	6.74462
19.8715	6.73896	6.76174	6.73307	6.74023	6.72975	6.76437	6.76074	6.74439
20.0095	6.73931	6.76501	6.73754	6.73993	6.73016	6.76267	6.76182	6.75093
20.1485	6.74609	6.76733	6.7404	6.74517	6.73227	6.77235	6.76218	6.75192
20.2885	6.74535	6.76714	6.7384	6.74685	6.7326	6.7735	6.76345	6.74936
20.4295	6.74785	6.76948	6.73996	6.74684	6.73319	6.77414	6.76579	6.75141
20.5714	6.745	6.76842	6.74407	6.74841	6.73511	6.77792	6.76485	6.75612
20.7143	6.74231	6.77058	6.74381	6.75197	6.73969	6.77934	6.77034	6.75631
20.8582	6.74551	6.77102	6.74654	6.7562	6.74263	6.77974	6.76731	6.75708
21.0031	6.74083	6.77288	6.74539	6.7538	6.74385	6.78011	6.7714	6.75771
21.149	6.73829	6.76874	6.74486	6.75394	6.73707	6.7856	6.76918	6.76029
21.2959	6.73962	6.7698	6.74049	6.74942	6.73856	6.78231	6.77014	6.75868
21.4438	6.7406	6.77163	6.74138	6.74735	6.7321	6.77766	6.76622	6.75573
21.5928	6.74363	6.76513	6.7446	6.7497	6.73511	6.78051	6.76649	6.7531
21.7428	6.74795	6.76522	6.74291	6.75054	6.73431	6.77777	6.7674	6.75266
21.8938	6.75432	6.76453	6.73972	6.75091	6.73807	6.78161	6.7685	6.75584
22.0459	6.75503	6.76038	6.73523	6.74823	6.73482	6.78101	6.77078	6.75203
22.199	6.74882	6.75828	6.737	6.74622	6.73374	6.77893	6.76326	6.75181
22.3532	6.7529	6.75799	6.7327	6.73988	6.7281	6.77594	6.76114	6.75278
22.5084	6.75185	6.75334	6.72741	6.74042	6.7295	6.77163	6.75843	6.75473
22.6648	6.75256	6.74985	6.72963	6.73458	6.73005	6.76772	6.7568	6.74785
22.8222	6.75051	6.74762	6.7223	6.73381	6.7269	6.7691	6.75141	6.74697
22.9807	6.74761	6.7475	6.72592	6.73183	6.72601	6.76357	6.75256	6.74509
23.1403	6.74622	6.75052	6.71907	6.72793	6.72705	6.76469	6.75164	6.74331
23.301	6.74487	6.75241	6.71982	6.72812	6.71473	6.76254	6.74942	6.74324
23.4628	6.74553	6.75113	6.72303	6.73051	6.71826	6.75732	6.75004	6.74205
23.6258	6.74308	6.74941	6.72812	6.73096	6.71709	6.76003	6.75138	6.73927
23.7899	6.74313	6.75419	6.73222	6.7358	6.71677	6.76167	6.75772	6.74371
23.9551	6.74362	6.75592	6.73299	6.73595	6.72127	6.76672	6.75937	6.74589
24.1214	6.74216	6.76087	6.73096	6.73265	6.72442	6.76966	6.75617	6.74769
24.2889	6.7437	6.7634	6.73159	6.7316	6.72439	6.76986	6.75398	6.7448
24.4576	6.74535	6.76712	6.73591	6.73578	6.72713	6.77385	6.75184	6.74459
24.6275	6.74945	6.76632	6.73533	6.74022	6.72844	6.77062	6.75517	6.74799
24.7985	6.74408	6.76753	6.73933	6.74329	6.73659	6.77179	6.76057	6.74942
24.9707	6.74233	6.76836	6.74192	6.74079	6.73333	6.7736	6.7638	6.75723
25.1441	6.73605	6.77276	6.74096	6.74704	6.73457	6.77343	6.76756	6.75661
25.3187	6.74014	6.76757	6.74126	6.74808	6.73377	6.7796	6.76466	6.75791
25.4945	6.7378	6.76264	6.7393	6.751	6.73835	6.77349	6.76365	6.75748
25.6715	6.74037	6.76217	6.73551	6.74754	6.73176	6.77875	6.76948	6.76043
25.8498	6.73798	6.76422	6.73365	6.74428	6.73127	6.77263	6.76613	6.75888
26.0293	6.73724	6.76668	6.73422	6.74735	6.73299	6.77017	6.771	6.75832
26.21	6.74317	6.7654	6.73622	6.75047	6.73084	6.76795	6.76567	6.76048
26.392	6.74345	6.76386	6.73444	6.74927	6.73057	6.77347	6.76965	6.76256
26.5753	6.74136	6.75818	6.73551	6.74655	6.72841	6.77368	6.76748	6.75797
26.7598	6.74481	6.76113	6.72885	6.74251	6.72429	6.77393	6.76364	6.75858
26.9456	6.744	6.75496	6.72942	6.73954	6.72026	6.76701	6.76408	6.75572
27.1327	6.74324	6.74985	6.7268	6.73644	6.72029	6.76671	6.75723	6.75231
27.3211	6.74622	6.74462	6.72775	6.73412	6.71994	6.76594	6.7589	6.75465
27.5108	6.74443	6.74424	6.72053	6.7288	6.71718	6.76331	6.75446	6.74907
27.7018	6.74425	6.74583	6.71802	6.72412	6.71532	6.75892	6.75357	6.74703
27.8941	6.7478	6.74865	6.72021	6.72534	6.71471	6.75867	6.75136	6.74181
28.0878	6.74617	6.75099	6.7207	6.72952	6.7177	6.75651	6.7515	6.74331
28.2828	6.74506	6.74903	6.72166	6.73167	6.71545	6.75632	6.74842	6.73957
28.4791	6.74318	6.75719	6.72279	6.73047	6.71683	6.76137	6.75316	6.74608
28.6769	6.74127	6.75862	6.72953	6.73608	6.71912	6.76155	6.75419	6.74721
28.8759	6.74343	6.76257	6.73095	6.73691	6.71938	6.76495	6.75916	6.74653
29.0764	6.73802	6.764	6.73555	6.7393	6.72274	6.7699	6.7587	6.7513
29.2783	6.73362	6.76572	6.73528	6.74091	6.72781	6.77045	6.76211	6.75142
29.4815	6.73535	6.76572	6.73602	6.7441	6.7277	6.77374	6.76179	6.7553
29.6862	6.7323	6.76342	6.73932	6.74624	6.72786	6.77329	6.76377	6.75751
29.8923	6.7306	6.76371	6.74082	6.74687	6.73301	6.77406	6.76065	6.75531
30.0998	6.73173	6.76279	6.73578	6.74544	6.73252	6.77415	6.76066	6.75711
30.3088	6.7373	6.76467	6.73785	6.73955	6.72785	6.77436	6.75692	6.75412
30.5192	6.73219	6.76506	6.74013	6.74082	6.72956	6.77423	6.75306	6.75301
30.731	6.73382	6.76405	6.73782	6.74129	6.73178	6.7742	6.75616	6.75064
30.9443	6.73312	6.75746	6.72816	6.74187	6.7314	6.77271	6.75554	6.75165
31.1592	6.73911	6.75097	6.72683	6.74008	6.72666	6.77045	6.75953	6.75341
31.3755	6.74384	6.75293	6.72215	6.73797	6.72164	6.76421	6.75573	6.75445
31.5933	6.74592	6.74661	6.71934	6.73415	6.72072	6.7603	6.75542	6.75352
31.8126	6.74965	6.74154	6.71423	6.73529	6.7175	6.75873	6.75159	6.75186
32.0334	6.74895	6.74232	6.71803	6.73236	6.7123	6.75561	6.75065	6.74775
32.2557	6.74556	6.74734	6.71525	6.72524	6.71005	6.75259	6.74746	6.74131
32.4796	6.74508	6.74983	6.72054	6.72471	6.71062	6.75359	6.74605	6.7355
32.7051	6.74142	6.75087	6.72023	6.72914	6.71595	6.75638	6.74411	6.73737
32.9321	6.73926	6.75228	6.71666	6.72962	6.71808	6.75813	6.74887	6.74308
33.1607	6.73488	6.75313	6.71998	6.73542	6.71904	6.75485	6.74821	6.74504
33.3909	6.72916	6.75607	6.72898	6.73555	6.71799	6.76006	6.75149	6.74656
33.6226	6.72768	6.75923	6.72943	6.73913	6.71922	6.763	6.75561	6.74619
33.856	6.72696	6.76289	6.73196	6.74331	6.72299	6.7671	6.75944	6.74785
34.091	6.7317	6.76057	6.73696	6.74371	6.72629	6.76956	6.75893	6.74954
34.3276	6.73165	6.75825	6.7341	6.7448	6.72613	6.77123	6.76173	6.75139
34.5659	6.73246	6.75929	6.73249	6.74304	6.72054	6.77098	6.76072	6.75241
34.8058	6.73318	6.76146	6.73509	6.74185	6.72301	6.76645	6.76061	6.7479
35.0474	6.73157	6.76	6.73622	6.7422	6.72058	6.77396	6.76039	6.747
35.2906	6.7355	6.75828	6.73267	6.73891	6.72251	6.77385	6.75965	6.74498
35.5355	6.74086	6.74872	6.72546	6.73744	6.71896	6.77037	6.75827	6.74137
35.7822	6.74544	6.74632	6.72597	6.73107	6.71665	6.7662	6.75117	6.74087
36.0305	6.74737	6.74266	6.71885	6.72819	6.71837	6.76412	6.74755	6.73742
36.2806	6.74766	6.73815	6.71812	6.72404	6.71104	6.76024	6.74199	6.73445
36.5324	6.74558	6.73789	6.71364	6.72112	6.71075	6.75498	6.73809	6.73487
36.7859	6.74463	6.73715	6.71393	6.72325	6.70024	6.75266	6.74077	6.73345
37.0412	6.73478	6.7419	6.71452	6.72407	6.7028	6.75622	6.74125	6.73405
37.2983	6.73328	6.74291	6.71868	6.72613	6.70578	6.75594	6.74216	6.73583
37.5571	6.73288	6.74888	6.723	6.72691	6.70866	6.75891	6.74176	6.73516
37.8178	6.73432	6.75342	6.72881	6.73253	6.71462	6.76024	6.74487	6.73584
38.0802	6.73263	6.75506	6.73036	6.73865	6.71968	6.76248	6.75254	6.74021
38.3445	6.73782	6.75985	6.7313	6.74086	6.71959	6.76543	6.75517	6.74275
38.6106	6.73306	6.75868	6.7308	6.74436	6.72307	6.76973	6.75503	6.74811
38.8786	6.72699	6.75721	6.72884	6.74147	6.72578	6.76903	6.75681	6.74888
39.1484	6.7257	6.75945	6.72778	6.74025	6.72078	6.76334	6.75553	6.74853
39.42	6.72712	6.75757	6.72297	6.74126	6.72172	6.76463	6.75956	6.74692
39.6936	6.73269	6.75362	6.72502	6.74137	6.72204	6.76617	6.75812	6.74502
39.9691	6.74289	6.74485	6.72222	6.73716	6.71612	6.76656	6.7552	6.74287
40.2464	6.74123	6.74288	6.72009	6.73167	6.71227	6.76266	6.75144	6.73893
40.5257	6.74563	6.73641	6.71637	6.72663	6.70782	6.76028	6.74577	6.734
40.8069	6.74161	6.73744	6.71309	6.72283	6.70387	6.75773	6.73993	6.72845
41.0901	6.73909	6.7364	6.70704	6.7164	6.7008	6.75367	6.73701	6.72482
41.3752	6.73637	6.7371	6.70949	6.72155	6.70277	6.7503	6.74085	6.72758
41.6623	6.73481	6.73915	6.71095	6.72571	6.70867	6.7509	6.74076	6.72901
41.9514	6.73354	6.74263	6.71514	6.7283	6.70708	6.75502	6.74266	6.7315
42.2425	6.73421	6.75115	6.7228	6.72907	6.71198	6.75711	6.74705	6.73592
42.5357	6.73142	6.75225	6.72377	6.73672	6.71705	6.76487	6.74767	6.73724
42.8308	6.72813	6.75573	6.72539	6.74013	6.71954	6.76483	6.75066	6.73855
43.128	6.72306	6.75293	6.72708	6.74017	6.72122	6.76576	6.75467	6.74163
43.4273	6.72176	6.75101	6.72225	6.73727	6.72023	6.76448	6.75372	6.73992
43.7286	6.72155	6.75143	6.72438	6.73505	6.71988	6.76213	6.75225	6.74118
44.0321	6.72375	6.75012	6.72228	6.73488	6.72284	6.76465	6.7489	6.74135
44.3376	6.72541	6.74445	6.71908	6.73565	6.71922	6.76302	6.74705	6.74417
44.6452	6.72586	6.74132	6.71111	6.72819	6.71454	6.75739	6.74723	6.74363
45	6.7302	6.73911	6.70516	6.72669	6.70644	6.7578	6.74178	6.74267
