3.125E-4	8.08824	8.05267	7.99726
6.25E-4	8.01016	8.00203	8.13278
9.375E-4	8.05393	8.02344	8.1545
0.0012625	8.06322	8.14421	8.21416
0.0015875	8.14413	8.14461	8.22851
0.0019	8.08509	8.09859	8.1396
0.002225	8.06793	8.05329	8.17323
0.0025625	8.02803	8.09968	8.19104
0.0028875	8.10871	8.05023	8.1894
0.0032125	8.13172	8.06292	8.14164
0.00355	8.10534	8.09019	8.22317
0.0038875	8.11312	8.02241	8.17087
0.004225	8.10795	8.10512	8.11039
0.004575	8.11269	8.16113	8.11597
0.0049125	8.06685	8.15712	8.10707
0.0052625	8.05684	8.10426	8.13937
0.0056125	8.03062	8.05468	8.17133
0.0059625	8.05435	8.09793	8.15575
0.0063125	8.09184	8.03892	8.12264
0.0066625	8.0584	8.03778	8.09039
0.007025	8.07215	8.07869	8.20683
0.0073875	8.008	8.13405	8.196
0.00775	8.07243	8.03866	8.11846
0.0081125	8.04693	8.08204	8.16499
0.0084875	8.05253	8.08801	8.13241
0.00885	8.11763	8.18638	8.15881
0.009225	8.15352	8.02209	8.12321
0.0096	8.04829	8.09478	8.09795
0.009975	8.041	8.0665	8.10576
0.0103625	8.06402	8.06387	8.08022
0.01075	8.04205	8.09278	8.1453
0.0111375	8.0343	8.09289	8.17411
0.011525	8.06743	8.04393	8.13894
0.0119125	8.08706	8.0455	8.16988
0.0123125	8.04643	8.14594	8.09427
0.0127	8.13147	8.12075	8.19653
0.0131	8.0752	8.08528	8.15458
0.0135125	8.07398	8.07362	8.07621
0.0139125	7.99633	8.04713	8.07743
0.014325	8.00969	8.02852	8.1469
0.0147375	8.0459	8.12909	8.15308
0.01515	8.04873	8.08506	8.11607
0.0155625	7.99886	8.11947	8.12355
0.0159875	8.0344	8.08581	8.12495
0.0164	8.09087	8.11184	8.0619
0.0168375	8.04955	8.00173	8.13281
0.0172625	8.04918	8.06324	8.07373
0.0176875	8.03458	8.13439	8.19029
0.018125	8.09	8.08698	8.19443
0.0185625	8.08298	8.02849	8.18555
0.019	8.04184	8.0985	8.17013
0.01945	8.03358	8.0584	8.17442
0.0199	7.94848	8.01863	8.06459
0.02035	8.0342	8.03936	8.10074
0.0208	8.00089	8.06075	8.09241
0.02125	7.99814	8.06897	8.12988
0.0217125	7.97025	8.09373	8.11225
0.022175	8.05958	8.04071	8.14081
0.0226375	8.02879	8.03666	8.16204
0.0231125	8.00202	8.05047	8.13821
0.0235875	8.04035	8.08785	8.15688
0.0240625	8.0517	8.04551	8.17886
0.0245375	8.0458	8.03509	8.14016
0.0250125	8.01288	8.05052	8.11682
0.0255	8.06464	8.05825	8.17773
0.0259875	8.08003	7.97401	8.03489
0.0264875	8.00402	8.06843	8.12532
0.026975	8.03969	8.0285	8.09535
0.027475	8.03244	7.97675	8.13686
0.0279875	8.0221	7.97107	8.12923
0.0284875	8.04093	7.99104	8.11368
0.029	8.05645	8.09867	8.10951
0.0295125	8.01965	8.02815	8.15515
0.030025	8.0011	8.05429	8.11273
0.03055	8.03257	8.04065	8.0716
0.031075	8.0075	8.0157	8.04105
0.0316	7.98068	8.02298	8.05035
0.032125	8.04003	7.98436	8.08533
0.0326625	7.98662	7.97101	8.13778
0.0332	8.00298	8.01592	8.12387
0.0337375	7.97255	8.01501	8.13124
0.0342875	8.03988	8.04552	8.07444
0.0348375	8.07748	8.0448	8.09453
0.0353875	8.03099	8.02525	8.14243
0.03595	8.00333	8.059	8.06128
0.0365125	8.03617	7.99998	8.09933
0.037075	8.00457	7.98614	8.07521
0.03765	7.9621	8.0029	8.02575
0.0382125	7.9373	8.01438	8.05501
0.0388	8.02974	8.06537	8.11491
0.039375	8.02987	8.03633	8.11972
0.0399625	8.05472	7.98193	8.08985
0.04055	8.02159	7.97715	8.1128
0.0411375	8.01252	8.02712	8.04653
0.0417375	8.00209	8.02242	8.03593
0.0423375	8.0079	8.03617	8.04113
0.04295	7.97371	8.05763	8.0757
0.04355	8.02228	7.95388	8.02748
0.0441625	7.94937	7.98657	8.06618
0.0447875	7.97323	8.00113	8.07115
0.0454125	7.96933	8.05754	8.07345
0.0460375	7.98909	7.98335	8.06305
0.0466625	8.04807	8.0526	8.07092
0.0473	7.98981	8.01253	8.01951
0.0479375	7.99797	7.96902	8.05792
0.0485875	7.93522	8.00071	8.05047
0.0492375	7.95925	7.96499	8.07
0.0498875	7.92132	8.06682	8.07382
0.05055	7.97272	7.98204	8.06131
0.0512125	8.019	8.06743	8.09906
0.051875	7.99328	8.06642	8.0582
0.05255	7.97908	7.96521	8.09423
0.053225	8.00833	7.95385	8.03267
0.0539	7.97092	8.00346	8.02432
0.0545875	8.00163	8.00772	8.04307
0.055275	7.94491	7.95574	7.98822
0.055975	7.93683	7.96968	8.02411
0.056675	8.06152	8.00669	8.0474
0.057375	7.98746	7.98647	8.02946
0.0580875	7.98366	8.00244	8.01629
0.0588	7.96528	7.95676	8.01693
0.059525	7.98672	8.02523	7.97434
0.06025	7.98046	8.00495	8.01236
0.060975	7.97294	7.98508	8.00498
0.0617125	7.95546	7.99068	8.02259
0.06245	7.97635	7.9718	8.02916
0.0632	7.9698	7.94641	7.9656
0.06395	8.02226	8.02753	7.99162
0.0647	7.96247	7.99155	8.02249
0.0654625	7.92161	7.96606	8.00232
0.066225	7.97806	7.98789	8.03947
0.067	7.90092	7.99404	8.00783
0.067775	7.97186	7.96373	8.01297
0.0685625	7.98036	7.94826	8.00967
0.06935	8.0345	8.0501	8.03631
0.0701375	7.93411	7.93438	7.97367
0.0709375	7.97004	7.99916	7.94864
0.0717375	7.95578	7.94538	7.94313
0.07255	7.98411	7.97883	7.99451
0.0733625	7.97189	7.97104	8.00564
0.0741875	8.01026	8.00551	8.02567
0.0750125	7.93791	7.93739	7.97014
0.0758375	7.97511	7.93249	7.92762
0.076675	7.95185	7.95784	8.01687
0.077525	7.98074	7.94636	7.95792
0.078375	7.96634	7.93668	8.00056
0.079225	7.99123	7.99536	7.96877
0.0800875	7.96949	7.91522	7.97761
0.08095	7.95546	7.95722	7.96009
0.081825	7.94076	7.91679	7.95417
0.0827125	7.94281	7.92246	7.97531
0.0835875	7.94423	7.97821	8.03393
0.0844875	7.92752	7.97578	8.0133
0.085375	7.94708	7.98929	7.99324
0.0862875	7.89841	7.94755	8.02598
0.0872	7.93057	7.94911	7.92843
0.0881125	7.98645	7.93913	7.92532
0.0890375	7.91311	7.95764	7.99105
0.0899625	7.96841	7.95055	7.9862
0.0909	7.97263	7.93021	7.99443
0.0918375	7.93588	7.94697	7.93922
0.0927875	7.89011	7.91382	7.94134
0.0937375	7.92246	7.95674	7.93839
0.0947	7.93091	7.93319	8.02244
0.095675	7.95569	7.93016	7.99999
0.09665	7.94441	7.92575	7.96638
0.097625	7.90092	7.92892	7.93655
0.098625	7.93265	7.91587	7.9662
0.0996125	7.93135	7.8882	7.93259
0.100612	7.91613	7.94234	7.9511
0.101625	7.96146	7.93884	7.97394
0.102637	7.92993	7.94905	7.95231
0.103662	7.94274	7.91815	7.93946
0.1047	7.93329	7.90036	7.93925
0.105737	7.90225	7.94622	7.95451
0.106775	7.91045	7.91082	7.99172
0.107837	7.91878	7.90118	7.96815
0.108888	7.8917	7.86969	7.96221
0.109963	7.93778	7.92312	7.95576
0.111038	7.86648	7.87846	7.92694
0.112112	7.89563	7.93294	7.84329
0.1132	7.91935	7.93965	7.95704
0.1143	7.90772	7.90451	7.93642
0.1154	7.8961	7.88788	7.92879
0.116512	7.85648	7.86669	7.92036
0.117638	7.91476	7.90514	7.92741
0.118763	7.86494	7.90887	7.89009
0.1199	7.91552	7.87236	7.90285
0.121037	7.88067	7.87888	7.92335
0.122188	7.85569	7.87863	7.90666
0.12335	7.92639	7.88542	7.95316
0.124513	7.92914	7.91151	7.95466
0.125687	7.90405	7.89037	7.90966
0.126875	7.89616	7.8596	7.86733
0.128063	7.83702	7.89089	7.89067
0.129263	7.84715	7.90546	7.8895
0.130475	7.86187	7.89425	7.92434
0.131688	7.85112	7.88953	7.90076
0.132913	7.84628	7.88983	7.8755
0.13415	7.89807	7.90202	7.86703
0.135387	7.90309	7.87994	7.9389
0.136637	7.87606	7.9189	7.91129
0.1379	7.86492	7.86967	7.90423
0.139162	7.8296	7.86457	7.90432
0.14045	7.88581	7.90844	7.92579
0.141725	7.84644	7.90976	7.89751
0.143025	7.87825	7.88369	7.8853
0.144325	7.87665	7.86183	7.87649
0.145637	7.86637	7.89049	7.91178
0.146962	7.85835	7.88215	7.89114
0.148288	7.85712	7.86412	7.93144
0.149625	7.8653	7.86254	7.8809
0.150975	7.8576	7.84062	7.89391
0.152338	7.85428	7.86829	7.91205
0.153712	7.8417	7.85303	7.90184
0.155088	7.82322	7.83853	7.91314
0.156475	7.81189	7.85815	7.88035
0.157862	7.86365	7.82657	7.89418
0.159275	7.86313	7.8749	7.87543
0.160688	7.8575	7.84002	7.86802
0.162113	7.83883	7.88434	7.89498
0.16355	7.88532	7.88064	7.8703
0.165	7.83049	7.79639	7.85727
0.16645	7.84556	7.80947	7.85853
0.167912	7.82408	7.79769	7.87053
0.1694	7.83883	7.83478	7.85604
0.170875	7.80512	7.8538	7.88069
0.172375	7.84017	7.82781	7.84207
0.173888	7.81493	7.82895	7.85263
0.1754	7.83613	7.82427	7.87928
0.176925	7.85034	7.81255	7.86444
0.178463	7.83525	7.80028	7.86467
0.180012	7.80945	7.87876	7.8486
0.181575	7.83442	7.82388	7.83705
0.18315	7.79887	7.84825	7.84645
0.184725	7.80951	7.84766	7.83089
0.186325	7.83283	7.81557	7.85073
0.187925	7.76738	7.82992	7.80872
0.189537	7.79481	7.81835	7.83241
0.191162	7.80457	7.83682	7.84129
0.1928	7.82532	7.82828	7.84929
0.19445	7.77023	7.80189	7.828
0.196112	7.81647	7.77444	7.85086
0.197775	7.81891	7.79505	7.81957
0.199463	7.77187	7.82734	7.84598
0.201163	7.79581	7.77733	7.79245
0.202863	7.82255	7.8436	7.84076
0.204588	7.81976	7.79639	7.84219
0.206313	7.7799	7.7858	7.84113
0.20805	7.79192	7.80207	7.84632
0.209813	7.79889	7.78669	7.80633
0.211575	7.80038	7.7852	7.81509
0.21335	7.82765	7.77687	7.79931
0.215137	7.77209	7.79417	7.83599
0.21695	7.78406	7.82453	7.78523
0.218763	7.78238	7.7721	7.7673
0.220588	7.79532	7.8093	7.81265
0.222438	7.76475	7.79026	7.81599
0.224287	7.75021	7.76669	7.80398
0.22615	7.78864	7.79115	7.80444
0.228038	7.76684	7.78807	7.82331
0.229925	7.77151	7.7889	7.78492
0.231825	7.79795	7.79568	7.80702
0.23375	7.74688	7.7831	7.81154
0.235675	7.75248	7.75988	7.82048
0.237625	7.77077	7.77416	7.80055
0.239588	7.77616	7.76289	7.81038
0.241563	7.74456	7.75675	7.75795
0.24355	7.71657	7.77358	7.78139
0.24555	7.74246	7.74801	7.77975
0.247562	7.80129	7.74782	7.77783
0.249588	7.74653	7.75301	7.82313
0.251625	7.70791	7.7508	7.80481
0.253688	7.72571	7.72936	7.78787
0.25575	7.7206	7.74278	7.77136
0.257838	7.73076	7.7274	7.74509
0.259937	7.72568	7.7151	7.74104
0.26205	7.72375	7.73039	7.74778
0.264175	7.75937	7.73376	7.75363
0.266325	7.73288	7.72084	7.76503
0.268488	7.74762	7.71051	7.76481
0.27065	7.74844	7.74972	7.75274
0.272837	7.72708	7.72003	7.75706
0.27505	7.75299	7.73263	7.72969
0.277263	7.73911	7.72815	7.76524
0.2795	7.70843	7.66859	7.72436
0.28175	7.73397	7.70099	7.78025
0.284012	7.71231	7.68733	7.70783
0.286287	7.7195	7.68536	7.76288
0.288588	7.72659	7.70866	7.70475
0.2909	7.67598	7.70332	7.73099
0.293225	7.73627	7.68799	7.71404
0.295575	7.68938	7.66944	7.71197
0.297938	7.67874	7.71014	7.72318
0.300312	7.69238	7.68112	7.72187
0.302713	7.67983	7.71101	7.71327
0.305113	7.67596	7.71442	7.70147
0.307537	7.6917	7.69017	7.71206
0.309987	7.70608	7.67276	7.73366
0.31245	7.7088	7.67086	7.69726
0.314925	7.69114	7.68505	7.72351
0.317425	7.67492	7.6823	7.72899
0.319937	7.69687	7.69099	7.70936
0.322462	7.65581	7.67413	7.70416
0.325013	7.67534	7.65609	7.66668
0.327575	7.68637	7.66083	7.7162
0.330162	7.65409	7.63647	7.66264
0.332763	7.69106	7.6731	7.68803
0.335375	7.65711	7.66972	7.6587
0.338012	7.64654	7.6739	7.68388
0.340663	7.60986	7.65045	7.69903
0.343338	7.64384	7.63902	7.70968
0.346038	7.66845	7.66218	7.67866
0.348738	7.67808	7.65507	7.6874
0.351475	7.63569	7.62994	7.6737
0.354225	7.63893	7.65729	7.67976
0.356988	7.6502	7.65568	7.66236
0.359775	7.63698	7.63927	7.67619
0.362575	7.62825	7.601	7.65083
0.3654	7.65078	7.63329	7.65241
0.36825	7.63012	7.62296	7.62793
0.371112	7.6378	7.63851	7.68131
0.374	7.63861	7.62855	7.65471
0.3769	7.61493	7.62186	7.64534
0.379825	7.63438	7.64039	7.66684
0.382775	7.64277	7.62844	7.65579
0.385738	7.62973	7.62516	7.62593
0.388725	7.63679	7.58494	7.65022
0.391725	7.60407	7.59525	7.62524
0.394762	7.60173	7.59888	7.6498
0.3978	7.60938	7.60308	7.626
0.400875	7.58788	7.60076	7.65861
0.403962	7.61044	7.61362	7.60978
0.407075	7.61752	7.58333	7.60767
0.410212	7.60083	7.57857	7.61935
0.413363	7.62701	7.592	7.61205
0.416537	7.57888	7.59187	7.62231
0.419737	7.56993	7.60777	7.61102
0.422962	7.59604	7.57461	7.60787
0.426212	7.58452	7.59845	7.59779
0.429475	7.58343	7.60106	7.61627
0.432763	7.61182	7.58821	7.63821
0.436075	7.57032	7.5581	7.60012
0.439413	7.57399	7.5825	7.59368
0.442762	7.56294	7.56899	7.58328
0.44615	7.58071	7.56219	7.59072
0.44955	7.5979	7.5393	7.58124
0.452975	7.56712	7.55217	7.57954
0.456437	7.54143	7.56575	7.58415
0.459913	7.57264	7.54346	7.583
0.463412	7.54399	7.56762	7.56679
0.466938	7.55251	7.54128	7.60754
0.470475	7.55176	7.53152	7.59323
0.47405	7.54964	7.56319	7.56227
0.47765	7.55426	7.52056	7.55854
0.481275	7.51142	7.5352	7.56345
0.484925	7.5239	7.54345	7.55604
0.4886	7.5527	7.52626	7.55071
0.4923	7.5525	7.51183	7.52423
0.496025	7.53252	7.51284	7.5438
0.499775	7.53122	7.52044	7.53627
0.50355	7.5087	7.52719	7.54409
0.50735	7.53408	7.52449	7.54861
0.511175	7.51893	7.51099	7.54798
0.515037	7.52049	7.47239	7.54564
0.518912	7.50214	7.50241	7.53034
0.522825	7.53438	7.49702	7.51503
0.526762	7.50601	7.50727	7.54318
0.530725	7.49085	7.49532	7.5046
0.534712	7.53429	7.4891	7.54471
0.538725	7.50357	7.48553	7.50965
0.542775	7.50162	7.4868	7.51651
0.54685	7.50329	7.47868	7.49477
0.55095	7.46846	7.468	7.51163
0.555088	7.49542	7.46693	7.519
0.55925	7.4698	7.46515	7.50521
0.563438	7.49777	7.4623	7.48531
0.56765	7.47331	7.47137	7.48006
0.5719	7.46565	7.4682	7.48363
0.576175	7.47962	7.47945	7.48153
0.580475	7.47721	7.44932	7.47151
0.584813	7.4549	7.46945	7.48161
0.589175	7.45818	7.4559	7.48791
0.593575	7.44526	7.44783	7.48787
0.598	7.46446	7.42548	7.45634
0.602462	7.44694	7.44	7.48264
0.60695	7.4377	7.43681	7.47737
0.611462	7.44844	7.44436	7.45407
0.616013	7.43832	7.42841	7.47004
0.6206	7.43131	7.41501	7.46896
0.625212	7.42838	7.42682	7.45058
0.629862	7.44381	7.41481	7.45988
0.634538	7.44041	7.43874	7.4325
0.63925	7.44633	7.41264	7.43073
0.643987	7.40939	7.42152	7.44319
0.648763	7.42422	7.40996	7.4447
0.653575	7.41778	7.43345	7.43262
0.658413	7.4156	7.41556	7.43116
0.663288	7.41247	7.40208	7.42226
0.6682	7.42519	7.4103	7.40772
0.67315	7.40544	7.3916	7.44073
0.678125	7.41624	7.38287	7.39579
0.683137	7.38539	7.39268	7.40375
0.688187	7.41152	7.40613	7.42681
0.693263	7.38883	7.38069	7.40814
0.698388	7.38956	7.38194	7.40516
0.703538	7.40081	7.37149	7.39257
0.708725	7.39312	7.37897	7.41247
0.71395	7.38451	7.37457	7.40529
0.719212	7.37218	7.35404	7.40258
0.724513	7.36572	7.35434	7.39027
0.729837	7.36879	7.36737	7.37619
0.735213	7.37557	7.40027	7.37714
0.740625	7.36043	7.34626	7.38907
0.746063	7.35257	7.33914	7.36878
0.75155	7.36248	7.3762	7.3812
0.757075	7.35043	7.32974	7.37163
0.762625	7.34729	7.34141	7.35969
0.768225	7.33498	7.34167	7.36886
0.773862	7.35502	7.34032	7.35139
0.779537	7.34991	7.32431	7.3554
0.785263	7.35148	7.34497	7.34405
0.791013	7.33458	7.32302	7.33988
0.796812	7.33371	7.32693	7.33193
0.802638	7.33305	7.33765	7.3533
0.808513	7.32686	7.3229	7.34057
0.814438	7.33725	7.32445	7.35236
0.820387	7.32116	7.3105	7.33948
0.826388	7.29994	7.30187	7.34538
0.832425	7.30774	7.2836	7.33315
0.838512	7.32134	7.3213	7.33184
0.844638	7.3027	7.30038	7.31018
0.8508	7.28897	7.29043	7.30216
0.857013	7.30716	7.29046	7.30448
0.863262	7.30378	7.30161	7.31815
0.869563	7.2975	7.27852	7.30688
0.8759	7.28316	7.28956	7.29818
0.882288	7.29879	7.28717	7.29987
0.888713	7.29743	7.29675	7.30679
0.895187	7.28216	7.28895	7.29888
0.9017	7.27737	7.26217	7.293
0.908262	7.28526	7.2786	7.29355
0.914875	7.27294	7.27589	7.29467
0.921525	7.27861	7.26293	7.28083
0.928225	7.27165	7.26423	7.29067
0.934975	7.25203	7.26266	7.29171
0.941763	7.25927	7.26499	7.2659
0.9486	7.25215	7.25872	7.27598
0.955487	7.26974	7.23993	7.25989
0.962425	7.26617	7.2571	7.25718
0.969413	7.2497	7.2346	7.25644
0.976438	7.25562	7.22293	7.25388
0.983525	7.25378	7.23254	7.25734
0.99065	7.25051	7.24508	7.24662
0.997825	7.23299	7.22348	7.24023
1.00505	7.23248	7.22354	7.24639
1.01234	7.24431	7.2395	7.24319
1.01966	7.23854	7.22013	7.22546
1.02705	7.2404	7.2289	7.24181
1.03447	7.2299	7.20591	7.23629
1.04196	7.22149	7.22469	7.23378
1.04949	7.21632	7.20984	7.22858
1.05708	7.197	7.2212	7.2284
1.06471	7.21946	7.22512	7.22233
1.07241	7.21852	7.19872	7.21037
1.08015	7.2028	7.20181	7.21044
1.08795	7.21026	7.19953	7.20064
1.09581	7.20273	7.19143	7.20495
1.10371	7.20108	7.17994	7.19572
1.11168	7.20014	7.18855	7.22218
1.1197	7.20947	7.19255	7.19895
1.12777	7.20173	7.1976	7.19565
1.1359	7.19784	7.16943	7.19288
1.14409	7.17796	7.18173	7.20666
1.15233	7.1832	7.17017	7.19363
1.16062	7.18505	7.17412	7.18793
1.16899	7.18843	7.15867	7.18624
1.1774	7.18559	7.16987	7.16708
1.18588	7.18771	7.17107	7.17925
1.1944	7.16474	7.16651	7.18136
1.203	7.16096	7.14534	7.1847
1.21165	7.16644	7.15038	7.18294
1.22035	7.14961	7.15887	7.16008
1.22913	7.1604	7.15062	7.17643
1.23796	7.14732	7.14217	7.15667
1.24685	7.14635	7.14247	7.15781
1.2558	7.16016	7.14448	7.1571
1.26482	7.13561	7.14625	7.15386
1.2739	7.15774	7.15398	7.14441
1.28305	7.14034	7.13618	7.14527
1.29225	7.12986	7.12729	7.15437
1.30152	7.13532	7.13954	7.14342
1.31085	7.13985	7.13016	7.15095
1.32025	7.12387	7.12196	7.12309
1.32971	7.14882	7.11718	7.14413
1.33924	7.13254	7.12073	7.14599
1.34884	7.13367	7.11522	7.13118
1.3585	7.11297	7.10834	7.13523
1.36822	7.12487	7.11509	7.10756
1.37803	7.10894	7.10413	7.1335
1.38789	7.11821	7.11182	7.11959
1.39783	7.11626	7.11419	7.1037
1.40782	7.11495	7.09825	7.11428
1.41789	7.1209	7.09905	7.11639
1.42804	7.10453	7.1065	7.11444
1.43824	7.11214	7.09821	7.10932
1.44852	7.10729	7.10578	7.10452
1.45887	7.10036	7.09608	7.10107
1.4693	7.09575	7.08981	7.10344
1.4798	7.0919	7.07249	7.09413
1.49036	7.0867	7.08912	7.10557
1.50101	7.09152	7.07993	7.09319
1.51172	7.09704	7.08551	7.09936
1.52251	7.08948	7.07666	7.09456
1.53339	7.09123	7.07832	7.07189
1.54432	7.08615	7.07372	7.10366
1.55534	7.07433	7.06269	7.09366
1.56644	7.07676	7.08148	7.0792
1.5776	7.0785	7.06699	7.07323
1.58885	7.08025	7.07097	7.07957
1.60018	7.07644	7.06251	7.0833
1.61158	7.06203	7.06603	7.07574
1.62306	7.05785	7.06359	7.07651
1.63462	7.06982	7.05618	7.07318
1.64626	7.06455	7.06307	7.06569
1.65799	7.06363	7.0493	7.0717
1.6698	7.06432	7.05322	7.05637
1.68169	7.05352	7.04499	7.05527
1.69365	7.06305	7.05095	7.0632
1.7057	7.05702	7.0471	7.05955
1.71784	7.04444	7.0468	7.06285
1.73006	7.04456	7.03313	7.05126
1.74236	7.05961	7.03151	7.06534
1.75475	7.03214	7.03881	7.05525
1.76723	7.06285	7.03978	7.05222
1.77979	7.03751	7.02635	7.05312
1.79244	7.05852	7.02859	7.05914
1.80517	7.03443	7.02974	7.06248
1.818	7.02876	7.0366	7.03979
1.83091	7.04808	7.0228	7.04372
1.84391	7.04031	7.03189	7.04121
1.85701	7.04607	7.02326	7.05345
1.87019	7.03505	7.02246	7.03878
1.88346	7.03294	7.02529	7.04463
1.89684	7.02719	7.00826	7.03268
1.9103	7.02937	7.02281	7.02739
1.92385	7.03765	7.01311	7.02579
1.9375	7.03623	7.00824	7.03161
1.95124	7.02616	7.01158	7.03263
1.96508	7.01242	7.01288	7.03293
1.97901	7.02095	7.00526	7.03322
1.99304	7.03611	7.00004	7.03894
2.00716	7.02573	7.01351	7.03955
2.02139	7.00784	7.00318	7.02437
2.03571	7.01592	7.00903	7.01659
2.05014	7.0193	7.00801	7.02168
2.06466	7.00669	7.00816	7.03221
2.07929	7.01827	7	7.02145
2.09401	7.00789	6.99659	7.02486
2.10884	7.01258	7.00464	7.03287
2.12376	7.00962	7.00456	7.0115
2.1388	7.01	7.0128	7.02321
2.15394	7.00357	6.99962	7.01569
2.16917	7.0151	7.00125	7.02358
2.18453	7.00728	7.00429	7.01174
2.19998	7.00646	7.00151	7.01664
2.21554	7.0134	6.991	7.01568
2.23121	7.00019	6.98734	7.01884
2.24699	7.00858	6.99372	7.01953
2.26288	7.00792	6.98447	7.01226
2.27888	7.00393	6.9879	7.00648
2.29499	6.9957	6.98622	7.01417
2.3112	7.00432	6.99334	7.00375
2.32754	6.99761	6.98827	7.01112
2.34398	6.98859	6.9811	7.00766
2.36054	7.00166	6.96302	7.00407
2.37721	6.99873	6.99263	7.00679
2.394	6.991	6.98301	7.00363
2.41091	6.99679	6.98666	7.00789
2.42794	6.99244	6.97566	7.01346
2.44508	6.99604	6.98252	7.00079
2.46234	6.99299	6.98016	7.00153
2.47971	6.99111	6.97845	7.0045
2.49721	6.98462	6.98562	7.00685
2.51484	6.99625	6.98072	6.99843
2.53259	6.98426	6.98032	6.99505
2.55045	6.98983	6.97325	7.00327
2.56844	6.98346	6.98375	6.99916
2.58655	6.99079	6.98	6.99479
2.6048	6.9864	6.97554	6.99336
2.62316	6.98473	6.97869	6.9983
2.64166	6.99184	6.98462	6.99623
2.66029	6.98921	6.9732	7.00768
2.67904	6.98332	6.9763	7.00744
2.69791	6.9981	6.97088	7.00419
2.71692	6.99452	6.97132	7.00088
2.73607	6.98262	6.97654	6.98868
2.75535	6.98829	6.97994	6.99078
2.77476	6.97748	6.97729	6.99551
2.79431	6.99009	6.98084	6.99386
2.81399	6.98609	6.96843	6.99605
2.83381	6.97232	6.98631	7.0019
2.85376	6.97817	6.97357	7.00769
2.87385	6.96976	6.96714	6.99536
2.89409	6.98497	6.98489	6.97606
2.91446	6.97493	6.98169	6.99164
2.93497	6.98685	6.97396	6.99069
2.95563	6.97575	6.98318	6.9879
2.97642	6.98028	6.97198	6.98694
2.99738	6.98005	6.97016	6.98495
3.01846	6.97597	6.99237	6.99045
3.0397	6.97768	6.98222	6.99322
3.06107	6.97118	6.97541	6.98818
3.08261	6.97006	6.9727	6.98537
3.10429	6.97843	6.97995	6.98172
3.12613	6.96952	6.98047	6.99222
3.1481	6.97109	6.97124	6.99567
3.17024	6.96883	6.97856	6.99417
3.19252	6.96961	6.97871	6.99425
3.21496	6.96299	6.9879	6.99883
3.23756	6.96245	6.97658	7.00374
3.26031	6.96946	6.98505	6.99059
3.28323	6.96162	6.98284	6.99135
3.3063	6.96811	6.9815	6.98037
3.32952	6.9723	6.97285	6.99767
3.35291	6.97066	6.97264	6.9956
3.37646	6.96336	6.97966	7.00183
3.40019	6.96169	6.98494	6.99069
3.42406	6.97075	6.98109	6.99417
3.44811	6.97006	6.98693	6.99354
3.47233	6.9647	6.98006	7.00016
3.4967	6.97618	6.98578	6.99934
3.52125	6.97812	6.98205	6.99273
3.54597	6.97448	6.98472	7.00398
3.57086	6.98015	6.98377	6.99888
3.59594	6.98503	6.99016	7.00214
3.62118	6.97903	6.99451	6.99889
3.64659	6.96989	6.98799	7.00799
3.67217	6.97238	6.98973	6.99859
3.69794	6.97774	6.98913	6.99837
3.72389	6.9758	6.99231	7.00511
3.75001	6.97057	7.00124	7.00696
3.77631	6.97751	6.99321	7.00377
3.8028	6.97744	6.99033	7.00781
3.82947	6.97901	6.9916	7.00336
3.85632	6.98275	6.99996	7.0089
3.88337	6.98002	6.99481	7.00436
3.9106	6.99389	6.99232	7.00437
3.93802	6.98636	6.99211	7.00723
3.96563	6.98384	7.00005	7.00797
3.99342	6.99474	6.99284	7.01055
4.02142	6.98706	6.99555	7.01395
4.04961	6.98705	7.00514	7.01579
4.07799	6.99141	6.98741	7.01183
4.10658	6.99425	7.00322	7.01662
4.13535	6.99808	7.00597	7.01319
4.16433	7.00283	7.00309	7.01638
4.1935	6.99937	6.99941	7.01519
4.22289	6.99	6.99872	7.0254
4.25246	6.994	7.00821	7.01233
4.28225	6.99664	7.00359	7.01599
4.31225	7.00095	6.98887	7.02708
4.34245	6.99528	7.00062	7.02288
4.37286	6.99299	7.00345	7.02253
4.40349	7.00061	6.99989	7.02343
4.43433	6.99734	7.00524	7.01954
4.46537	7.00533	6.9967	7.02692
4.49664	7.00347	7.00284	7.02052
4.52812	7.00829	7.00405	7.02205
4.55981	7.00285	6.99844	7.01702
4.59174	7.00801	6.99702	7.0238
4.62388	7.00329	7.00098	7.02092
4.65624	7.00598	7.00232	7.02443
4.68883	7.01357	7.00473	7.03383
4.72164	6.99877	6.99762	7.02262
4.75469	7.01389	7.00707	7.02929
4.78795	7.01187	6.99959	7.03654
4.82145	7.01851	7.00802	7.03624
4.85519	7.00888	7.00361	7.02281
4.88915	7.01999	7.00482	7.03532
4.92335	7.01105	7.00726	7.03491
4.95779	7.02809	7.00996	7.03398
4.99248	7.02232	7.00366	7.03518
5.02739	7.02156	7.01314	7.03564
5.06255	7.02321	7.00885	7.03843
5.09795	7.01755	7.00749	7.03145
5.1336	7.01412	7.01019	7.03605
5.1695	7.02645	7.00847	7.03459
5.20564	7.02152	7.01186	7.04147
5.24204	7.02749	7.01182	7.03231
5.27869	7.02647	7.0181	7.04408
5.31559	7.0188	7.01199	7.04229
5.35275	7.02722	7.01669	7.04005
5.39016	7.0344	7.01538	7.04431
5.42784	7.03176	7.02068	7.04277
5.46578	7.03185	7.0196	7.04437
5.50397	7.03571	7.02679	7.05203
5.54244	7.03558	7.02211	7.04999
5.58116	7.03454	7.02618	7.05272
5.62016	7.03531	7.01919	7.0486
5.65944	7.02172	7.02565	7.04635
5.69898	7.03707	7.02599	7.05388
5.73879	7.03514	7.02638	7.05495
5.77889	7.04526	7.02904	7.05481
5.81925	7.03902	7.03795	7.05324
5.8599	7.0344	7.03913	7.0548
5.90083	7.03405	7.03269	7.05809
5.94205	7.03867	7.04384	7.06159
5.98355	7.03944	7.04078	7.05553
6.02534	7.042	7.04516	7.06016
6.06741	7.04677	7.04464	7.06239
6.10978	7.0446	7.04145	7.05985
6.15244	7.04665	7.04391	7.06431
6.1954	7.04134	7.05218	7.06505
6.23866	7.04379	7.05094	7.06465
6.28221	7.05023	7.0471	7.06581
6.32608	7.05192	7.05243	7.06752
6.37024	7.05076	7.04935	7.07449
6.4147	7.05137	7.05717	7.07102
6.45948	7.05066	7.05443	7.07203
6.50456	7.05102	7.05912	7.07328
6.54996	7.04797	7.05683	7.07126
6.59567	7.06045	7.0617	7.06958
6.64171	7.05188	7.06001	7.08017
6.68806	7.06316	7.06442	7.08044
6.73474	7.05762	7.06455	7.07492
6.78172	7.0563	7.06092	7.07903
6.82905	7.05364	7.05971	7.07728
6.8767	7.05394	7.0634	7.08235
6.92467	7.05741	7.06685	7.08398
6.97299	7.06127	7.06268	7.0824
7.02164	7.06706	7.06586	7.09143
7.07061	7.06482	7.06647	7.08919
7.11994	7.06467	7.07249	7.09338
7.1696	7.06774	7.07342	7.09413
7.21961	7.07158	7.07779	7.09721
7.26998	7.07086	7.08565	7.09315
7.32067	7.07286	7.08433	7.09355
7.37173	7.07437	7.08265	7.10224
7.42314	7.07317	7.08672	7.0965
7.47491	7.06984	7.08295	7.0944
7.52704	7.0741	7.08832	7.09835
7.57952	7.0675	7.09446	7.10653
7.63237	7.07981	7.0971	7.10181
7.68559	7.07556	7.08791	7.10308
7.73917	7.07992	7.09206	7.09922
7.79313	7.08104	7.09493	7.10541
7.84746	7.07561	7.09326	7.10263
7.90217	7.08231	7.09186	7.09941
7.95726	7.07774	7.10065	7.10372
8.01272	7.08612	7.09871	7.10724
8.06857	7.08557	7.09528	7.10566
8.12482	7.0909	7.1021	7.0993
8.18145	7.08561	7.10194	7.10752
8.23847	7.09061	7.09974	7.10546
8.29589	7.09418	7.09713	7.11
8.35371	7.09452	7.10278	7.10886
8.41193	7.0951	7.10138	7.1037
8.47055	7.09977	7.1064	7.10378
8.52958	7.09585	7.10504	7.1107
8.58901	7.10058	7.10351	7.10519
8.64886	7.09613	7.10592	7.11286
8.70912	7.09694	7.11044	7.11481
8.7698	7.10208	7.10631	7.12103
8.8309	7.10445	7.1092	7.12138
8.89242	7.099	7.10462	7.12471
8.95438	7.10978	7.11252	7.12145
9.01676	7.11864	7.11175	7.12729
9.07957	7.11207	7.10963	7.12435
9.14283	7.11113	7.11755	7.13092
9.20651	7.11342	7.11932	7.13148
9.27064	7.11905	7.11614	7.13371
9.33521	7.11735	7.11662	7.13383
9.40022	7.12521	7.12093	7.1381
9.4657	7.12879	7.11855	7.13296
9.53162	7.12263	7.11687	7.13837
9.59801	7.13023	7.12191	7.13587
9.66485	7.12483	7.12228	7.14125
9.73215	7.13659	7.12732	7.13817
9.79992	7.13089	7.12732	7.14442
9.86817	7.13727	7.12644	7.15046
9.93689	7.13603	7.12712	7.14807
10.0061	7.14121	7.12872	7.1478
10.0758	7.13484	7.13224	7.14382
10.1459	7.14154	7.13041	7.15143
10.2165	7.13959	7.13201	7.14853
10.2877	7.13699	7.13036	7.14851
10.3593	7.14564	7.13287	7.15583
10.4314	7.14623	7.13821	7.15511
10.504	7.14457	7.13738	7.15741
10.5772	7.14204	7.13877	7.16095
10.6508	7.14309	7.13996	7.15373
10.7249	7.14886	7.14369	7.15481
10.7996	7.14559	7.14658	7.15991
10.8748	7.14291	7.14639	7.16635
10.9504	7.14532	7.14974	7.15873
11.0267	7.14827	7.14797	7.16217
11.1034	7.14859	7.1511	7.16582
11.1807	7.14935	7.15024	7.16078
11.2585	7.15159	7.14884	7.16374
11.3368	7.14991	7.15051	7.16623
11.4157	7.15141	7.15553	7.16751
11.4952	7.14821	7.14876	7.16634
11.5752	7.14906	7.15283	7.16719
11.6557	7.15273	7.15133	7.16863
11.7368	7.15393	7.15093	7.16603
11.8185	7.1509	7.15091	7.1733
11.9007	7.15178	7.15432	7.17106
11.9835	7.15433	7.15493	7.17321
12.0669	7.14972	7.15337	7.17186
12.1509	7.15296	7.15441	7.17747
12.2354	7.15492	7.15581	7.18028
12.3205	7.15155	7.15966	7.18305
12.4062	7.15077	7.16107	7.17904
12.4925	7.1546	7.16384	7.18094
12.5794	7.16068	7.16768	7.17728
12.667	7.16191	7.16204	7.18393
12.7551	7.15468	7.16787	7.18264
12.8438	7.1638	7.17097	7.18396
12.9331	7.16905	7.16672	7.1867
13.0231	7.16393	7.1721	7.18903
13.1137	7.16911	7.17618	7.19235
13.2049	7.16762	7.1694	7.19223
13.2967	7.17073	7.17484	7.1922
13.3892	7.17378	7.17104	7.19294
13.4823	7.18083	7.17457	7.1971
13.5761	7.17809	7.17247	7.20119
13.6705	7.18119	7.17717	7.20093
13.7656	7.18454	7.1769	7.2057
13.8613	7.18574	7.18103	7.20706
13.9577	7.18551	7.17801	7.20886
14.0548	7.18798	7.18219	7.20955
14.1525	7.1905	7.18321	7.20911
14.2509	7.19326	7.18283	7.21034
14.35	7.19034	7.18189	7.20832
14.4498	7.1869	7.18456	7.20812
14.5503	7.18945	7.18195	7.20668
14.6515	7.1915	7.1851	7.20685
14.7533	7.19108	7.18534	7.209
14.8559	7.19162	7.1886	7.20335
14.9592	7.19284	7.18816	7.20496
15.0632	7.1949	7.18141	7.20674
15.1679	7.19687	7.18827	7.20361
15.2734	7.1977	7.18793	7.20242
15.3795	7.19845	7.19145	7.20575
15.4865	7.19756	7.18546	7.20639
15.5941	7.198	7.18803	7.20814
15.7025	7.19957	7.19141	7.20958
15.8117	7.19987	7.19284	7.20963
15.9216	7.20258	7.19433	7.21156
16.0323	7.19991	7.19576	7.21174
16.1437	7.20113	7.19304	7.21308
16.2559	7.19514	7.19502	7.2152
16.3689	7.18797	7.19501	7.21698
16.4827	7.19002	7.19545	7.2159
16.5973	7.19084	7.20005	7.21827
16.7126	7.1893	7.2021	7.21656
16.8288	7.1879	7.20392	7.21755
16.9457	7.19441	7.20168	7.22307
17.0635	7.19379	7.20927	7.22045
17.1821	7.1964	7.21449	7.22444
17.3015	7.20055	7.20953	7.22975
17.4218	7.20277	7.21445	7.22957
17.5428	7.20404	7.21564	7.22832
17.6647	7.20541	7.21608	7.23151
17.7875	7.20882	7.21555	7.23054
17.9111	7.20916	7.2159	7.23273
18.0356	7.20824	7.2164	7.22968
18.1609	7.20713	7.21271	7.22927
18.2871	7.21079	7.2097	7.22917
18.4142	7.21003	7.20621	7.23204
18.5421	7.21067	7.21112	7.22536
18.671	7.2166	7.20295	7.22862
18.8007	7.21479	7.20489	7.23199
18.9313	7.21239	7.2086	7.23075
19.0629	7.21749	7.20409	7.23128
19.1953	7.2121	7.21039	7.23052
19.3287	7.21369	7.21128	7.234
19.463	7.21026	7.21578	7.23129
19.5982	7.21405	7.21635	7.2352
19.7344	7.20592	7.21965	7.23376
19.8715	7.20507	7.22063	7.23036
20.0095	7.20817	7.22218	7.23454
20.1485	7.20741	7.2228	7.23048
20.2885	7.20773	7.22487	7.23524
20.4295	7.20706	7.21945	7.23459
20.5714	7.20907	7.21938	7.23778
20.7143	7.2111	7.22307	7.23966
20.8582	7.20817	7.22913	7.24323
21.0031	7.20896	7.22836	7.24153
21.149	7.21271	7.22539	7.24462
21.2959	7.21321	7.22698	7.24439
21.4438	7.21636	7.22488	7.24425
21.5928	7.22085	7.22543	7.23991
21.7428	7.21454	7.22643	7.23895
21.8938	7.21978	7.22281	7.23602
22.0459	7.21498	7.22907	7.23803
22.199	7.21962	7.22721	7.23656
22.3532	7.22435	7.2262	7.2357
22.5084	7.22615	7.22768	7.23375
22.6648	7.23016	7.22886	7.23635
22.8222	7.2295	7.22322	7.23647
22.9807	7.22897	7.22619	7.2381
23.1403	7.23161	7.22808	7.24233
23.301	7.22865	7.22786	7.23848
23.4628	7.23	7.23014	7.24455
23.6258	7.2324	7.22712	7.2516
23.7899	7.23178	7.2268	7.24963
23.9551	7.23022	7.22885	7.25044
24.1214	7.22816	7.23293	7.25005
24.2889	7.23088	7.23585	7.24611
24.4576	7.22641	7.23386	7.24789
24.6275	7.22792	7.23694	7.24752
24.7985	7.2251	7.23408	7.25062
24.9707	7.22821	7.23359	7.24538
25.1441	7.22537	7.23329	7.24645
25.3187	7.22329	7.229	7.23988
25.4945	7.22132	7.22728	7.24117
25.6715	7.21973	7.22445	7.23773
25.8498	7.2192	7.2265	7.23859
26.0293	7.22523	7.22376	7.2467
26.21	7.22378	7.22635	7.2475
26.392	7.23086	7.22627	7.24433
26.5753	7.23337	7.23411	7.24775
26.7598	7.2323	7.23243	7.24879
26.9456	7.23634	7.23858	7.24629
27.1327	7.24056	7.23489	7.24652
27.3211	7.23759	7.23607	7.25368
27.5108	7.2383	7.23693	7.25523
27.7018	7.2343	7.23653	7.25605
27.8941	7.23364	7.2362	7.25751
28.0878	7.23583	7.23538	7.25678
28.2828	7.23428	7.23599	7.25736
28.4791	7.23869	7.23384	7.25778
28.6769	7.23946	7.23078	7.255
28.8759	7.24061	7.22768	7.2497
29.0764	7.23725	7.2267	7.2494
29.2783	7.23899	7.22789	7.24787
29.4815	7.234	7.23206	7.25411
29.6862	7.22489	7.23064	7.25262
29.8923	7.22393	7.23823	7.25384
30.0998	7.22461	7.23101	7.25549
30.3088	7.22619	7.23526	7.24991
30.5192	7.2348	7.23839	7.2494
30.731	7.23315	7.23737	7.2484
30.9443	7.23561	7.24434	7.25377
31.1592	7.23278	7.24602	7.25704
31.3755	7.23413	7.24189	7.25711
31.5933	7.23456	7.2441	7.2586
31.8126	7.23764	7.25485	7.25938
32.0334	7.23545	7.26559	7.2561
32.2557	7.23351	7.25679	7.25418
32.4796	7.23218	7.24853	7.25389
32.7051	7.22956	7.24368	7.25989
32.9321	7.22667	7.24003	7.25087
33.1607	7.22925	7.23935	7.25293
33.3909	7.2266	7.23983	7.25107
33.6226	7.2262	7.2428	7.252
33.856	7.22696	7.24245	7.24617
34.091	7.22546	7.23881	7.24711
34.3276	7.22655	7.23757	7.24944
34.5659	7.22659	7.23942	7.25346
34.8058	7.22804	7.24215	7.25453
35.0474	7.23035	7.24368	7.25806
35.2906	7.22652	7.24574	7.25534
35.5355	7.22949	7.24183	7.25241
35.7822	7.23265	7.23839	7.2513
36.0305	7.23584	7.24104	7.24485
36.2806	7.23516	7.24179	7.2458
36.5324	7.23642	7.23632	7.24808
36.7859	7.23913	7.23917	7.25066
37.0412	7.24111	7.23481	7.25542
37.2983	7.23817	7.23466	7.25277
37.5571	7.23341	7.23406	7.25249
37.8178	7.23254	7.23185	7.25425
38.0802	7.23248	7.23427	7.2523
38.3445	7.23221	7.23683	7.2536
38.6106	7.23168	7.2359	7.2529
38.8786	7.23294	7.23905	7.24951
39.1484	7.23234	7.23254	7.24683
39.42	7.2299	7.23253	7.24405
39.6936	7.23058	7.22581	7.24601
39.9691	7.23412	7.22764	7.24492
40.2464	7.2398	7.23175	7.24905
40.5257	7.23866	7.23485	7.24879
40.8069	7.24207	7.23902	7.24831
41.0901	7.2364	7.23906	7.24505
41.3752	7.23515	7.24062	7.25013
41.6623	7.23435	7.23795	7.25342
41.9514	7.23597	7.23874	7.25892
42.2425	7.23535	7.233	7.25806
42.5357	7.23505	7.23096	7.25574
42.8308	7.22832	7.22952	7.2516
43.128	7.22329	7.22676	7.24665
43.4273	7.22455	7.22866	7.24552
43.7286	7.22787	7.23235	7.24528
44.0321	7.23389	7.23155	7.24438
44.3376	7.23435	7.22864	7.2476
44.6452	7.23408	7.23411	7.24695
45	7.23514	7.23643	7.24379
