0.0001	7.48837	7.52317	7.57927	7.74005	7.34658	7.4876	7.39884	7.19332	7.10051
0.0002125	7.76994	7.62721	7.40546	7.82866	7.34954	7.4844	7.54538	7.30681	7.26456
0.0003125	7.95903	7.50293	7.42468	7.80741	7.39949	7.50817	7.72244	7.3844	7.29536
0.000425	7.9539	7.60909	7.70998	7.66819	7.44027	7.36546	7.55726	7.31885	7.26661
0.000525	7.84219	7.6798	7.6895	7.47616	7.57188	7.74201	7.75148	7.64655	7.57187
0.0006375	8.09426	7.9334	7.76792	7.58551	7.65369	7.6015	7.66416	7.34669	7.74887
0.0007375	8.13671	7.99976	7.87106	7.61114	7.59693	7.70344	7.59836	7.49956	7.72397
0.00085	7.92356	7.7997	7.89896	7.63394	7.60264	7.71488	7.64962	7.56582	7.71216
0.0009625	7.90688	7.98208	7.92737	7.65065	7.80014	7.76124	7.83964	7.50382	7.68846
0.001075	8.04885	7.86638	7.87344	7.6263	7.92288	7.63142	7.98069	7.77506	7.66762
0.0011875	7.89872	7.81517	7.8528	7.72964	7.86952	7.57752	7.73931	7.55392	7.86747
0.0013	7.9621	7.8859	7.73674	7.8317	7.62168	7.74369	7.83774	7.64553	7.67885
0.0014125	7.88622	7.92099	7.68909	7.85064	7.80515	7.74796	7.70066	7.58042	7.85823
0.001525	7.87407	7.73867	7.78828	7.85467	7.69774	7.69563	7.73649	7.88097	7.92994
0.0016375	7.9677	7.82753	7.64684	7.90194	7.78229	7.85683	7.87555	7.96476	8.03408
0.00175	8.15719	7.85803	7.71091	7.95882	7.76686	7.95651	7.90035	7.74081	8.07326
0.001875	8.04928	7.76255	7.89516	8.02181	7.75715	7.89973	7.95974	7.76032	8.03615
0.0019875	7.89671	7.91118	7.85915	7.95763	7.79256	7.85041	7.83777	7.73742	7.80901
0.0021	7.90386	7.59626	7.73728	7.88965	7.81895	7.92632	7.74261	7.82659	7.91191
0.002225	7.89637	7.67929	7.95215	7.81404	7.701	7.85775	7.77934	8.03575	7.87246
0.0023375	7.88778	7.9022	7.62619	7.97836	7.80962	7.79521	7.81376	7.98148	7.79626
0.0024625	7.91667	7.69134	7.94101	7.89318	7.59795	7.83888	7.81938	7.7641	7.62149
0.0025875	8.00478	7.62434	7.89376	7.77071	7.73913	7.86187	7.72892	7.77837	7.72656
0.0027	7.75602	7.86396	7.74724	7.92517	7.89063	7.78046	7.7284	7.69228	7.73322
0.002825	7.96752	7.87652	7.60834	7.96116	7.78088	7.69676	7.77065	7.81571	7.9797
0.00295	7.85487	7.68976	7.53137	7.77423	7.55388	7.63606	7.74365	7.69652	7.85173
0.003075	7.82505	7.94682	7.69628	7.85755	7.46032	7.73044	7.6865	7.71389	7.55206
0.0032	7.85895	8.15714	7.69829	7.98654	7.47734	7.63659	7.74835	7.55439	7.62389
0.003325	8.05553	8.06766	7.6284	8.05216	7.592	7.86762	7.76528	7.56722	7.68625
0.00345	8.15083	7.97283	7.75003	7.92645	7.61722	8.05495	7.90015	7.79948	7.59988
0.0035875	7.95821	7.96197	7.89522	7.78521	7.76391	7.78304	7.85835	7.61081	7.77086
0.0037125	7.75244	7.99622	7.76336	7.91671	7.75646	7.80183	7.70734	7.62331	7.75387
0.0038375	7.70546	8.09722	7.66242	7.89083	7.78784	7.83803	7.61052	7.74883	7.92371
0.003975	7.87127	7.79682	7.4638	7.77695	7.69609	7.77452	7.71496	7.89008	7.91263
0.0041	7.81063	7.90421	7.62282	7.83479	7.71502	7.93245	7.66148	7.59677	7.81537
0.0042375	7.72381	7.88843	7.6168	7.78157	7.66889	7.79161	7.70132	7.84783	7.88429
0.0043625	7.7021	7.85733	7.72484	7.61925	7.67079	7.7318	7.61585	7.55587	7.74346
0.0045	7.63692	7.92253	7.77924	7.67426	7.75093	7.55152	7.69879	7.58771	7.61842
0.0046375	7.91756	7.90144	7.77836	7.68072	7.81954	7.51565	7.65526	7.59899	7.74215
0.004775	7.73989	7.87381	7.75878	7.72912	7.76702	7.73405	7.67691	7.71585	7.77157
0.0049125	7.65022	7.87506	7.80279	7.77069	7.71578	7.62921	7.68284	7.61147	7.73031
0.00505	7.80618	7.80223	7.50227	7.88899	7.66595	7.56465	7.62985	7.67788	7.73396
0.0051875	7.77456	7.76923	7.53016	7.77651	7.63732	7.43309	7.69096	7.60886	7.82871
0.005325	7.72084	7.70044	7.61639	7.68882	7.71423	7.63598	7.87529	7.60365	7.7381
0.0054625	7.91597	7.82722	7.63562	7.85841	7.73864	7.86498	7.75278	7.62487	7.89406
0.0056125	7.77362	7.86789	7.56725	7.7609	7.59662	7.58021	7.79827	7.54486	7.87751
0.00575	7.64723	7.75752	7.75291	7.79464	7.75331	7.68639	7.55876	7.48968	7.74748
0.0059	7.81103	7.77495	7.54912	7.96362	7.64946	7.76888	7.63418	7.65557	7.64552
0.0060375	7.8827	7.95014	7.65317	7.786	7.53396	7.72685	7.83274	7.64718	7.84312
0.0061875	7.878	7.71608	7.77551	7.62213	7.56954	7.67336	7.8368	7.77264	7.76358
0.0063375	7.83097	7.74594	7.6474	7.46803	7.65423	7.80002	7.73838	7.61968	7.47435
0.0064875	7.64964	7.76918	7.65534	7.73682	7.90305	7.70426	7.72346	7.76557	7.62048
0.0066375	7.92033	7.64029	7.68802	7.71184	7.9848	7.7469	7.77291	7.93069	7.9103
0.0067875	7.82701	7.84598	7.78649	7.70341	7.69633	7.67167	7.67948	7.73648	7.81683
0.0069375	7.99139	7.92564	7.6288	7.84817	7.65176	7.56877	7.74714	7.75714	7.68778
0.0070875	7.82744	7.75831	7.70521	7.74829	7.72485	7.69332	7.80226	7.67673	7.65372
0.0072375	7.72122	7.59938	7.50921	7.65243	7.71406	7.93474	7.71501	7.59368	7.56623
0.0073875	7.86921	7.83521	7.70096	7.74224	7.67972	7.92135	7.77363	7.54602	7.55009
0.00755	7.72851	8.03608	7.6381	7.67111	7.6987	7.82849	7.82658	7.53961	7.76193
0.0077	7.80466	7.97045	7.81399	7.76433	7.72794	7.59519	7.61711	7.57453	7.81321
0.0078625	7.67222	7.70558	7.72306	7.6721	7.61873	7.7463	7.8358	7.72092	7.63223
0.008025	7.62779	7.87187	7.57747	7.78106	7.83897	7.63408	7.74342	7.47678	7.61656
0.008175	7.72936	7.87406	7.64711	7.67157	7.67285	7.56949	7.78681	7.63149	7.82843
0.0083375	7.7276	7.61332	7.73913	7.80937	7.55165	7.74767	7.67881	7.69792	7.77001
0.0085	7.71079	7.8473	7.57928	7.80076	7.5152	7.79622	7.69543	7.5494	7.87516
0.0086625	7.71539	7.87366	7.60792	7.62652	7.65082	7.7539	7.66096	7.50795	7.82646
0.008825	7.72657	7.80107	7.55353	7.72389	7.66514	7.50537	7.54123	7.45193	7.79117
0.0089875	7.66418	7.8435	7.50018	7.65315	7.4463	7.64804	7.69483	7.74888	7.62152
0.0091625	7.9421	7.74235	7.68059	7.60462	7.57609	7.59327	7.70468	7.50099	7.61406
0.009325	7.78306	7.67359	7.66289	7.56505	7.52576	7.73373	7.74653	7.57864	7.56757
0.0095	7.85521	7.56061	7.71933	7.63353	7.62877	7.67535	7.87262	7.58371	7.63705
0.0096625	7.72836	7.80499	7.58412	7.82893	7.56485	7.77767	7.62479	7.60101	7.55531
0.0098375	7.70753	7.74946	7.62479	7.78399	7.499	7.74648	7.59206	7.65941	7.69936
0.0100125	7.75047	7.72093	7.57335	7.75702	7.62101	7.57707	7.57591	7.59727	7.67016
0.0101875	7.71574	7.84054	7.58987	7.63478	7.66714	7.65593	7.5971	7.69423	7.68248
0.0103625	7.9027	7.85232	7.71456	7.79423	7.67041	7.76986	7.71276	7.69538	7.87014
0.0105375	7.81652	7.94583	7.69835	7.77425	7.88729	7.66226	7.66428	7.64613	7.74307
0.0107125	7.72744	7.78784	7.67127	7.58398	7.95407	7.71534	7.61983	7.64022	7.66031
0.0108875	7.92207	7.64009	7.55437	7.77979	7.80227	7.73062	7.713	7.68147	7.67553
0.0110625	7.67665	7.87005	7.74232	7.65955	7.57875	7.62855	7.64325	7.82954	7.73784
0.01125	7.6388	7.70637	7.67126	7.57539	7.78599	7.72909	7.71087	7.73063	7.71576
0.011425	7.73353	7.85855	7.55792	7.69969	7.72992	7.63324	7.84678	7.62651	7.55943
0.0116125	7.79652	7.80218	7.60658	7.66863	7.65452	7.58342	7.83961	7.87007	7.60296
0.0118	7.63061	7.90696	7.72178	7.68507	7.39374	7.53082	7.63125	7.60173	7.54495
0.0119875	7.75999	7.83416	7.66979	7.75981	7.61002	7.70174	7.68199	7.62964	7.62318
0.012175	7.73428	7.65597	7.592	7.50641	7.58511	7.64868	7.51955	7.66676	7.86151
0.0123625	7.69839	7.92661	7.7377	7.77776	7.45207	7.62778	7.60347	7.69403	7.73141
0.01255	7.70307	7.94027	7.55089	7.55209	7.46182	7.69213	7.44897	7.74	7.65132
0.0127375	7.67306	7.69049	7.7343	7.63386	7.66204	7.83164	7.6044	7.69819	7.49752
0.0129375	7.57094	7.78298	7.66834	7.57776	7.68272	7.70912	7.61012	7.69789	7.73113
0.013125	7.78342	7.79382	7.58765	7.41985	7.59617	7.61291	7.83104	7.4601	7.58293
0.013325	7.65371	7.78187	7.76081	7.54797	7.54374	7.56888	7.60344	7.58918	7.8745
0.0135125	7.61305	7.71837	7.63095	7.7302	7.6214	7.61632	7.71918	7.51338	7.6681
0.0137125	7.79672	7.80341	7.5876	7.59826	7.92183	7.75418	7.64431	7.55622	7.57952
0.0139125	7.71454	7.82368	7.6029	7.62415	7.42716	7.58713	7.60504	7.62718	7.7053
0.0141125	7.69308	7.82122	7.77796	7.70168	7.65319	7.66593	7.63722	7.62067	7.58286
0.0143125	7.77988	7.76298	7.60627	7.77623	7.52752	7.73896	7.54595	7.58002	7.59294
0.0145125	7.71572	7.63683	7.70171	7.76935	7.49679	7.79738	7.65319	7.63313	7.91164
0.014725	7.98741	7.73059	7.71422	7.82955	7.59608	7.62834	7.74117	7.56126	7.6728
0.014925	7.86784	7.79593	7.56045	7.68877	7.73296	7.57159	7.67136	7.63441	7.63442
0.0151375	7.69188	7.70421	7.43752	7.67627	7.57036	7.56266	7.79371	7.61517	7.56613
0.01535	7.83143	7.65173	7.73672	7.62344	7.51008	7.64796	7.70106	7.58515	7.715
0.01555	7.78947	7.75319	7.60202	7.66747	7.60731	7.57366	7.71718	7.47828	7.71814
0.0157625	7.83799	7.48069	7.66885	7.70311	7.50738	7.46611	7.69809	7.68261	7.64514
0.015975	7.69678	7.62645	7.65777	7.68131	7.534	7.40715	7.59712	7.67088	7.55489
0.0162	7.78573	7.6968	7.56652	7.54248	7.44806	7.53371	7.66119	7.88246	7.76309
0.0164125	7.65216	7.74437	7.58813	7.71878	7.6865	7.62105	7.69632	7.54695	7.81246
0.016625	7.62311	7.83695	7.5583	7.62824	7.70464	7.59483	7.53922	7.76038	7.58576
0.01685	7.66021	7.74185	7.62884	7.67062	7.54961	7.59942	7.6633	7.63214	7.74436
0.017075	7.83337	7.8069	7.61245	7.75526	7.42229	7.5313	7.66866	7.67692	7.62766
0.0172875	7.8955	7.77243	7.58057	7.70531	7.5186	7.64787	7.53532	7.56604	7.69372
0.0175125	7.67629	7.67101	7.64729	7.4424	7.56205	7.67925	7.61383	7.48711	7.66003
0.0177375	7.70588	7.65407	7.67941	7.4825	7.66325	7.69282	7.68421	7.45007	7.60697
0.0179625	7.68369	7.53545	7.69236	7.74756	7.53431	7.73961	7.71081	7.40643	7.56797
0.0182	7.79082	7.6646	7.58735	7.64819	7.51677	7.76182	7.57292	7.64126	7.52902
0.018425	7.63187	7.5808	7.56781	7.50168	7.50141	7.58017	7.56913	7.46119	7.6204
0.0186625	7.86611	7.67692	7.69327	7.64062	7.71273	7.71173	7.51104	7.67878	7.66382
0.0188875	7.96094	7.86194	7.61387	7.5624	7.62503	7.71976	7.55087	7.51126	7.58254
0.019125	7.73706	7.71427	7.5847	7.60045	7.6847	7.67739	7.65968	7.58607	7.7392
0.0193625	7.58204	7.7683	7.42271	7.46187	7.40488	7.61799	7.92947	7.7672	7.76147
0.0196	7.65163	7.57372	7.59105	7.84984	7.72787	7.58936	7.76976	7.54566	7.73938
0.0198375	7.60408	7.65883	7.70146	7.61257	7.72064	7.63851	7.6443	7.64813	7.57296
0.0200875	7.53122	7.61052	7.5878	7.39286	7.72634	7.73255	7.74038	7.55665	7.57234
0.020325	7.79691	7.63312	7.67497	7.47308	7.66175	7.6448	7.43901	7.54521	7.74749
0.020575	7.73779	7.69403	7.57787	7.46942	7.66757	7.55864	7.6093	7.70957	7.70127
0.0208125	7.58128	7.82008	7.56014	7.46048	7.66996	7.6343	7.54461	7.52039	7.61641
0.0210625	7.72896	7.82636	7.5326	7.53924	7.59203	7.6273	7.81158	7.52204	7.60671
0.0213125	7.72673	7.76644	7.59449	7.59847	7.46977	7.56205	7.66209	7.58591	7.67117
0.0215625	7.67162	7.81868	7.58621	7.49769	7.57529	7.53842	7.57593	7.7402	7.73075
0.021825	7.67279	7.76337	7.47593	7.53944	7.46318	7.49285	7.74198	7.67268	7.52612
0.022075	7.71556	7.59882	7.567	7.6799	7.76661	7.49767	7.52636	7.6223	7.59735
0.0223375	7.74314	7.76839	7.60757	7.5881	7.66834	7.59528	7.62778	7.62317	7.51841
0.0225875	7.69444	7.7904	7.44311	7.59852	7.56313	7.49225	7.67671	7.53368	7.58058
0.02285	7.88999	7.51093	7.63087	7.39008	7.45333	7.43936	7.80657	7.5199	7.60322
0.0231125	7.5589	7.70532	7.59052	7.73046	7.57257	7.60869	7.65839	7.56448	7.63893
0.023375	7.58319	7.89361	7.45231	7.6117	7.46753	7.6692	7.60861	7.67948	7.53425
0.02365	7.67653	7.73805	7.53182	7.59322	7.52454	7.52178	7.683	7.65464	7.55588
0.0239125	7.73454	7.75356	7.64746	7.55202	7.61837	7.62231	7.65286	7.60331	7.6215
0.0241875	7.60586	7.64163	7.49314	7.61784	7.64254	7.52415	7.56218	7.59412	7.57766
0.02445	7.56677	7.78573	7.4726	7.56265	7.58664	7.55729	7.6584	7.51497	7.52123
0.024725	7.7331	7.74169	7.62226	7.63201	7.49253	7.61973	7.59666	7.68527	7.47024
0.025	7.69668	7.67481	7.67241	7.51471	7.64062	7.56237	7.51214	7.62833	7.54861
0.025275	7.84114	7.65828	7.76327	7.61399	7.54068	7.56237	7.58985	7.70835	7.54892
0.0255625	7.65789	7.70844	7.70238	7.5352	7.47992	7.5182	7.47695	7.65765	7.64209
0.0258375	7.66308	7.66247	7.68903	7.43608	7.44467	7.57843	7.56165	7.58283	7.70974
0.026125	7.7342	7.64025	7.64689	7.53977	7.46207	7.37961	7.78416	7.53905	7.55017
0.0264125	7.62722	7.61321	7.61096	7.60548	7.58289	7.53115	7.73768	7.58314	7.60678
0.0267	7.58732	7.63552	7.62897	7.74529	7.52942	7.52438	7.6352	7.52714	7.57637
0.0269875	7.54844	7.74316	7.53021	7.47509	7.62853	7.44798	7.56177	7.59967	7.67608
0.027275	7.63551	7.70729	7.61918	7.75439	7.46817	7.4823	7.61427	7.6394	7.48624
0.027575	7.70223	7.54941	7.59788	7.6261	7.66298	7.5667	7.57154	7.57536	7.53437
0.0278625	7.48366	7.73189	7.4101	7.50864	7.47927	7.6349	7.80603	7.53014	7.59997
0.0281625	7.74457	7.55282	7.5206	7.56934	7.62951	7.46559	7.54806	7.57441	7.62448
0.0284625	7.68911	7.72087	7.54277	7.58092	7.61197	7.6379	7.66178	7.41882	7.57328
0.0287625	7.71011	7.74981	7.51366	7.62344	7.55068	7.61937	7.50518	7.68505	7.52142
0.0290625	7.63537	7.60591	7.51232	7.55476	7.45161	7.63209	7.64595	7.53442	7.41938
0.029375	7.62972	7.65176	7.45151	7.52834	7.4209	7.62082	7.6099	7.59946	7.69756
0.029675	7.69578	7.54688	7.53657	7.64605	7.53429	7.70618	7.50374	7.62035	7.60354
0.0299875	7.53457	7.55103	7.55351	7.69371	7.51846	7.53236	7.50152	7.46341	7.42106
0.0303	7.65315	7.65341	7.50566	7.54678	7.58178	7.53083	7.50124	7.50387	7.52306
0.0306125	7.61228	7.54751	7.62289	7.61792	7.31894	7.67786	7.73549	7.52693	7.53661
0.030925	7.62635	7.6364	7.47063	7.64597	7.56246	7.70287	7.67489	7.66198	7.58806
0.03125	7.67979	7.566	7.47916	7.54156	7.53462	7.52829	7.63058	7.50976	7.64507
0.0315625	7.71681	7.66939	7.49105	7.53711	7.65477	7.60937	7.63325	7.5038	7.69137
0.0318875	7.54065	7.54081	7.59468	7.62155	7.51926	7.62458	7.57014	7.37726	7.55068
0.0322125	7.69237	7.72737	7.53878	7.55079	7.43823	7.44035	7.48238	7.48521	7.61594
0.0325375	7.54446	7.72122	7.56268	7.51757	7.42476	7.46454	7.47417	7.37072	7.61924
0.032875	7.57836	7.69222	7.58771	7.5476	7.41818	7.4883	7.62613	7.50835	7.56893
0.0332	7.69683	7.62688	7.51121	7.5314	7.50938	7.57016	7.50728	7.51788	7.51892
0.0335375	7.69391	7.61759	7.39987	7.57637	7.51565	7.65512	7.53525	7.41954	7.55783
0.033875	7.70518	7.62328	7.40631	7.51674	7.37959	7.60153	7.36747	7.39668	7.59574
0.0342125	7.5339	7.57739	7.46829	7.49376	7.45954	7.53498	7.58311	7.4373	7.51634
0.03455	7.56425	7.65922	7.56617	7.4373	7.43113	7.50088	7.44887	7.43952	7.53112
0.0349	7.50903	7.61825	7.47732	7.57198	7.37451	7.34569	7.50105	7.48486	7.53359
0.03525	7.80345	7.50068	7.43686	7.5692	7.45593	7.35539	7.54651	7.42236	7.6833
0.0355875	7.57808	7.42341	7.52841	7.56378	7.55428	7.61301	7.53174	7.40257	7.47352
0.03595	7.633	7.69245	7.45113	7.45832	7.48954	7.46012	7.51056	7.39825	7.64936
0.0363	7.65628	7.50913	7.37919	7.59689	7.45999	7.44856	7.62597	7.49229	7.35042
0.03665	7.51147	7.637	7.46017	7.57758	7.58963	7.36172	7.49464	7.43517	7.53242
0.0370125	7.59974	7.57191	7.56245	7.517	7.47758	7.54767	7.46604	7.38934	7.55155
0.037375	7.51026	7.544	7.43736	7.51649	7.33346	7.45935	7.57604	7.44488	7.40183
0.0377375	7.59119	7.62992	7.36233	7.42873	7.50659	7.49677	7.4952	7.40823	7.549
0.0381	7.63772	7.66896	7.47509	7.43718	7.49334	7.39147	7.35005	7.44909	7.63253
0.0384625	7.5056	7.58395	7.39765	7.37495	7.35474	7.43018	7.59072	7.36963	7.45928
0.0388375	7.51216	7.51468	7.5524	7.47715	7.49215	7.56613	7.49213	7.50942	7.58568
0.0392125	7.42878	7.65952	7.49958	7.48952	7.48924	7.5333	7.60057	7.3183	7.50549
0.0395875	7.43892	7.63509	7.58409	7.50771	7.51679	7.47863	7.40209	7.3666	7.49966
0.0399625	7.39541	7.57224	7.39521	7.38777	7.44582	7.37937	7.34898	7.41164	7.51458
0.04035	7.41117	7.57891	7.32953	7.40128	7.3581	7.5003	7.35872	7.38197	7.52708
0.040725	7.48693	7.62831	7.4885	7.55966	7.5296	7.40113	7.54115	7.51449	7.58437
0.0411125	7.71622	7.50605	7.38631	7.52948	7.52489	7.33443	7.49105	7.42182	7.43643
0.0415	7.57446	7.69012	7.39776	7.36129	7.45481	7.41762	7.36332	7.36797	7.49398
0.0419	7.51738	7.41025	7.4466	7.48041	7.32636	7.47903	7.41384	7.37598	7.39675
0.0422875	7.70082	7.49586	7.50636	7.58683	7.40167	7.44599	7.37731	7.39116	7.47982
0.0426875	7.58398	7.50627	7.54111	7.38925	7.60076	7.41698	7.45801	7.4332	7.51052
0.0430875	7.65679	7.57102	7.41386	7.40968	7.51109	7.36026	7.56695	7.24967	7.48788
0.0434875	7.51476	7.63155	7.4495	7.5052	7.57132	7.44657	7.58887	7.43179	7.44648
0.0439	7.63501	7.57523	7.47219	7.45574	7.45488	7.44495	7.4882	7.52557	7.46381
0.0443	7.60114	7.58156	7.47477	7.47584	7.32175	7.35158	7.60273	7.42362	7.57202
0.0447125	7.56396	7.64051	7.44596	7.4335	7.31605	7.33122	7.30126	7.38047	7.34545
0.045125	7.64827	7.55456	7.40125	7.42699	7.28534	7.39174	7.3987	7.30149	7.42088
0.04555	7.55691	7.61561	7.36057	7.35108	7.45564	7.40602	7.36696	7.35265	7.46055
0.0459625	7.4787	7.56971	7.51124	7.44244	7.39362	7.45263	7.53142	7.28077	7.29011
0.0463875	7.56885	7.57875	7.4522	7.42174	7.37376	7.33012	7.31815	7.33888	7.49846
0.0468125	7.5539	7.49685	7.25954	7.39318	7.46425	7.33065	7.38254	7.34577	7.38302
0.0472375	7.6257	7.52504	7.33724	7.47134	7.37683	7.28934	7.32639	7.32907	7.41742
0.047675	7.53811	7.5501	7.50592	7.48796	7.46721	7.32485	7.40655	7.40439	7.36318
0.0481125	7.50412	7.49829	7.36811	7.39154	7.50819	7.35362	7.43619	7.2878	7.34591
0.04855	7.52729	7.39579	7.41588	7.52614	7.42607	7.42942	7.48365	7.34423	7.40856
0.0489875	7.46867	7.52122	7.50764	7.29517	7.27157	7.48752	7.41032	7.2083	7.45165
0.049425	7.46243	7.57672	7.41887	7.41825	7.39922	7.38403	7.55736	7.3408	7.35508
0.049875	7.5531	7.52503	7.36726	7.40583	7.36669	7.29498	7.43495	7.21336	7.25668
0.050325	7.48562	7.48836	7.26337	7.35094	7.32208	7.35806	7.4645	7.28939	7.41575
0.050775	7.43751	7.52828	7.33759	7.38487	7.32975	7.34979	7.32196	7.37746	7.33309
0.0512375	7.66409	7.41241	7.28424	7.34751	7.39195	7.36052	7.38852	7.29116	7.29271
0.0517	7.55462	7.45604	7.38547	7.40752	7.38927	7.32903	7.31579	7.3192	7.37853
0.0521625	7.49137	7.57882	7.35014	7.33557	7.31667	7.435	7.3354	7.33908	7.38291
0.052625	7.51307	7.64334	7.37374	7.50586	7.39511	7.2086	7.28349	7.16277	7.43144
0.0530875	7.46341	7.43445	7.33737	7.30748	7.43728	7.38722	7.34874	7.22535	7.45546
0.0535625	7.58755	7.40545	7.38346	7.2757	7.3312	7.27015	7.30336	7.3317	7.41249
0.0540375	7.51284	7.40293	7.33375	7.40977	7.25965	7.27261	7.34471	7.21731	7.29267
0.0545125	7.56523	7.52279	7.30993	7.39952	7.35166	7.30911	7.40247	7.24371	7.36614
0.055	7.4356	7.5091	7.37823	7.26131	7.30963	7.38672	7.46164	7.29596	7.26796
0.0554875	7.43349	7.39097	7.31311	7.23994	7.30981	7.33556	7.37372	7.31772	7.36942
0.055975	7.46536	7.47763	7.3502	7.33102	7.30585	7.23639	7.4206	7.25516	7.35333
0.0564625	7.36803	7.42879	7.41575	7.43444	7.38382	7.32808	7.38851	7.17441	7.45146
0.0569625	7.44457	7.46646	7.43979	7.35567	7.37001	7.36252	7.32839	7.31156	7.29361
0.0574625	7.41524	7.30271	7.39949	7.42539	7.25758	7.31418	7.43056	7.17777	7.2898
0.0579625	7.5704	7.46041	7.332	7.4232	7.32331	7.33985	7.41301	7.21395	7.26554
0.0584625	7.3729	7.38603	7.31508	7.31094	7.33008	7.31421	7.26164	7.14179	7.33613
0.058975	7.52173	7.45359	7.36272	7.31617	7.39852	7.29222	7.34009	7.14899	7.35146
0.0594875	7.52085	7.41875	7.28234	7.28412	7.37054	7.32061	7.31587	7.20293	7.40045
0.06	7.50012	7.3663	7.36034	7.33387	7.33203	7.21682	7.25577	7.18764	7.31622
0.060525	7.4586	7.41912	7.25471	7.37674	7.36705	7.22257	7.35764	7.16272	7.33543
0.06105	7.41114	7.46438	7.33826	7.24111	7.29293	7.25392	7.29541	7.28287	7.29411
0.061575	7.54348	7.46957	7.28328	7.31175	7.34312	7.19657	7.31414	7.15013	7.22486
0.0621125	7.36956	7.36089	7.33422	7.33842	7.34238	7.26294	7.43535	7.19865	7.23018
0.0626375	7.47178	7.419	7.33257	7.2815	7.28501	7.20407	7.2838	7.24418	7.35764
0.063175	7.55781	7.4592	7.41169	7.27246	7.2747	7.38053	7.21702	7.22183	7.23222
0.063725	7.4629	7.47033	7.2635	7.33846	7.39626	7.18992	7.27563	7.17505	7.22057
0.0642625	7.46903	7.37214	7.20418	7.27492	7.44435	7.19946	7.22251	7.17083	7.25139
0.0648125	7.56192	7.43822	7.2534	7.33904	7.44914	7.29615	7.24126	7.19115	7.36602
0.065375	7.42762	7.34264	7.30161	7.30897	7.39552	7.23557	7.35751	7.22279	7.23571
0.065925	7.44592	7.48198	7.40397	7.31515	7.35766	7.23955	7.31971	7.19021	7.28063
0.0664875	7.44021	7.52285	7.25456	7.29936	7.28996	7.2919	7.22459	7.18762	7.298
0.06705	7.51738	7.45525	7.3577	7.27347	7.25219	7.32482	7.22689	7.14522	7.23912
0.067625	7.48317	7.34559	7.27746	7.2899	7.41328	7.25961	7.31057	7.29592	7.30957
0.0682	7.56214	7.36899	7.23629	7.33615	7.36325	7.22184	7.30268	7.14449	7.25345
0.068775	7.48882	7.43417	7.25196	7.26453	7.28949	7.25959	7.23803	7.18122	7.25885
0.06935	7.49845	7.445	7.29702	7.3197	7.22432	7.17134	7.26888	7.16438	7.25458
0.0699375	7.51521	7.38573	7.30816	7.26762	7.16849	7.24374	7.25795	7.18406	7.22898
0.070525	7.50066	7.42884	7.14624	7.2016	7.34918	7.17665	7.18424	7.10671	7.17206
0.0711125	7.36227	7.38501	7.16673	7.1825	7.28958	7.1432	7.27537	7.12131	7.23635
0.0717125	7.31069	7.44709	7.30956	7.3296	7.26027	7.26193	7.23556	7.14774	7.30116
0.0723125	7.32605	7.37605	7.31174	7.30903	7.24205	7.18521	7.27788	7.10649	7.19727
0.072925	7.38527	7.38261	7.3292	7.34832	7.42527	7.30624	7.18999	7.08899	7.20604
0.073525	7.39852	7.3442	7.30108	7.27231	7.28694	7.24833	7.21488	7.16766	7.2331
0.07415	7.36695	7.43158	7.35359	7.27544	7.26603	7.17346	7.17231	7.08566	7.27322
0.0747625	7.46569	7.3984	7.3192	7.27818	7.28108	7.17664	7.19812	7.28247	7.22116
0.0753875	7.35657	7.30797	7.20764	7.29687	7.26205	7.1289	7.15259	7.11279	7.21212
0.0760125	7.42283	7.36661	7.25114	7.4522	7.25285	7.22939	7.20339	7.20659	7.26888
0.0766375	7.26527	7.32512	7.32784	7.28104	7.2517	7.28852	7.25666	7.15862	7.2541
0.077275	7.4723	7.3202	7.23642	7.25517	7.19831	7.11717	7.23357	7.06911	7.12057
0.0779125	7.43233	7.31901	7.31736	7.38011	7.19078	7.21958	7.24585	7.14972	7.28945
0.0785625	7.42854	7.36222	7.22228	7.21194	7.33267	7.13704	7.11964	7.18973	7.1847
0.0792125	7.30849	7.38931	7.23297	7.14636	7.2164	7.19356	7.26747	7.11772	7.20499
0.0798625	7.35897	7.3794	7.19183	7.28175	7.23805	7.13886	7.26832	7.12592	7.20796
0.080525	7.36624	7.3869	7.34069	7.24502	7.19186	7.16667	7.22168	7.08596	7.27877
0.0811875	7.28861	7.35714	7.24154	7.27705	7.27285	7.10263	7.21435	7.17792	7.12628
0.08185	7.39969	7.31249	7.20638	7.33986	7.18402	7.12258	7.16987	7.15278	7.13219
0.082525	7.42953	7.25577	7.23133	7.22417	7.23645	7.17212	7.17062	7.15619	7.1476
0.0832	7.42851	7.37663	7.24791	7.2053	7.2007	7.07091	7.17818	7.1999	7.20108
0.083875	7.3169	7.35718	7.19797	7.33713	7.26174	7.16545	7.17603	7.07071	7.17032
0.0845625	7.37119	7.30036	7.32109	7.22187	7.21683	7.19369	7.19914	7.01678	7.04747
0.08525	7.33269	7.21935	7.11886	7.2794	7.25813	7.1956	7.16364	7.0771	7.13552
0.08595	7.35392	7.37251	7.22782	7.21061	7.21457	7.10869	7.17462	7.01456	7.20133
0.08665	7.35945	7.24165	7.12227	7.34891	7.1581	7.15785	7.15797	7.0933	7.12881
0.08735	7.41817	7.28149	7.15537	7.23808	7.28127	7.18039	7.32625	7.13611	7.09624
0.0880625	7.38229	7.31464	7.15601	7.23124	7.17892	7.027	7.25703	7.12228	7.2132
0.088775	7.3538	7.41923	7.13867	7.27017	7.12048	7.17784	7.16081	7.05694	7.18712
0.0895	7.38559	7.29614	7.212	7.21232	7.20927	7.03385	7.15421	7.05684	7.10402
0.0902125	7.31521	7.27421	7.04047	7.2178	7.26551	7.14894	7.03961	7.08037	7.24709
0.09095	7.36565	7.31417	7.18919	7.17731	7.19684	7.10748	7.02269	7.08488	7.01263
0.0916875	7.33545	7.32394	7.16304	7.19041	7.1888	7.14559	7.15684	7.05155	7.19254
0.092425	7.31601	7.38651	7.23077	7.25545	7.21935	7.0925	7.0576	7.07943	7.16317
0.0931625	7.30825	7.28652	7.2522	7.12248	7.13711	7.09548	7.08593	7.12906	7.09497
0.0939125	7.29343	7.26502	7.13835	7.15965	7.09785	7.11601	7.16494	7.08451	7.18268
0.094675	7.36166	7.33005	7.16165	7.1808	7.15829	7.11406	7.16004	7.02417	7.18207
0.095425	7.31146	7.29338	7.27528	7.2125	7.13464	7.20217	7.13402	7.1554	7.10686
0.0962	7.36245	7.29593	7.18498	7.24687	7.13922	7.10992	7.14208	7.14606	7.08967
0.0969625	7.34775	7.27459	7.20254	7.16896	7.15264	6.99398	7.21801	7.00634	7.07538
0.0977375	7.3481	7.25972	7.09047	7.19294	7.17943	7.08269	7.10936	6.94071	7.11186
0.098525	7.32572	7.2356	7.25651	7.22647	7.16585	7.1998	7.21018	7.0042	7.17955
0.0993125	7.39756	7.19036	7.17826	7.14563	7.07549	6.99518	7.17952	7.0722	7.17171
0.1001	7.26669	7.27474	7.19863	7.17132	7.19677	7.19553	7.11252	6.92785	7.14158
0.1009	7.38952	7.37047	7.11824	7.16834	7.27771	7.1343	7.16537	7.00889	7.20881
0.1017	7.37522	7.20941	7.23478	7.22342	7.22776	7.08087	7.15995	7.20749	7.21734
0.102513	7.28825	7.20052	7.01221	7.24825	7.07037	7.11098	7.02338	7.12555	7.10781
0.103325	7.31512	7.34516	7.14782	7.20746	7.12624	6.96878	7.06646	7.08857	7.08144
0.10415	7.27918	7.25644	7.13254	7.23112	7.10254	7.12512	7.20361	7.01935	7.06986
0.104975	7.35505	7.21291	7.25998	7.23198	7.15094	7.09103	7.11273	7.03221	7.1469
0.105812	7.2583	7.13159	7.24906	7.14619	7.17246	6.97099	7.04056	7.02702	7.14609
0.10665	7.34595	7.32824	7.19431	7.19043	7.16479	7.07071	7.03572	6.9026	7.03999
0.107487	7.27888	7.24346	7.18572	7.16616	7.15233	7.03834	7.15089	7.04761	7.02826
0.108337	7.37074	7.2281	7.15017	7.20568	7.176	7.00729	7.11259	6.98446	7.09095
0.109187	7.34257	7.35278	7.15609	7.23062	7.22657	7.03681	7.02654	6.98281	7.13084
0.11005	7.3116	7.18124	7.0527	7.06981	7.13469	7.07079	7.20948	7.08574	7.10997
0.110925	7.2938	7.27696	7.14081	7.11128	7.03681	7.05443	6.99845	7.06118	7.09544
0.111787	7.2643	7.22852	7.09654	7.15777	7.18343	7.03136	7.10669	7.05558	6.99516
0.112675	7.34947	7.20955	7.09845	7.04648	7.07694	7.10088	6.9897	6.96946	7.08731
0.11355	7.44174	7.20724	7.04515	7.20176	7.14452	7.15963	7.07843	7.01539	7.13231
0.11445	7.35828	7.29386	7.09746	7.12212	7.13368	7.10932	7.08276	7.06314	7.08296
0.11535	7.36122	7.18311	7.1486	7.14971	7.12054	6.97946	7.03159	7.05708	7.16783
0.11625	7.35252	7.15494	7.19528	7.10671	7.11832	7.02329	7.08804	7.09396	7.03759
0.117163	7.28991	7.16113	7.22094	7.17373	7.14539	7.03744	7.12038	6.95438	7.07172
0.118075	7.36489	7.26883	7.05283	7.1114	7.05808	7.06865	7.09625	6.91263	7.01855
0.119	7.27566	7.17033	7.14434	7.17561	7.15051	7.09549	7.11029	6.92524	7.10738
0.119925	7.30817	7.15082	7.1257	7.1726	7.04656	6.9786	7.10772	6.98273	7.15065
0.120862	7.37221	7.29526	7.06274	7.17366	7.08188	7.07834	7.06814	6.99443	7.12674
0.1218	7.18443	7.20491	7.10716	7.20227	7.13851	7.04352	7.0412	6.99688	7.08982
0.12275	7.29277	7.24914	7.10076	7.14229	7.09684	7.03978	7.08229	7.02917	7.04396
0.1237	7.28858	7.1905	7.19074	7.11514	7.0721	6.97867	7.04907	6.87848	6.98477
0.124663	7.16502	7.18417	7.12188	7.14592	7.04148	6.98445	7.10344	6.93717	7.02343
0.125638	7.28609	7.15519	7.08181	7.25273	7.03789	7.05273	7.11887	6.97891	7.08324
0.126612	7.3833	7.19355	7.08739	7.16054	7.04071	6.9373	7.08452	7.02557	7.06606
0.127587	7.23984	7.22273	6.96973	7.06434	7.02024	6.96048	7.02626	6.93903	7.08151
0.128575	7.25389	7.22595	7.09823	7.07149	7.07319	7.01328	7.06579	6.97841	7.06641
0.129575	7.24542	7.14817	7.03766	7.08598	7.04564	7.05237	7.01936	6.95654	7.10303
0.130575	7.25644	7.1824	7.08601	7.03124	7.06697	6.9742	7.04055	6.95326	7.01436
0.131588	7.26797	7.17363	7.03495	6.96195	7.08049	7.04245	7.02775	6.93544	7.04867
0.1326	7.28505	7.18979	7.09884	7.08922	7.06142	7.06947	6.97857	7.00244	7.05228
0.133625	7.19817	7.14597	7.13505	7.06016	7.01374	7.07406	7.07245	7.0017	7.08706
0.13465	7.25877	7.15594	6.96611	7.03627	7.11927	7.05571	7.01886	6.93403	7.07336
0.135688	7.23108	7.18813	7.04593	7.03914	7.06005	7.01178	7.07121	6.90329	7.08048
0.136737	7.2232	7.2314	7.15544	7.13345	7.01439	7.03729	7.01313	6.93068	7.04207
0.137788	7.27494	7.20926	7.075	7.08797	7.05192	7.0353	6.9804	7.03114	6.95169
0.13885	7.17119	7.13131	7.09332	7.11198	7.11018	6.91367	7.0386	6.85558	6.95941
0.139913	7.19371	7.18504	7.07482	7.0981	7.01833	6.95678	7.08758	7.02009	6.99979
0.140988	7.28286	7.11513	7.00974	7.08322	7.02897	7.01771	6.9397	6.98406	7.05291
0.142075	7.12567	7.17485	7.09723	7.15811	6.99842	7.02268	7.0372	6.98287	7.05374
0.143163	7.19296	7.16157	7.00719	7.06135	7.10603	6.98463	7.00184	6.98068	7.04875
0.14425	7.21351	7.20603	7.06161	7.05557	7.05574	6.9824	7.09102	6.91987	7.00323
0.145362	7.20912	7.12658	7.05375	7.035	7.07762	6.89062	7.04109	6.95115	6.99265
0.146475	7.21851	7.15946	7.04084	7.08059	7.05848	6.90238	7.01586	6.86272	7.01413
0.147587	7.18311	7.15377	6.98164	7.08925	7.14002	6.84873	6.98948	6.97292	6.92285
0.148713	7.17979	7.19535	6.91296	7.07768	7.03963	6.88214	6.99083	6.92006	7.02805
0.14985	7.20252	7.17777	6.958	7.05564	7.07207	6.96521	6.99665	6.98097	7.00793
0.150988	7.19064	7.20244	6.94096	7.00839	7.05605	7.00125	6.99335	6.8657	6.97041
0.15215	7.21089	7.17856	6.93595	7.05251	7.03629	7.04733	6.96958	6.88711	6.92249
0.1533	7.27553	7.14799	7.01357	7.08301	7.00683	6.96564	6.92082	6.79398	6.94938
0.154475	7.19647	7.03756	7.0132	7.06889	6.96544	6.99418	6.93386	6.9475	6.95377
0.15565	7.1715	7.21921	7.0022	7.05858	7.05864	6.99239	6.97647	6.92534	7.02837
0.156825	7.21091	7.09743	6.93174	7.00079	7.06478	6.97098	7.05145	6.95304	6.98508
0.158012	7.18712	7.1806	7.01418	7.01668	6.99648	6.95924	6.98738	6.92108	7.00177
0.159212	7.15157	7.1787	7.04498	7.01972	7.02507	6.92686	7.00886	6.91443	7.00735
0.160425	7.15429	7.19297	7.06802	7.02159	7.03066	6.99474	7.03193	6.87882	6.96915
0.161637	7.14275	7.01791	6.98044	7.00715	6.99157	6.91673	6.9258	6.91401	7.01688
0.162862	7.16171	7.08401	7.00042	7.09459	6.97566	6.95847	6.97155	6.92238	6.92987
0.1641	7.07872	7.12207	6.95153	7.01635	7.03763	6.94276	7.04004	6.90527	6.98022
0.165338	7.21437	7.10715	7.00068	7.03315	6.97549	6.98015	6.95785	6.84802	6.94607
0.166588	7.10725	7.14563	7.00153	6.97549	6.9978	7.01751	7.0115	6.87009	6.94946
0.16785	7.22595	7.16244	7.00687	7.02207	6.97422	6.95869	6.93373	6.8915	6.97083
0.169113	7.18095	7.08849	6.95307	7.01998	7.00262	7.01117	7.01086	6.98137	7.05951
0.170388	7.19634	7.10952	7.00478	7.05044	6.92699	6.97621	6.94247	6.85142	7.03157
0.171675	7.12433	7.15913	6.94307	6.96932	6.91361	6.96767	6.99126	6.89163	6.95579
0.172975	7.15164	7.12157	6.93971	6.99807	6.8893	6.97548	6.86396	6.90965	6.93635
0.174275	7.13561	7.05284	6.98288	6.99644	6.92822	6.99695	7.04616	6.84501	6.9408
0.175588	7.0702	7.07482	6.90363	7.09405	6.96327	6.92395	6.93445	6.84585	6.88571
0.176913	7.0957	7.06099	6.89883	7.00411	6.95425	6.96192	6.91089	6.89166	6.93853
0.178237	7.08342	7.00555	6.92927	6.99091	6.97428	6.95095	6.97723	6.87032	6.92067
0.179575	7.1561	7.1324	6.88629	6.97596	6.86464	6.93206	6.93305	6.82226	6.95907
0.180925	7.10256	7.15133	6.92095	7.01078	6.96919	6.84614	6.93157	6.8682	6.92927
0.182287	7.12119	7.11789	6.98611	7.04874	7.05759	6.8484	6.88846	6.86676	6.98125
0.18365	7.12962	7.12977	6.96028	7.02061	6.95664	6.95775	6.94405	6.84561	6.9369
0.185025	7.16144	7.15742	6.98875	6.96502	6.97579	6.87574	6.9046	6.79165	6.96812
0.186412	7.13965	7.10875	7.01054	7.01132	6.94117	6.88871	6.90434	6.84498	6.93148
0.187813	7.11594	7.05689	6.95841	6.94153	7.04628	6.93501	6.96972	6.81834	7.01563
0.189213	7.09283	7.09122	6.88771	6.99697	6.91308	6.88986	6.92903	6.85794	7.02939
0.190637	7.13245	7.01737	6.92603	6.99754	6.91794	6.91275	6.87943	6.82277	6.87775
0.192062	7.11509	7.058	6.95076	6.95712	6.88901	6.8724	6.91363	6.82859	6.83221
0.193487	7.13295	7.02329	6.9296	6.97984	6.93698	6.90046	6.92286	6.81723	6.93075
0.194937	7.06923	7.1043	6.8972	6.97479	6.98306	6.88405	6.87879	6.83369	6.97151
0.196387	7.04452	7.02634	6.86095	6.99756	6.87327	6.87664	6.97972	6.86095	6.92888
0.197863	7.09448	7.08198	6.9134	6.98412	6.9211	6.94394	6.87176	6.80825	6.92551
0.199337	7.09121	7.04143	6.96779	6.90873	6.88479	6.81105	6.97442	6.83285	6.9532
0.200825	7.0403	7.00434	6.92037	6.87949	6.88619	6.82908	6.90743	6.89402	6.90834
0.202312	7.08216	6.95834	6.87348	6.94578	6.96293	6.90019	6.8492	6.84859	6.94826
0.203825	7.09177	7.08858	6.93995	6.96684	6.90585	6.85914	6.83865	6.8043	6.92136
0.205337	7.12619	6.97929	6.91311	6.95899	6.91279	6.94252	6.8477	6.76434	6.87892
0.206862	7.03573	6.99265	6.93123	6.96443	6.91624	6.80293	6.88181	6.79834	6.92562
0.2084	7.04647	7.03079	6.95758	6.98365	6.88826	6.86047	6.86951	6.87869	6.8911
0.20995	7.05749	7.05867	6.89397	6.95726	6.9286	6.90983	6.95773	6.82032	6.87606
0.211513	7.06547	6.98174	6.8516	6.9479	6.99656	6.85592	6.89414	6.77666	6.89636
0.213087	7.08232	7.01459	6.85949	6.99004	6.8997	6.79872	6.96532	6.78931	6.89739
0.214663	7.01529	7.03109	6.95669	6.93062	6.84677	6.8696	6.93469	6.83366	6.86149
0.21625	7.05707	7.07965	6.82467	6.89272	6.96599	6.86337	6.85927	6.84869	6.90914
0.217863	6.99024	7.0522	6.9149	6.94228	6.90156	6.85223	6.87681	6.79196	6.88815
0.219475	7.02913	7.04962	6.89623	6.88556	6.89672	6.97901	6.88211	6.79454	6.90636
0.2211	7.10256	7.02717	6.87199	6.91148	6.97196	6.87027	6.90552	6.78062	6.9403
0.222738	7.0561	7.00777	6.78845	6.95097	6.90943	6.88912	6.77272	6.83648	6.9531
0.224387	7.05596	6.97502	6.90189	6.88017	6.85535	6.91527	6.82297	6.75643	6.85235
0.226038	7.06304	7.01295	6.86681	6.90728	6.88892	6.87342	6.90273	6.84912	6.79767
0.227712	7.10658	7.04899	6.86972	6.97684	6.86494	6.82951	6.85463	6.79251	6.88369
0.2294	7.07178	7.00601	6.83761	6.91904	6.85348	6.78826	6.90762	6.78716	6.93614
0.231088	7.03469	6.99527	6.87511	6.95886	6.92722	6.84794	6.84465	6.75318	6.83003
0.2328	7.01569	6.99348	6.88751	6.90927	6.92184	6.81322	6.92846	6.74783	6.82361
0.234512	7.10148	6.9775	6.90715	6.9142	6.88668	6.83138	6.87927	6.81068	6.82404
0.236237	7.00633	7.01653	6.86302	6.98242	6.8653	6.83553	6.8912	6.7669	6.88847
0.237988	7.05216	7.02751	6.87668	6.90242	6.97229	6.88114	6.85151	6.80197	6.89519
0.239737	7.05182	6.99916	6.87731	6.97635	6.87315	6.81016	6.8694	6.73971	6.83962
0.2415	7.03755	6.95119	6.84023	6.94482	6.90431	6.85927	6.87625	6.78617	6.85223
0.243275	7.00481	6.92847	6.83438	6.91552	6.88291	6.81766	6.84624	6.77649	6.88664
0.245075	7.05475	7.01142	6.83937	6.90026	6.84657	6.80783	6.83198	6.77011	6.88356
0.246875	6.9672	6.98849	6.80587	6.88011	6.84742	6.84868	6.83017	6.70501	6.88596
0.248688	7.04932	6.9766	6.84733	6.89811	6.89071	6.83208	6.8685	6.75538	6.76814
0.250513	6.95915	7.07214	6.85189	6.93465	6.88437	6.79906	6.81174	6.69649	6.86648
0.252362	7.00253	7.01692	6.81969	6.90602	6.82947	6.73706	6.84184	6.77928	6.877
0.254212	7.05561	7.00355	6.86168	6.87725	6.79905	6.77257	6.83108	6.76867	6.75558
0.256075	6.99203	6.96657	6.82956	6.93088	6.88271	6.82537	6.87251	6.75065	6.8424
0.25795	6.96751	7.00319	6.87074	6.92492	6.91153	6.8194	6.81784	6.72461	6.8195
0.25985	6.99325	6.96554	6.79912	6.79324	6.81132	6.76211	6.80103	6.75826	6.80787
0.26175	7.01647	6.92228	6.83932	6.93038	6.8729	6.74323	6.81221	6.7264	6.86589
0.263675	6.98121	6.95624	6.77727	6.88415	6.83769	6.76627	6.83786	6.74841	6.81417
0.2656	7.03682	6.97175	6.78678	6.85664	6.87814	6.80417	6.80775	6.83087	6.78394
0.26755	6.95626	6.96349	6.84873	6.88031	6.80663	6.79013	6.83898	6.7564	6.82943
0.2695	6.97307	6.97989	6.82562	6.91526	6.85038	6.71757	6.82036	6.71711	6.7627
0.271475	7.0153	6.93523	6.83752	6.85232	6.82003	6.72756	6.8571	6.70753	6.85693
0.273463	7.03155	6.95887	6.83756	6.86102	6.87205	6.79575	6.82279	6.75126	6.81248
0.275463	6.98989	7.00356	6.84597	6.8318	6.81642	6.80236	6.77451	6.71608	6.79657
0.277475	6.97464	6.95298	6.82351	6.8919	6.84009	6.77839	6.78681	6.79052	6.80725
0.2795	6.98464	6.95853	6.80496	6.86876	6.82909	6.7824	6.79656	6.72363	6.86912
0.28155	6.93596	7.00932	6.82408	6.85475	6.84461	6.77298	6.79269	6.68962	6.79193
0.2836	6.95244	6.96214	6.82309	6.85051	6.86476	6.7403	6.76351	6.71361	6.80622
0.285675	7.03648	6.94206	6.82847	6.83461	6.78625	6.73767	6.8335	6.69831	6.78519
0.28775	7.00623	6.94152	6.79938	6.84057	6.81614	6.72433	6.85259	6.67065	6.76882
0.28985	6.99951	6.85478	6.77954	6.83055	6.82098	6.76789	6.84651	6.67375	6.78333
0.291963	6.9458	6.9144	6.79702	6.90917	6.82005	6.74674	6.76166	6.72032	6.77826
0.2941	6.92617	6.95295	6.76027	6.86749	6.8141	6.8033	6.79431	6.77264	6.76021
0.296237	7.00346	6.87031	6.77692	6.84986	6.82712	6.75382	6.74825	6.6804	6.80782
0.2984	6.92065	6.99817	6.72788	6.87376	6.81829	6.733	6.79957	6.63582	6.80881
0.300563	6.97984	6.92061	6.75692	6.87712	6.85929	6.79919	6.75028	6.68929	6.7952
0.30275	6.95177	6.93307	6.81081	6.83837	6.78754	6.71221	6.81517	6.67275	6.78557
0.304962	6.95843	6.87413	6.79512	6.84606	6.83222	6.75647	6.77295	6.67161	6.71956
0.307175	6.93574	6.88912	6.81985	6.83174	6.80975	6.70744	6.73491	6.64692	6.80123
0.309413	6.93862	6.86861	6.75983	6.79744	6.77601	6.7626	6.79474	6.69496	6.79203
0.311662	6.94118	6.8779	6.74412	6.82779	6.79771	6.71374	6.76029	6.74825	6.78749
0.313925	6.93263	6.86425	6.82817	6.85076	6.8312	6.80921	6.72265	6.67855	6.80947
0.3162	6.98184	6.89484	6.71574	6.81096	6.82465	6.7154	6.7228	6.64338	6.72545
0.3185	6.92203	6.88257	6.74606	6.88265	6.77713	6.72318	6.77794	6.6939	6.78736
0.320812	6.98161	6.92159	6.73818	6.82005	6.78781	6.70246	6.71907	6.75134	6.78595
0.323137	6.92786	6.83393	6.78592	6.86559	6.80041	6.74388	6.73971	6.64528	6.73425
0.325475	6.94024	6.88111	6.77881	6.8723	6.79362	6.67962	6.75846	6.71374	6.80741
0.327837	6.93615	6.86441	6.7615	6.84334	6.77239	6.75091	6.73593	6.65091	6.84926
0.330213	6.98532	6.90606	6.83053	6.78899	6.77191	6.70525	6.83297	6.65673	6.79418
0.332613	6.92732	6.89939	6.78329	6.80863	6.79938	6.69952	6.74949	6.69191	6.7079
0.335012	6.90641	6.90304	6.77038	6.82526	6.81394	6.7338	6.75937	6.6423	6.73853
0.33745	6.92529	6.89251	6.76019	6.84439	6.77074	6.76447	6.77675	6.62188	6.79731
0.339887	6.95941	6.89192	6.76204	6.78715	6.82149	6.65852	6.7471	6.63835	6.79765
0.34235	6.95384	6.86372	6.79377	6.81324	6.80894	6.71048	6.77547	6.69183	6.72092
0.344825	6.9081	6.87652	6.71751	6.81154	6.78308	6.72697	6.74265	6.63949	6.7879
0.347325	6.84379	6.89975	6.79656	6.83263	6.77286	6.70315	6.75107	6.61499	6.72206
0.349825	6.85104	6.90267	6.72487	6.79725	6.73567	6.75087	6.74143	6.6231	6.71526
0.352363	6.89773	6.83086	6.74544	6.75004	6.78764	6.65189	6.75165	6.74023	6.72402
0.3549	6.95004	6.88159	6.74993	6.765	6.79573	6.71938	6.74971	6.64783	6.68983
0.357475	6.88614	6.84404	6.73213	6.7951	6.77935	6.74988	6.72835	6.62452	6.73869
0.36005	6.9866	6.90849	6.74246	6.78697	6.77245	6.73603	6.72239	6.59835	6.75151
0.36265	6.92395	6.90079	6.75139	6.78565	6.77704	6.67001	6.73082	6.63914	6.72765
0.365275	6.89016	6.87677	6.7328	6.80196	6.7957	6.71577	6.76263	6.66124	6.71467
0.3679	6.848	6.8152	6.78862	6.85218	6.75666	6.74633	6.72991	6.61755	6.75195
0.370562	6.82837	6.87783	6.70841	6.86037	6.71313	6.74884	6.72579	6.63423	6.75877
0.373237	6.90768	6.8535	6.7458	6.75625	6.79084	6.69438	6.73858	6.6519	6.77706
0.375925	6.86114	6.86873	6.72055	6.80897	6.76046	6.66586	6.7317	6.63777	6.70981
0.378637	6.88452	6.867	6.73783	6.79098	6.68869	6.72754	6.7166	6.64898	6.74983
0.381362	6.90864	6.8325	6.67905	6.80573	6.72052	6.71279	6.73443	6.66726	6.71261
0.384113	6.87859	6.85779	6.73943	6.82073	6.72528	6.72787	6.77975	6.62929	6.74489
0.386875	6.85399	6.83622	6.70315	6.78046	6.71191	6.66451	6.66878	6.6213	6.73841
0.389663	6.88397	6.85019	6.72528	6.75676	6.71834	6.67146	6.65799	6.66132	6.74436
0.392462	6.83892	6.84292	6.75179	6.7923	6.73582	6.65736	6.71683	6.63111	6.73689
0.395288	6.87429	6.82555	6.71108	6.75211	6.72928	6.72136	6.73453	6.62924	6.70512
0.398138	6.87486	6.83286	6.73787	6.75441	6.71401	6.67315	6.73067	6.69281	6.71267
0.401	6.88685	6.84053	6.72694	6.76634	6.76768	6.69006	6.73363	6.59488	6.72137
0.403888	6.855	6.85191	6.74116	6.74269	6.679	6.71276	6.69341	6.62428	6.71018
0.406788	6.88312	6.85187	6.70324	6.78301	6.71325	6.64907	6.69738	6.63304	6.67293
0.409712	6.91622	6.84178	6.72789	6.77256	6.70664	6.66035	6.71905	6.60725	6.74313
0.41265	6.90056	6.86752	6.74024	6.75286	6.71685	6.61724	6.6968	6.61481	6.73133
0.415612	6.84601	6.80864	6.74711	6.77146	6.70689	6.67393	6.68714	6.60272	6.72331
0.4186	6.87285	6.82283	6.68071	6.76901	6.71247	6.68265	6.75482	6.65728	6.73967
0.421613	6.84142	6.83955	6.68295	6.76691	6.71825	6.64009	6.6962	6.624	6.7533
0.424637	6.88441	6.83138	6.71673	6.74006	6.69211	6.68825	6.71077	6.61676	6.74001
0.427687	6.88499	6.85244	6.6937	6.72712	6.70792	6.63644	6.65405	6.65819	6.75174
0.43075	6.8386	6.88915	6.69884	6.73275	6.71091	6.63301	6.69561	6.57013	6.70038
0.433838	6.87808	6.81973	6.70931	6.7618	6.68274	6.65249	6.67427	6.58941	6.67258
0.43695	6.85154	6.84295	6.68838	6.76071	6.68927	6.67126	6.68185	6.5606	6.67746
0.440087	6.8428	6.84701	6.71038	6.72751	6.72438	6.66887	6.72627	6.5775	6.69311
0.443238	6.82583	6.83422	6.74158	6.71364	6.70137	6.65002	6.70584	6.58497	6.66532
0.446413	6.83243	6.81983	6.63838	6.7291	6.6804	6.64587	6.75587	6.61083	6.63063
0.449612	6.83523	6.8473	6.68394	6.75681	6.73221	6.65862	6.69931	6.59835	6.68353
0.452837	6.8192	6.80517	6.68014	6.72975	6.67763	6.6297	6.7013	6.55887	6.65674
0.456075	6.821	6.79535	6.69009	6.74707	6.73745	6.65098	6.6514	6.60025	6.67514
0.459338	6.846	6.85492	6.67259	6.69404	6.68841	6.67914	6.72556	6.6189	6.69241
0.462625	6.84441	6.81506	6.7089	6.73556	6.70084	6.6304	6.67737	6.56939	6.70702
0.465937	6.82479	6.78136	6.69186	6.71073	6.76168	6.65722	6.70143	6.57452	6.64493
0.469275	6.85402	6.80751	6.692	6.73646	6.69264	6.62662	6.67573	6.61911	6.68352
0.472625	6.83953	6.79461	6.67437	6.71953	6.71782	6.61695	6.70191	6.61928	6.67428
0.476012	6.8809	6.83526	6.69402	6.70678	6.66912	6.64741	6.70021	6.57927	6.64659
0.479412	6.87586	6.82641	6.68915	6.73464	6.67275	6.63215	6.70766	6.55732	6.64632
0.482837	6.80224	6.84775	6.68037	6.72765	6.68592	6.61726	6.71226	6.60713	6.63246
0.486288	6.78678	6.79531	6.63524	6.72014	6.69905	6.63824	6.69291	6.56733	6.66131
0.489763	6.82105	6.75615	6.65347	6.69234	6.67472	6.64209	6.65295	6.59923	6.67423
0.493262	6.82501	6.75905	6.65878	6.73063	6.64774	6.6743	6.69312	6.58848	6.63454
0.496787	6.84256	6.81062	6.6609	6.70523	6.68743	6.6065	6.63883	6.55396	6.66614
0.500337	6.8131	6.80666	6.65473	6.69922	6.68605	6.69222	6.62132	6.58994	6.6895
0.503913	6.83469	6.77019	6.61895	6.7474	6.67639	6.60262	6.69226	6.60798	6.61742
0.5075	6.80037	6.74458	6.6463	6.6878	6.62116	6.6527	6.6388	6.58641	6.6528
0.511125	6.86496	6.76676	6.66159	6.71992	6.65181	6.64032	6.62611	6.60218	6.65715
0.514775	6.81742	6.79743	6.65397	6.72883	6.67898	6.57315	6.68301	6.53363	6.64893
0.51845	6.83176	6.76096	6.65062	6.68212	6.64705	6.63611	6.60756	6.60102	6.66928
0.52215	6.80735	6.81379	6.62485	6.7007	6.67252	6.65631	6.62934	6.5897	6.61174
0.525863	6.83507	6.78571	6.63968	6.72017	6.66707	6.63583	6.61175	6.59458	6.6541
0.529612	6.84767	6.78463	6.65305	6.64283	6.65504	6.60606	6.64066	6.53052	6.70415
0.533387	6.8313	6.76942	6.61716	6.69663	6.66077	6.62329	6.59298	6.55832	6.63259
0.537188	6.83468	6.75475	6.68009	6.67353	6.71849	6.57552	6.63349	6.53642	6.65387
0.541025	6.8381	6.79875	6.64927	6.74884	6.63946	6.5693	6.63768	6.62538	6.63201
0.544875	6.80055	6.80879	6.67151	6.71378	6.63788	6.59396	6.61697	6.56362	6.63565
0.54875	6.856	6.80326	6.6343	6.70114	6.63657	6.59191	6.6761	6.57366	6.64802
0.552662	6.80475	6.7655	6.64387	6.71901	6.6384	6.60531	6.63106	6.5357	6.59274
0.5566	6.85568	6.73949	6.68251	6.7318	6.6412	6.62395	6.67773	6.57121	6.6401
0.560562	6.82025	6.7717	6.65256	6.72805	6.68201	6.60861	6.65162	6.53587	6.63986
0.56455	6.81475	6.74393	6.63374	6.74421	6.65746	6.58332	6.63644	6.54029	6.6478
0.568563	6.78432	6.72935	6.66912	6.69186	6.62946	6.61648	6.64098	6.58038	6.64101
0.572613	6.79278	6.79506	6.65585	6.67874	6.64757	6.57111	6.64129	6.55952	6.63921
0.576688	6.81622	6.75085	6.6273	6.64922	6.63781	6.63694	6.62265	6.58979	6.62142
0.580787	6.85092	6.83464	6.61826	6.70083	6.6757	6.56494	6.58552	6.55462	6.59891
0.584912	6.79297	6.73585	6.63896	6.65575	6.63998	6.61975	6.59892	6.51903	6.61589
0.589075	6.79539	6.75968	6.66965	6.72783	6.61334	6.59777	6.56559	6.54724	6.62508
0.593262	6.78662	6.78457	6.63347	6.69737	6.63261	6.60561	6.65301	6.56292	6.61488
0.597475	6.83624	6.74387	6.65938	6.70207	6.63489	6.64681	6.6448	6.56614	6.61914
0.601725	6.79138	6.74955	6.63709	6.66002	6.61471	6.60334	6.61243	6.52472	6.6478
0.606	6.80688	6.75365	6.70528	6.72125	6.67965	6.58773	6.60708	6.56586	6.66682
0.6103	6.75391	6.7524	6.63644	6.64837	6.6468	6.59753	6.59943	6.56906	6.63005
0.614637	6.76509	6.75675	6.63906	6.68932	6.64925	6.62893	6.60557	6.54623	6.63195
0.619	6.76638	6.72216	6.61364	6.62695	6.62757	6.61115	6.62292	6.57752	6.60564
0.6234	6.77949	6.73397	6.57885	6.66509	6.63898	6.59828	6.61864	6.54417	6.67037
0.627825	6.79646	6.77904	6.60532	6.6964	6.64226	6.59128	6.62429	6.52263	6.6391
0.632275	6.76793	6.74115	6.6385	6.70141	6.64772	6.59083	6.61493	6.54502	6.59116
0.636762	6.77081	6.72973	6.64983	6.66955	6.63524	6.55563	6.58909	6.51954	6.58764
0.641288	6.77184	6.72394	6.60778	6.64826	6.65454	6.60523	6.6111	6.52762	6.60558
0.645837	6.7733	6.73168	6.59246	6.66763	6.65862	6.56383	6.62326	6.51835	6.58084
0.650412	6.79895	6.73388	6.66992	6.68093	6.60753	6.59479	6.59945	6.55787	6.62445
0.655025	6.79837	6.73211	6.62333	6.63192	6.63515	6.57103	6.58698	6.53728	6.59954
0.659675	6.74869	6.72987	6.61231	6.64269	6.60026	6.6289	6.58877	6.52322	6.61653
0.66435	6.77278	6.7323	6.61304	6.64944	6.61865	6.55216	6.59273	6.51801	6.60117
0.66905	6.76586	6.72226	6.60046	6.66788	6.62192	6.58859	6.5912	6.52144	6.61057
0.6738	6.7863	6.7509	6.63524	6.65185	6.63211	6.57152	6.58791	6.51024	6.61494
0.678575	6.7379	6.76238	6.60887	6.65515	6.62394	6.58598	6.59869	6.51908	6.55383
0.683375	6.77735	6.74036	6.58347	6.63191	6.66771	6.58424	6.62258	6.55938	6.55168
0.688225	6.74834	6.7572	6.60613	6.63936	6.64799	6.58078	6.58311	6.52378	6.61366
0.6931	6.79318	6.73946	6.60585	6.67794	6.58543	6.58229	6.63172	6.51201	6.62998
0.698	6.75511	6.73737	6.60321	6.65199	6.62325	6.57398	6.6056	6.51038	6.58008
0.70295	6.77243	6.72215	6.62863	6.64451	6.60442	6.60339	6.58255	6.53627	6.60186
0.707925	6.75482	6.69436	6.62678	6.65108	6.64604	6.57988	6.61465	6.54671	6.61164
0.712937	6.73435	6.68256	6.59378	6.61395	6.65422	6.62168	6.61487	6.52327	6.56626
0.717975	6.79054	6.73636	6.57609	6.66675	6.60695	6.5655	6.5707	6.46527	6.56589
0.723063	6.78847	6.71699	6.5662	6.68119	6.63366	6.58204	6.57406	6.5431	6.65575
0.728175	6.76583	6.70221	6.60555	6.64984	6.6501	6.56154	6.56837	6.49547	6.59742
0.733325	6.76062	6.71652	6.61149	6.68464	6.61959	6.5878	6.58263	6.4966	6.6046
0.738513	6.75334	6.73998	6.58288	6.64522	6.62087	6.56517	6.5526	6.51529	6.57034
0.743738	6.75369	6.70953	6.59036	6.64193	6.62652	6.55959	6.60166	6.49819	6.59589
0.749	6.74844	6.70753	6.61311	6.64616	6.63691	6.559	6.56586	6.55017	6.62243
0.754287	6.75748	6.70787	6.55393	6.61652	6.63381	6.5608	6.6254	6.51494	6.61424
0.759625	6.76135	6.72956	6.58877	6.63881	6.62322	6.55421	6.58634	6.53025	6.56334
0.765	6.77708	6.72659	6.61845	6.66903	6.61029	6.59614	6.60081	6.55003	6.58734
0.7704	6.75271	6.73773	6.58524	6.61233	6.62613	6.55992	6.54403	6.52427	6.58176
0.77585	6.7795	6.72533	6.56439	6.6312	6.62533	6.58114	6.57367	6.51586	6.56251
0.781325	6.7537	6.73771	6.55881	6.6566	6.62348	6.56036	6.58712	6.4812	6.56605
0.78685	6.75188	6.72683	6.55539	6.62901	6.60877	6.584	6.5658	6.51763	6.54929
0.7924	6.73193	6.67395	6.58723	6.6551	6.60768	6.56725	6.56974	6.51973	6.58586
0.798	6.72805	6.72845	6.58331	6.60916	6.62636	6.55774	6.58734	6.48407	6.61419
0.803638	6.7121	6.68193	6.58803	6.651	6.58579	6.5484	6.57413	6.47166	6.57194
0.809313	6.74594	6.72867	6.60434	6.64554	6.61674	6.5787	6.58793	6.50756	6.62731
0.815025	6.76234	6.74777	6.61053	6.6328	6.57043	6.53766	6.58664	6.4949	6.5831
0.820775	6.76758	6.68513	6.61989	6.63848	6.59958	6.5836	6.56586	6.50984	6.59335
0.826575	6.77296	6.71225	6.59172	6.61398	6.61057	6.55652	6.58268	6.51664	6.59367
0.8324	6.72183	6.68255	6.57218	6.66043	6.58157	6.56095	6.55395	6.49049	6.60639
0.838275	6.71379	6.7106	6.57539	6.60824	6.60133	6.54414	6.5749	6.52756	6.6122
0.8442	6.73271	6.67955	6.54625	6.62829	6.60037	6.5443	6.61815	6.50886	6.59284
0.85015	6.72371	6.74126	6.60332	6.64701	6.59578	6.58137	6.5736	6.51368	6.57395
0.85615	6.74955	6.70726	6.62461	6.61364	6.59226	6.54314	6.56543	6.47179	6.59749
0.862188	6.7453	6.71935	6.55921	6.61608	6.61585	6.52614	6.55377	6.46928	6.58384
0.868263	6.73559	6.70961	6.56254	6.60916	6.56743	6.52948	6.54686	6.48629	6.61457
0.874388	6.72564	6.69928	6.56649	6.61332	6.59952	6.56284	6.55945	6.5108	6.58819
0.88055	6.74672	6.7224	6.59779	6.63355	6.58693	6.5584	6.5508	6.52719	6.55869
0.886762	6.73205	6.74628	6.58735	6.62271	6.62675	6.55061	6.61596	6.4965	6.53894
0.893013	6.71871	6.66647	6.57342	6.60263	6.61273	6.54631	6.60696	6.51188	6.5393
0.8993	6.7165	6.6983	6.60167	6.63072	6.56614	6.55444	6.52339	6.51392	6.61656
0.905638	6.71667	6.71877	6.59953	6.63128	6.60046	6.59086	6.58559	6.49457	6.57203
0.912025	6.74099	6.69961	6.56388	6.63227	6.57373	6.5451	6.56146	6.48985	6.57974
0.91845	6.72482	6.68828	6.61353	6.63114	6.6195	6.54491	6.58442	6.52136	6.57943
0.924925	6.71045	6.69384	6.61516	6.63924	6.60868	6.5344	6.56422	6.46309	6.56063
0.931437	6.72134	6.7175	6.61743	6.6183	6.56553	6.55776	6.58659	6.48282	6.55613
0.938	6.73659	6.68635	6.59108	6.59382	6.622	6.56469	6.54889	6.49617	6.58591
0.9446	6.71959	6.73302	6.58512	6.62733	6.60181	6.5422	6.56274	6.49286	6.56805
0.95125	6.74862	6.70304	6.57646	6.62736	6.60482	6.56027	6.57568	6.53419	6.55635
0.95795	6.75065	6.71736	6.55837	6.6405	6.60029	6.53195	6.53144	6.46219	6.57956
0.9647	6.73118	6.72664	6.56544	6.63524	6.61176	6.54479	6.57592	6.48621	6.52793
0.971488	6.72835	6.69722	6.59083	6.60699	6.59607	6.54987	6.56529	6.48887	6.58117
0.978325	6.7439	6.70846	6.57543	6.66745	6.57527	6.52371	6.5263	6.47393	6.56107
0.985213	6.72436	6.68773	6.58699	6.63426	6.57855	6.53702	6.57614	6.47152	6.55324
0.992137	6.71394	6.6917	6.5618	6.63005	6.57545	6.56123	6.56961	6.46714	6.58453
0.999125	6.72138	6.70182	6.60503	6.63756	6.56206	6.54734	6.55661	6.48544	6.57325
1.00615	6.73711	6.67205	6.56313	6.62555	6.61147	6.53333	6.57535	6.4887	6.59269
1.01324	6.73181	6.68781	6.573	6.60105	6.57429	6.57094	6.57341	6.50878	6.53254
1.02036	6.74434	6.68036	6.6101	6.62008	6.57999	6.59476	6.57403	6.48539	6.57805
1.02754	6.71767	6.63721	6.55375	6.63029	6.54502	6.55882	6.55329	6.5036	6.51564
1.03476	6.71962	6.68965	6.55785	6.64423	6.55645	6.50865	6.54013	6.47249	6.5595
1.04204	6.699	6.66323	6.58936	6.62452	6.56767	6.52114	6.52697	6.50586	6.57207
1.04936	6.7247	6.66175	6.58733	6.63177	6.60034	6.54181	6.54965	6.49382	6.58421
1.05675	6.76356	6.65838	6.57734	6.62063	6.5663	6.52486	6.5452	6.48637	6.56856
1.06418	6.77524	6.68957	6.57013	6.62401	6.5817	6.54641	6.55727	6.5215	6.56526
1.07165	6.71753	6.71371	6.59322	6.59255	6.58879	6.5487	6.55188	6.48975	6.55109
1.07919	6.69058	6.66668	6.56621	6.6394	6.55726	6.54766	6.57357	6.51811	6.56655
1.08677	6.71554	6.68937	6.58809	6.62216	6.59662	6.49757	6.55531	6.4586	6.55192
1.09441	6.73157	6.6896	6.54703	6.63649	6.59206	6.55464	6.5621	6.47091	6.56
1.1021	6.72482	6.66863	6.57346	6.61585	6.60189	6.55597	6.53211	6.4807	6.5534
1.10984	6.69591	6.67811	6.54429	6.62737	6.57275	6.52942	6.55344	6.48961	6.56806
1.11764	6.70197	6.69856	6.57271	6.61374	6.57315	6.54559	6.53661	6.46097	6.58003
1.12549	6.71876	6.70082	6.55	6.62074	6.58393	6.56759	6.55177	6.48299	6.58904
1.1334	6.70381	6.66104	6.55615	6.60267	6.60109	6.5426	6.55356	6.48484	6.55181
1.14135	6.68284	6.69003	6.57838	6.61654	6.5914	6.56728	6.55752	6.48995	6.55178
1.14937	6.6919	6.68032	6.53386	6.59933	6.5737	6.53445	6.56575	6.46072	6.56351
1.15744	6.70164	6.69975	6.59427	6.59483	6.55354	6.54228	6.57724	6.48445	6.5398
1.16556	6.70124	6.68276	6.57475	6.59578	6.57654	6.507	6.56046	6.50709	6.54044
1.17375	6.71655	6.69127	6.56572	6.61358	6.59452	6.5222	6.54616	6.48303	6.55133
1.18199	6.68776	6.67789	6.55826	6.62388	6.58653	6.52511	6.5737	6.48985	6.54697
1.19029	6.70731	6.68354	6.55822	6.61055	6.58317	6.52802	6.54651	6.46103	6.52425
1.19865	6.7353	6.70236	6.57786	6.61074	6.5713	6.52856	6.55627	6.48138	6.53299
1.20706	6.69976	6.66856	6.5714	6.59183	6.5749	6.54437	6.54812	6.46166	6.56285
1.21553	6.69711	6.69979	6.54749	6.58696	6.54145	6.48232	6.56337	6.51217	6.56657
1.22406	6.69559	6.69358	6.57114	6.60715	6.57051	6.50113	6.53445	6.45675	6.53026
1.23265	6.71055	6.69311	6.55923	6.59597	6.58761	6.51013	6.55245	6.44416	6.55881
1.2413	6.68499	6.67658	6.55462	6.61865	6.57472	6.53999	6.55989	6.46437	6.54941
1.25	6.67392	6.67847	6.57355	6.63502	6.54847	6.47417	6.5554	6.47991	6.56669
1.25877	6.71742	6.66949	6.56939	6.61348	6.57919	6.51324	6.55714	6.46779	6.58575
1.2676	6.69287	6.66537	6.57385	6.60756	6.57606	6.54626	6.54937	6.46873	6.58198
1.27649	6.70883	6.64985	6.52227	6.63377	6.5698	6.50422	6.5353	6.47972	6.5277
1.28544	6.71864	6.66077	6.56763	6.61919	6.57063	6.54296	6.55732	6.48347	6.5615
1.29446	6.6913	6.68065	6.52518	6.6289	6.55362	6.50989	6.5608	6.47301	6.5703
1.30354	6.68626	6.68328	6.57954	6.61255	6.59665	6.52257	6.54345	6.46793	6.56126
1.31267	6.68464	6.68214	6.60214	6.59981	6.54622	6.50013	6.55644	6.4614	6.54544
1.32187	6.70698	6.68437	6.57155	6.64863	6.5469	6.51019	6.55342	6.45786	6.55512
1.33114	6.70572	6.70241	6.57374	6.61188	6.55075	6.50326	6.56632	6.47195	6.54113
1.34047	6.7085	6.69253	6.57056	6.62128	6.55576	6.51365	6.53338	6.48049	6.58267
1.34987	6.68954	6.67475	6.56299	6.60252	6.5668	6.49975	6.55893	6.46037	6.56108
1.35933	6.69063	6.6769	6.54771	6.61245	6.57825	6.507	6.57142	6.48236	6.55468
1.36886	6.69677	6.71093	6.55754	6.56812	6.55903	6.51027	6.56189	6.47638	6.5404
1.37845	6.70351	6.68922	6.56985	6.60376	6.52959	6.55774	6.56021	6.44434	6.52303
1.38811	6.72572	6.68084	6.55538	6.61158	6.55682	6.51157	6.53531	6.4793	6.5467
1.39784	6.70679	6.66159	6.58342	6.62069	6.56079	6.50552	6.54622	6.50691	6.54364
1.40762	6.69526	6.66889	6.53403	6.59027	6.56654	6.49672	6.56162	6.46804	6.56061
1.41749	6.7026	6.67319	6.56489	6.624	6.56738	6.52305	6.55672	6.4414	6.54607
1.42741	6.68695	6.65895	6.574	6.61374	6.55982	6.51872	6.5406	6.47955	6.55222
1.43741	6.68451	6.65447	6.58176	6.59468	6.57539	6.51882	6.54373	6.46691	6.55512
1.44749	6.69819	6.68217	6.54723	6.59305	6.57685	6.54602	6.55324	6.47412	6.59125
1.45763	6.70909	6.67529	6.5628	6.62357	6.55999	6.51909	6.53544	6.46977	6.54473
1.46783	6.69252	6.67286	6.56707	6.59324	6.54533	6.51022	6.57717	6.48048	6.57446
1.47811	6.71031	6.68157	6.5435	6.61329	6.55269	6.50823	6.55138	6.4963	6.54532
1.48846	6.70064	6.66161	6.56352	6.58006	6.55553	6.54512	6.55845	6.48231	6.51511
1.49888	6.68986	6.68343	6.56274	6.58098	6.56671	6.49892	6.55346	6.45962	6.54204
1.50937	6.6893	6.67272	6.55476	6.57992	6.57901	6.52202	6.51427	6.51947	6.54875
1.51994	6.71819	6.6827	6.56211	6.58363	6.56751	6.52861	6.529	6.48279	6.55527
1.53058	6.7134	6.66483	6.5532	6.62292	6.55439	6.51496	6.53783	6.47969	6.5608
1.54129	6.68891	6.65506	6.56381	6.59797	6.56609	6.53965	6.531	6.48635	6.53873
1.55208	6.68756	6.67517	6.57546	6.60267	6.5593	6.52431	6.54092	6.48554	6.53472
1.56294	6.70737	6.67693	6.55036	6.62328	6.5614	6.49857	6.54595	6.45924	6.53341
1.57387	6.70399	6.66815	6.54451	6.61788	6.56883	6.53399	6.52149	6.45833	6.52244
1.5849	6.72066	6.65584	6.55082	6.61242	6.55894	6.53611	6.51759	6.4362	6.55457
1.59599	6.68483	6.69357	6.56002	6.60364	6.56105	6.5281	6.53123	6.44945	6.54298
1.60715	6.70746	6.65121	6.53804	6.59209	6.57015	6.52355	6.53168	6.45334	6.52951
1.6184	6.67528	6.68769	6.53591	6.59717	6.56713	6.51905	6.55289	6.47795	6.54923
1.62971	6.67629	6.64445	6.56107	6.60537	6.56438	6.53593	6.52265	6.48908	6.53658
1.64111	6.67852	6.66602	6.55826	6.6018	6.5643	6.53025	6.53228	6.47519	6.54339
1.6526	6.69711	6.65929	6.53099	6.61346	6.55803	6.52807	6.52824	6.46329	6.55172
1.66416	6.67899	6.67318	6.55058	6.5829	6.5585	6.54144	6.56518	6.47199	6.53101
1.6758	6.70209	6.68436	6.57001	6.61405	6.53723	6.51857	6.55826	6.46291	6.5351
1.68751	6.67941	6.6814	6.5506	6.63739	6.545	6.53197	6.55588	6.45707	6.53141
1.69931	6.68242	6.66164	6.54979	6.66222	6.52857	6.50296	6.55057	6.43526	6.54692
1.7112	6.68729	6.69116	6.56155	6.62667	6.57177	6.52344	6.54257	6.47771	6.54869
1.72316	6.67731	6.6472	6.56214	6.61938	6.5594	6.52134	6.54639	6.45206	6.53045
1.73521	6.67912	6.68089	6.54742	6.62762	6.54696	6.51677	6.54218	6.47482	6.53656
1.74735	6.68485	6.6789	6.54759	6.59076	6.58175	6.5023	6.55804	6.48084	6.55492
1.75956	6.70314	6.67178	6.55008	6.6029	6.5905	6.52077	6.55527	6.44006	6.54847
1.77186	6.65243	6.68402	6.53658	6.63617	6.56214	6.5376	6.52879	6.42944	6.52648
1.78425	6.69573	6.66386	6.54915	6.61369	6.5653	6.53534	6.56527	6.44148	6.54327
1.79673	6.70724	6.67647	6.55603	6.63524	6.56695	6.53227	6.55604	6.44702	6.56048
1.80928	6.69535	6.679	6.54747	6.6036	6.51093	6.54516	6.53391	6.46849	6.55823
1.82193	6.68464	6.66047	6.55917	6.58584	6.53921	6.50297	6.52448	6.48849	6.567
1.83466	6.68344	6.64327	6.55182	6.57327	6.54226	6.52293	6.54458	6.43201	6.54897
1.84748	6.69837	6.67761	6.56712	6.6109	6.54185	6.51762	6.51712	6.45857	6.5628
1.86039	6.70159	6.67258	6.54474	6.5721	6.56574	6.51437	6.55565	6.48286	6.53758
1.87339	6.67344	6.66315	6.56156	6.61015	6.55738	6.50021	6.55895	6.45241	6.55758
1.88647	6.70898	6.6561	6.54932	6.59746	6.5765	6.515	6.54543	6.49604	6.53397
1.89966	6.68363	6.66469	6.56989	6.60667	6.5366	6.48606	6.56191	6.49926	6.54694
1.91293	6.69536	6.63774	6.56656	6.60838	6.57893	6.52607	6.54829	6.47012	6.53985
1.9263	6.7102	6.65881	6.57823	6.59551	6.56744	6.50714	6.55196	6.4575	6.52236
1.93975	6.69556	6.63748	6.56531	6.59416	6.56491	6.51324	6.54533	6.48103	6.56316
1.9533	6.6534	6.66057	6.55197	6.62841	6.53719	6.51701	6.52538	6.47359	6.55452
1.96694	6.68588	6.66576	6.55989	6.621	6.55029	6.5139	6.54546	6.46788	6.54811
1.98069	6.69143	6.65883	6.55609	6.59023	6.54072	6.53563	6.53247	6.46652	6.55412
1.99451	6.68506	6.66243	6.55409	6.59643	6.55113	6.517	6.53969	6.46152	6.55088
2.00845	6.68637	6.64777	6.54056	6.60314	6.55133	6.5218	6.55183	6.47268	6.57007
2.02248	6.69847	6.65868	6.56561	6.58609	6.5857	6.53684	6.53052	6.44845	6.56009
2.03659	6.69895	6.68276	6.54521	6.60451	6.55261	6.54168	6.53263	6.45429	6.5453
2.05081	6.7104	6.63964	6.56863	6.61059	6.5651	6.51195	6.54087	6.45729	6.52684
2.06514	6.67306	6.67417	6.56462	6.58923	6.55075	6.51576	6.51483	6.45985	6.56043
2.07955	6.69488	6.64971	6.53735	6.61321	6.5583	6.52149	6.52352	6.46779	6.52621
2.09407	6.67283	6.67748	6.5396	6.62101	6.55331	6.52642	6.54998	6.4611	6.5661
2.10869	6.67265	6.64327	6.54585	6.58126	6.57816	6.52277	6.51672	6.47391	6.53326
2.12341	6.6897	6.66105	6.54526	6.61775	6.5667	6.5225	6.53506	6.46874	6.51796
2.13824	6.67873	6.66984	6.55355	6.59159	6.57221	6.52679	6.54023	6.46036	6.52857
2.15316	6.66607	6.65602	6.54787	6.60185	6.59174	6.50723	6.54049	6.45298	6.54492
2.16819	6.67482	6.67518	6.55975	6.59781	6.55313	6.50889	6.52889	6.47291	6.5469
2.18333	6.66985	6.6797	6.54988	6.59542	6.55907	6.49104	6.5342	6.46713	6.54838
2.19856	6.68327	6.67596	6.53298	6.59434	6.54843	6.5142	6.53511	6.46565	6.54171
2.2139	6.6819	6.63743	6.55623	6.60723	6.55939	6.49614	6.50514	6.46124	6.53079
2.22935	6.6769	6.64485	6.56523	6.60075	6.55402	6.51369	6.53503	6.46662	6.54376
2.24491	6.67256	6.66259	6.56426	6.60618	6.55695	6.51346	6.53755	6.4548	6.52011
2.26058	6.67574	6.65905	6.54516	6.59643	6.54431	6.51171	6.55518	6.4598	6.52836
2.27635	6.70532	6.67682	6.54214	6.59737	6.57013	6.497	6.55697	6.45622	6.54061
2.29224	6.67274	6.67179	6.55848	6.61787	6.55605	6.52128	6.55619	6.47174	6.53566
2.30822	6.68023	6.67282	6.54146	6.57972	6.57076	6.52929	6.53344	6.47172	6.56852
2.32433	6.67899	6.67493	6.57225	6.58577	6.54024	6.52892	6.54952	6.4645	6.55691
2.34055	6.68228	6.65775	6.57113	6.6034	6.54615	6.51005	6.53664	6.4717	6.56203
2.35687	6.69035	6.67998	6.5592	6.60075	6.52471	6.50305	6.55269	6.47312	6.56798
2.37331	6.69846	6.66323	6.56821	6.61678	6.56657	6.5125	6.54532	6.45121	6.55599
2.38986	6.67026	6.66063	6.55679	6.57969	6.53874	6.50787	6.55533	6.4724	6.56075
2.40654	6.71049	6.64843	6.55248	6.58124	6.55325	6.52668	6.55179	6.46136	6.55383
2.42333	6.68513	6.64796	6.563	6.59141	6.55458	6.50894	6.55322	6.45668	6.56169
2.44022	6.67746	6.66531	6.56163	6.61906	6.54156	6.52884	6.55975	6.45062	6.53956
2.45724	6.67258	6.66421	6.55694	6.59842	6.54771	6.50582	6.53714	6.46158	6.53099
2.47438	6.6913	6.66625	6.55943	6.58315	6.55216	6.51199	6.52848	6.46913	6.53546
2.49164	6.6918	6.64643	6.54338	6.58675	6.54665	6.49146	6.5516	6.45537	6.5383
2.50901	6.67942	6.67478	6.57551	6.59255	6.54775	6.5274	6.52619	6.45732	6.54044
2.52651	6.67958	6.66321	6.5442	6.60886	6.54755	6.50197	6.53867	6.45738	6.53808
2.54413	6.65703	6.65685	6.55103	6.59589	6.56212	6.50506	6.54753	6.46087	6.53516
2.56186	6.65982	6.64988	6.5446	6.58837	6.5533	6.51162	6.53408	6.47466	6.54844
2.57973	6.69838	6.66372	6.55285	6.60809	6.55286	6.52324	6.5214	6.4468	6.54305
2.59771	6.68281	6.66604	6.55834	6.5851	6.56736	6.52932	6.54713	6.47528	6.55014
2.61582	6.68943	6.65606	6.56233	6.5766	6.53432	6.50742	6.54381	6.45311	6.5433
2.63406	6.6837	6.67095	6.51891	6.60462	6.57434	6.52875	6.53142	6.47265	6.53938
2.65243	6.69286	6.6719	6.55174	6.59107	6.56654	6.52505	6.54187	6.4746	6.55168
2.67091	6.68494	6.68252	6.54551	6.60144	6.54196	6.51983	6.54252	6.46512	6.5353
2.68952	6.6778	6.67348	6.54624	6.60619	6.58244	6.53687	6.54074	6.46036	6.53928
2.70828	6.68005	6.6626	6.56179	6.60808	6.55687	6.522	6.54805	6.47172	6.54204
2.72715	6.65805	6.65894	6.55543	6.62088	6.54485	6.51646	6.55656	6.4482	6.53554
2.74616	6.69461	6.66559	6.52569	6.6193	6.54356	6.52792	6.54877	6.45547	6.52714
2.7653	6.70874	6.66763	6.52682	6.59366	6.54208	6.52382	6.53856	6.45378	6.54417
2.78457	6.69141	6.66737	6.55522	6.59311	6.57348	6.50132	6.54962	6.47418	6.54536
2.80398	6.69425	6.64532	6.54125	6.58851	6.56651	6.51505	6.55998	6.47439	6.54998
2.82351	6.68937	6.67132	6.55976	6.59301	6.53626	6.51384	6.54505	6.48871	6.56357
2.84319	6.68172	6.64696	6.54271	6.58295	6.55378	6.4916	6.55394	6.47355	6.56199
2.863	6.70103	6.64695	6.557	6.58265	6.56139	6.51569	6.56001	6.47805	6.56352
2.88295	6.6914	6.66289	6.54158	6.61078	6.55685	6.53234	6.5674	6.47474	6.56541
2.90304	6.69217	6.65115	6.554	6.59012	6.56015	6.50995	6.55343	6.46327	6.56305
2.92326	6.69319	6.65846	6.55785	6.56662	6.55255	6.5109	6.54518	6.46664	6.53393
2.94364	6.69315	6.65239	6.54287	6.57871	6.56618	6.53773	6.55747	6.4643	6.53434
2.96414	6.67904	6.65758	6.55042	6.59952	6.55982	6.50913	6.55688	6.46948	6.54292
2.98479	6.68959	6.66767	6.56334	6.61419	6.55855	6.52159	6.53383	6.46765	6.54295
3.00559	6.67914	6.67484	6.54141	6.6097	6.56851	6.51956	6.55267	6.44903	6.56201
3.02653	6.68047	6.65194	6.5424	6.59891	6.57527	6.51854	6.52627	6.47637	6.53899
3.04761	6.6747	6.6825	6.55033	6.58965	6.56015	6.52905	6.53052	6.45111	6.54812
3.06884	6.68598	6.67972	6.54957	6.60488	6.56539	6.53127	6.54469	6.46531	6.54156
3.09021	6.67736	6.67096	6.5451	6.61045	6.56837	6.51211	6.55383	6.47269	6.53997
3.11174	6.70711	6.66682	6.55965	6.60121	6.55528	6.51129	6.53859	6.46495	6.55552
3.13341	6.68455	6.6719	6.53804	6.614	6.54022	6.52706	6.54234	6.46969	6.53769
3.15524	6.68593	6.66513	6.54842	6.59099	6.55743	6.51726	6.53633	6.48383	6.55278
3.17721	6.70545	6.64281	6.56327	6.59802	6.54689	6.51292	6.53499	6.46766	6.55718
3.19934	6.68767	6.67605	6.53	6.61028	6.56214	6.51588	6.5466	6.4606	6.56106
3.22161	6.67815	6.65546	6.55577	6.59763	6.55974	6.50972	6.53286	6.4607	6.55445
3.24405	6.6929	6.6621	6.53817	6.5718	6.5764	6.5121	6.53438	6.45018	6.56094
3.26664	6.67473	6.6664	6.55685	6.58972	6.55543	6.52029	6.5407	6.46531	6.56793
3.28939	6.68496	6.66537	6.57551	6.56911	6.56743	6.50367	6.53557	6.46914	6.55829
3.3123	6.68793	6.66705	6.54821	6.58398	6.55688	6.52421	6.53181	6.45699	6.55233
3.33536	6.70614	6.66078	6.56332	6.59044	6.56948	6.52132	6.54479	6.49167	6.56502
3.35859	6.68674	6.65947	6.55705	6.5961	6.55988	6.50883	6.56039	6.49117	6.54434
3.38196	6.70695	6.64698	6.56704	6.6032	6.54593	6.5319	6.5443	6.4737	6.54676
3.40551	6.67464	6.66605	6.55582	6.59659	6.57066	6.51127	6.55478	6.47533	6.55311
3.42922	6.68359	6.65672	6.54362	6.6039	6.57327	6.52095	6.54291	6.46355	6.54723
3.4531	6.67561	6.64951	6.52811	6.60552	6.55844	6.51044	6.5442	6.45066	6.55645
3.47714	6.68005	6.65419	6.56064	6.60183	6.55145	6.52357	6.54082	6.47554	6.55367
3.50134	6.68327	6.65334	6.55084	6.61856	6.57127	6.5066	6.54459	6.4618	6.54119
3.52571	6.68375	6.66014	6.53395	6.59502	6.55873	6.51629	6.54785	6.46625	6.52405
3.55026	6.69521	6.67058	6.54262	6.60178	6.55713	6.52151	6.55091	6.4779	6.53003
3.57498	6.67583	6.67702	6.55068	6.59364	6.54709	6.507	6.54286	6.46808	6.55361
3.59986	6.70286	6.67101	6.54506	6.60677	6.55678	6.50455	6.5521	6.4605	6.52271
3.62491	6.68375	6.67083	6.55501	6.59847	6.53503	6.52469	6.554	6.44668	6.55721
3.65015	6.68817	6.65885	6.53706	6.58037	6.55251	6.50877	6.53948	6.4574	6.54889
3.67555	6.6932	6.65646	6.54241	6.58654	6.54331	6.51538	6.5307	6.47071	6.56012
3.70114	6.68939	6.65656	6.54864	6.60225	6.54749	6.50518	6.54753	6.47045	6.55787
3.72689	6.6874	6.6601	6.55857	6.59583	6.54359	6.52499	6.5563	6.47217	6.54738
3.75283	6.69217	6.6562	6.56189	6.58149	6.5598	6.50753	6.54977	6.47859	6.54103
3.77895	6.69197	6.67377	6.5556	6.5831	6.5496	6.5093	6.55128	6.46505	6.55112
3.80525	6.69114	6.63918	6.56818	6.5952	6.536	6.5079	6.5402	6.47662	6.54315
3.83172	6.67868	6.66362	6.54105	6.59489	6.56027	6.49964	6.55819	6.4674	6.54676
3.85839	6.69323	6.66243	6.54456	6.59484	6.56725	6.51214	6.55922	6.47727	6.56592
3.88524	6.66198	6.64646	6.54381	6.60357	6.56375	6.50742	6.54729	6.46818	6.54072
3.91228	6.68084	6.65699	6.55632	6.62243	6.56666	6.52623	6.54994	6.4743	6.54865
3.9395	6.67806	6.66751	6.52525	6.59911	6.55467	6.51218	6.55538	6.46901	6.55494
3.96691	6.68396	6.66955	6.55235	6.60731	6.56721	6.51592	6.53502	6.44266	6.56127
3.99451	6.69945	6.6554	6.53438	6.59931	6.5447	6.51883	6.52752	6.46719	6.54148
4.0223	6.67958	6.65862	6.55724	6.58289	6.57171	6.50626	6.52863	6.46542	6.56353
4.05029	6.67244	6.67759	6.53004	6.58158	6.56217	6.53084	6.52778	6.46442	6.54899
4.07846	6.67492	6.66881	6.54808	6.58488	6.5687	6.52107	6.54334	6.44701	6.52853
4.10684	6.69289	6.66048	6.56534	6.58482	6.55373	6.49833	6.52985	6.46436	6.5381
4.13541	6.69748	6.65275	6.56122	6.60475	6.55245	6.51287	6.55097	6.47259	6.53299
4.16419	6.69972	6.66865	6.54684	6.59781	6.54673	6.49793	6.54162	6.47128	6.55366
4.19315	6.69286	6.6622	6.55415	6.58559	6.55755	6.51729	6.54118	6.46726	6.55183
4.22232	6.7049	6.66219	6.54635	6.59673	6.54952	6.50561	6.54689	6.46963	6.55734
4.25169	6.67158	6.6588	6.54817	6.60062	6.55379	6.51476	6.54123	6.47695	6.54723
4.28126	6.67808	6.65393	6.54274	6.59241	6.56397	6.49988	6.53872	6.46877	6.55149
4.31105	6.67454	6.65828	6.53632	6.60045	6.56219	6.51548	6.54388	6.46645	6.54485
4.34104	6.68906	6.66847	6.55864	6.58717	6.55846	6.52184	6.55716	6.48352	6.55541
4.37122	6.67474	6.65093	6.55442	6.58814	6.54949	6.50878	6.54169	6.46269	6.55718
4.40164	6.68114	6.6662	6.53155	6.58882	6.55885	6.50787	6.55666	6.46036	6.53659
4.43225	6.65994	6.67205	6.5598	6.60215	6.55761	6.5132	6.54751	6.46263	6.54044
4.46308	6.67728	6.66291	6.55371	6.59588	6.58446	6.52405	6.53187	6.45985	6.55124
4.49411	6.6888	6.68795	6.55771	6.5971	6.58883	6.51408	6.53777	6.47205	6.53844
4.52537	6.67638	6.67186	6.55242	6.59322	6.56626	6.51579	6.54157	6.46581	6.54712
4.55684	6.68106	6.66428	6.5468	6.58406	6.55703	6.51608	6.55234	6.47613	6.55531
4.58854	6.6994	6.66108	6.54105	6.58998	6.53645	6.51155	6.53279	6.46744	6.55035
4.62044	6.68663	6.64743	6.54875	6.59391	6.55878	6.50942	6.54479	6.45353	6.55526
4.65258	6.68907	6.65582	6.55907	6.6101	6.55862	6.51305	6.53582	6.48353	6.54347
4.68493	6.68882	6.64438	6.55869	6.61657	6.54006	6.4965	6.55025	6.47574	6.54699
4.71751	6.6806	6.66146	6.56464	6.59057	6.54354	6.52187	6.545	6.46518	6.55196
4.75031	6.68542	6.65636	6.56562	6.59652	6.5585	6.51877	6.54033	6.47382	6.54383
4.78334	6.68304	6.66257	6.5765	6.59101	6.55951	6.51595	6.54188	6.4625	6.53125
4.8166	6.69151	6.66245	6.55029	6.60095	6.5558	6.52643	6.52955	6.47586	6.52909
4.8501	6.69138	6.6654	6.53752	6.60519	6.55982	6.50485	6.54079	6.4974	6.5399
4.88381	6.68579	6.6675	6.55694	6.60619	6.56135	6.52516	6.53577	6.46743	6.54295
4.91778	6.69562	6.66347	6.53764	6.60687	6.55615	6.51456	6.54118	6.46719	6.54173
4.95196	6.68795	6.67035	6.54921	6.61467	6.57191	6.52079	6.52749	6.46669	6.54742
4.9864	6.69226	6.65207	6.55251	6.61067	6.54256	6.50782	6.52189	6.46825	6.54895
5.02106	6.66981	6.65009	6.54041	6.59787	6.56986	6.52992	6.546	6.45614	6.55413
5.05597	6.70565	6.65353	6.55131	6.59368	6.5541	6.52825	6.53755	6.46562	6.55814
5.09113	6.68849	6.64157	6.57913	6.59559	6.5689	6.51653	6.53276	6.46659	6.54456
5.12651	6.69183	6.66469	6.55434	6.60276	6.55221	6.52297	6.5452	6.45918	6.56019
5.16215	6.68491	6.64824	6.57201	6.59404	6.54636	6.51653	6.54571	6.48157	6.56105
5.19804	6.68538	6.65347	6.55576	6.59691	6.55821	6.51076	6.54148	6.46279	6.55439
5.23418	6.68577	6.64807	6.55053	6.59152	6.55496	6.51707	6.54602	6.47985	6.54161
5.27056	6.69161	6.66156	6.54885	6.60978	6.56191	6.51011	6.54842	6.46553	6.53707
5.3072	6.67827	6.66562	6.54463	6.60666	6.57195	6.51293	6.54647	6.49196	6.54274
5.34409	6.68784	6.65655	6.54365	6.59922	6.5583	6.51348	6.54008	6.46513	6.54524
5.38124	6.68653	6.6627	6.53694	6.58704	6.5622	6.52724	6.5385	6.46772	6.55709
5.41865	6.68566	6.66711	6.53657	6.58258	6.58563	6.51837	6.53534	6.44698	6.56118
5.45631	6.68556	6.66899	6.54938	6.58652	6.55954	6.52575	6.53799	6.4561	6.53705
5.49424	6.68778	6.66489	6.55251	6.59865	6.5534	6.53543	6.53367	6.47355	6.55105
5.53242	6.68438	6.66906	6.5543	6.60501	6.55522	6.5204	6.54002	6.46431	6.54642
5.57088	6.69291	6.66302	6.5672	6.60055	6.56015	6.50049	6.54102	6.47106	6.55691
5.6096	6.69574	6.66855	6.56213	6.57999	6.56671	6.52087	6.5491	6.47513	6.54932
5.64859	6.68297	6.66802	6.53934	6.60392	6.56952	6.51641	6.54812	6.47408	6.55827
5.68784	6.67062	6.65091	6.54525	6.59606	6.56899	6.51426	6.5404	6.45898	6.56536
5.72738	6.69467	6.65612	6.54075	6.59988	6.57174	6.50788	6.54237	6.47037	6.55045
5.76718	6.69248	6.65809	6.54514	6.61034	6.56442	6.51972	6.54944	6.47238	6.55069
5.80725	6.68526	6.66728	6.54511	6.5967	6.54908	6.52246	6.54261	6.47184	6.54165
5.84761	6.68717	6.66051	6.54484	6.60922	6.55948	6.52954	6.55093	6.46559	6.53822
5.88825	6.69827	6.66461	6.56631	6.59603	6.57389	6.52089	6.53242	6.45876	6.55803
5.92917	6.69828	6.65444	6.55487	6.5849	6.56482	6.51412	6.53014	6.46803	6.54683
5.97038	6.68968	6.65219	6.5521	6.58629	6.56143	6.51127	6.53199	6.45756	6.54266
6.01186	6.69636	6.66257	6.55255	6.59053	6.55165	6.52222	6.55102	6.47022	6.55706
6.05364	6.7011	6.649	6.53684	6.59891	6.56543	6.50905	6.55282	6.47012	6.55626
6.0957	6.69116	6.6621	6.55847	6.58795	6.56752	6.52112	6.55609	6.47637	6.56156
6.13806	6.68942	6.6673	6.55904	6.5958	6.56326	6.52605	6.55118	6.47471	6.53826
6.18071	6.68585	6.65023	6.55015	6.59253	6.56858	6.51902	6.55329	6.46732	6.54871
6.22366	6.69075	6.67781	6.54686	6.60297	6.57082	6.52122	6.5455	6.4689	6.53902
6.2669	6.67858	6.67682	6.55925	6.58923	6.55437	6.51987	6.5487	6.46508	6.55636
6.31045	6.68973	6.68105	6.55517	6.60068	6.56843	6.5133	6.54111	6.47575	6.55064
6.35429	6.7001	6.67455	6.54623	6.5921	6.5716	6.53039	6.55192	6.45981	6.5497
6.39844	6.68226	6.67188	6.55031	6.59831	6.56691	6.52351	6.54665	6.47831	6.53103
6.4429	6.69184	6.66091	6.55459	6.58059	6.5661	6.51448	6.54057	6.47114	6.54559
6.48766	6.67837	6.65274	6.55166	6.60521	6.56385	6.51521	6.53818	6.45845	6.56198
6.53274	6.69893	6.65829	6.55596	6.58527	6.56316	6.51695	6.56006	6.47183	6.55332
6.57813	6.68538	6.66426	6.56267	6.60046	6.55994	6.51512	6.55621	6.46463	6.5522
6.62383	6.68341	6.66159	6.54517	6.60253	6.56768	6.52406	6.54514	6.47144	6.55176
6.66984	6.6842	6.65923	6.55517	6.6235	6.5611	6.52296	6.55048	6.4706	6.54419
6.71618	6.68472	6.66748	6.54574	6.61148	6.57579	6.5304	6.54718	6.471	6.55193
6.76284	6.68201	6.66876	6.53718	6.60955	6.5683	6.51142	6.53445	6.47328	6.53988
6.80982	6.69667	6.66596	6.54729	6.59823	6.56643	6.53845	6.54467	6.46305	6.53342
6.85712	6.68796	6.66377	6.55292	6.60491	6.56376	6.5221	6.54298	6.46116	6.54991
6.90476	6.69117	6.66007	6.56016	6.58762	6.55624	6.51932	6.5438	6.46068	6.54779
6.95272	6.68747	6.66136	6.56151	6.59802	6.56234	6.52177	6.55939	6.46536	6.5445
7.00103	6.68678	6.66298	6.55483	6.58735	6.57387	6.51451	6.55165	6.46076	6.55723
7.04966	6.68959	6.6592	6.54593	6.5997	6.56115	6.52345	6.56186	6.46663	6.55869
7.09863	6.67638	6.66469	6.54271	6.58634	6.58093	6.53031	6.54182	6.45847	6.55532
7.14794	6.68517	6.65588	6.54052	6.61084	6.56852	6.51549	6.53966	6.46975	6.54684
7.19759	6.67886	6.6575	6.55187	6.59282	6.56863	6.53982	6.55194	6.47193	6.55089
7.24759	6.69509	6.66779	6.54994	6.59183	6.56271	6.52799	6.56057	6.46979	6.53598
7.29792	6.69764	6.66517	6.54941	6.60672	6.55078	6.53183	6.53819	6.46775	6.54564
7.34861	6.69528	6.65293	6.55851	6.59923	6.56851	6.52774	6.54042	6.47576	6.56325
7.39966	6.68414	6.66376	6.55744	6.59637	6.55279	6.52081	6.54956	6.4684	6.56935
7.45106	6.67792	6.64367	6.5549	6.59525	6.55913	6.52055	6.54632	6.4543	6.55924
7.50281	6.68991	6.66432	6.55502	6.58535	6.55817	6.51972	6.54504	6.46877	6.55455
7.55492	6.68903	6.66602	6.55647	6.59416	6.55794	6.50283	6.54456	6.4773	6.55102
7.60739	6.67361	6.66718	6.55735	6.6007	6.55896	6.52248	6.54706	6.47472	6.54392
7.66022	6.68278	6.665	6.54908	6.59891	6.55807	6.52172	6.53885	6.47868	6.54055
7.71343	6.68231	6.65202	6.56382	6.60018	6.55648	6.51819	6.54532	6.4723	6.54622
7.767	6.68346	6.66623	6.54547	6.58701	6.56019	6.53864	6.55585	6.47098	6.53721
7.82094	6.6882	6.66799	6.54899	6.5984	6.55639	6.5318	6.54671	6.45908	6.54541
7.87526	6.69597	6.67688	6.55848	6.58249	6.56223	6.51745	6.54121	6.45687	6.54577
7.92995	6.69274	6.66949	6.54919	6.58314	6.55657	6.52164	6.55327	6.45775	6.55774
7.98502	6.67929	6.66458	6.56155	6.58873	6.54966	6.51666	6.5578	6.47196	6.5551
8.04047	6.67464	6.65519	6.55746	6.59344	6.5534	6.52297	6.55112	6.46463	6.55372
8.09631	6.66521	6.66429	6.54922	6.59872	6.56175	6.51934	6.54882	6.47379	6.54601
8.15254	6.67574	6.64858	6.5502	6.60505	6.54979	6.52117	6.55261	6.48994	6.5392
8.20915	6.6771	6.66856	6.54447	6.59521	6.56053	6.52855	6.54198	6.46534	6.54337
8.26616	6.68114	6.67441	6.55395	6.59853	6.56459	6.52482	6.55231	6.46743	6.55196
8.32356	6.69824	6.66761	6.56353	6.58228	6.55762	6.52004	6.55215	6.4709	6.54558
8.38136	6.68189	6.67294	6.56082	6.58854	6.56322	6.51641	6.54707	6.46581	6.55841
8.43956	6.6802	6.66382	6.54863	6.59336	6.57084	6.53032	6.54599	6.47113	6.55935
8.49817	6.68145	6.66461	6.55702	6.6007	6.5563	6.51418	6.54713	6.48519	6.55707
8.55717	6.69003	6.66451	6.5503	6.59414	6.57293	6.52095	6.54364	6.47241	6.55989
8.6166	6.68556	6.67216	6.55605	6.60133	6.57714	6.52017	6.54404	6.48074	6.55202
8.67642	6.68821	6.68147	6.55744	6.60699	6.56096	6.52226	6.53761	6.47475	6.55411
8.73668	6.69293	6.66974	6.54094	6.58528	6.54747	6.52524	6.55479	6.46853	6.56524
8.79734	6.67923	6.67759	6.55562	6.59613	6.54571	6.50634	6.55073	6.47641	6.55449
8.85843	6.68277	6.66778	6.55347	6.60457	6.56196	6.51647	6.53983	6.46648	6.54026
8.91994	6.68841	6.66162	6.55818	6.59848	6.5582	6.5243	6.53505	6.45915	6.54466
8.98186	6.69156	6.67195	6.5485	6.60173	6.56407	6.51952	6.53458	6.4633	6.5547
9.04422	6.69067	6.65862	6.55281	6.60786	6.56684	6.53081	6.54461	6.47355	6.54565
9.10703	6.69969	6.66587	6.54893	6.60881	6.55679	6.52057	6.54112	6.46534	6.54907
9.17025	6.70298	6.6699	6.55093	6.60026	6.54988	6.53957	6.53683	6.46847	6.56719
9.23392	6.69767	6.66229	6.5525	6.59561	6.5612	6.51446	6.55595	6.46835	6.55919
9.29804	6.69523	6.66187	6.56078	6.59745	6.56464	6.52246	6.53869	6.46503	6.56011
9.36259	6.68799	6.66952	6.54828	6.59215	6.5616	6.51698	6.55446	6.46627	6.55712
9.42759	6.6877	6.65788	6.56112	6.60029	6.57647	6.50619	6.54801	6.46093	6.54488
9.49305	6.67816	6.65644	6.55206	6.61487	6.56523	6.52229	6.54022	6.47411	6.54966
9.55895	6.6897	6.66299	6.55462	6.597	6.56519	6.52971	6.54963	6.48911	6.54399
9.62531	6.68848	6.6814	6.55859	6.60853	6.5668	6.5186	6.54842	6.45877	6.5487
9.69214	6.68921	6.67201	6.55964	6.58454	6.5572	6.52405	6.55355	6.45722	6.56131
9.75943	6.69123	6.65751	6.55937	6.60375	6.55872	6.51887	6.54541	6.46849	6.55784
9.82718	6.68202	6.66307	6.5602	6.5958	6.56826	6.52532	6.54537	6.47741	6.56399
9.8954	6.69517	6.65613	6.54755	6.60475	6.55929	6.51525	6.55543	6.46621	6.55424
9.9641	6.69742	6.65181	6.55554	6.61001	6.55556	6.52671	6.5509	6.47542	6.54014
10.0333	6.686	6.6636	6.55722	6.6098	6.56191	6.52772	6.5456	6.48257	6.54723
10.1029	6.69312	6.64635	6.55238	6.59489	6.56715	6.52708	6.5451	6.47682	6.56131
10.173	6.69406	6.67133	6.57429	6.60054	6.57011	6.52893	6.56127	6.47089	6.55664
10.2437	6.67556	6.66685	6.53852	6.60307	6.57045	6.52615	6.55156	6.47428	6.548
10.3148	6.68666	6.66344	6.54657	6.59445	6.56935	6.52709	6.54531	6.47394	6.55658
10.3864	6.68463	6.66636	6.55129	6.61659	6.57508	6.52491	6.54584	6.47939	6.55314
10.4585	6.68969	6.66251	6.56351	6.59895	6.56237	6.53118	6.54073	6.47471	6.55661
10.5311	6.69246	6.66567	6.55332	6.60201	6.55672	6.54058	6.53739	6.47181	6.55526
10.6042	6.70363	6.67353	6.56467	6.59553	6.55826	6.51919	6.54921	6.46511	6.56988
10.6778	6.69414	6.67412	6.5518	6.59612	6.56771	6.52463	6.556	6.46161	6.55792
10.7519	6.67878	6.66187	6.54972	6.59426	6.57369	6.52252	6.53533	6.4682	6.55482
10.8265	6.68845	6.67286	6.55257	6.59809	6.56485	6.52015	6.55153	6.46746	6.55852
10.9017	6.69263	6.67053	6.55286	6.60224	6.5632	6.53458	6.539	6.4774	6.55967
10.9774	6.68631	6.67083	6.55091	6.60983	6.55352	6.5298	6.54618	6.47772	6.55955
11.0536	6.69172	6.67696	6.55155	6.58912	6.55905	6.53353	6.54662	6.46059	6.55002
11.1303	6.69769	6.66455	6.5502	6.59403	6.56968	6.51643	6.55193	6.45762	6.54899
11.2075	6.68944	6.66695	6.5581	6.59212	6.56103	6.52118	6.54468	6.46826	6.54914
11.2853	6.6956	6.67103	6.55799	6.60294	6.56707	6.52411	6.54011	6.47094	6.55664
11.3637	6.69628	6.67634	6.54375	6.60932	6.56896	6.51637	6.54066	6.47656	6.54505
11.4425	6.70745	6.67351	6.55131	6.59956	6.55957	6.5237	6.55415	6.47255	6.54467
11.522	6.69142	6.66887	6.55549	6.58602	6.55771	6.53174	6.55358	6.46176	6.55488
11.6019	6.67698	6.68036	6.55596	6.59554	6.56455	6.51193	6.56402	6.47176	6.55817
11.6825	6.67981	6.66728	6.54626	6.59088	6.5645	6.51943	6.54118	6.47635	6.55129
11.7635	6.69739	6.66767	6.54095	6.5983	6.57185	6.5115	6.55281	6.47685	6.55625
11.8452	6.69048	6.6698	6.55784	6.61413	6.5697	6.5229	6.54711	6.48659	6.55298
11.9274	6.67803	6.67382	6.55795	6.59881	6.56515	6.52331	6.55264	6.47662	6.56706
12.0102	6.66867	6.67586	6.56144	6.60496	6.56484	6.51636	6.55716	6.46033	6.55201
12.0935	6.69212	6.66231	6.55695	6.60516	6.56752	6.52297	6.54388	6.46551	6.55138
12.1775	6.70171	6.67075	6.55428	6.59671	6.57833	6.52416	6.54679	6.47651	6.55281
12.262	6.69058	6.66263	6.55046	6.59572	6.56543	6.52633	6.54991	6.46553	6.54911
12.3471	6.68927	6.66678	6.56623	6.59747	6.56707	6.53127	6.55149	6.47147	6.5626
12.4328	6.68698	6.69325	6.54994	6.59562	6.56113	6.52243	6.55811	6.45062	6.55278
12.519	6.70117	6.66452	6.55531	6.59539	6.56886	6.51718	6.55598	6.47266	6.55195
12.6059	6.69554	6.66399	6.54388	6.58748	6.57215	6.52338	6.55092	6.4635	6.54429
12.6934	6.69908	6.68099	6.55762	6.59693	6.57053	6.52081	6.54526	6.46736	6.55044
12.7815	6.69778	6.67591	6.56181	6.60337	6.56372	6.52019	6.53666	6.48149	6.56083
12.8702	6.6965	6.6725	6.55456	6.59508	6.56644	6.5287	6.54297	6.4753	6.5702
12.9595	6.68587	6.6733	6.55213	6.59048	6.55677	6.5092	6.55329	6.47199	6.5535
13.0494	6.68712	6.66697	6.55128	6.59675	6.56033	6.5149	6.54822	6.47451	6.54899
13.14	6.69151	6.66352	6.54981	6.59431	6.56209	6.51915	6.55327	6.47225	6.56267
13.2312	6.69095	6.67901	6.54998	6.59965	6.56038	6.52217	6.56089	6.4804	6.55123
13.323	6.69791	6.67489	6.55729	6.60512	6.56023	6.53211	6.55697	6.47966	6.56828
13.4155	6.68513	6.67465	6.56237	6.5964	6.56118	6.53609	6.55482	6.46305	6.55091
13.5086	6.69677	6.66072	6.57077	6.58211	6.56774	6.52445	6.55036	6.48352	6.55055
13.6023	6.70136	6.67201	6.56769	6.60124	6.57789	6.51833	6.54988	6.48572	6.55637
13.6967	6.69284	6.66964	6.56663	6.59798	6.57015	6.5225	6.55241	6.47865	6.56012
13.7917	6.68257	6.67117	6.55522	6.60766	6.5679	6.52075	6.55274	6.47521	6.54804
13.8875	6.68993	6.66241	6.55748	6.60062	6.5705	6.52127	6.55183	6.46987	6.55126
13.9838	6.69476	6.66685	6.55902	6.59904	6.57202	6.51913	6.54437	6.46549	6.55192
14.0808	6.68183	6.65773	6.55857	6.60448	6.57909	6.52924	6.53702	6.47148	6.54402
14.1786	6.67998	6.66308	6.55498	6.60449	6.56614	6.53793	6.54459	6.47268	6.55724
14.2769	6.6819	6.66714	6.56121	6.6013	6.5691	6.53091	6.55251	6.48	6.5512
14.376	6.68926	6.66537	6.55783	6.59439	6.56538	6.52758	6.55136	6.46731	6.55129
14.4758	6.68787	6.65284	6.55885	6.59309	6.57207	6.5191	6.54906	6.46155	6.56025
14.5762	6.6878	6.6527	6.56451	6.5901	6.5721	6.51945	6.54348	6.46637	6.5492
14.6774	6.69042	6.66285	6.55617	6.60273	6.56886	6.53011	6.54872	6.47858	6.55366
14.7792	6.68712	6.66949	6.54701	6.59178	6.5627	6.52964	6.54631	6.47729	6.55235
14.8817	6.6981	6.65857	6.56314	6.5929	6.55583	6.51666	6.54915	6.46472	6.54956
15	6.68441	6.65626	6.56147	6.60271	6.56834	6.52681	6.54132	6.46871	6.55824