0.0001	7.55095	7.39337	7.77772	7.42577	7.33474	7.26659	7.28538	7.54524	7.48534
0.0002125	7.59281	7.44114	7.78699	7.48415	7.37335	7.19258	7.37071	7.51852	7.47886
0.0003125	7.5485	7.36028	7.60079	7.38954	7.51969	7.45358	7.3632	7.42175	7.48574
0.000425	7.49238	7.41292	7.56006	7.24879	7.57256	7.45192	7.29088	7.52037	7.52289
0.000525	7.58656	7.2921	7.64712	7.42584	7.44977	7.24647	7.40256	7.66721	7.48315
0.0006375	7.63083	7.34912	7.8703	7.27346	7.4665	7.38214	7.39731	7.4141	7.53173
0.0007375	7.61923	7.39033	7.77194	7.45337	7.36948	7.51685	7.38761	7.28652	7.67322
0.00085	7.61732	7.38301	7.59426	7.34787	7.38015	7.45285	7.41587	7.23855	7.8552
0.0009625	7.64714	7.55375	7.62934	7.23889	7.44065	7.31034	7.47013	7.35286	7.54181
0.001075	7.55984	7.58774	7.69659	7.21164	7.48368	7.47268	7.4443	7.32217	7.57941
0.0011875	7.6477	7.57313	7.7379	7.33019	7.56916	7.47783	7.59108	7.34315	7.53367
0.0013	7.61584	7.54262	7.59738	7.24847	7.55751	7.40302	7.55099	7.52401	7.51498
0.0014125	7.421	7.60569	7.54484	7.12043	7.50561	7.40688	7.48131	7.36336	7.45539
0.001525	7.52535	7.588	7.67574	7.24468	7.56708	7.62989	7.33667	7.3229	7.64414
0.0016375	7.59296	7.48804	7.63744	7.25066	7.50511	7.58454	7.3592	7.47941	7.50363
0.00175	7.62202	7.49869	7.60681	7.40664	7.48432	7.62864	7.45557	7.64345	7.44421
0.001875	7.55438	7.6589	7.58564	7.37718	7.4962	7.44742	7.34387	7.51132	7.59683
0.0019875	7.56685	7.73687	7.69619	7.42126	7.58448	7.46639	7.44541	7.61414	7.5992
0.0021	7.61499	7.5023	7.67365	7.489	7.43597	7.44372	7.52397	7.63424	7.40262
0.002225	7.42806	7.53262	7.44848	7.54834	7.33387	7.45918	7.44845	7.57209	7.45104
0.0023375	7.4418	7.46658	7.54756	7.56827	7.43355	7.48684	7.37751	7.63504	7.49391
0.0024625	7.36649	7.40679	7.45465	7.6391	7.32609	7.49298	7.53495	7.4792	7.56009
0.0025875	7.61166	7.36168	7.54385	7.51636	7.41347	7.25139	7.48829	7.61952	7.71234
0.0027	7.59411	7.5278	7.66793	7.44847	7.45457	7.39934	7.30337	7.64837	7.63004
0.002825	7.46054	7.59716	7.6465	7.46348	7.391	7.24001	7.27983	7.67898	7.63426
0.00295	7.38133	7.3864	7.71339	7.50957	7.51128	7.41211	7.39342	7.64846	7.58427
0.003075	7.37192	7.49324	7.7725	7.4354	7.69941	7.49699	7.29491	7.62113	7.60663
0.0032	7.46854	7.50711	7.59908	7.37467	7.57198	7.42809	7.25371	7.31629	7.60922
0.003325	7.4801	7.54367	7.62578	7.42114	7.49012	7.43257	7.4355	7.43901	7.51903
0.00345	7.62029	7.5826	7.61701	7.56752	7.48348	7.42371	7.39488	7.50206	7.51818
0.0035875	7.57774	7.53442	7.55733	7.53319	7.4644	7.3957	7.33762	7.31462	7.46741
0.0037125	7.40739	7.58203	7.59084	7.42369	7.46314	7.32836	7.47815	7.28096	7.7243
0.0038375	7.5645	7.44404	7.64579	7.45448	7.55389	7.39133	7.56156	7.49651	7.74911
0.003975	7.49694	7.47762	7.64196	7.48202	7.71644	7.37404	7.45303	7.64937	7.62065
0.0041	7.49304	7.55059	7.6316	7.43399	7.49542	7.41773	7.33716	7.4617	7.70663
0.0042375	7.5292	7.53954	7.54667	7.46035	7.3471	7.44537	7.40908	7.44496	7.5499
0.0043625	7.62993	7.48032	7.56618	7.3263	7.48529	7.5489	7.24477	7.45293	7.55984
0.0045	7.53752	7.5442	7.54732	7.38863	7.60916	7.57782	7.3531	7.44207	7.53621
0.0046375	7.63305	7.43983	7.63955	7.34602	7.48191	7.50488	7.40108	7.45858	7.45212
0.004775	7.53718	7.42493	7.63809	7.42855	7.61351	7.53289	7.4154	7.36584	7.64255
0.0049125	7.49063	7.3759	7.60473	7.23771	7.46966	7.22152	7.31178	7.37522	7.51368
0.00505	7.52682	7.47348	7.52994	7.22872	7.45043	7.36453	7.41445	7.46525	7.56897
0.0051875	7.46653	7.54582	7.56084	7.38987	7.47075	7.37345	7.51443	7.4602	7.48238
0.005325	7.53242	7.45768	7.56298	7.32883	7.62067	7.35182	7.36252	7.37415	7.3337
0.0054625	7.5816	7.29746	7.50238	7.24212	7.52902	7.5136	7.38727	7.35465	7.54924
0.0056125	7.57753	7.39282	7.75867	7.26187	7.63787	7.55568	7.26579	7.55639	7.58949
0.00575	7.48496	7.54156	7.70444	7.35422	7.44431	7.5422	7.21308	7.46814	7.49824
0.0059	7.50731	7.29852	7.55583	7.33923	7.40665	7.3575	7.24156	7.49119	7.5954
0.0060375	7.5454	7.39432	7.60801	7.29936	7.36333	7.38299	7.34872	7.32043	7.5151
0.0061875	7.59115	7.48535	7.5956	7.29525	7.56976	7.4768	7.35991	7.4514	7.49671
0.0063375	7.56213	7.53423	7.45532	7.41162	7.37717	7.4106	7.49631	7.44997	7.48404
0.0064875	7.56348	7.49368	7.57443	7.40499	7.58129	7.41392	7.55062	7.35026	7.67156
0.0066375	7.48494	7.40682	7.56588	7.33024	7.48417	7.47734	7.51121	7.43934	7.34633
0.0067875	7.65633	7.39278	7.59032	7.28625	7.65293	7.53314	7.4532	7.43435	7.4059
0.0069375	7.58849	7.4947	7.58693	7.32768	7.53269	7.56272	7.36003	7.52546	7.54019
0.0070875	7.44858	7.53044	7.48485	7.40426	7.554	7.46328	7.44411	7.45954	7.4589
0.0072375	7.4698	7.54024	7.48329	7.4049	7.43098	7.3885	7.33879	7.38682	7.53862
0.0073875	7.4995	7.48903	7.46196	7.39456	7.39928	7.35242	7.24225	7.34833	7.67495
0.00755	7.46489	7.56895	7.4927	7.35322	7.40842	7.26533	7.22265	7.46111	7.3968
0.0077	7.46305	7.34882	7.46516	7.30028	7.42028	7.40338	7.33828	7.31278	7.47993
0.0078625	7.42662	7.35227	7.60113	7.21434	7.38939	7.36674	7.39504	7.46726	7.5441
0.008025	7.52412	7.45624	7.572	7.35634	7.49447	7.33848	7.36345	7.26592	7.50845
0.008175	7.61126	7.41082	7.6769	7.32321	7.48808	7.55453	7.38274	7.32401	7.51972
0.0083375	7.6683	7.42794	7.54069	7.33319	7.42014	7.59907	7.43779	7.35929	7.66485
0.0085	7.55636	7.35711	7.4215	7.30303	7.38949	7.52172	7.58002	7.3323	7.50246
0.0086625	7.49409	7.36335	7.44683	7.29397	7.48826	7.38966	7.43027	7.29054	7.43046
0.008825	7.57974	7.56022	7.45503	7.23879	7.38998	7.3958	7.26903	7.44275	7.43161
0.0089875	7.57925	7.42884	7.4288	7.25115	7.47065	7.35018	7.36392	7.39597	7.49015
0.0091625	7.50678	7.41243	7.36586	7.32965	7.57854	7.32331	7.32198	7.41686	7.36629
0.009325	7.52567	7.53749	7.50671	7.39453	7.55308	7.41193	7.40658	7.27087	7.40066
0.0095	7.41112	7.42003	7.42477	7.30521	7.4143	7.41567	7.32621	7.38352	7.54081
0.0096625	7.51859	7.29436	7.48867	7.4817	7.37758	7.23483	7.28732	7.34034	7.42818
0.0098375	7.64001	7.35278	7.54623	7.44426	7.3798	7.41681	7.33566	7.38596	7.40549
0.0100125	7.61252	7.66737	7.54575	7.30605	7.46154	7.4665	7.29215	7.39916	7.41971
0.0101875	7.54647	7.32051	7.52811	7.31385	7.50688	7.45332	7.43401	7.32038	7.37901
0.0103625	7.50692	7.47947	7.43897	7.35848	7.3734	7.37382	7.30127	7.42545	7.29153
0.0105375	7.4631	7.34593	7.4881	7.24122	7.40835	7.42762	7.29006	7.33293	7.51134
0.0107125	7.50091	7.35967	7.53071	7.13026	7.56872	7.33638	7.36615	7.33838	7.59225
0.0108875	7.61033	7.30011	7.58221	7.19385	7.46924	7.32648	7.3471	7.3329	7.64421
0.0110625	7.52198	7.48633	7.4406	7.46251	7.55503	7.32996	7.41399	7.32514	7.37497
0.01125	7.69029	7.37198	7.46696	7.39886	7.45549	7.46359	7.44485	7.41424	7.55748
0.011425	7.5184	7.20887	7.55423	7.38187	7.5004	7.365	7.21095	7.26778	7.57234
0.0116125	7.49206	7.33374	7.64371	7.50114	7.47043	7.28153	7.34812	7.35433	7.49489
0.0118	7.45618	7.58777	7.48651	7.31546	7.3063	7.34625	7.40695	7.46248	7.59559
0.0119875	7.46814	7.47781	7.55628	7.20422	7.48169	7.37455	7.25988	7.29834	7.3757
0.012175	7.37739	7.38552	7.45025	7.40887	7.53183	7.39167	7.34386	7.37746	7.41466
0.0123625	7.51058	7.42818	7.42121	7.40396	7.36782	7.264	7.45102	7.33782	7.46439
0.01255	7.53018	7.48065	7.46438	7.24322	7.37571	7.25213	7.30731	7.29377	7.44512
0.0127375	7.44811	7.48545	7.46968	7.34104	7.55483	7.21227	7.35484	7.39372	7.40596
0.0129375	7.46014	7.44185	7.63667	7.20741	7.56819	7.35212	7.39682	7.30983	7.46502
0.013125	7.48447	7.52206	7.4593	7.37344	7.37319	7.37825	7.40065	7.45612	7.42902
0.013325	7.46595	7.50123	7.60695	7.21842	7.28846	7.2599	7.31232	7.35495	7.46276
0.0135125	7.44658	7.52607	7.48369	7.19786	7.38441	7.37768	7.41381	7.38823	7.48214
0.0137125	7.42902	7.36481	7.4656	7.31295	7.5014	7.40836	7.30024	7.4226	7.35503
0.0139125	7.40032	7.40527	7.49165	7.24872	7.4802	7.34137	7.25978	7.25815	7.4494
0.0141125	7.66929	7.38067	7.65462	7.20192	7.33871	7.29738	7.3263	7.43084	7.40606
0.0143125	7.4137	7.27995	7.52653	7.19576	7.44994	7.26884	7.31667	7.43076	7.39069
0.0145125	7.52981	7.29258	7.58203	7.15079	7.42434	7.37121	7.23092	7.30562	7.46854
0.014725	7.44555	7.13007	7.45381	7.22505	7.39756	7.2923	7.22594	7.22262	7.44785
0.014925	7.52472	7.34401	7.55062	7.37392	7.38483	7.41237	7.24948	7.34947	7.50126
0.0151375	7.54887	7.29344	7.51768	7.17574	7.30794	7.35499	7.30352	7.29095	7.41145
0.01535	7.51278	7.3356	7.47421	7.14562	7.29999	7.38811	7.18077	7.3376	7.44749
0.01555	7.42816	7.36086	7.40906	7.29087	7.40072	7.31429	7.25417	7.15554	7.34058
0.0157625	7.47419	7.44297	7.47623	7.37146	7.41515	7.37949	7.19156	7.34211	7.2624
0.015975	7.37199	7.35359	7.36032	7.32393	7.41449	7.38457	7.23666	7.33192	7.41866
0.0162	7.2353	7.40933	7.44928	7.26154	7.39301	7.22817	7.31121	7.27118	7.31874
0.0164125	7.38633	7.2368	7.48682	7.33087	7.3739	7.22571	7.30086	7.36958	7.45722
0.016625	7.42217	7.39976	7.54341	7.22834	7.47985	7.35285	7.25852	7.40453	7.4589
0.01685	7.52422	7.39881	7.47515	7.28138	7.47677	7.32615	7.27788	7.29758	7.45422
0.017075	7.49716	7.38049	7.42562	7.33574	7.4673	7.41898	7.37208	7.21967	7.4164
0.0172875	7.45697	7.29428	7.34498	7.20837	7.54771	7.3483	7.28656	7.15765	7.28541
0.0175125	7.39956	7.30616	7.51334	7.30537	7.40314	7.43153	7.24702	7.29016	7.27452
0.0177375	7.45322	7.42575	7.50369	7.30474	7.46135	7.30007	7.36978	7.33849	7.34097
0.0179625	7.49638	7.31706	7.41615	7.23777	7.42158	7.23102	7.25258	7.44593	7.33624
0.0182	7.41409	7.28142	7.32794	7.29504	7.43519	7.52689	7.24647	7.39995	7.40789
0.018425	7.56481	7.34575	7.43391	7.23177	7.42494	7.30429	7.38522	7.30425	7.33884
0.0186625	7.43998	7.25325	7.42936	7.24161	7.29628	7.27524	7.28926	7.3114	7.56482
0.0188875	7.45926	7.27077	7.39798	7.36689	7.25858	7.4123	7.2208	7.35841	7.42617
0.019125	7.41752	7.3357	7.47872	7.20871	7.37983	7.28918	7.23825	7.30352	7.34975
0.0193625	7.38557	7.35574	7.38599	7.24389	7.23183	7.32644	7.24766	7.36211	7.3251
0.0196	7.4387	7.30635	7.43312	7.228	7.41629	7.34281	7.32717	7.39714	7.37349
0.0198375	7.37638	7.45857	7.4233	7.17224	7.4318	7.27263	7.30696	7.31412	7.30496
0.0200875	7.35972	7.26928	7.34276	7.27774	7.41585	7.29751	7.21045	7.22261	7.3094
0.020325	7.26209	7.26389	7.41785	7.39736	7.41292	7.44078	7.19767	7.39396	7.20952
0.020575	7.31317	7.31558	7.37521	7.31163	7.36444	7.35625	7.35837	7.29006	7.35299
0.0208125	7.48522	7.32117	7.50607	7.30309	7.37668	7.33554	7.36715	7.28723	7.461
0.0210625	7.52233	7.24311	7.46128	7.15037	7.36551	7.25051	7.19239	7.25791	7.41476
0.0213125	7.49353	7.33808	7.51539	7.38798	7.3157	7.36767	7.28815	7.27742	7.45151
0.0215625	7.44924	7.43549	7.30936	7.26695	7.3804	7.20481	7.17861	7.30434	7.43465
0.021825	7.2622	7.2567	7.38709	7.34724	7.3371	7.31204	7.21	7.34502	7.38192
0.022075	7.53316	7.39115	7.41767	7.22441	7.32213	7.26749	7.30568	7.21476	7.30496
0.0223375	7.40179	7.30003	7.40774	7.29777	7.40484	7.28635	7.30466	7.37412	7.33195
0.0225875	7.60416	7.29874	7.4926	7.26676	7.54492	7.37202	7.2829	7.36042	7.43475
0.02285	7.43699	7.37067	7.32229	7.37415	7.38441	7.34072	7.1683	7.48911	7.37909
0.0231125	7.36567	7.35286	7.37123	7.26826	7.40371	7.22009	7.28975	7.39126	7.39153
0.023375	7.3461	7.36308	7.53434	7.22925	7.4669	7.3331	7.28857	7.3202	7.52259
0.02365	7.40464	7.24513	7.51965	7.2482	7.37534	7.30775	7.2493	7.32645	7.48924
0.0239125	7.35968	7.09824	7.46061	7.34429	7.46203	7.22267	7.2753	7.44221	7.38229
0.0241875	7.4063	7.27412	7.40954	7.12703	7.41765	7.16782	7.28539	7.28165	7.32389
0.02445	7.40054	7.37469	7.32617	7.2079	7.32099	7.41728	7.22709	7.33091	7.27815
0.024725	7.37696	7.35346	7.41072	7.34418	7.37042	7.43068	7.26941	7.23505	7.41279
0.025	7.45356	7.298	7.406	7.13659	7.44662	7.38935	7.25899	7.27777	7.39927
0.025275	7.41969	7.30082	7.37502	7.16217	7.35445	7.24637	7.20015	7.17821	7.39963
0.0255625	7.31505	7.30113	7.40953	7.2317	7.35596	7.28618	7.29073	7.36572	7.40843
0.0258375	7.28686	7.24645	7.49945	7.21474	7.20998	7.13548	7.23306	7.26802	7.5151
0.026125	7.33392	7.3074	7.3733	7.09377	7.24468	7.34246	7.24498	7.22503	7.34059
0.0264125	7.32479	7.35621	7.48406	7.23728	7.30918	7.37452	7.22643	7.19849	7.3809
0.0267	7.43939	7.26037	7.39177	7.13864	7.41343	7.26446	7.28376	7.39506	7.38789
0.0269875	7.28039	7.1557	7.37625	7.20672	7.26195	7.29759	7.20511	7.2925	7.44331
0.027275	7.28822	7.2887	7.27223	7.12093	7.29358	7.26196	7.32538	7.35137	7.29552
0.027575	7.32755	7.1743	7.34128	7.13106	7.35819	7.1744	7.24674	7.16849	7.29973
0.0278625	7.34446	7.26882	7.47	7.30522	7.34721	7.17236	7.14194	7.09934	7.3556
0.0281625	7.39191	7.27598	7.39976	7.29069	7.34305	7.22061	7.27819	7.31702	7.44406
0.0284625	7.41262	7.27455	7.42682	7.21482	7.32848	7.18477	7.26868	7.33059	7.43639
0.0287625	7.38946	7.23589	7.46825	7.34911	7.43055	7.22778	7.25565	7.27202	7.29637
0.0290625	7.4441	7.2506	7.32609	7.13315	7.40477	7.10532	7.18962	7.21035	7.39458
0.029375	7.4028	7.23897	7.31897	7.27799	7.3084	7.24579	7.3273	7.26894	7.42383
0.029675	7.37262	7.3197	7.43247	7.20339	7.32711	7.2314	7.38331	7.22688	7.43662
0.0299875	7.33803	7.30257	7.46649	7.23956	7.29958	7.15939	7.15153	7.12257	7.38569
0.0303	7.33321	7.34026	7.39326	7.13328	7.11833	7.26282	7.35905	7.25026	7.33838
0.0306125	7.26562	7.24497	7.30312	7.33698	7.17156	7.23987	7.19141	7.34973	7.31898
0.030925	7.2686	7.21259	7.32336	7.21025	7.34841	7.20501	7.09486	7.36106	7.24235
0.03125	7.2388	7.17872	7.35473	7.06212	7.24694	7.23066	7.18844	7.12002	7.30598
0.0315625	7.40861	7.18411	7.47904	7.14847	7.29831	7.22429	7.20468	7.22383	7.32295
0.0318875	7.37174	7.31701	7.25245	7.10122	7.30929	7.19972	7.35239	7.2493	7.4068
0.0322125	7.25314	7.23854	7.31735	7.19685	7.21473	7.1522	7.16522	7.28883	7.39618
0.0325375	7.31891	7.32961	7.40019	7.22407	7.30577	7.27048	7.20221	7.24392	7.24027
0.032875	7.39921	7.2368	7.37709	7.06409	7.35666	7.20671	7.33471	7.37762	7.2932
0.0332	7.39326	7.43564	7.43458	7.14707	7.23325	7.0535	7.29254	7.17423	7.27448
0.0335375	7.34262	7.16352	7.44407	7.22728	7.21631	7.22341	7.31435	7.35106	7.26044
0.033875	7.41655	7.19822	7.40607	7.19661	7.31409	7.11322	7.27914	7.20577	7.34339
0.0342125	7.23691	7.20224	7.42403	7.22445	7.27815	7.2876	7.27438	7.24806	7.19092
0.03455	7.30359	7.17922	7.36095	7.21462	7.20993	7.10753	7.15675	7.24496	7.26953
0.0349	7.38969	7.22419	7.36414	7.14451	7.2622	7.2308	7.26558	7.16812	7.34045
0.03525	7.33416	7.27394	7.30477	7.19115	7.30852	7.1329	7.03681	7.24365	7.45186
0.0355875	7.48007	7.15202	7.38826	7.17962	7.35224	7.1965	7.23898	7.2615	7.33098
0.03595	7.36871	7.16023	7.42676	7.17395	7.22006	7.21822	7.21718	7.224	7.40664
0.0363	7.4258	7.36598	7.42829	7.24146	7.38115	7.30393	7.17017	7.25747	7.31356
0.03665	7.42156	7.25534	7.28741	7.12863	7.29018	7.15246	7.19277	7.17328	7.22763
0.0370125	7.35643	7.25106	7.27922	7.23247	7.23926	7.24632	7.21547	7.2366	7.32511
0.037375	7.34724	7.24638	7.35674	7.20927	7.36044	7.04183	7.12599	7.18245	7.38331
0.0377375	7.44377	7.23664	7.29109	7.18369	7.23334	7.14266	7.21711	7.14804	7.30248
0.0381	7.31342	7.14929	7.33222	7.14781	7.25946	7.19016	7.22851	7.19108	7.30383
0.0384625	7.4326	7.15044	7.48939	7.13653	7.21422	7.17917	7.10524	7.20973	7.23302
0.0388375	7.45774	7.18113	7.40084	7.18505	7.20136	7.14709	7.05935	7.18804	7.20874
0.0392125	7.28305	7.23101	7.44924	7.21295	7.20403	7.16917	7.14332	7.37964	7.18646
0.0395875	7.42304	7.12721	7.37993	7.1037	7.21342	7.2256	7.22269	7.22693	7.30073
0.0399625	7.4137	7.25375	7.47318	7.22359	7.20789	7.21263	7.1768	7.15339	7.27441
0.04035	7.35674	7.28941	7.29512	7.15152	7.22154	7.31334	7.19621	7.20695	7.30209
0.040725	7.37582	7.20373	7.48335	7.15315	7.11631	7.29175	7.14592	7.16958	7.31864
0.0411125	7.32084	7.15882	7.40693	7.0571	7.28015	7.24314	7.13003	7.15272	7.38864
0.0415	7.28702	7.17601	7.36541	7.10273	7.28358	7.20816	7.15912	7.2466	7.29975
0.0419	7.47604	7.11253	7.34883	7.00819	7.30658	7.25912	7.09935	7.21601	7.21014
0.0422875	7.23823	7.17909	7.28703	7.22198	7.20854	7.07497	7.1784	7.2568	7.13602
0.0426875	7.27614	7.16989	7.34027	7.13157	7.26898	7.19104	7.09359	7.14441	7.33563
0.0430875	7.31664	7.14543	7.25798	7.07609	7.13925	7.18862	7.17132	7.20385	7.31337
0.0434875	7.32311	7.10595	7.3605	7.00297	7.22794	7.05796	7.06374	7.21754	7.27437
0.0439	7.33367	7.07465	7.33356	7.24181	7.18044	7.15348	7.06365	7.09948	7.19118
0.0443	7.35435	7.16013	7.37397	7.15071	7.24478	7.15246	7.1717	7.25668	7.23782
0.0447125	7.33659	7.18476	7.31854	7.08829	7.27679	7.21624	7.11198	7.26417	7.24847
0.045125	7.34392	7.17597	7.36261	7.08519	7.282	7.31704	7.17718	7.228	7.26639
0.04555	7.44153	7.18827	7.43222	7.12209	7.24269	7.19915	7.16781	7.1588	7.22086
0.0459625	7.3984	7.2002	7.4052	7.08151	7.26534	7.1005	7.1872	7.21392	7.16237
0.0463875	7.45563	7.19687	7.39161	7.07114	7.14101	7.12429	7.13608	7.11585	7.34439
0.0468125	7.35495	7.11097	7.44559	7.05051	7.28846	7.21592	7.13499	7.15344	7.28616
0.0472375	7.35863	7.04472	7.42102	6.98452	7.15521	7.04053	6.98646	7.20054	7.22651
0.047675	7.2896	7.0563	7.48078	6.9959	7.20931	7.12526	7.01096	7.15618	7.25197
0.0481125	7.36531	7.08279	7.3856	6.99405	7.17641	7.06392	7.20592	7.12354	7.3167
0.04855	7.27273	7.11449	7.47313	7.07755	7.26022	7.10367	7.08732	7.16901	7.27862
0.0489875	7.31449	7.14183	7.37868	7.09064	7.24482	7.15981	7.21343	7.15219	7.2139
0.049425	7.3742	7.16701	7.41338	7.14544	7.21715	7.11454	7.1028	7.2731	7.21862
0.049875	7.43589	7.07067	7.39271	7.11431	7.21222	7.16804	7.17886	7.24658	7.2777
0.050325	7.38188	7.07093	7.30967	7.04166	7.17516	7.10068	7.01488	7.19892	7.29798
0.050775	7.35986	7.12297	7.44291	7.12466	7.13167	7.16487	6.9798	7.09642	7.22394
0.0512375	7.33968	7.08505	7.44859	7.09439	7.31064	7.0834	7.12843	7.1966	7.19982
0.0517	7.26515	7.03103	7.48719	6.97041	7.19105	7.10087	7.075	7.15236	7.25454
0.0521625	7.29311	7.05048	7.40993	7.03896	7.12944	7.11768	7.05911	7.12048	7.09298
0.052625	7.32869	7.12669	7.37507	7.14868	7.20072	7.12845	7.10498	7.09765	7.22583
0.0530875	7.47028	7.0419	7.427	6.98703	7.19744	7.17196	7.0871	7.07331	7.32481
0.0535625	7.30624	7.11513	7.4391	7.00415	7.17954	7.18134	7.15726	7.18277	7.14342
0.0540375	7.35572	7.02738	7.42324	7.12874	7.15233	7.08781	7.12905	7.0056	7.32161
0.0545125	7.42959	7.07479	7.45587	7.1177	7.17956	7.14419	7.10007	7.143	7.23601
0.055	7.36923	7.03251	7.41589	7.11026	7.20429	7.08568	7.14165	7.13288	7.21294
0.0554875	7.36173	7.13412	7.44671	6.98263	7.21857	7.07807	7.01304	7.10825	7.22544
0.055975	7.34981	7.048	7.45273	7.02301	7.25016	7.1038	7.07879	7.1837	7.18621
0.0564625	7.30852	6.96327	7.4339	7.05104	7.17149	7.09037	7.18542	7.09495	7.16908
0.0569625	7.32326	7.02795	7.50178	7.01894	7.24886	7.13148	7.10764	7.15056	7.13771
0.0574625	7.32103	7.03458	7.44515	7.02129	7.17556	7.10496	7.0573	7.11261	7.18378
0.0579625	7.29998	7.01008	7.49304	7.13308	7.16879	7.11654	7.04885	7.03859	7.12624
0.0584625	7.36561	7.11453	7.39605	7.0886	7.19065	7.09329	7.05754	7.09834	7.19088
0.058975	7.35905	7.02441	7.43597	7.09772	7.18312	7.07753	7.04607	7.08968	7.20585
0.0594875	7.3396	7.01879	7.35599	7.02581	7.21115	7.05303	7.11342	7.05372	7.18687
0.06	7.4055	7.09715	7.47293	7.04404	7.09482	7.05622	7.1198	7.01671	7.02601
0.060525	7.35519	7.00381	7.38155	7.00499	7.11855	7.17202	7.1153	7.20282	7.17874
0.06105	7.38387	7.06394	7.43997	6.97797	7.25323	7.0602	7.12016	7.10113	7.22508
0.061575	7.35669	7.1118	7.39017	7.06964	7.14139	7.05305	7.07233	7.12411	7.16714
0.0621125	7.38271	7.00898	7.31262	6.95783	7.15846	7.11289	7.1527	7.14606	7.10552
0.0626375	7.32646	7.00015	7.36988	6.97836	7.2129	7.03877	7.10466	7.11856	7.18101
0.063175	7.39953	6.96908	7.40761	7.06337	7.19825	7.07108	7.1598	7.11669	7.15194
0.063725	7.35277	7.07236	7.38035	7.02595	7.22272	7.09024	7.12341	7.1379	7.10023
0.0642625	7.33991	7.04305	7.48523	7.04256	7.11483	7.05132	7.03993	7.09676	7.13515
0.0648125	7.41967	6.97912	7.47622	7.01138	7.07918	7.12821	7.05308	7.04201	7.11081
0.065375	7.35132	7.13551	7.4159	6.99713	7.10559	7.05184	7.13607	7.05147	7.23771
0.065925	7.46153	7.0131	7.40943	7.0473	7.10617	7.05457	7.03632	6.99599	7.10938
0.0664875	7.32843	7.01352	7.42672	7.04151	7.17075	7.07794	7.05001	7.04604	7.1888
0.06705	7.31947	7.04289	7.46616	7.02038	7.1854	7.15884	6.97115	7.03481	7.17254
0.067625	7.2983	7.02326	7.42211	7.02044	7.12749	7.07663	7.10505	7.06034	7.17401
0.0682	7.31433	7.13425	7.4197	6.82319	7.06789	7.04032	7.04346	7.07106	7.14065
0.068775	7.29613	7.08692	7.45326	6.98514	7.18833	7.07392	7.03998	7.00906	7.08583
0.06935	7.26076	6.92237	7.39649	7.08885	7.105	6.97054	7.02254	7.0749	7.15706
0.0699375	7.29701	7.06485	7.3696	6.95685	7.07316	6.99683	7.0197	7.05094	7.06326
0.070525	7.29436	7.04374	7.40449	6.92563	7.13138	6.95473	7.01914	7.00426	7.13303
0.0711125	7.35142	6.97818	7.39925	7.03379	7.16685	7.01231	6.98553	7.03858	7.11587
0.0717125	7.32129	6.99813	7.44301	6.94843	7.13919	7.03682	7.03778	7.01595	7.11034
0.0723125	7.28059	7.06103	7.39969	6.9827	7.05651	6.97225	6.98519	7.07797	7.10314
0.072925	7.22708	7.04976	7.47707	6.96643	7.10924	7.0357	6.99472	7.07631	7.07709
0.073525	7.24176	7.0454	7.38313	7.06071	7.03645	7.05634	7.04213	7.06293	7.07669
0.07415	7.30436	7.03453	7.39516	7.02617	7.16378	7.03999	6.99984	7.01501	7.07526
0.0747625	7.33556	7.00443	7.36657	6.93695	7.13119	6.96985	6.98573	7.07305	7.09754
0.0753875	7.33746	6.95772	7.43515	6.9421	7.09633	7.01023	6.95939	6.95415	7.00069
0.0760125	7.23305	7.04413	7.40515	6.99302	7.16655	6.97213	6.98471	6.9482	7.05499
0.0766375	7.28749	6.99499	7.38534	6.91701	7.14303	7.00066	6.967	7.0719	7.01201
0.077275	7.33541	6.89123	7.39317	6.9722	7.08662	7.05985	6.9851	7.0171	7.08885
0.0779125	7.26098	6.99603	7.41557	6.93713	7.02051	7.00946	7.0606	6.98418	7.16601
0.0785625	7.32174	6.9731	7.40226	6.94598	7.05926	6.95273	7.03698	6.99623	7.03314
0.0792125	7.26581	7.01322	7.41883	6.97889	7.13313	7.01769	7.06802	6.99874	7.0912
0.0798625	7.18794	6.98225	7.27186	6.98947	7.13464	6.96163	6.93894	6.99057	7.12555
0.080525	7.22923	6.9019	7.40684	6.94847	7.11093	6.98976	6.90723	6.96706	7.12511
0.0811875	7.2157	7.0681	7.31735	6.97532	7.03064	6.96822	6.98498	7.02605	7.00479
0.08185	7.26573	7.01075	7.34619	7.01842	6.97133	6.94742	7.02097	7.00438	7.13144
0.082525	7.25876	6.89144	7.27709	6.93587	7.0467	6.98661	7.00287	7.01369	7.06546
0.0832	7.2031	6.97341	7.25259	6.94564	7.03547	6.97412	6.92537	7.01499	7.09529
0.083875	7.23826	6.93312	7.3321	6.95815	6.97818	6.99639	6.99829	6.90889	7.05864
0.0845625	7.25191	6.98282	7.35576	6.87219	6.99604	6.98727	6.9909	7.02635	7.0357
0.08525	7.24596	7.0052	7.27174	6.98894	7.05709	6.99482	7.00074	6.98513	7.08782
0.08595	7.24438	6.93587	7.36639	6.95906	7.04051	7.00374	7.0066	6.98795	6.9697
0.08665	7.27323	6.95295	7.27274	6.8417	7.11838	7.03077	6.93418	7.03234	7.00112
0.08735	7.31072	6.93966	7.33114	6.83041	7.06922	6.91228	6.93911	6.91499	7.10652
0.0880625	7.23578	6.92877	7.30807	6.90242	7.05019	6.96309	7.01071	6.95187	6.98543
0.088775	7.21542	6.98892	7.35763	6.85032	7.10359	7.02921	6.96792	6.98023	7.09254
0.0895	7.26376	6.96042	7.37024	6.83473	7.12219	6.98009	6.93108	6.94586	7.06409
0.0902125	7.25831	6.94998	7.36989	6.89715	7.10107	6.96366	6.90027	6.98308	7.01424
0.09095	7.23	6.90662	7.3484	6.90127	7.09434	6.92169	6.96194	7.00146	7.1299
0.0916875	7.21152	6.94488	7.30952	6.86739	7.03219	6.94171	6.9184	6.93921	7.01565
0.092425	7.25922	6.9233	7.28134	6.91809	7.03601	7.02463	6.94574	6.97377	7.04328
0.0931625	7.2351	6.93467	7.2474	6.85305	7.03349	7.05216	6.96264	6.97967	7.0648
0.0939125	7.22144	6.87543	7.39119	6.92597	7.0095	6.91833	6.89849	6.8979	7.05644
0.094675	7.20847	6.91456	7.35544	6.85579	7.10882	6.95342	6.89651	6.96508	6.97586
0.095425	7.20496	6.93133	7.28733	6.88017	7.10006	6.99314	6.94886	6.97631	6.94549
0.0962	7.21953	6.96824	7.21628	6.81936	7.00291	7.03918	6.87515	6.9726	6.99414
0.0969625	7.22113	6.86339	7.27907	6.92013	6.9948	6.91962	6.87194	6.89979	7.09938
0.0977375	7.2357	6.88177	7.32296	6.88568	6.96822	6.90129	6.925	6.81235	6.95549
0.098525	7.18927	6.89152	7.31224	6.76244	6.95723	6.84974	6.83799	6.90592	7.01651
0.0993125	7.24685	6.81777	7.26075	6.81834	6.99061	6.88054	6.89305	6.93657	6.98453
0.1001	7.25014	6.88225	7.29428	6.8546	7.01556	6.9337	6.88909	6.94699	7.01208
0.1009	7.26874	6.87219	7.30431	6.83652	6.97997	6.98762	6.97441	6.94983	6.96953
0.1017	7.23191	6.81968	7.31178	6.76865	6.96887	6.94182	7.02596	6.88779	7.08359
0.102513	7.16601	6.90061	7.21204	6.82009	7.00452	6.88553	6.94988	6.92613	6.99704
0.103325	7.18501	6.82952	7.29346	6.79662	7.01502	6.89461	6.92032	6.89851	6.96518
0.10415	7.22275	6.81504	7.24488	6.77189	6.89867	6.99519	6.80105	6.92275	6.96027
0.104975	7.1435	6.84315	7.21386	6.80256	7.01299	6.87595	6.92801	6.92757	6.99878
0.105812	7.17513	6.86507	7.2161	6.85384	6.93343	6.88769	6.82682	6.90471	6.97899
0.10665	7.15905	6.86819	7.26662	6.80312	6.98869	6.95299	6.90596	6.85075	6.99439
0.107487	7.13923	6.89196	7.31314	6.91331	6.95822	6.85814	6.8807	6.90964	6.95644
0.108337	7.23353	6.84725	7.26467	6.83111	6.91765	6.9262	6.8388	6.89119	6.94954
0.109187	7.12569	6.8482	7.20645	6.77636	6.92013	6.84224	6.86691	6.94718	7.051
0.11005	7.2261	6.8457	7.2853	6.82125	6.92567	6.89716	6.80539	6.89625	7.03605
0.110925	7.13602	6.84386	7.19625	6.73489	6.95903	6.90135	6.87318	6.92581	6.92402
0.111787	7.12414	6.90901	7.21156	6.76471	6.95537	6.92555	6.87492	6.86687	6.90819
0.112675	7.12276	6.90645	7.20687	6.86119	6.99968	6.84658	6.9381	6.93186	7.05547
0.11355	7.12499	6.80211	7.16395	6.8351	6.90133	6.95231	6.86995	6.92019	6.96658
0.11445	7.15402	6.86472	7.16467	6.83844	6.92654	6.83474	6.88532	6.89393	6.85023
0.11535	7.11112	6.86142	7.29499	6.84624	6.92329	6.88606	6.88329	6.88992	6.99046
0.11625	7.13422	6.8853	7.18603	6.89021	7.09559	6.85716	6.91443	6.83999	6.90536
0.117163	7.22239	6.83494	7.20113	6.87416	6.98718	6.8866	6.90719	6.88947	6.95489
0.118075	7.21046	6.86605	7.1247	6.79931	6.9855	6.80885	6.82151	6.83799	6.92549
0.119	7.1205	6.75564	7.20548	6.86103	6.9066	6.82398	6.90284	6.86314	6.88681
0.119925	7.00642	6.85735	7.18056	6.77361	6.92827	6.87882	6.82772	6.82819	6.93758
0.120862	7.07026	6.86127	7.1999	6.80918	7.00294	6.86983	6.83451	6.86458	6.97272
0.1218	7.10015	6.85898	7.12628	6.80155	6.98484	6.84245	6.85896	6.91484	6.91106
0.12275	7.12918	6.78651	7.13867	6.79207	6.92578	6.823	6.84061	6.8634	6.9417
0.1237	7.13533	6.75873	7.13945	6.80149	6.92893	6.81026	6.83513	6.85694	6.88485
0.124663	7.11066	6.85102	7.12554	6.81215	6.959	6.80203	6.81137	6.90884	6.92515
0.125638	7.10418	6.84118	7.12335	6.78099	6.86152	6.82856	6.84523	6.86814	6.92675
0.126612	6.97006	6.7572	7.11919	6.79176	6.88235	6.85774	6.81328	6.86452	6.92018
0.127587	7.0623	6.83253	7.12989	6.82027	6.88977	6.80896	6.80238	6.90221	6.90244
0.128575	7.0701	6.8585	7.15249	6.77305	6.86618	6.80982	6.81744	6.86045	6.88463
0.129575	7.13144	6.87802	7.10593	6.77471	6.8706	6.8373	6.82783	6.86374	6.95653
0.130575	7.08608	6.77054	7.17534	6.79397	6.917	6.80062	6.73625	6.87058	6.81639
0.131588	7.06782	6.83869	7.11274	6.69632	6.94838	6.77917	6.76683	6.85231	6.87274
0.1326	7.05976	6.78826	7.03482	6.75725	6.9208	6.79515	6.74551	6.84478	6.89066
0.133625	7.01661	6.77528	7.12993	6.77837	6.88252	6.86412	6.76677	6.81939	6.92568
0.13465	7.06158	6.79025	7.10348	6.7439	6.84782	6.82087	6.86074	6.80612	6.87035
0.135688	7.0772	6.80702	7.16025	6.78755	6.82337	6.83209	6.77026	6.79528	6.88146
0.136737	7.02924	6.76257	7.09088	6.76203	6.88886	6.86112	6.80055	6.80135	6.87295
0.137788	7.03982	6.77686	7.14156	6.71123	6.87914	6.82001	6.82232	6.83241	6.75474
0.13885	7.1039	6.78094	7.08167	6.67617	6.86583	6.76129	6.77035	6.82284	6.8496
0.139913	7.10542	6.76659	7.06278	6.72518	6.77432	6.81298	6.7779	6.81913	6.95694
0.140988	7.00324	6.88393	7.09983	6.67759	6.90143	6.82779	6.74597	6.80486	6.8368
0.142075	7.06408	6.74388	7.07179	6.80801	6.89129	6.79056	6.81303	6.84541	6.8649
0.143163	7.0517	6.78162	7.17462	6.76122	6.92334	6.74688	6.78911	6.7582	6.84201
0.14425	7.0597	6.78377	7.11504	6.74101	6.91169	6.79004	6.82932	6.74276	6.86887
0.145362	7.1179	6.71415	7.10682	6.68471	6.84036	6.74495	6.77554	6.82882	6.84666
0.146475	7.0299	6.81555	7.09051	6.80347	6.87135	6.76659	6.77142	6.77412	6.81466
0.147587	7.03283	6.78746	6.99407	6.76762	6.8364	6.78766	6.67283	6.73651	6.84278
0.148713	7.06854	6.7326	7.14501	6.7428	6.92021	6.79237	6.73377	6.78886	6.86344
0.14985	7.03332	6.72957	7.07942	6.66912	6.87849	6.78256	6.74383	6.75578	6.84946
0.150988	7.02021	6.69709	7.01129	6.75245	6.91568	6.79042	6.71395	6.8184	6.88712
0.15215	7.04897	6.69822	7.0251	6.78019	6.85981	6.817	6.7599	6.7752	6.78689
0.1533	7.0322	6.74068	7.07147	6.73122	6.85871	6.78919	6.82428	6.81699	6.78973
0.154475	7.00567	6.69883	7.02595	6.67653	6.85946	6.71254	6.7117	6.76554	6.83617
0.15565	6.98094	6.70038	7.06232	6.68275	6.84797	6.79588	6.68772	6.77098	6.82162
0.156825	7.02779	6.73786	7.0941	6.71924	6.85264	6.63589	6.77008	6.77004	6.83247
0.158012	6.9601	6.70293	7.07908	6.69069	6.82692	6.68191	6.71314	6.78146	6.81389
0.159212	6.9496	6.71484	7.07016	6.62494	6.79541	6.76716	6.66704	6.7611	6.8365
0.160425	7.05053	6.71155	7.06455	6.68078	6.80792	6.70317	6.6615	6.77313	6.78027
0.161637	6.99413	6.66257	7.04029	6.70424	6.82192	6.70586	6.7254	6.68912	6.72878
0.162862	7.02913	6.6944	7.03979	6.67042	6.79292	6.72898	6.74386	6.73232	6.80722
0.1641	6.98555	6.71733	7.00429	6.67822	6.85254	6.7629	6.71076	6.76638	6.80927
0.165338	6.94942	6.75328	6.99304	6.71939	6.76777	6.74416	6.71798	6.79974	6.81392
0.166588	6.99164	6.70856	6.9815	6.70188	6.77397	6.7072	6.71321	6.75057	6.82473
0.16785	6.97174	6.69253	7.065	6.69394	6.78774	6.63731	6.75474	6.72314	6.85064
0.169113	6.9723	6.68423	7.04826	6.65489	6.79088	6.69914	6.66838	6.7076	6.7585
0.170388	6.98738	6.69497	7.02203	6.57215	6.75462	6.67007	6.70059	6.64983	6.80708
0.171675	6.98224	6.64076	6.98516	6.61818	6.80999	6.64661	6.69769	6.72927	6.72753
0.172975	6.98285	6.70748	7.00045	6.70566	6.81658	6.72565	6.69784	6.66732	6.75025
0.174275	6.96737	6.66083	6.99315	6.58007	6.78168	6.73411	6.64433	6.69656	6.73482
0.175588	6.96043	6.64541	6.99979	6.64612	6.8286	6.61724	6.68623	6.72649	6.71587
0.176913	6.95228	6.62783	6.952	6.61686	6.72317	6.64412	6.64045	6.66831	6.77732
0.178237	6.92288	6.67706	6.95296	6.67732	6.72055	6.65113	6.60522	6.73296	6.78181
0.179575	6.97416	6.69595	6.98098	6.66664	6.81749	6.66484	6.61847	6.6801	6.72334
0.180925	6.89732	6.67959	7.02718	6.67432	6.72691	6.64298	6.66507	6.61441	6.73483
0.182287	6.95491	6.67632	7.00784	6.58156	6.73301	6.65014	6.67853	6.6892	6.71937
0.18365	6.96669	6.63633	7.01031	6.5988	6.80216	6.64433	6.64413	6.73488	6.68379
0.185025	6.92303	6.65441	6.94544	6.64616	6.78849	6.68243	6.63527	6.71451	6.76294
0.186412	6.91865	6.63747	6.92355	6.60686	6.80698	6.68684	6.63631	6.72197	6.70993
0.187813	6.9032	6.62681	6.93739	6.62884	6.70405	6.63395	6.59068	6.71959	6.72843
0.189213	6.87652	6.56302	7.0091	6.63833	6.7506	6.67713	6.62419	6.70797	6.73211
0.190637	6.94341	6.61213	6.96455	6.58366	6.7217	6.64277	6.68002	6.67723	6.78093
0.192062	6.85124	6.61565	6.97508	6.62295	6.76728	6.7394	6.65993	6.69714	6.71912
0.193487	6.89839	6.62233	6.94322	6.65876	6.71559	6.63218	6.62717	6.61667	6.70012
0.194937	6.93229	6.60715	6.94709	6.61409	6.70365	6.62973	6.63486	6.61426	6.74774
0.196387	6.88874	6.62869	6.98289	6.66446	6.71688	6.6601	6.6441	6.65724	6.77192
0.197863	6.91928	6.629	6.9283	6.59369	6.7196	6.65692	6.67816	6.64617	6.69042
0.199337	6.89879	6.6274	6.94245	6.54903	6.65232	6.59039	6.61652	6.66662	6.70241
0.200825	6.8861	6.60318	6.94573	6.61071	6.75913	6.63507	6.61393	6.61376	6.75262
0.202312	6.90611	6.63356	6.98554	6.5494	6.70784	6.61385	6.57396	6.61016	6.69574
0.203825	6.89312	6.60131	6.89005	6.57286	6.75591	6.68183	6.62762	6.6749	6.76238
0.205337	6.80618	6.64538	6.92744	6.56817	6.73501	6.57091	6.61923	6.60776	6.6348
0.206862	6.82392	6.57048	6.95241	6.52979	6.72901	6.56451	6.63297	6.61407	6.69104
0.2084	6.88157	6.59763	6.90285	6.56043	6.70359	6.62603	6.61738	6.65555	6.74999
0.20995	6.84073	6.60603	6.88031	6.55162	6.68374	6.5917	6.63813	6.62663	6.70687
0.211513	6.897	6.59264	6.90095	6.59493	6.72569	6.62938	6.58067	6.63375	6.67993
0.213087	6.8484	6.59552	6.85864	6.58727	6.70622	6.61947	6.60396	6.57487	6.65122
0.214663	6.87556	6.57688	6.90085	6.55315	6.67718	6.57727	6.58687	6.62458	6.6641
0.21625	6.8638	6.60483	6.89297	6.6067	6.72674	6.6175	6.54946	6.58745	6.68465
0.217863	6.85156	6.58739	6.92762	6.57828	6.65201	6.59878	6.57797	6.58953	6.65868
0.219475	6.85356	6.58522	6.90701	6.49073	6.69368	6.56526	6.58199	6.58017	6.65689
0.2211	6.85986	6.59404	6.86885	6.54526	6.66858	6.60765	6.57465	6.63466	6.61971
0.222738	6.81855	6.54495	6.87598	6.50998	6.6614	6.55184	6.55365	6.56307	6.69345
0.224387	6.84982	6.56529	6.88751	6.52643	6.65513	6.5505	6.56194	6.53117	6.65381
0.226038	6.84641	6.55251	6.88288	6.5052	6.68027	6.53373	6.61886	6.54446	6.64327
0.227712	6.86373	6.56236	6.89414	6.46792	6.61262	6.5773	6.52803	6.59618	6.70744
0.2294	6.8258	6.56761	6.88616	6.50763	6.6806	6.5721	6.55951	6.56234	6.63865
0.231088	6.80583	6.52861	6.84455	6.54924	6.64501	6.55801	6.54715	6.5958	6.6264
0.2328	6.84752	6.54234	6.8898	6.58124	6.60112	6.6076	6.58163	6.58088	6.67276
0.234512	6.79739	6.49224	6.81424	6.53884	6.63319	6.50525	6.57011	6.56438	6.6398
0.236237	6.76523	6.58685	6.85228	6.49964	6.66838	6.53691	6.57294	6.58643	6.64508
0.237988	6.77173	6.54023	6.88589	6.49608	6.63028	6.57722	6.53187	6.58965	6.61244
0.239737	6.8141	6.49104	6.84646	6.50575	6.64244	6.53716	6.50593	6.58192	6.59406
0.2415	6.8197	6.54124	6.84	6.48664	6.64892	6.51822	6.52914	6.57186	6.6139
0.243275	6.79025	6.50451	6.84767	6.4652	6.62475	6.48602	6.48547	6.56236	6.6312
0.245075	6.78252	6.56113	6.81564	6.49093	6.6597	6.49431	6.52059	6.56186	6.58482
0.246875	6.80898	6.54755	6.82152	6.46831	6.65416	6.5412	6.52031	6.53949	6.55513
0.248688	6.78721	6.52168	6.85282	6.4444	6.61856	6.47716	6.47054	6.54298	6.59181
0.250513	6.82129	6.51651	6.81273	6.47635	6.59218	6.50784	6.48096	6.49951	6.58922
0.252362	6.76595	6.51723	6.8126	6.45266	6.59706	6.48242	6.52069	6.52901	6.60355
0.254212	6.74657	6.52076	6.83779	6.4799	6.64216	6.5427	6.47909	6.5418	6.63576
0.256075	6.75225	6.46972	6.8125	6.43813	6.61986	6.49764	6.50369	6.50684	6.58344
0.25795	6.77438	6.49906	6.81045	6.4477	6.5403	6.5596	6.47065	6.55938	6.6531
0.25985	6.71744	6.43843	6.8565	6.43124	6.59756	6.51719	6.54825	6.52137	6.63869
0.26175	6.78388	6.47461	6.76787	6.45147	6.60347	6.50549	6.52194	6.56013	6.61667
0.263675	6.75877	6.52559	6.77646	6.45099	6.60647	6.55487	6.49969	6.52717	6.60777
0.2656	6.72187	6.53679	6.74677	6.51139	6.57179	6.49027	6.45657	6.47731	6.61674
0.26755	6.74391	6.4783	6.81965	6.42362	6.63535	6.49795	6.48084	6.49372	6.55083
0.2695	6.77228	6.45899	6.7961	6.49956	6.61359	6.47439	6.47552	6.51579	6.56785
0.271475	6.72436	6.49962	6.79264	6.42881	6.62326	6.53013	6.48602	6.52515	6.51837
0.273463	6.73158	6.45638	6.80888	6.43159	6.6377	6.4325	6.47509	6.53696	6.53974
0.275463	6.77369	6.43097	6.79742	6.41326	6.56707	6.48459	6.41146	6.49988	6.56824
0.277475	6.75934	6.44892	6.77799	6.43206	6.58716	6.46307	6.45847	6.51454	6.51295
0.2795	6.73534	6.42223	6.82997	6.40876	6.56549	6.47169	6.51495	6.48722	6.63133
0.28155	6.80075	6.49537	6.80342	6.45812	6.54351	6.48023	6.43453	6.52494	6.53054
0.2836	6.70414	6.41399	6.76651	6.40729	6.54342	6.46852	6.51218	6.5167	6.53751
0.285675	6.71549	6.44174	6.7747	6.4102	6.58596	6.48611	6.47161	6.50121	6.54446
0.28775	6.73566	6.43593	6.77526	6.42573	6.54544	6.48253	6.44972	6.47333	6.52175
0.28985	6.6661	6.48728	6.77807	6.39507	6.55974	6.42822	6.46702	6.48619	6.53258
0.291963	6.73054	6.42085	6.78407	6.45577	6.55473	6.46543	6.43527	6.54283	6.56216
0.2941	6.70833	6.4463	6.7482	6.41378	6.54662	6.45702	6.46285	6.45621	6.50035
0.296237	6.66104	6.41158	6.75869	6.42674	6.49053	6.41546	6.47084	6.46825	6.56568
0.2984	6.68069	6.44714	6.7121	6.4503	6.54084	6.43874	6.47218	6.44898	6.52205
0.300563	6.64722	6.42854	6.73651	6.40903	6.51293	6.43822	6.46902	6.43839	6.55009
0.30275	6.6848	6.39652	6.73819	6.41738	6.50323	6.46969	6.39728	6.4343	6.54407
0.304962	6.63983	6.42057	6.7584	6.39283	6.55209	6.44272	6.42843	6.44884	6.52027
0.307175	6.6808	6.41211	6.71612	6.4007	6.49688	6.46732	6.42088	6.48196	6.47962
0.309413	6.7047	6.41663	6.73917	6.36814	6.56927	6.4278	6.4167	6.44517	6.52983
0.311662	6.66783	6.37504	6.76225	6.39118	6.52183	6.45412	6.40261	6.46178	6.55006
0.313925	6.68444	6.36891	6.73107	6.39435	6.47448	6.39636	6.37265	6.46393	6.48489
0.3162	6.69876	6.39347	6.73594	6.39603	6.50288	6.42247	6.40906	6.44759	6.45738
0.3185	6.62326	6.40605	6.73466	6.36715	6.53513	6.42337	6.38574	6.43129	6.48343
0.320812	6.65427	6.3599	6.69098	6.38262	6.47721	6.4269	6.40078	6.39144	6.46005
0.323137	6.5932	6.39769	6.66657	6.38223	6.48475	6.44959	6.39126	6.44433	6.50235
0.325475	6.64069	6.4402	6.72889	6.36436	6.47168	6.44772	6.42023	6.4361	6.47702
0.327837	6.60341	6.38775	6.71072	6.38541	6.48561	6.39457	6.40425	6.39488	6.46724
0.330213	6.64137	6.3443	6.72643	6.39877	6.48532	6.40146	6.40211	6.41361	6.54571
0.332613	6.6281	6.41256	6.70697	6.34715	6.52416	6.42975	6.35606	6.43807	6.53529
0.335012	6.63459	6.36692	6.69003	6.35089	6.47921	6.40201	6.33325	6.42759	6.46835
0.33745	6.64246	6.37953	6.68652	6.38418	6.51395	6.37138	6.39821	6.39516	6.42632
0.339887	6.63654	6.3667	6.69677	6.32118	6.47113	6.40491	6.40874	6.40889	6.47066
0.34235	6.59658	6.40041	6.65592	6.36524	6.4154	6.4111	6.3478	6.43556	6.4829
0.344825	6.60955	6.38192	6.64929	6.3094	6.45258	6.35713	6.34509	6.39443	6.434
0.347325	6.6258	6.35645	6.74474	6.30855	6.47432	6.3666	6.3893	6.40112	6.48598
0.349825	6.57993	6.35025	6.686	6.3655	6.48704	6.38043	6.3477	6.38616	6.44175
0.352363	6.62267	6.37052	6.69183	6.35604	6.46117	6.361	6.3502	6.38541	6.50125
0.3549	6.61893	6.38217	6.67481	6.32937	6.48062	6.33458	6.33843	6.41817	6.46732
0.357475	6.60299	6.3746	6.65496	6.32658	6.46314	6.39702	6.37301	6.37563	6.45588
0.36005	6.61035	6.35097	6.63879	6.32149	6.44171	6.35495	6.32266	6.38286	6.46192
0.36265	6.60728	6.36635	6.6768	6.35157	6.48686	6.33607	6.33123	6.38899	6.44461
0.365275	6.58065	6.33373	6.60323	6.3113	6.43485	6.35554	6.31246	6.40306	6.49331
0.3679	6.57207	6.31242	6.63465	6.3512	6.4391	6.33592	6.3373	6.38898	6.4305
0.370562	6.59988	6.33874	6.65523	6.36395	6.46602	6.33108	6.37427	6.40521	6.41199
0.373237	6.61039	6.35243	6.60037	6.31049	6.39308	6.37453	6.33317	6.38272	6.40248
0.375925	6.55878	6.29119	6.6505	6.29973	6.45266	6.31889	6.32929	6.34378	6.40358
0.378637	6.59264	6.32307	6.6245	6.31644	6.45397	6.34842	6.36123	6.36974	6.40016
0.381362	6.58793	6.31113	6.63335	6.27234	6.41359	6.35263	6.3646	6.38197	6.42177
0.384113	6.57225	6.31862	6.60253	6.26991	6.41477	6.3193	6.31251	6.3321	6.42295
0.386875	6.5598	6.31517	6.66556	6.31337	6.41813	6.34142	6.32525	6.38792	6.42371
0.389663	6.56428	6.33146	6.63416	6.28092	6.40676	6.34798	6.34231	6.36797	6.45953
0.392462	6.56604	6.26981	6.58204	6.25084	6.42042	6.35073	6.32281	6.35817	6.40543
0.395288	6.53939	6.35251	6.60832	6.30889	6.39468	6.29318	6.27354	6.36994	6.40998
0.398138	6.54748	6.29141	6.56409	6.27081	6.44148	6.34253	6.33446	6.33547	6.37447
0.401	6.5519	6.30921	6.65249	6.31882	6.391	6.32604	6.32089	6.37507	6.38817
0.403888	6.53769	6.3171	6.59385	6.30645	6.41075	6.29929	6.28511	6.32771	6.39528
0.406788	6.56883	6.31143	6.60751	6.23715	6.40871	6.31139	6.30105	6.33147	6.4037
0.409712	6.56338	6.31677	6.58011	6.26661	6.40755	6.3001	6.30384	6.30998	6.41807
0.41265	6.53272	6.30362	6.61359	6.30951	6.38317	6.31316	6.31507	6.32943	6.42621
0.415612	6.54071	6.29658	6.60086	6.27844	6.3789	6.32513	6.28713	6.32997	6.38464
0.4186	6.5557	6.26607	6.59076	6.25722	6.40611	6.32953	6.30514	6.34442	6.40305
0.421613	6.51985	6.31312	6.55399	6.23183	6.40212	6.32009	6.317	6.33605	6.3878
0.424637	6.5291	6.29254	6.56986	6.27266	6.40244	6.30421	6.27314	6.29957	6.39736
0.427687	6.51649	6.30071	6.59281	6.26057	6.40653	6.26873	6.29928	6.30874	6.40496
0.43075	6.46621	6.25733	6.55994	6.24318	6.42432	6.26195	6.26213	6.33764	6.39631
0.433838	6.51264	6.28513	6.5681	6.23378	6.38649	6.28857	6.28814	6.29707	6.38588
0.43695	6.47502	6.27865	6.53561	6.24983	6.38883	6.31736	6.25393	6.32324	6.36185
0.440087	6.49785	6.27219	6.54864	6.23172	6.4149	6.28131	6.26349	6.29716	6.40503
0.443238	6.49201	6.28967	6.58452	6.23253	6.32712	6.27986	6.30218	6.31884	6.38743
0.446413	6.50575	6.29178	6.54292	6.24203	6.37352	6.27735	6.2953	6.27022	6.39702
0.449612	6.51796	6.29051	6.56452	6.22019	6.38018	6.27863	6.2971	6.27868	6.34657
0.452837	6.49996	6.254	6.54166	6.241	6.35715	6.303	6.29609	6.30242	6.34948
0.456075	6.47697	6.25633	6.54677	6.22397	6.36307	6.26948	6.25136	6.30488	6.39527
0.459338	6.50852	6.22392	6.50618	6.21358	6.38545	6.27422	6.26962	6.28997	6.36752
0.462625	6.47829	6.28155	6.56554	6.21669	6.33841	6.28386	6.25999	6.29202	6.37427
0.465937	6.49143	6.23712	6.54679	6.19513	6.36085	6.2611	6.2727	6.28571	6.37536
0.469275	6.50714	6.22972	6.53677	6.25221	6.3521	6.30336	6.20093	6.30859	6.3646
0.472625	6.4921	6.25109	6.53646	6.21935	6.3435	6.23823	6.25663	6.25977	6.32817
0.476012	6.4966	6.25476	6.52542	6.23258	6.30284	6.27773	6.23784	6.28982	6.33972
0.479412	6.51707	6.20985	6.56454	6.21888	6.34542	6.29569	6.26309	6.26767	6.34516
0.482837	6.47239	6.2125	6.55254	6.18808	6.3276	6.23433	6.2336	6.29168	6.35101
0.486288	6.44949	6.23447	6.52476	6.27463	6.33664	6.2469	6.23941	6.25364	6.33041
0.489763	6.44266	6.24246	6.48404	6.19635	6.33252	6.25625	6.20584	6.24315	6.33489
0.493262	6.47523	6.2073	6.49974	6.21232	6.31486	6.26662	6.25077	6.2828	6.30604
0.496787	6.4587	6.24678	6.52088	6.19182	6.29855	6.26485	6.21942	6.29186	6.31699
0.500337	6.4464	6.23521	6.47342	6.16569	6.32656	6.25668	6.24432	6.24963	6.36337
0.503913	6.44275	6.2255	6.52805	6.16765	6.31169	6.24381	6.25414	6.25088	6.30258
0.5075	6.47545	6.23092	6.49097	6.20501	6.30445	6.26138	6.23404	6.22681	6.33306
0.511125	6.43523	6.2474	6.51359	6.21009	6.32565	6.2898	6.20766	6.25002	6.33432
0.514775	6.47368	6.22668	6.49675	6.19377	6.35023	6.19723	6.21027	6.2829	6.29793
0.51845	6.46919	6.18955	6.51417	6.21413	6.34857	6.23955	6.19524	6.24214	6.30192
0.52215	6.45978	6.17786	6.48066	6.18248	6.31929	6.25012	6.17487	6.24094	6.30003
0.525863	6.46438	6.18647	6.4852	6.17176	6.30238	6.23067	6.2332	6.23814	6.28723
0.529612	6.4354	6.20815	6.48796	6.16616	6.31333	6.26973	6.21959	6.26396	6.28356
0.533387	6.4382	6.2075	6.47864	6.17399	6.3194	6.21449	6.2124	6.24798	6.31567
0.537188	6.41682	6.18403	6.48412	6.16634	6.32984	6.21261	6.20987	6.25371	6.27107
0.541025	6.42001	6.19194	6.48447	6.18451	6.32092	6.21209	6.18751	6.25914	6.25956
0.544875	6.4302	6.22627	6.47831	6.1939	6.29217	6.2005	6.19604	6.22316	6.30033
0.54875	6.43019	6.20505	6.47855	6.15171	6.30082	6.2015	6.22778	6.2534	6.25579
0.552662	6.44449	6.20991	6.49282	6.18441	6.27578	6.20864	6.20829	6.22041	6.31262
0.5566	6.42892	6.19979	6.49149	6.15918	6.32163	6.25996	6.20483	6.20131	6.33848
0.560562	6.41245	6.20555	6.45755	6.14227	6.29865	6.19973	6.19258	6.19858	6.29275
0.56455	6.4087	6.1808	6.42408	6.17016	6.28184	6.20662	6.17568	6.18352	6.29828
0.568563	6.37975	6.17813	6.46088	6.17107	6.2713	6.19727	6.16999	6.22442	6.26251
0.572613	6.37967	6.16335	6.49879	6.1711	6.2945	6.18173	6.19007	6.20905	6.24998
0.576688	6.40093	6.18788	6.47097	6.15383	6.30058	6.19402	6.16744	6.22918	6.29794
0.580787	6.40456	6.15254	6.44012	6.17114	6.2967	6.19409	6.19439	6.19051	6.29076
0.584912	6.39272	6.14924	6.44096	6.15434	6.29233	6.18048	6.1929	6.20161	6.23425
0.589075	6.42334	6.17446	6.4627	6.18812	6.25162	6.18788	6.17389	6.23252	6.28854
0.593262	6.38238	6.16328	6.43572	6.16424	6.25815	6.1735	6.16376	6.245	6.28701
0.597475	6.36395	6.14585	6.43832	6.15835	6.27334	6.20489	6.19247	6.23487	6.29347
0.601725	6.38182	6.18762	6.42414	6.15432	6.26726	6.18765	6.20382	6.19769	6.26304
0.606	6.42589	6.1866	6.46808	6.12499	6.28351	6.19427	6.13074	6.20092	6.28143
0.6103	6.39642	6.11952	6.41628	6.16159	6.32141	6.18101	6.18717	6.20779	6.29548
0.614637	6.38566	6.14912	6.44428	6.1173	6.29251	6.16268	6.18322	6.20982	6.27924
0.619	6.39055	6.21485	6.4237	6.13666	6.28326	6.17566	6.17168	6.22416	6.24558
0.6234	6.39292	6.13237	6.40941	6.17147	6.29142	6.19541	6.16691	6.19622	6.26116
0.627825	6.34207	6.15424	6.42891	6.13873	6.23638	6.13924	6.18205	6.20184	6.23429
0.632275	6.38889	6.12298	6.42765	6.10627	6.26262	6.14925	6.14513	6.18553	6.2577
0.636762	6.35677	6.17127	6.4436	6.11629	6.27215	6.14801	6.13824	6.19223	6.24525
0.641288	6.35717	6.14848	6.39974	6.11567	6.25805	6.17696	6.15577	6.18398	6.2747
0.645837	6.37104	6.14709	6.40057	6.1044	6.26097	6.1707	6.15253	6.19284	6.24536
0.650412	6.36172	6.15998	6.38488	6.11245	6.2291	6.19244	6.1787	6.20164	6.24862
0.655025	6.3357	6.17133	6.38535	6.12907	6.2326	6.1552	6.15284	6.17067	6.26443
0.659675	6.37398	6.15677	6.40525	6.11543	6.2376	6.16893	6.11668	6.18862	6.22476
0.66435	6.35579	6.14144	6.37394	6.11937	6.246	6.1378	6.1527	6.15928	6.2445
0.66905	6.36361	6.15358	6.40531	6.12439	6.26748	6.1514	6.14616	6.18324	6.25104
0.6738	6.33057	6.14728	6.40149	6.1037	6.25217	6.14526	6.13251	6.15982	6.22527
0.678575	6.33509	6.1342	6.40819	6.09598	6.26013	6.15116	6.13355	6.15115	6.26025
0.683375	6.34311	6.11068	6.38312	6.10285	6.25775	6.16055	6.15558	6.15714	6.2314
0.688225	6.33957	6.13558	6.39789	6.11011	6.2262	6.1408	6.11783	6.1751	6.21854
0.6931	6.34921	6.10992	6.36666	6.10215	6.2377	6.17518	6.10936	6.19305	6.22265
0.698	6.37085	6.1169	6.38266	6.11634	6.2511	6.17733	6.11837	6.14585	6.23622
0.70295	6.32977	6.1282	6.3763	6.09263	6.22988	6.12128	6.11509	6.18429	6.24008
0.707925	6.34884	6.118	6.3888	6.08602	6.22567	6.16986	6.14481	6.17179	6.23761
0.712937	6.3266	6.11863	6.36022	6.0968	6.2193	6.15199	6.12336	6.16222	6.1967
0.717975	6.32853	6.11476	6.36685	6.08531	6.22073	6.13083	6.11401	6.17293	6.21531
0.723063	6.32078	6.11329	6.374	6.08308	6.22652	6.13849	6.11652	6.15818	6.2127
0.728175	6.31805	6.08842	6.34209	6.10545	6.248	6.13417	6.12303	6.16638	6.22048
0.733325	6.31665	6.11133	6.37008	6.06988	6.19899	6.09969	6.11874	6.17535	6.19881
0.738513	6.29898	6.08943	6.37698	6.08817	6.27418	6.14657	6.11203	6.15308	6.2362
0.743738	6.32254	6.11457	6.36295	6.06498	6.19774	6.11668	6.12107	6.14596	6.19137
0.749	6.30265	6.10041	6.38323	6.10803	6.21683	6.1106	6.1238	6.16275	6.22254
0.754287	6.32384	6.12226	6.36842	6.09954	6.22344	6.13514	6.11621	6.14724	6.22151
0.759625	6.29308	6.10119	6.37254	6.11044	6.23092	6.11834	6.11446	6.13002	6.21505
0.765	6.30015	6.09604	6.34911	6.09774	6.21932	6.14351	6.10768	6.15914	6.22019
0.7704	6.30802	6.06947	6.32303	6.09531	6.19636	6.12638	6.09724	6.13162	6.20271
0.77585	6.31875	6.10527	6.33507	6.08615	6.18237	6.09855	6.10173	6.14541	6.21701
0.781325	6.30203	6.09691	6.36488	6.08073	6.21436	6.11128	6.10624	6.13249	6.21121
0.78685	6.29719	6.09851	6.37229	6.09065	6.19669	6.1111	6.09409	6.13012	6.18601
0.7924	6.31127	6.07226	6.33675	6.0477	6.21323	6.1017	6.10401	6.12316	6.20811
0.798	6.2994	6.07513	6.35173	6.10455	6.21347	6.11267	6.11785	6.13648	6.20254
0.803638	6.25735	6.09755	6.36045	6.08492	6.18536	6.11738	6.11175	6.12156	6.1913
0.809313	6.27708	6.09353	6.30402	6.0725	6.21681	6.09856	6.10443	6.16557	6.20138
0.815025	6.26977	6.07998	6.30658	6.04711	6.19433	6.09342	6.10069	6.12968	6.19104
0.820775	6.27292	6.10618	6.30973	6.09728	6.19402	6.11186	6.10699	6.15849	6.20953
0.826575	6.28487	6.09252	6.32355	6.09365	6.19321	6.1173	6.09362	6.14325	6.2008
0.8324	6.28859	6.08709	6.33164	6.05425	6.20168	6.10592	6.09207	6.1443	6.18386
0.838275	6.27226	6.08069	6.34092	6.05529	6.20437	6.0948	6.08094	6.12286	6.20678
0.8442	6.26082	6.08041	6.33696	6.05974	6.20006	6.1184	6.09046	6.12107	6.20457
0.85015	6.31587	6.06687	6.35765	6.07278	6.21478	6.10853	6.09839	6.10015	6.16626
0.85615	6.26995	6.07396	6.29871	6.05177	6.18843	6.10666	6.10604	6.13831	6.16966
0.862188	6.29653	6.10857	6.31611	6.06521	6.18897	6.11257	6.08891	6.12447	6.22994
0.868263	6.28654	6.08866	6.33879	6.08046	6.20621	6.10843	6.05791	6.12904	6.19693
0.874388	6.25741	6.07121	6.30448	6.05346	6.18306	6.09755	6.09634	6.12916	6.17569
0.88055	6.27928	6.08421	6.30726	6.05876	6.18359	6.08343	6.10597	6.12472	6.20061
0.886762	6.28157	6.06692	6.33937	6.0523	6.16142	6.08377	6.07827	6.11671	6.18249
0.893013	6.27069	6.07963	6.29769	6.0363	6.20091	6.09673	6.0887	6.11431	6.18275
0.8993	6.25177	6.06336	6.31893	6.03916	6.1853	6.06014	6.06993	6.10198	6.16536
0.905638	6.27215	6.07183	6.30001	6.05069	6.18413	6.10068	6.05091	6.10263	6.19349
0.912025	6.28279	6.03642	6.2947	6.03696	6.19019	6.08648	6.06672	6.13977	6.18576
0.91845	6.24019	6.06965	6.29526	6.06026	6.19651	6.08435	6.09197	6.11324	6.16639
0.924925	6.25229	6.05999	6.30521	6.05731	6.16715	6.08527	6.05803	6.1213	6.18424
0.931437	6.278	6.08999	6.28115	6.06147	6.17135	6.1316	6.04975	6.12416	6.20584
0.938	6.28409	6.04626	6.26984	6.03916	6.17179	6.08699	6.07473	6.11774	6.16444
0.9446	6.28961	6.04883	6.30799	6.0325	6.1754	6.09958	6.06487	6.10697	6.16053
0.95125	6.27273	6.073	6.29641	6.05373	6.18756	6.06866	6.08045	6.08958	6.1921
0.95795	6.24607	6.03952	6.28336	6.02777	6.1703	6.0673	6.06185	6.10798	6.17666
0.9647	6.24822	6.05359	6.28856	6.0519	6.1478	6.0763	6.06814	6.10773	6.16329
0.971488	6.26608	6.05367	6.27758	6.03584	6.19531	6.08348	6.05143	6.10348	6.17522
0.978325	6.26387	6.04684	6.26072	6.05016	6.14223	6.08033	6.06392	6.13895	6.18312
0.985213	6.24997	6.0409	6.2923	6.03603	6.16882	6.0927	6.03097	6.10565	6.17653
0.992137	6.25958	6.0654	6.26339	6.03938	6.1651	6.09826	6.04943	6.09943	6.15544
0.999125	6.26293	6.05216	6.25527	6.03035	6.1728	6.09402	6.07801	6.12623	6.13798
1.00615	6.24792	6.04977	6.26345	6.0503	6.16579	6.09141	6.06455	6.08351	6.14495
1.01324	6.2204	6.05556	6.26311	6.04605	6.18827	6.07095	6.03173	6.08662	6.16085
1.02036	6.24505	6.04362	6.29595	6.03031	6.14518	6.06649	6.04249	6.09161	6.17966
1.02754	6.25125	6.02989	6.25929	6.05862	6.17488	6.06853	6.03948	6.09547	6.14075
1.03476	6.21488	6.04443	6.28201	6.03411	6.14743	6.07007	6.02123	6.08697	6.1298
1.04204	6.2384	6.05303	6.26024	6.06371	6.15946	6.063	6.03826	6.07124	6.1538
1.04936	6.20814	6.0584	6.25688	6.02432	6.17068	6.09307	6.05274	6.09859	6.16715
1.05675	6.20817	6.0597	6.24742	6.0366	6.15315	6.08378	6.03001	6.09773	6.13467
1.06418	6.20034	6.03324	6.26559	6.01812	6.16633	6.0898	6.03168	6.09081	6.14827
1.07165	6.228	6.04746	6.2391	6.0225	6.17747	6.05202	6.05296	6.10133	6.15719
1.07919	6.2194	6.05993	6.26271	6.014	6.135	6.04696	6.04126	6.08063	6.14986
1.08677	6.19001	6.03613	6.24794	6.04491	6.1376	6.06175	6.05078	6.07817	6.14032
1.09441	6.21496	6.03769	6.26039	6.00338	6.13385	6.0714	6.0431	6.08676	6.14615
1.1021	6.22266	6.03273	6.25656	6.04228	6.15678	6.0751	6.05938	6.09679	6.14152
1.10984	6.22836	6.05013	6.23305	6.02734	6.15702	6.064	6.06037	6.09349	6.12429
1.11764	6.20773	6.02387	6.25202	6.01401	6.15319	6.08281	6.03311	6.06423	6.13679
1.12549	6.21138	6.01698	6.25799	6.02859	6.14503	6.05292	6.03674	6.093	6.14051
1.1334	6.19975	6.03496	6.25146	6.01939	6.1491	6.07501	6.02955	6.0833	6.14838
1.14135	6.18186	6.05414	6.2396	6.00272	6.16085	6.04699	6.03502	6.07471	6.13319
1.14937	6.19187	6.05844	6.25683	6.02139	6.16355	6.06783	6.02312	6.08768	6.1465
1.15744	6.20268	6.03149	6.23605	6.00707	6.15648	6.05314	6.03675	6.08436	6.16089
1.16556	6.21549	6.05222	6.24424	6.00959	6.14414	6.0533	6.03951	6.08526	6.14661
1.17375	6.18983	6.02418	6.25291	6.03446	6.14068	6.06202	6.03164	6.07447	6.14602
1.18199	6.20262	6.01711	6.22333	6.01167	6.15233	6.06635	6.01513	6.05652	6.12177
1.19029	6.19033	6.03629	6.23576	6.01026	6.12631	6.05929	6.03535	6.10295	6.14298
1.19865	6.20109	6.03778	6.24759	6.0223	6.1296	6.04797	6.03685	6.08627	6.13452
1.20706	6.1978	6.0287	6.20452	6.01393	6.12881	6.06017	6.01552	6.08212	6.12944
1.21553	6.20496	6.03809	6.21725	6.03753	6.13602	6.06436	6.00741	6.07619	6.12987
1.22406	6.1855	6.0147	6.23631	6.02123	6.13855	6.04576	6.02613	6.07071	6.13431
1.23265	6.18956	6.04154	6.228	6.0158	6.12198	6.04069	6.02138	6.0943	6.11966
1.2413	6.20157	6.04522	6.20784	6.01841	6.13726	6.08678	6.01895	6.06856	6.13857
1.25	6.20565	6.02774	6.23782	5.98512	6.15911	6.04764	6.03826	6.0723	6.14207
1.25877	6.19722	6.01348	6.23164	5.99855	6.11741	6.05051	6.00909	6.08189	6.13355
1.2676	6.1844	6.02832	6.23039	5.99474	6.13237	6.05949	6.01217	6.09036	6.12529
1.27649	6.18231	6.0246	6.20634	6.01952	6.12065	6.0552	6.02228	6.07649	6.14386
1.28544	6.19901	6.00588	6.2108	5.99804	6.13308	6.06671	6.03516	6.05902	6.10281
1.29446	6.18033	6.02295	6.20248	6.01206	6.11873	6.04375	6.0153	6.07937	6.13711
1.30354	6.19272	6.05815	6.20241	5.98447	6.12735	6.03955	6.03471	6.07298	6.13126
1.31267	6.17712	6.00603	6.18629	6.00742	6.14362	6.04133	6.00254	6.06484	6.13235
1.32187	6.19902	6.00309	6.2181	6.00993	6.13351	6.04345	6.0322	6.06277	6.12139
1.33114	6.1679	6.01992	6.21324	6.01872	6.11779	6.02114	6.0178	6.0772	6.12877
1.34047	6.17677	6.01853	6.18874	5.99575	6.14292	6.0226	6.01903	6.08094	6.16849
1.34987	6.17496	6.04005	6.21748	5.99207	6.10966	6.05962	6.038	6.085	6.14572
1.35933	6.2032	6.03541	6.21136	5.98493	6.13838	6.02681	6.04015	6.08121	6.11832
1.36886	6.20022	6.02261	6.19756	6.00321	6.13251	6.07229	6.00807	6.05141	6.12573
1.37845	6.16808	6.02853	6.21125	6.02141	6.11579	6.06183	6.00333	6.04163	6.11964
1.38811	6.15456	6.01263	6.20753	5.98803	6.12045	6.04217	6.0046	6.04449	6.12541
1.39784	6.18325	6.01547	6.18372	5.98605	6.12775	6.04917	6.00262	6.04893	6.1109
1.40762	6.16071	6.01235	6.19319	6.02786	6.12597	6.0356	6.01155	6.0515	6.09888
1.41749	6.16544	6.00998	6.21859	5.99318	6.12317	6.03759	6.01282	6.05598	6.13695
1.42741	6.18361	6.04712	6.21324	5.97981	6.11457	6.03416	5.9947	6.06523	6.12281
1.43741	6.17004	6.00105	6.19237	5.99662	6.12808	6.04738	5.99384	6.0486	6.12279
1.44749	6.15332	6.01481	6.21108	6.00632	6.10551	6.04598	5.99093	6.08471	6.12263
1.45763	6.16996	6.02067	6.20454	5.99759	6.11573	6.04263	6.00734	6.05121	6.13063
1.46783	6.14834	6.02302	6.19372	6.01583	6.12035	6.06727	6.02383	6.05737	6.11724
1.47811	6.18133	6.01403	6.19732	5.99748	6.1127	6.03063	5.99798	6.06871	6.1021
1.48846	6.16667	5.99838	6.17376	5.99286	6.10704	6.04372	6.00559	6.06897	6.11715
1.49888	6.17905	6.02764	6.18921	5.99043	6.09412	6.0378	6.01342	6.06466	6.1133
1.50937	6.14503	6.02925	6.189	5.9996	6.11286	6.03901	6.02031	6.04524	6.14961
1.51994	6.15455	6.0249	6.18077	5.98037	6.12038	6.01576	6.00645	6.07259	6.13929
1.53058	6.17259	6.01954	6.17324	5.98563	6.11531	6.0501	6.00257	6.04382	6.11336
1.54129	6.14298	6.04119	6.19325	5.98969	6.11698	6.02676	6.01096	6.06088	6.13133
1.55208	6.16952	5.99848	6.18698	5.99915	6.10756	6.02916	6.00913	6.03613	6.12419
1.56294	6.15553	6.00753	6.18668	6.00605	6.11435	6.01633	5.98974	6.05428	6.10063
1.57387	6.17687	6.00139	6.18619	5.98118	6.09406	6.02377	6.00915	6.0578	6.13164
1.5849	6.15711	6.00849	6.16839	5.98826	6.09156	6.03541	6.00588	6.06135	6.11328
1.59599	6.1557	5.99861	6.17451	5.98761	6.12556	6.01741	5.98917	6.04802	6.11754
1.60715	6.14389	6.01373	6.17493	6.00834	6.10977	6.03679	6.00664	6.04546	6.12112
1.6184	6.15645	6.0168	6.17424	5.98651	6.11715	6.02243	6.01754	6.05538	6.13401
1.62971	6.14849	5.98672	6.18045	5.99748	6.10666	6.04379	5.99929	6.04364	6.10437
1.64111	6.13415	5.98087	6.16077	5.96621	6.10951	6.03019	5.99344	6.02105	6.11302
1.6526	6.14254	5.99084	6.161	6.01115	6.09909	6.04325	5.99442	6.06153	6.10993
1.66416	6.15916	5.9976	6.18164	5.98198	6.11815	6.01841	6.01488	6.02487	6.12345
1.6758	6.15104	5.99548	6.16775	5.98953	6.09475	6.05222	5.98721	6.05142	6.11889
1.68751	6.14613	5.99647	6.15029	6.00392	6.10847	6.02617	6.00075	6.04683	6.11698
1.69931	6.12495	6.00057	6.17509	6.00174	6.09906	6.0497	6.00268	6.03903	6.11968
1.7112	6.16003	6.0024	6.16758	5.9895	6.11439	6.05111	5.99773	6.04859	6.09687
1.72316	6.1346	5.98528	6.16821	5.98918	6.08606	6.0399	6.01266	6.03805	6.09861
1.73521	6.13414	5.98007	6.13149	5.97498	6.10503	6.04783	6.01101	6.05712	6.07855
1.74735	6.11911	5.99654	6.15005	5.98755	6.10785	6.04483	6.01923	6.04634	6.11925
1.75956	6.13777	5.99811	6.15426	5.98719	6.10662	6.02494	5.9956	6.04066	6.11929
1.77186	6.14331	6.01182	6.13524	5.98758	6.09804	6.02696	6.018	6.0491	6.09772
1.78425	6.13897	5.99993	6.16749	5.97719	6.11474	6.02245	6.00282	6.03971	6.09257
1.79673	6.12131	5.9758	6.15337	5.99865	6.09624	6.02459	6.00031	6.05126	6.10082
1.80928	6.14439	5.9801	6.15721	5.99057	6.09122	6.04267	5.99896	6.04412	6.08573
1.82193	6.13434	5.99203	6.14104	5.9795	6.11377	6.04032	6.02212	6.03289	6.11705
1.83466	6.12992	5.99027	6.18079	5.97629	6.09018	6.04356	6.0114	6.04345	6.07957
1.84748	6.13138	5.99413	6.13843	5.98453	6.08563	6.0236	5.99223	6.02832	6.11558
1.86039	6.14764	5.98812	6.15538	5.97931	6.1041	6.02923	5.99449	6.03165	6.10914
1.87339	6.11983	5.96802	6.1643	6.00771	6.08865	6.02639	5.99597	6.04555	6.09396
1.88647	6.13581	5.99722	6.15354	5.98221	6.10468	6.04966	6.00913	6.02418	6.0982
1.89966	6.13732	5.99734	6.14367	5.97761	6.08108	6.03244	6.00074	6.04557	6.09991
1.91293	6.14076	5.98527	6.13778	5.96816	6.10213	6.0266	6.01648	6.02237	6.11775
1.9263	6.12804	5.99845	6.17699	5.99106	6.10421	6.02579	5.99519	6.01765	6.10538
1.93975	6.14489	5.97815	6.12125	5.96531	6.07471	6.03185	5.98871	6.02971	6.1052
1.9533	6.11468	5.99416	6.12786	5.98983	6.09353	6.04255	5.99678	6.03473	6.10143
1.96694	6.13804	5.9931	6.15409	5.97481	6.10251	6.05559	6.01467	6.04257	6.08973
1.98069	6.12453	5.98567	6.14108	5.9715	6.09977	6.03578	6.00498	6.03312	6.10164
1.99451	6.14875	5.97084	6.14135	5.96634	6.08094	6.04803	6.00257	6.03549	6.10674
2.00845	6.14277	5.99297	6.14218	5.9905	6.10195	6.02031	6.02001	6.03826	6.10725
2.02248	6.12661	5.99841	6.14745	5.9763	6.09804	6.00937	6.001	6.03018	6.10878
2.03659	6.11975	5.99432	6.14186	5.98592	6.0964	6.04332	6.00321	6.0389	6.08602
2.05081	6.11222	5.97923	6.14904	5.97148	6.08608	6.05475	6.01251	6.03828	6.08289
2.06514	6.13316	5.99267	6.13528	5.97432	6.0909	6.03372	5.99905	6.03222	6.08636
2.07955	6.13496	5.97	6.12833	5.9553	6.08631	6.04176	6.01756	6.02054	6.08243
2.09407	6.11664	5.98185	6.12211	5.95955	6.11418	6.04297	6.01053	6.01717	6.10757
2.10869	6.12686	5.97712	6.15433	5.98903	6.08737	6.03571	5.99314	6.02032	6.11606
2.12341	6.12534	5.98869	6.13661	5.97633	6.09574	6.04004	6.007	6.02247	6.09557
2.13824	6.13192	5.98097	6.14701	5.97826	6.08941	6.05923	5.99237	6.02393	6.08223
2.15316	6.13424	5.98263	6.14232	5.97368	6.08494	6.03487	6.003	6.03157	6.09374
2.16819	6.12835	5.98799	6.14573	5.96073	6.10334	6.02323	6.00132	6.02963	6.09568
2.18333	6.10184	5.98657	6.13149	5.95333	6.07431	6.03646	5.99663	6.02139	6.08822
2.19856	6.1102	5.98275	6.1146	5.96832	6.08774	6.03492	5.99432	6.02406	6.0615
2.2139	6.11035	5.96926	6.13857	5.95765	6.08827	6.02866	6.01171	6.01891	6.10763
2.22935	6.1188	5.96812	6.1373	5.95892	6.09367	6.04695	6.01308	6.01018	6.05911
2.24491	6.10496	5.98061	6.15393	5.94601	6.10302	6.04696	6.00898	6.01731	6.08802
2.26058	6.12972	5.98051	6.13132	5.97726	6.09948	6.04019	6.00385	6.02141	6.09403
2.27635	6.12128	5.98004	6.14445	5.96577	6.09151	6.03175	6.00293	6.00857	6.0907
2.29224	6.12434	5.98262	6.11807	5.95793	6.08026	6.03472	6.02554	6.01598	6.09727
2.30822	6.11655	5.96222	6.13218	5.96389	6.06805	6.04053	6.00218	6.02691	6.08238
2.32433	6.11501	5.97288	6.13033	5.96499	6.08865	6.03311	6.01008	6.0477	6.08235
2.34055	6.10692	5.97416	6.13007	5.97304	6.09078	6.03655	6.0013	6.03502	6.08317
2.35687	6.11762	5.97259	6.12058	5.95904	6.07545	6.02483	6.0055	6.03463	6.10132
2.37331	6.1096	5.97914	6.13098	5.97029	6.07117	6.02829	6.00876	6.0245	6.09697
2.38986	6.11518	5.95839	6.13021	5.97877	6.0731	6.02654	5.99763	6.02426	6.10406
2.40654	6.12167	5.96695	6.12216	5.96506	6.08031	6.02425	6.00661	6.01597	6.08445
2.42333	6.10514	5.9676	6.12295	5.98102	6.09379	6.03991	6.00222	6.01646	6.0894
2.44022	6.11068	5.96548	6.13508	5.97553	6.08298	6.00227	5.99849	6.03405	6.08666
2.45724	6.11196	5.98494	6.14384	5.95962	6.08208	6.02809	6.00348	6.01886	6.08459
2.47438	6.10474	5.97803	6.0982	5.97952	6.09782	6.03059	5.99563	6.01729	6.09718
2.49164	6.10888	5.97252	6.12977	5.9561	6.07999	6.01653	5.99919	6.02458	6.08084
2.50901	6.12573	5.9708	6.13559	5.95225	6.08203	6.02778	5.99217	6.00945	6.09074
2.52651	6.11852	5.97362	6.11827	5.98558	6.09099	6.01518	5.99609	6.02879	6.09971
2.54413	6.10273	5.98421	6.11221	5.97162	6.07224	6.03296	5.99673	6.0211	6.09348
2.56186	6.12105	5.964	6.11911	5.97096	6.08516	6.02336	5.9997	6.0264	6.07852
2.57973	6.11273	5.97607	6.1272	5.94754	6.08628	6.02913	5.98872	6.01976	6.09167
2.59771	6.10831	5.97234	6.11919	5.96424	6.08969	6.02339	5.99434	6.03706	6.08462
2.61582	6.10666	5.97126	6.12034	5.97675	6.09897	6.02743	5.99377	6.02761	6.10553
2.63406	6.09865	5.98058	6.11098	5.96835	6.09326	6.02043	5.98752	6.03299	6.10534
2.65243	6.10691	5.96397	6.12687	5.95915	6.06749	6.03477	5.9942	6.01753	6.08015
2.67091	6.10954	5.99409	6.10054	5.96077	6.09938	6.01626	5.99143	6.03236	6.07553
2.68952	6.11029	5.9702	6.10674	5.97826	6.10388	6.03015	5.99148	6.0168	6.10071
2.70828	6.11418	5.96969	6.10238	5.96912	6.09526	6.02079	6.00368	6.03762	6.10224
2.72715	6.10722	5.97243	6.12948	5.96503	6.07401	6.03102	5.99815	6.01742	6.08421
2.74616	6.09492	5.96173	6.12286	5.97334	6.09429	6.0251	5.97714	6.02416	6.09504
2.7653	6.10145	5.97241	6.13318	5.95792	6.08543	6.01826	5.99818	6.02745	6.09995
2.78457	6.1051	5.98469	6.12633	5.95603	6.11279	6.01506	5.99307	6.0317	6.09552
2.80398	6.08476	5.97199	6.1082	5.94426	6.08067	6.02604	5.98696	6.03948	6.09871
2.82351	6.10511	5.97707	6.11724	5.97499	6.09593	6.01866	5.98065	6.02283	6.10151
2.84319	6.10063	5.97555	6.12635	5.96316	6.09803	6.0229	5.98729	6.02741	6.08503
2.863	6.09493	5.97901	6.11518	5.95576	6.10563	6.01121	5.99187	6.02566	6.08583
2.88295	6.08463	5.95908	6.10415	5.97918	6.08746	6.01579	5.9955	6.03584	6.09268
2.90304	6.09974	5.96489	6.11572	5.96616	6.08969	6.02565	6.00903	6.0413	6.09354
2.92326	6.11378	5.97015	6.12905	5.98128	6.09779	6.01568	5.99473	6.02922	6.09876
2.94364	6.09622	5.97121	6.12169	5.97446	6.09036	6.02802	5.99984	6.03656	6.09439
2.96414	6.08998	5.98039	6.12456	5.95295	6.08441	6.01693	6.00057	6.01318	6.08809
2.98479	6.09409	5.96724	6.12282	5.96943	6.08728	6.02613	6.00661	6.0409	6.09128
3.00559	6.09643	5.96733	6.1052	5.96064	6.08804	6.0151	5.99358	6.03041	6.09184
3.02653	6.08607	5.98418	6.12164	5.95813	6.09619	6.00641	5.99866	6.03534	6.09308
3.04761	6.09239	5.97234	6.10866	5.97372	6.09212	6.0222	5.99384	6.03885	6.09998
3.06884	6.08812	5.97255	6.10138	5.94764	6.08464	6.01603	6.00671	6.02858	6.0841
3.09021	6.09955	5.96487	6.10493	5.96036	6.11566	6.00412	6.0059	6.03338	6.08734
3.11174	6.09278	5.98435	6.11345	5.96866	6.09384	5.994	5.98539	6.02948	6.09253
3.13341	6.08579	5.96904	6.11975	5.97102	6.09535	6.02481	5.98647	6.01932	6.09253
3.15524	6.07906	5.95822	6.11626	5.97572	6.08662	6.00916	5.99558	6.03556	6.08516
3.17721	6.07679	5.96615	6.11608	5.96788	6.0812	6.00659	6.00107	6.04046	6.09264
3.19934	6.09624	5.98376	6.11832	5.98492	6.08649	6.01472	5.99019	6.02872	6.09678
3.22161	6.08433	5.9773	6.10097	5.97803	6.08531	6.01044	5.99261	6.03671	6.09271
3.24405	6.0858	5.9697	6.10442	5.96116	6.10673	6.01955	6.0036	6.0213	6.10184
3.26664	6.08576	5.97096	6.104	5.9673	6.08147	6.0124	6.00816	6.03313	6.10769
3.28939	6.09662	5.96785	6.10964	5.95981	6.08822	6.00548	6.00348	6.02909	6.09066
3.3123	6.09792	5.95469	6.09756	5.97921	6.08819	6.01817	5.99909	6.02933	6.07463
3.33536	6.08629	5.97685	6.07256	5.95718	6.07839	5.99791	6.01788	6.02847	6.09834
3.35859	6.08486	5.95584	6.10607	5.96603	6.10794	6.01281	5.99983	6.03641	6.0846
3.38196	6.08401	5.97558	6.10437	5.97656	6.0902	5.99261	6.00531	6.01319	6.10247
3.40551	6.08299	5.96318	6.11489	5.96069	6.09108	6.00347	6.00948	6.02557	6.09039
3.42922	6.08068	5.95596	6.10984	5.97275	6.08788	6.01139	5.99124	6.02506	6.08422
3.4531	6.09363	5.9616	6.10195	5.96629	6.08571	6.00511	6.00053	6.03911	6.09386
3.47714	6.07954	5.9604	6.09092	5.96747	6.09152	5.99077	6.00674	6.03919	6.09358
3.50134	6.0808	5.96312	6.1099	5.96668	6.09344	6.01511	6.00102	6.02356	6.08784
3.52571	6.08668	5.97168	6.11031	5.96937	6.08647	6.00491	5.997	6.02389	6.08967
3.55026	6.07445	5.96207	6.1025	5.96789	6.10042	6.01074	5.9901	6.0281	6.07434
3.57498	6.07388	5.96277	6.10899	5.96956	6.1017	6.00245	6.00214	6.03262	6.08941
3.59986	6.07696	5.95833	6.08897	5.96156	6.08374	5.99176	5.9943	6.02841	6.08364
3.62491	6.07356	5.97225	6.09586	5.96693	6.08461	6.00846	6.00045	6.01519	6.08908
3.65015	6.08055	5.96277	6.1025	5.959	6.09262	6.00284	5.99547	6.02208	6.07234
3.67555	6.07759	5.97623	6.09274	5.95811	6.08472	5.99498	5.9986	6.02151	6.09162
3.70114	6.07174	5.96245	6.08875	5.95824	6.09043	6.00334	6.01222	6.02794	6.09182
3.72689	6.06981	5.98288	6.08055	5.96869	6.10637	5.99946	6.00379	6.0365	6.08205
3.75283	6.08397	5.9831	6.09427	5.98016	6.09419	6.01117	5.99342	6.03989	6.07825
3.77895	6.07204	5.97663	6.09259	5.96708	6.09233	5.9861	5.98139	6.02643	6.07406
3.80525	6.07533	5.96713	6.0917	5.97555	6.09704	5.99453	5.99065	6.02058	6.0767
3.83172	6.07771	5.97053	6.0749	5.96568	6.09643	6.00118	5.99395	6.03825	6.0858
3.85839	6.08125	5.96338	6.10307	5.95633	6.09119	5.99784	5.98872	6.03783	6.07173
3.88524	6.07436	5.97252	6.08109	5.95797	6.09693	5.99588	5.99665	6.02849	6.07643
3.91228	6.07979	5.96766	6.08882	5.95962	6.09515	6.00784	5.98346	6.03372	6.06264
3.9395	6.06603	5.96575	6.09009	5.97087	6.08465	5.99044	5.98884	6.03905	6.08109
3.96691	6.07301	5.9747	6.08771	5.95862	6.09459	6.0062	5.99633	6.02409	6.07827
3.99451	6.07161	5.97381	6.0767	5.95262	6.09117	5.99135	5.97934	6.01413	6.07854
4.0223	6.07197	5.98341	6.08816	5.95733	6.08329	6.0007	5.99642	6.03255	6.07914
4.05029	6.08247	5.96604	6.08825	5.94623	6.07846	6.01089	5.98832	6.02083	6.06238
4.07846	6.07715	5.9705	6.07817	5.96836	6.06239	6.0072	5.97753	6.02173	6.07295
4.10684	6.07434	5.96536	6.06622	5.95296	6.09785	5.9831	5.98083	6.01711	6.06673
4.13541	6.06915	5.95215	6.09192	5.95368	6.08193	6.00789	5.99698	6.0303	6.07294
4.16419	6.07206	5.96385	6.07445	5.97041	6.08162	6.00142	5.97399	6.04065	6.06579
4.19315	6.06515	5.96516	6.08506	5.94837	6.08897	6.0127	5.99732	6.0166	6.07485
4.22232	6.06923	5.97752	6.07558	5.96117	6.08933	5.99028	5.99109	6.02211	6.06979
4.25169	6.07355	5.96308	6.07825	5.95283	6.09509	6.01466	5.96552	6.01661	6.06087
4.28126	6.08456	5.96251	6.09271	5.95234	6.09005	6.00295	5.99437	6.02433	6.07554
4.31105	6.08849	5.96354	6.08387	5.95756	6.08994	6.00072	5.98986	6.02023	6.0672
4.34104	6.09097	5.96361	6.08786	5.94876	6.08428	6.00142	5.98366	6.03498	6.06503
4.37122	6.07477	5.97027	6.07146	5.95199	6.08343	6.01433	5.97679	6.02106	6.05589
4.40164	6.07386	5.96651	6.09765	5.95573	6.08928	6.00544	5.99193	6.03505	6.06783
4.43225	6.08237	5.96631	6.08582	5.97362	6.09993	6.00741	5.97623	6.02675	6.07502
4.46308	6.07058	5.95384	6.09143	5.96132	6.09647	6.0091	5.98981	6.02051	6.07518
4.49411	6.07844	5.96152	6.08182	5.96351	6.08293	6.0146	5.97981	6.02414	6.0739
4.52537	6.08675	5.96034	6.09162	5.95852	6.09514	6.00812	5.99104	6.02615	6.07708
4.55684	6.06391	5.96107	6.08925	5.95605	6.08743	6.00973	5.98111	6.02682	6.07351
4.58854	6.0774	5.9672	6.08997	5.97	6.09307	6.00115	5.98378	6.03914	6.07845
4.62044	6.07366	5.97134	6.0838	5.95547	6.07814	6.00071	5.98235	6.0335	6.07199
4.65258	6.08313	5.97675	6.08761	5.96907	6.09284	6.00111	5.98191	6.03673	6.07116
4.68493	6.0764	5.96061	6.07244	5.97313	6.09384	6.005	5.98751	6.01334	6.07538
4.71751	6.0774	5.96796	6.08439	5.96513	6.09112	6.01712	5.98275	6.02857	6.07055
4.75031	6.07519	5.97377	6.07734	5.96414	6.08361	6.01363	5.97444	6.02122	6.076
4.78334	6.08156	5.96117	6.08843	5.96668	6.09614	6.01454	5.98497	6.02935	6.07484
4.8166	6.07104	5.97209	6.09251	5.95785	6.10461	6.01427	5.98424	6.03965	6.06828
4.8501	6.07351	5.97455	6.08485	5.96435	6.09062	6.01712	5.98698	6.02516	6.06629
4.88381	6.08375	5.97793	6.08042	5.9679	6.08973	6.01196	5.99706	6.0219	6.06253
4.91778	6.08594	5.97446	6.08186	5.9627	6.09842	6.01879	5.99861	6.03864	6.07286
4.95196	6.07396	5.94883	6.07756	5.96085	6.09116	6.00267	5.99024	6.03081	6.06434
4.9864	6.07586	5.96607	6.08226	5.96976	6.10067	6.01718	5.98895	6.02127	6.0736
5.02106	6.08335	5.96058	6.08228	5.97041	6.08097	6.01692	5.99513	6.02439	6.07206
5.05597	6.07572	5.97726	6.07019	5.96356	6.09292	6.01359	5.98763	6.02523	6.07099
5.09113	6.06931	5.96409	6.07897	5.96145	6.08395	6.01712	5.98771	6.0142	6.08103
5.12651	6.07937	5.97123	6.07469	5.96545	6.09505	6.01123	5.98249	6.02145	6.07454
5.16215	6.07236	5.98131	6.0878	5.95374	6.09609	6.00137	5.98901	6.03616	6.057
5.19804	6.07539	5.97344	6.0786	5.967	6.09352	6.01217	5.98963	6.0247	6.07046
5.23418	6.07241	5.96915	6.07162	5.94604	6.09524	6.0213	6.00229	6.01862	6.08325
5.27056	6.07349	5.97137	6.0812	5.95766	6.09058	6.0134	5.98393	6.03012	6.07436
5.3072	6.07875	5.97341	6.07813	5.95239	6.08263	6.01633	5.99819	6.02133	6.06455
5.34409	6.07958	5.98274	6.0854	5.95472	6.0907	6.00993	5.98994	6.02182	6.06963
5.38124	6.09005	5.97717	6.08931	5.95386	6.09398	6.01256	5.98708	6.02788	6.05793
5.41865	6.07848	5.96292	6.07754	5.96378	6.08736	6.00814	5.98378	6.02006	6.08195
5.45631	6.0689	5.96587	6.07693	5.96163	6.08087	6.01648	5.99388	6.02254	6.06598
5.49424	6.07533	5.97045	6.07083	5.96591	6.07957	6.01742	5.99245	6.01704	6.05549
5.53242	6.07367	5.9721	6.06866	5.96176	6.08279	5.99962	5.99183	6.03394	6.0695
5.57088	6.07588	5.97152	6.08461	5.95463	6.08457	6.0129	5.99608	6.02382	6.06584
5.6096	6.0784	5.96396	6.08725	5.95752	6.08715	6.00926	5.9892	6.02224	6.07906
5.64859	6.08236	5.9786	6.08446	5.94663	6.08601	6.01453	5.99405	6.01892	6.06848
5.68784	6.06824	5.9764	6.07488	5.95946	6.08993	6.01081	5.99594	6.01432	6.08151
5.72738	6.05697	5.96962	6.08172	5.96592	6.08615	6.01673	5.98933	6.02777	6.0782
5.76718	6.06157	5.96844	6.0792	5.95204	6.07734	6.01565	5.98762	6.02355	6.07636
5.80725	6.0788	5.96983	6.0713	5.95825	6.0912	6.00634	5.98694	6.01445	6.08108
5.84761	6.09072	5.97166	6.0752	5.96351	6.08527	6.0086	5.99213	6.01646	6.0818
5.88825	6.07064	5.97683	6.08	5.96383	6.08306	6.02123	5.97424	6.01573	6.085
5.92917	6.07138	5.9635	6.07596	5.96179	6.08919	6.00907	5.96927	6.01699	6.0798
5.97038	6.06773	5.96291	6.0769	5.97251	6.08814	6.01185	5.98421	6.01246	6.07901
6.01186	6.07667	5.96893	6.07776	5.95306	6.06927	5.99902	5.98513	6.01063	6.07555
6.05364	6.07014	5.96507	6.07336	5.95611	6.0787	6.01405	5.97415	6.02048	6.08155
6.0957	6.07301	5.96054	6.0835	5.96831	6.07847	6.00813	5.97783	6.0273	6.07833
6.13806	6.06985	5.96046	6.07051	5.96242	6.06945	6.01212	5.97612	6.01019	6.08343
6.18071	6.06802	5.96977	6.0735	5.96424	6.07457	6.00638	5.97342	6.01342	6.06523
6.22366	6.07408	5.97522	6.06667	5.96238	6.07988	6.00254	5.97202	6.0281	6.07286
6.2669	6.07037	5.9674	6.06893	5.95714	6.07039	6.01288	5.96562	6.01973	6.0649
6.31045	6.06999	5.96199	6.08185	5.96154	6.08667	6.01066	5.97069	6.01314	6.08311
6.35429	6.08138	5.97103	6.07399	5.95678	6.07583	6.00086	5.98014	6.01143	6.07508
6.39844	6.07132	5.96383	6.06411	5.95937	6.07434	6.00468	5.97331	6.01766	6.07537
6.4429	6.06779	5.95805	6.07606	5.96782	6.07383	6.01974	5.97389	6.00679	6.0686
6.48766	6.06956	5.95548	6.06433	5.95056	6.07896	6.00495	5.97309	6.01389	6.08355
6.53274	6.07833	5.96589	6.06185	5.9503	6.07118	6.00478	5.96837	6.0024	6.08088
6.57813	6.07601	5.95729	6.07884	5.96466	6.07029	6.00994	5.97765	6.00402	6.07422
6.62383	6.06939	5.95814	6.06363	5.94042	6.08249	6.00669	5.97302	6.0117	6.08775
6.66984	6.07448	5.96079	6.0714	5.95396	6.08382	6.01372	5.98668	6.02264	6.07834
6.71618	6.06815	5.96844	6.06791	5.95544	6.08064	6.00228	5.98198	6.01545	6.08689
6.76284	6.06294	5.96583	6.06773	5.95249	6.07623	6.01157	5.97833	6.0055	6.09404
6.80982	6.06009	5.9626	6.06653	5.95354	6.07937	5.98713	5.97949	6.0112	6.07457
6.85712	6.06968	5.96089	6.06323	5.94493	6.07885	5.99831	5.97267	6.00499	6.07893
6.90476	6.05825	5.9568	6.06279	5.95388	6.07735	5.994	5.97759	6.01371	6.07926
6.95272	6.06369	5.96915	6.06284	5.95038	6.08152	5.99044	5.97958	6.00751	6.07184
7.00103	6.05225	5.97746	6.07576	5.95012	6.083	6.00571	5.9764	6.00835	6.07844
7.04966	6.05758	5.96083	6.06653	5.94269	6.09003	5.9994	5.97832	5.99967	6.07935
7.09863	6.06673	5.95786	6.06514	5.94025	6.08716	6.00007	5.97478	6.0119	6.07943
7.14794	6.05934	5.95303	6.06607	5.95689	6.08003	6.00076	5.97926	6.01197	6.07428
7.19759	6.05656	5.96377	6.07391	5.95076	6.0812	6.00367	5.97563	6.0117	6.07614
7.24759	6.06735	5.96773	6.06734	5.9532	6.08302	5.99478	5.98111	6.01243	6.08563
7.29792	6.05989	5.96675	6.05996	5.94549	6.08271	6.00771	5.98655	5.99832	6.06924
7.34861	6.06492	5.96422	6.05324	5.95061	6.07946	5.99784	5.98973	6.0044	6.06798
7.39966	6.06569	5.9663	6.06779	5.94465	6.07866	6.00211	5.98069	6.00962	6.06754
7.45106	6.05648	5.97065	6.06033	5.94945	6.07836	6.00249	5.97412	6.0169	6.07448
7.50281	6.06001	5.9665	6.06736	5.9463	6.07739	6.00376	5.98626	6.00977	6.07598
7.55492	6.05594	5.95545	6.05908	5.94988	6.08071	6.00727	5.97632	6.01141	6.08323
7.60739	6.0555	5.96489	6.07063	5.95088	6.0941	6.00445	5.98242	6.01252	6.07248
7.66022	6.05882	5.96544	6.06797	5.95483	6.08038	6.00018	5.97204	6.00814	6.07213
7.71343	6.07189	5.96511	6.05978	5.94562	6.07469	6.00816	5.97897	6.0147	6.07163
7.767	6.06216	5.96137	6.05907	5.95557	6.08618	5.99285	5.97653	6.01255	6.07407
7.82094	6.06567	5.95278	6.07116	5.95235	6.07929	6.01038	5.98213	6.0151	6.07049
7.87526	6.04996	5.95876	6.06978	5.95246	6.08348	6.00964	5.98577	6.01591	6.07764
7.92995	6.05824	5.96784	6.07126	5.95164	6.08446	6.0101	5.98543	6.01428	6.07127
7.98502	6.05759	5.96668	6.05733	5.93677	6.07584	6.00668	5.97327	6.01554	6.07159
8.04047	6.05924	5.96355	6.06095	5.95144	6.08138	6.00919	5.98279	6.02218	6.07492
8.09631	6.06411	5.96697	6.06277	5.95222	6.08003	6.00621	5.98142	6.01109	6.0763
8.15254	6.06036	5.96275	6.06302	5.95248	6.08388	6.00675	5.98116	6.01519	6.07621
8.20915	6.06998	5.95368	6.0673	5.94377	6.07993	6.01168	5.97215	6.02245	6.07962
8.26616	6.06175	5.95955	6.06634	5.94608	6.07766	6.01762	5.98061	6.00745	6.07075
8.32356	6.04858	5.9619	6.06042	5.95175	6.08	6.01531	5.97565	6.01994	6.07666
8.38136	6.05708	5.96372	6.06183	5.95035	6.0877	6.01793	5.97646	6.01276	6.07936
8.43956	6.05407	5.95978	6.06758	5.9459	6.07644	6.00526	5.98439	6.01357	6.07049
8.49817	6.06743	5.96616	6.06755	5.9476	6.07244	6.01184	5.97878	6.01832	6.0752
8.55717	6.0535	5.9641	6.06959	5.95424	6.07328	6.0141	5.9833	6.00902	6.0769
8.6166	6.04751	5.96396	6.066	5.94264	6.07876	6.01606	5.97723	6.00972	6.07047
8.67642	6.05515	5.96286	6.076	5.95239	6.07913	6.01081	5.97302	6.0158	6.07022
8.73668	6.05974	5.96805	6.06541	5.95704	6.08123	6.01275	5.98335	6.02041	6.06901
8.79734	6.06496	5.95592	6.07446	5.95458	6.07966	5.99875	5.98595	6.01727	6.06913
8.85843	6.06316	5.96292	6.07774	5.95628	6.0866	6.00407	5.97326	6.01023	6.07176
8.91994	6.06274	5.96855	6.07553	5.94938	6.08739	5.99924	5.98661	6.00851	6.07208
8.98186	6.05314	5.96099	6.07561	5.94935	6.08425	6.00872	5.97762	6.01524	6.0667
9.04422	6.06481	5.95572	6.07715	5.95945	6.09458	5.99863	5.98208	6.01084	6.07108
9.10703	6.05472	5.9667	6.07219	5.95293	6.08112	6.00842	5.9782	6.01628	6.06797
9.17025	6.05786	5.96292	6.06278	5.9439	6.09052	6.0038	5.98409	6.00901	6.068
9.23392	6.05827	5.96293	6.0612	5.95201	6.07923	6.0086	5.97249	6.0049	6.0832
9.29804	6.0625	5.96587	6.0702	5.95004	6.08443	6.00491	5.97325	6.00886	6.07687
9.36259	6.07465	5.95903	6.06981	5.94792	6.07652	6.00643	5.96391	6.00427	6.07521
9.42759	6.05682	5.95529	6.06473	5.95516	6.08337	6.00165	5.98588	6.00796	6.07836
9.49305	6.04737	5.96206	6.06979	5.95522	6.08258	5.99635	5.96991	5.99791	6.08097
9.55895	6.05614	5.95695	6.07436	5.95554	6.08463	6.00109	5.9772	6.01094	6.07476
9.62531	6.05885	5.96434	6.07202	5.95238	6.08044	6.00237	5.97257	6.00914	6.08069
9.69214	6.05072	5.95867	6.07119	5.94821	6.08347	6.00234	5.97239	6.01023	6.07293
9.75943	6.05594	5.95663	6.06905	5.94675	6.08189	5.994	5.9737	6.01835	6.07884
9.82718	6.06122	5.94805	6.07144	5.95377	6.08246	5.99713	5.97065	6.01627	6.07796
9.8954	6.06159	5.95742	6.07403	5.95495	6.07175	5.99709	5.9773	6.01637	6.07529
9.9641	6.05511	5.96417	6.08021	5.94974	6.07863	5.99999	5.97023	6.0085	6.0782
10.0333	6.05385	5.95492	6.08141	5.95053	6.07207	5.99812	5.96784	6.00385	6.08
10.1029	6.05498	5.95698	6.07447	5.96022	6.07884	5.99139	5.98379	6.00947	6.07255
10.173	6.05342	5.95667	6.07785	5.95745	6.07828	5.99166	5.9681	6.011	6.07968
10.2437	6.0621	5.9675	6.07741	5.94844	6.07196	5.98314	5.97091	6.01043	6.07441
10.3148	6.05989	5.96474	6.07095	5.95156	6.06932	5.9907	5.97103	6.01011	6.07729
10.3864	6.05332	5.9567	6.07194	5.95526	6.0804	5.99801	5.96818	6.01995	6.08146
10.4585	6.06009	5.95493	6.07254	5.94296	6.07445	5.9861	5.97127	6.01107	6.07094
10.5311	6.05809	5.95528	6.06969	5.93677	6.07194	5.99012	5.97356	6.0178	6.0704
10.6042	6.0604	5.96127	6.07022	5.94108	6.07453	5.9895	5.97673	6.01604	6.07428
10.6778	6.05888	5.95992	6.06474	5.94413	6.06273	5.98808	5.97366	6.01308	6.07531
10.7519	6.04937	5.96227	6.06051	5.93947	6.06585	5.99428	5.96917	6.01308	6.07207
10.8265	6.06509	5.95198	6.06114	5.93501	6.07294	5.98343	5.97634	6.00877	6.08137
10.9017	6.07022	5.95112	6.05209	5.93293	6.06992	5.98703	5.98135	6.01106	6.08136
10.9774	6.05473	5.95916	6.05501	5.94493	6.06978	5.98605	5.96322	6.0189	6.07432
11.0536	6.05254	5.95795	6.05146	5.94278	6.06632	5.9904	5.97885	6.02193	6.07242
11.1303	6.05712	5.95903	6.06099	5.94554	6.07658	5.98425	5.9792	6.01769	6.07065
11.2075	6.04537	5.96412	6.052	5.93338	6.06978	5.98034	5.96896	6.01719	6.07035
11.2853	6.04977	5.95628	6.05069	5.93831	6.06822	5.98852	5.9706	6.01525	6.06919
11.3637	6.04823	5.9542	6.05535	5.93955	6.0746	5.98493	5.97522	6.01675	6.07397
11.4425	6.04669	5.9642	6.05206	5.93536	6.06285	5.98751	5.97725	6.01386	6.07642
11.522	6.04605	5.9649	6.05535	5.9395	6.06515	5.98871	5.97177	6.01148	6.08243
11.6019	6.04306	5.96624	6.04719	5.93999	6.06899	5.98721	5.97239	6.01365	6.07489
11.6825	6.04028	5.965	6.04843	5.93795	6.06981	5.98722	5.97286	6.01805	6.0764
11.7635	6.04525	5.95675	6.04926	5.94042	6.06873	5.99728	5.96487	6.00828	6.0758
11.8452	6.04572	5.96548	6.04568	5.949	6.06349	5.99149	5.97881	6.00354	6.07666
11.9274	6.05615	5.95636	6.05408	5.93824	6.07851	5.99271	5.96942	6.01014	6.07377
12.0102	6.04924	5.95954	6.05064	5.94057	6.07292	5.99824	5.9722	6.00237	6.086
12.0935	6.04875	5.95571	6.05444	5.94334	6.06955	5.99355	5.9646	5.99346	6.08096
12.1775	6.05152	5.95515	6.06271	5.94905	6.07396	6.00152	5.96767	5.99571	6.08027
12.262	6.04835	5.96223	6.05671	5.93998	6.07513	6.00142	5.96657	5.9932	6.08096
12.3471	6.0555	5.96012	6.06068	5.94257	6.06665	5.99603	5.97076	5.99707	6.0703
12.4328	6.04658	5.95599	6.05529	5.94315	6.07681	5.9991	5.96691	5.99062	6.06986
12.519	6.0572	5.96221	6.05591	5.94929	6.08183	6.00046	5.96945	5.98886	6.07429
12.6059	6.05197	5.95591	6.07005	5.94669	6.08228	6.00562	5.96436	5.99036	6.06746
12.6934	6.05469	5.95916	6.05792	5.94932	6.08693	6.00561	5.96772	5.9942	6.06229
12.7815	6.05219	5.96481	6.06144	5.94455	6.0816	6.00498	5.96434	5.99519	6.07073
12.8702	6.05939	5.96019	6.06594	5.95083	6.07738	6.00254	5.97504	5.99962	6.07204
12.9595	6.0518	5.95103	6.0616	5.94396	6.08037	6.0027	5.96289	6.00414	6.07134
13.0494	6.04703	5.95875	6.06125	5.94866	6.08399	6.00123	5.96182	6.0021	6.0734
13.14	6.04824	5.95913	6.05964	5.94102	6.07887	5.99929	5.96614	6.00115	6.06167
13.2312	6.04706	5.95655	6.05755	5.93865	6.0755	6.00127	5.96396	6.00487	6.05946
13.323	6.06037	5.9596	6.05666	5.94339	6.08157	6.00438	5.9563	6.00898	6.06258
13.4155	6.04879	5.95568	6.05514	5.94313	6.0776	5.98681	5.95476	6.00402	6.05805
13.5086	6.04711	5.95715	6.06532	5.94556	6.07655	5.98897	5.95837	6.01377	6.0655
13.6023	6.05308	5.95419	6.05536	5.93953	6.08174	5.98699	5.96112	6.00842	6.05683
13.6967	6.04933	5.95376	6.06223	5.93858	6.07251	5.98813	5.95739	6.00726	6.05627
13.7917	6.04941	5.95615	6.06158	5.94153	6.07062	5.988	5.96469	6.00867	6.05732
13.8875	6.04373	5.95057	6.06098	5.94217	6.06989	5.98979	5.97484	6.00981	6.05871
13.9838	6.05416	5.96005	6.05941	5.93837	6.06185	5.98613	5.96305	6.00405	6.04913
14.0808	6.04541	5.95949	6.05609	5.94332	6.07006	5.98646	5.96923	6.00331	6.06173
14.1786	6.05141	5.9545	6.06031	5.94307	6.06758	5.99065	5.96028	6.00488	6.05745
14.2769	6.04958	5.95667	6.06043	5.93748	6.0598	5.98811	5.96548	6.00443	6.06591
14.376	6.05301	5.96317	6.06982	5.94816	6.0664	5.98827	5.96481	6.00931	6.06748
14.4758	6.05713	5.95291	6.06443	5.94318	6.06825	5.98245	5.96112	6.00856	6.06635
14.5762	6.05652	5.95673	6.0667	5.94688	6.07443	5.98497	5.96132	6.00842	6.06623
14.6774	6.04789	5.95339	6.05809	5.949	6.0742	5.98501	5.95908	6.01011	6.06174
14.7792	6.05983	5.95823	6.06072	5.9486	6.07443	5.98873	5.96077	6.00849	6.06373
14.8817	6.0534	5.95229	6.0512	5.9481	6.07327	5.97651	5.95806	6.00357	6.05461
15	6.05665	5.95491	6.05174	5.94291	6.07979	5.9817	5.96093	6.00603	6.05362