0.0001	8.34131	8.64151	8.20101	8.55969	8.01913	7.95988	8.25293	8.33502	8.38334
0.0002125	7.96838	8.30015	7.85795	8.04181	7.89183	8.21677	8.62801	8.31166	8.54807
0.0003125	8.58283	8.17047	7.81368	8.07711	7.61574	8.25233	7.80711	8.04111	8.1106
0.000425	8.47375	8.0332	8.37477	7.83664	8.2513	8.26964	8.25347	8.36172	8.30832
0.000525	8.66267	8.43649	8.44603	8.38343	7.68389	8.43059	8.03882	8.32791	7.98233
0.0006375	8.39176	8.28004	8.25648	8.55147	7.98702	8.40456	7.89804	8.09549	7.52857
0.0007375	8.23518	7.96063	8.32146	8.56363	8.1658	7.94722	8.1043	8.52944	7.76267
0.00085	8.20909	7.98555	8.68298	8.36314	7.83933	8.47668	8.36152	8.03419	8.27385
0.0009625	8.5589	7.72476	8.43467	8.06473	8.22328	8.63653	8.4147	8.48359	8.49939
0.001075	7.86525	8.04322	8.06443	8.02013	8.20795	8.1616	7.91632	8.12856	8.533
0.0011875	7.88819	8.19328	8.06479	8.12268	7.66053	8.11941	8.26122	8.25167	8.29071
0.0013	8.95429	8.22125	8.04143	7.95145	7.76012	8.89121	8.283	8.30341	7.9339
0.0014125	8.69202	7.95599	8.41886	7.70798	8.13676	7.89356	8.44691	7.96665	8.21253
0.001525	7.86337	8.21358	7.89225	8.09271	8.09183	8.13672	8.35222	7.60879	8.31684
0.0016375	8.19029	7.98482	7.94951	8.3979	8.05448	7.79784	7.67406	8.09984	8.73222
0.00175	7.99562	8.00232	8.45096	8.55652	8.12192	7.96795	8.1411	8.22775	8.23673
0.001875	7.96868	8.05735	8.06038	8.51889	8.53471	8.04753	8.15621	8.43404	8.38958
0.0019875	8.12079	8.08502	7.52857	8.13496	8.06165	7.95225	8.35392	8.06022	8.16769
0.0021	7.98108	7.77736	7.88132	8.10901	7.884	8.20022	8.27015	8.14503	7.78229
0.002225	8.0701	8.4297	8.09225	8.40035	7.85293	8.14966	8.2295	8.50983	7.98744
0.0023375	8.73613	8.14326	8.19435	8.29738	8.36599	7.78752	8.23472	8.29899	8.32308
0.0024625	7.97379	8.55648	8.01172	8.23461	8.74075	7.82371	8.17821	8.2756	8.41182
0.0025875	8.27407	8.29661	7.67058	8.05836	8.27136	8.25073	8.27072	7.99742	8.0204
0.0027	8.57808	8.58811	8.16495	7.96956	8.09592	7.89592	8.23706	7.92749	8.00261
0.002825	8.22453	8.45353	8.18942	8.13079	8.16956	8.12425	8.08105	7.62792	7.94569
0.00295	8.55937	8.19952	8.07491	8.21079	7.50016	8.15466	8.31197	8.05007	8.4198
0.003075	8.72431	8.2358	8.08531	7.81549	7.75563	7.90617	8.2088	8.17935	8.49428
0.0032	8.4711	8.01635	8.25834	8.12572	8.05547	7.9417	7.91299	8.19696	8.73711
0.003325	8.14614	8.28508	7.51467	8.61712	8.00463	7.90173	7.90837	8.3293	8.63148
0.00345	7.99584	7.80302	7.98083	8.15622	8.00681	7.56698	7.95281	8.19293	8.07323
0.0035875	8.31062	8.15427	8.50401	7.85219	8.25498	7.99824	8.01746	8.00995	8.45762
0.0037125	8.42491	7.90788	8.07515	7.85888	8.01748	8.40595	8.05666	8.03646	8.39065
0.0038375	8.16936	8.50248	7.90665	7.77093	8.06708	8.46413	7.93321	7.6617	8.50081
0.003975	8.39634	8.34849	8.11918	7.89271	8.2674	8.72345	7.67551	8.26303	7.94309
0.0041	7.92795	7.94874	7.993	7.84462	8.39458	8.4769	7.99712	7.96386	7.7895
0.0042375	7.96633	8.30098	8.09625	7.92017	8.0584	8.172	8.24198	7.69326	7.93646
0.0043625	8.13216	8.26715	7.99185	8.17717	8.35562	8.31786	7.93319	8.5201	8.06359
0.0045	7.74889	8.46622	8.31782	8.39123	7.86718	8.44372	8.17234	7.96426	8.0398
0.0046375	7.54633	8.364	7.67219	8.19161	8.05384	8.10953	8.24907	8.03616	8.2205
0.004775	7.99263	8.75171	8.1476	8.32155	8.06982	8.08932	7.86464	8.09646	7.93637
0.0049125	7.99579	8.58756	8.18495	8.21858	8.24785	8.15196	8.0972	7.99308	7.7777
0.00505	8.06226	8.04608	8.28545	8.1124	7.93478	8.00762	8.47627	8.10802	8.22797
0.0051875	8.10561	8.11919	8.07305	8.6356	8.00321	8.32027	7.89097	8.01917	8.2031
0.005325	8.25714	8.21904	8.60107	8.44141	8.21675	8.50731	7.93039	8.00276	8.07678
0.0054625	8.08844	7.97934	8.10448	8.77058	8.43343	8.0216	8.59046	8.21649	7.85015
0.0056125	8.51446	8.37024	8.07109	8.4923	7.90061	8.27267	8.6751	8.68745	8.09579
0.00575	8.14809	8.01142	8.47786	8.22344	8.01019	7.90199	8.32395	8.56186	8.39083
0.0059	7.89202	8.58281	8.23931	8.19681	8.07055	8.35541	7.75142	8.06262	8.70954
0.0060375	8.2325	8.76041	8.23236	7.71051	7.78331	8.09452	7.96982	8.13975	8.18085
0.0061875	7.98861	8.34469	8.49762	7.86225	7.58384	8.0728	8.15152	8.12946	8.31315
0.0063375	7.86325	8.094	8.29097	7.76981	8.21848	8.40409	8.06877	8.69955	8.15069
0.0064875	8.02208	8.03926	8.10741	8.30556	7.95128	8.50665	8.3528	8.11338	8.13992
0.0066375	8.04751	7.90007	7.69318	7.73459	8.10077	7.78461	7.81186	7.78945	8.26786
0.0067875	7.91069	7.95849	8.02486	7.94303	8.21638	7.97341	8.35441	7.61973	8.52273
0.0069375	8.08089	7.95478	8.35509	7.77344	8.14606	8.43581	7.78037	8.48278	8.03128
0.0070875	8.01864	8.20203	8.38242	8.17211	8.20022	7.99998	7.67283	8.08842	8.30353
0.0072375	8.00507	8.37257	7.74685	8.01729	8.34383	8.24596	8.32358	8.10674	8.13337
0.0073875	8.24654	8.27449	8.05733	8.32368	8.21272	7.66218	8.60802	7.9551	8.10088
0.00755	7.97206	7.72304	7.74716	8.48772	8.12149	7.851	8.60356	8.05193	8.1148
0.0077	7.95586	7.85782	7.8696	8.21912	8.25069	8.25668	8.27046	8.27295	7.93477
0.0078625	8.43917	8.35046	7.86593	8.43709	8.33279	8.54106	7.43583	8.27408	8.23169
0.008025	7.80434	8.29442	7.66761	7.97051	7.97841	8.40244	7.91565	7.7235	8.02986
0.008175	8.2915	8.06034	7.65462	7.65513	8.534	8.16652	7.8258	8.37636	7.99996
0.0083375	8.51987	8.30686	8.15256	7.85788	8.26359	8.05205	8.21967	8.06136	8.21865
0.0085	7.93498	8.1838	8.04806	8.25155	7.98663	7.98538	8.19147	8.20333	8.15106
0.0086625	7.76024	8.41363	8.08244	8.68401	7.78636	8.05442	8.53271	8.27794	8.11234
0.008825	8.00244	8.34084	8.05569	8.50051	8.06228	8.23663	8.00891	7.69108	8.06804
0.0089875	8.23915	8.28372	8.03087	8.1772	7.99497	8.28221	8.14084	7.98657	8.38775
0.0091625	8.12873	8.15342	8.23764	8.046	7.49154	7.51632	8.04848	8.08613	7.89885
0.009325	8.19009	7.83907	8.09866	8.07214	8.02151	7.87715	8.04339	8.3248	8.1105
0.0095	8.17481	8.0389	7.99489	8.08883	8.46581	8.06824	8.34916	8.18508	8.08943
0.0096625	7.88479	8.14165	7.97915	7.65039	7.94685	7.56379	7.93114	7.88959	7.90947
0.0098375	8.05068	8.11876	8.2355	7.93049	7.83636	7.96303	8.16509	8.22593	7.96391
0.0100125	8.13833	8.2271	8.0787	7.63097	8.23323	7.83365	8.37479	7.96351	8.25148
0.0101875	8.26203	8.36604	7.94423	7.8735	7.96754	7.70639	8.36613	8.19535	8.08641
0.0103625	8.35842	8.8714	8.12051	8.13307	8.20921	7.98738	8.13855	8.22459	8.06588
0.0105375	8.39882	8.37431	8.13985	8.11041	7.86282	8.00549	7.92924	8.17739	8.03955
0.0107125	7.98523	8.40946	8.35653	8.05931	8.21021	7.95339	7.79085	7.74937	8.20364
0.0108875	7.95522	8.49717	8.56329	8.28775	8.08718	8.37461	8.09086	7.93033	8.26245
0.0110625	8.03301	8.39513	8.54018	8.05896	7.84593	8.10234	8.35693	8.20001	8.4706
0.01125	8.48485	7.96374	8.05136	8.38319	8.10723	7.90623	8.59523	8.25584	8.05696
0.011425	7.71056	8.57714	7.61153	8.51142	8.10926	7.93384	8.56735	8.31569	8.13757
0.0116125	8.26444	8.18265	7.98734	7.86234	8.58358	8.09016	8.14843	7.8355	8.60789
0.0118	8.29335	7.93513	8.25097	8.29551	8.64839	7.99068	8.01722	7.89319	8.1449
0.0119875	8.04831	8.03784	8.0592	8.06475	8.44119	8.4918	8.36917	8.10304	8.37338
0.012175	7.93771	8.52349	8.06033	8.30847	8.01217	8.33872	8.54726	8.00462	7.92219
0.0123625	8.15855	8.00475	8.26506	8.70759	8.09449	8.00417	8.3417	7.86846	8.3382
0.01255	8.26805	8.35297	8.0055	8.75244	8.13449	8.078	8.24824	8.21976	7.93973
0.0127375	7.79292	8.29094	8.22733	7.94623	8.1889	8.363	8.37703	8.02072	8.31625
0.0129375	8.15691	8.12376	8.23644	8.1916	8.01438	8.19392	8.06992	8.31339	8.31403
0.013125	8.209	8.14576	8.02674	8.40255	8.08887	8.19375	7.89814	8.28208	8.0104
0.013325	8.11228	8.11602	8.51654	7.8559	8.53241	8.07522	7.94846	8.14553	8.12615
0.0135125	8.07986	8.00189	7.99353	7.81614	8.23849	8.03866	7.99693	8.05971	8.33474
0.0137125	8.10784	8.08516	7.82929	7.8515	8.17774	8.2611	8.16505	7.93581	8.29984
0.0139125	7.93004	8.08862	7.80353	8.03717	7.60993	8.12077	7.75333	7.88847	8.54605
0.0141125	8.00491	7.92552	7.84099	7.95834	8.27743	8.08172	8.58766	7.87349	8.22556
0.0143125	8.30516	8.09847	7.85304	8.07062	8.36504	8.07602	8.24252	8.31306	8.33012
0.0145125	7.85564	7.9912	7.94522	8.04154	8.21105	8.18283	8.36473	8.00931	8.37734
0.014725	8.15626	8.0021	7.90716	8.26851	8.70796	8.24658	8.11274	8.06103	8.46206
0.014925	8.31128	8.05652	7.9309	8.06394	8.44542	8.31363	8.20345	7.93927	8.57649
0.0151375	7.92434	8.34841	8.07175	7.73654	8.22213	8.05623	8.0317	8.04787	8.33608
0.01535	7.67697	8.2694	8.30581	8.0258	7.74647	8.15646	7.93002	7.95701	8.26887
0.01555	7.7571	7.86899	8.33756	7.9109	7.79085	8.23997	8.15019	8.24403	7.73218
0.0157625	8.08199	8.09351	8.02882	8.42066	7.93811	8.26016	8.31197	8.44459	7.92111
0.015975	7.91503	8.45705	7.91674	8.11465	8.37477	7.93526	8.22313	8.56561	8.11761
0.0162	8.48187	8.08301	7.98826	8.09277	8.25633	8.14268	8.54322	7.68583	7.75069
0.0164125	8.02876	8.44942	8.04304	8.08447	8.20283	8.02868	8.01684	7.95717	7.73155
0.016625	8.736	8.05925	7.8721	8.17828	7.84662	8.23153	7.92912	8.58474	7.92457
0.01685	8.25795	8.61647	7.6182	8.03725	7.85539	7.95887	7.97579	8.32963	7.95661
0.017075	7.94705	8.67486	8.25737	7.84	7.97465	8.34013	8.15022	8.17903	8.15443
0.0172875	7.90767	8.1358	8.26511	7.93667	7.80519	8.56508	8.01351	8.17691	8.09894
0.0175125	7.90619	7.90696	8.2919	8.26423	8.08729	8.18926	8.20908	8.08637	8.34413
0.0177375	7.99196	8.1066	8.32471	7.97661	8.2758	8.52175	8.08133	8.1783	7.94796
0.0179625	8.13434	7.85406	8.13384	8.2333	8.14134	8.31523	8.10753	8.31156	8.08262
0.0182	8.60108	7.90196	8.10359	8.19694	8.21381	8.08443	7.94244	8.0256	8.12913
0.018425	8.03935	8.09622	8.13939	8.55396	8.08735	7.9128	8.0339	8.16719	8.0151
0.0186625	7.97767	7.94444	7.84294	8.34986	8.35267	8.00752	7.55408	8.2865	7.89692
0.0188875	7.96268	8.02436	7.77439	8.26353	7.9102	8.08324	8.0462	7.90487	8.07745
0.019125	8.09775	8.25106	8.03428	8.49489	8.24951	7.9785	8.31816	8.08544	8.03857
0.0193625	8.13727	8.57643	8.06343	8.45538	8.27601	7.74766	7.97011	8.14195	8.2689
0.0196	8.0838	7.98326	7.88099	8.10824	7.9651	8.31379	8.07763	8.28024	8.04047
0.0198375	7.90344	8.3309	8.10347	8.26385	8.1285	8.29947	8.49542	7.99762	8.11578
0.0200875	7.85243	8.1014	7.71964	8.01885	8.12499	8.01313	8.26525	7.96929	7.82518
0.020325	7.9755	8.12106	7.98434	8.05218	8.13425	8.13816	8.03208	7.97864	7.84093
0.020575	8.23412	8.19842	7.928	7.7844	8.11164	7.5132	7.72692	8.08255	8.15774
0.0208125	8.25136	8.15644	7.81267	8.3334	8.5649	8.02388	7.96315	7.89239	8.11126
0.0210625	8.01536	8.50913	7.83498	8.52076	8.00572	8.40821	8.19144	8.20263	7.81155
0.0213125	7.61695	8.02621	8.57695	8.2357	8.10025	8.11679	8.34304	8.24687	8.4273
0.0215625	7.93153	8.36292	8.01306	8.64804	8.28392	7.98962	8.34209	8.0024	8.11469
0.021825	8.17525	8.2093	7.77745	8.31129	8.3291	8.48173	8.43083	7.7677	7.73548
0.022075	7.92506	8.32083	7.79405	8.37719	8.00414	8.10524	8.13564	7.92271	8.06063
0.0223375	8.08611	8.05758	8.05191	8.18413	8.14391	8.35816	7.88188	8.18745	8.00763
0.0225875	7.85922	8.01892	8.12747	8.17681	8.05149	8.20593	8.13173	8.22286	8.03635
0.02285	7.69494	8.02451	8.35504	8.0111	8.0021	8.07264	8.25066	8.04774	8.19759
0.0231125	7.76685	7.84289	8.52925	8.37767	7.90382	8.12573	7.91875	8.19093	8.47088
0.023375	7.7522	7.83988	8.24423	8.45195	8.37503	7.95336	8.33197	7.861	8.37961
0.02365	7.95571	8.53149	7.98807	8.06478	8.32912	8.13951	8.18581	8.66925	8.3833
0.0239125	8.4056	8.64783	7.69914	8.18826	8.24242	8.24337	8.31669	8.2675	7.8032
0.0241875	8.20287	8.67419	8.29118	7.93151	8.04211	7.87782	8.30295	8.40321	8.20683
0.02445	8.17215	8.20013	7.91567	7.81067	7.93959	8.08826	8.58601	8.67847	7.75729
0.024725	8.14318	7.97001	8.2431	8.313	8.03363	8.34247	7.8427	8.29861	7.86405
0.025	7.9971	8.01598	8.22561	8.16536	8.52894	7.98475	7.7935	8.07153	8.12834
0.025275	8.00333	7.85013	7.93884	8.17853	8.10661	7.9283	8.14668	8.21733	8.1403
0.0255625	7.86215	7.99615	7.82962	8.23805	8.2129	7.95686	8.50967	7.73839	8.16433
0.0258375	8.0557	8.38002	8.16989	8.02805	7.97122	8.05949	8.38898	7.95501	7.84144
0.026125	7.86561	7.92679	8.01776	8.57508	7.95264	8.15539	8.325	8.02718	8.03148
0.0264125	8.05936	8.1366	8.18023	8.17867	8.15959	8.16478	8.26474	7.90929	8.51136
0.0267	8.27573	8.11515	8.75661	8.38908	8.2096	7.75645	8.20294	8.0167	8.05848
0.0269875	8.35119	8.31308	7.95671	8.28381	8.05129	8.15537	8.1006	8.08058	8.45878
0.027275	8.12677	8.05937	8.10121	7.96252	8.51512	8.21985	8.12564	8.15267	8.06466
0.027575	8.02196	8.17696	8.11063	8.13424	7.9876	8.64597	8.31126	8.11899	8.32791
0.0278625	8.21347	8.12456	8.46689	8.188	8.28785	8.16616	8.24	8.05404	7.88967
0.0281625	8.14657	7.99488	8.11469	8.00431	8.24652	8.1502	8.30831	7.96803	8.33798
0.0284625	8.33135	8.05062	7.97051	8.34888	7.84185	8.292	7.70873	8.06608	7.81162
0.0287625	8.11395	8.32606	8.19809	8.1087	8.2906	7.98026	8.03613	8.12621	8.14049
0.0290625	7.84819	7.97837	7.93413	7.9844	8.03765	7.94558	7.74678	8.26767	8.13595
0.029375	7.85117	7.95529	7.97057	7.96004	8.22607	8.01981	7.851	7.90244	7.96961
0.029675	8.34198	7.96905	8.17208	7.96969	7.97186	8.2496	8.19978	8.54593	7.84375
0.0299875	8.07909	8.10111	7.92065	7.91319	8.1549	8.05531	8.43347	8.38264	7.74937
0.0303	8.15031	8.5031	8.08227	7.86524	8.505	8.17946	8.01986	8.06499	7.54908
0.0306125	8.11484	8.2046	8.05311	8.04224	8.24697	7.78298	7.69559	7.94856	8.0923
0.030925	8.02786	7.89151	8.39677	8.04172	8.16607	7.87605	7.9885	8.0507	8.07463
0.03125	8.11826	7.99411	8.03261	7.73527	8.15903	8.22926	8.02358	8.23513	7.9695
0.0315625	8.40878	7.7054	7.94916	8.09246	8.05304	7.89604	8.14619	8.1443	8.18145
0.0318875	7.99876	8.22646	8.02682	8.19387	8.22919	8.56438	8.24572	8.31719	8.02642
0.0322125	8.51006	8.22231	7.95812	8.09444	8.01672	8.30129	8.64635	7.84188	7.71931
0.0325375	8.15794	8.00842	8.11751	8.29648	8.22338	8.1965	8.05959	7.93209	7.8391
0.032875	8.3279	8.04858	8.09865	8.24904	8.3472	8.27005	8.20313	8.19714	8.2165
0.0332	7.9116	8.25517	8.22747	8.1675	8.47712	7.99949	8.18135	8.22462	8.22644
0.0335375	8.27608	7.95472	7.762	8.12679	8.25975	8.2521	8.21581	7.94305	8.51113
0.033875	8.03521	8.17128	7.90411	8.29657	8.0446	7.98755	7.93506	8.02046	8.32508
0.0342125	7.84406	8.29022	7.80864	8.2346	8.34793	8.08972	7.94068	8.40264	8.25676
0.03455	8.36718	8.13831	8.05385	8.11521	8.53727	8.22832	8.44556	8.04291	8.09931
0.0349	8.18742	8.01548	8.33589	8.17194	8.17902	8.1362	8.20642	7.97098	8.30119
0.03525	8.40648	8.38757	8.29264	8.04611	8.21454	7.90121	8.0429	8.16249	8.37182
0.0355875	8.03746	8.16373	8.25362	8.15389	8.20954	8.09855	8.149	7.90084	8.18966
0.03595	8.04958	8.06901	8.24642	7.86225	8.25258	8.03821	8.09391	8.33394	8.53855
0.0363	7.84041	8.11133	8.15644	7.9096	8.04675	8.11634	8.08922	8.23851	8.07167
0.03665	7.78551	7.83597	8.14511	7.97904	8.22089	8.241	8.4379	8.31321	7.95782
0.0370125	8.02523	8.31957	8.38157	7.93907	7.99633	8.28988	7.9751	7.90187	8.45487
0.037375	8.00097	8.20537	7.96781	7.99091	8.2421	8.03385	8.10215	7.92831	8.22525
0.0377375	7.83731	7.85611	7.7614	7.81397	8.39872	7.81752	8.19118	7.97198	8.14173
0.0381	8.06403	8.10323	7.88572	8.03308	7.91276	7.88553	7.81613	8.06687	7.9721
0.0384625	8.20774	8.2434	8.28239	8.3753	8.19893	7.97641	8.12262	8.52767	8.08987
0.0388375	8.32524	7.91807	8.18978	7.90061	8.07049	7.96375	8.38833	8.2985	8.42614
0.0392125	8.02231	7.48796	8.19289	7.86631	8.31007	8.23955	8.17886	7.94236	8.4135
0.0395875	8.363	8.1367	7.96119	7.89339	8.05596	8.05498	8.16639	8.14861	8.5976
0.0399625	8.00396	8.16854	7.8914	8.03057	8.29622	8.31819	8.05909	8.17266	8.35222
0.04035	7.99371	8.2666	8.04878	7.93654	8.53359	7.93984	8.00766	8.43773	8.01826
0.040725	7.77524	7.96309	8.02801	7.91908	7.94886	8.15445	8.06529	7.98279	7.98785
0.0411125	8.04168	7.98409	8.03366	8.1736	7.81776	7.90137	8.22733	7.91292	8.0762
0.0415	8.09861	7.99552	8.15969	8.21245	8.21639	8.41739	8.07839	8.09227	8.65328
0.0419	8.22653	8.11171	8.25723	7.92042	8.33649	8.25612	8.26197	8.31867	8.55757
0.0422875	8.0961	8.27979	7.97431	8.06542	8.01884	8.08483	8.29525	8.18652	8.22978
0.0426875	8.20472	7.9385	8.13968	7.92804	8.03547	7.69909	7.90426	8.37195	8.2722
0.0430875	8.08833	8.07937	8.0217	8.03503	8.25002	8.25991	8.08096	7.93971	7.83344
0.0434875	8.0011	8.01306	8.12307	7.93317	7.96926	7.93201	8.06382	8.01467	8.29575
0.0439	8.14311	8.05701	8.08738	8.37805	7.96832	8.06165	8.18614	8.19479	7.86572
0.0443	8.12201	8.38907	8.19135	8.08972	7.90087	8.0613	8.30704	8.15887	8.24416
0.0447125	8.0551	8.17214	8.09212	8.65964	8.25504	8.14173	8.26209	8.31521	7.89223
0.045125	7.93872	8.13171	8.12818	8.21386	8.42794	8.34476	8.42786	8.20204	8.31147
0.04555	7.97866	8.12209	8.28088	8.02223	8.18981	8.11015	8.38677	8.19579	8.33438
0.0459625	7.98283	8.15266	8.16656	8.0596	8.41684	8.1313	8.11558	8.27392	7.92289
0.0463875	8.18286	8.16477	8.17623	7.90998	7.97039	8.36435	8.06876	8.46603	7.9796
0.0468125	8.04209	8.00406	7.93334	7.88745	8.08237	8.38295	8.22939	8.36415	7.96871
0.0472375	8.43493	8.13187	8.37912	8.31965	7.88852	8.39009	8.15196	8.17288	7.83804
0.047675	7.97287	7.9693	8.42361	8.16951	7.9842	8.08724	7.90641	8.06383	8.4494
0.0481125	7.75796	7.83439	8.16041	8.09326	7.9749	8.04336	8.18432	8.153	8.13229
0.04855	8.00954	8.17523	7.9877	8.29854	8.10163	8.00484	7.89073	8.19816	8.27984
0.0489875	8.02061	8.04388	8.26277	8.29669	8.03133	7.88061	7.97307	8.30893	8.03987
0.049425	8.24132	8.21742	8.14911	8.21541	7.89953	8.24196	7.97051	7.98522	8.08473
0.049875	8.09668	8.16836	8.16287	8.00017	8.01438	8.30955	8.16574	8.02945	8.14228
0.050325	8.38187	7.94448	8.12039	7.99515	8.38698	7.88251	8.23644	8.10118	8.14072
0.050775	8.48476	8.08783	8.06769	8.18999	7.95774	8.19723	8.18525	7.92506	8.17622
0.0512375	8.13643	8.28028	8.02401	7.7718	8.16365	8.16327	8.09849	8.4422	8.0585
0.0517	7.72326	8.0975	7.70974	8.32968	8.22387	8.04564	8.09175	8.48615	8.18802
0.0521625	8.02086	7.97874	7.83761	8.13182	8.26465	8.05464	8.04554	8.14585	7.97009
0.052625	8.01153	8.17786	7.79334	7.93518	8.24648	7.93161	8.09457	7.98338	8.10789
0.0530875	8.01576	7.90568	8.0346	8.04272	7.951	7.96777	8.12126	8.23077	8.25933
0.0535625	7.78258	8.04824	8.08668	8.36246	8.09467	7.84256	8.07168	8.33215	8.08018
0.0540375	8.20218	8.19221	8.01134	8.2752	8.00011	8.18315	8.39651	8.38717	8.20323
0.0545125	8.14376	7.85813	7.93543	8.22056	8.02362	7.79871	7.93775	7.7602	8.1062
0.055	8.05488	8.22775	8.10489	8.06525	7.99407	8.02434	8.19308	8.36942	8.31775
0.0554875	7.9732	8.26993	7.91734	8.17211	8.08136	8.10911	8.05915	8.13595	8.49532
0.055975	7.99444	7.96738	8.09154	8.09412	8.04592	8.15706	8.08326	8.38524	8.03126
0.0564625	8.13869	8.02814	7.87719	7.99603	7.91539	8.32816	8.35497	7.91458	7.92049
0.0569625	8.16098	7.92654	8.35745	7.91246	7.84896	8.22516	8.31803	7.98655	8.62512
0.0574625	7.9354	8.12544	8.018	8.0865	8.12676	8.19366	8.05988	8.3434	8.07672
0.0579625	8.1813	8.27119	8.00315	8.0761	7.98805	8.01835	8.26836	8.29805	8.159
0.0584625	8.17031	8.03982	8.25196	8.09363	8.0556	8.08051	8.03868	8.19401	8.37556
0.058975	8.23468	8.25811	8.04938	8.29382	8.21722	8.28252	8.38809	8.34422	8.32274
0.0594875	7.98451	8.14566	8.10521	8.0288	7.89357	8.21195	7.93973	8.08543	8.06668
0.06	8.02889	8.07926	8.33628	8.1461	7.90506	8.03212	7.96942	7.92558	8.03386
0.060525	8.50939	7.97307	8.55923	7.94559	8.01202	8.37647	8.14794	7.85451	8.48504
0.06105	7.88642	8.40031	8.09	8.0525	7.77071	8.15191	7.98528	8.28507	8.29068
0.061575	7.8932	8.22671	8.49797	8.18432	7.93096	8.42901	8.27545	8.17651	8.15742
0.0621125	8.22031	8.13147	8.11997	8.17604	8.17351	7.90224	8.26072	8.20706	8.27016
0.0626375	8.06787	8.50325	8.05244	8.10795	8.0692	8.1058	8.08948	8.19534	8.02515
0.063175	8.05608	8.15341	8.01211	8.24338	8.15908	8.16061	7.79722	8.15911	7.8408
0.063725	8.07661	7.90186	7.93779	7.9819	8.25242	8.17621	7.9886	8.24699	8.20526
0.0642625	8.26662	7.67526	8.12248	8.07215	8.27407	8.31642	7.87506	8.19709	8.10285
0.0648125	8.13773	8.1874	8.04888	7.97252	8.1274	7.97301	8.01532	8.08031	7.99646
0.065375	7.98784	7.94979	8.20514	8.20917	8.04321	8.09917	8.25051	7.89298	8.09485
0.065925	8.09002	8.12248	8.31164	8.28791	8.24249	8.45328	8.33185	8.22133	8.04921
0.0664875	8.05301	8.00298	8.33329	8.236	8.04263	8.09112	7.84862	8.02919	8.04457
0.06705	8.28404	7.9491	8.15867	8.09261	8.16724	8.05565	8.18079	7.96978	8.06289
0.067625	8.24522	7.92126	7.98373	8.36952	8.11435	8.07042	8.28565	8.16625	8.1041
0.0682	7.88661	7.99865	8.17601	8.28839	8.06796	8.06175	8.18603	8.31675	8.14826
0.068775	7.94787	8.34275	8.00375	7.91256	8.03925	8.09459	8.08268	8.42344	8.08163
0.06935	8.07649	8.03581	8.22752	8.02047	7.93452	7.89206	8.01898	8.30373	7.9475
0.0699375	8.15941	8.23452	8.10688	8.00473	8.10497	7.85483	8.19646	7.82096	8.28408
0.070525	8.03453	8.04909	8.04459	8.23018	8.23262	7.90737	7.96881	8.14612	8.18696
0.0711125	7.83367	7.96498	8.10952	8.05076	7.95338	8.46609	7.72822	8.13017	8.35255
0.0717125	8.18099	8.31763	8.02656	8.19855	7.84758	8.024	8.37349	8.11164	7.9951
0.0723125	8.19517	8.17354	7.96259	8.13329	8.01848	8.07783	8.12956	7.92222	7.99862
0.072925	8.32002	8.32764	8.0735	7.96061	8.17094	8.12732	8.01042	8.07099	8.12916
0.073525	7.89233	7.99553	8.03006	7.94425	7.84923	8.25958	8.06783	8.05776	8.05664
0.07415	8.16247	8.04817	8.08939	7.92308	8.11254	8.23807	8.23597	8.40578	7.59832
0.0747625	7.99787	8.20804	7.98039	8.1702	8.03366	8.11518	7.89506	8.26429	8.00849
0.0753875	8.11712	7.9441	7.97338	7.97112	8.02767	7.80334	8.03707	7.99207	7.99053
0.0760125	8.2993	7.9409	8.21599	7.85423	8.00832	7.97801	8.03541	7.8972	7.90861
0.0766375	8.17336	7.93613	7.89856	8.16027	7.76959	8.00136	8.05114	8.16572	7.99784
0.077275	8.16702	7.72706	8.04758	7.93859	7.94411	7.93575	7.97637	8.27634	8.3959
0.0779125	8.00794	8.03771	8.39845	7.84728	8.09135	7.93739	8.10103	8.24163	8.15579
0.0785625	8.08549	8.16795	8.3054	8.08692	7.9226	7.7756	8.12233	8.14202	8.472
0.0792125	8.27495	8.08332	8.1394	8.08764	8.10578	8.18152	8.13458	8.11473	8.13164
0.0798625	8.1112	7.95953	8.10274	7.86867	8.18394	8.20103	7.89205	8.12011	8.11336
0.080525	7.77119	8.28877	7.90519	8.06906	8.16133	8.02714	8.08482	8.03881	8.28824
0.0811875	8.00569	8.04766	8.10096	7.87942	8.10977	8.15479	8.13151	8.20604	8.20937
0.08185	8.07279	7.74652	8.17332	8.07264	7.98181	8.32141	7.75304	8.29096	8.01642
0.082525	7.87169	8.20313	7.96829	7.78613	8.18441	7.97963	8.15364	8.03845	8.28835
0.0832	8.08121	8.22599	7.85115	8.13322	8.07944	7.91867	8.08609	8.23055	7.96476
0.083875	8.20831	8.1499	8.02906	7.99408	7.90052	8.04327	8.2894	7.98556	8.25224
0.0845625	8.20228	7.89462	8.1404	7.95718	8.14826	8.08508	8.06524	8.27134	7.9766
0.08525	8.1147	8.21895	8.03362	7.74074	8.17416	8.05801	8.16734	7.93551	7.90006
0.08595	8.1451	8.1451	8.23561	7.92177	8.04837	8.02977	8.14108	8.28344	8.19057
0.08665	7.7745	7.87264	7.99733	8.07091	7.70445	8.34297	7.84558	8.33858	8.10928
0.08735	7.95387	8.32664	8.09417	8.15284	8.18021	8.15741	8.0929	8.01481	7.87304
0.0880625	8.25826	7.97719	8.09427	7.93413	7.80509	7.99267	8.22971	8.06751	8.02416
0.088775	8.03957	8.13607	7.89409	8.04738	8.05662	8.06192	8.17112	8.36849	8.02241
0.0895	8.09991	7.96017	8.02129	8.08789	8.02684	8.02495	8.38535	8.10354	8.18593
0.0902125	7.96577	8.14279	8.08638	8.16324	8.26819	8.32927	8.34771	8.19087	8.29382
0.09095	8.12548	7.99537	8.20209	7.83292	7.88033	8.17133	7.90354	7.87509	8.14724
0.0916875	8.08815	7.97499	7.97854	8.02474	7.86575	8.03219	8.18915	7.87581	8.20363
0.092425	8.20935	8.32932	8.31718	7.94362	8.00582	8.07838	8.06207	8.11793	8.14906
0.0931625	7.9931	8.27992	7.99117	8.05037	7.95283	7.91075	7.99629	7.87601	8.1046
0.0939125	7.858	8.22282	8.02741	7.93325	8.09144	7.96379	7.96636	7.97421	8.12227
0.094675	8.2378	8.07157	7.9833	7.99232	8.07481	8.18658	8.01754	8.1163	8.11694
0.095425	8.0339	8.1807	8.09202	8.05665	7.97494	7.94124	8.16379	8.04564	8.20303
0.0962	8.20387	8.16399	8.08882	7.97454	8.19258	8.10998	8.02472	7.90968	8.02917
0.0969625	8.35312	7.85888	8.04676	8.23915	8.22742	7.88173	8.19031	7.89054	7.96914
0.0977375	8.25316	8.22749	7.79143	8.00113	8.26983	7.94895	8.09133	8.1009	7.9598
0.098525	7.74207	7.88857	7.96626	7.83734	8.05955	7.95947	7.9567	8.26801	7.94131
0.0993125	7.99252	7.84253	7.92919	8.04337	7.8043	8.26849	8.09653	8.37273	8.05633
0.1001	8.01297	8.30944	8.17412	8.05231	8.08761	8.12158	8.02831	8.03484	8.07621
0.1009	8.04962	8.1321	8.05346	7.98807	8.05562	8.33955	7.94091	8.0879	8.24083
0.1017	8.05639	8.13167	7.94606	8.13371	7.97904	8.30858	8.17915	7.97584	8.3205
0.102513	7.9058	8.06662	8.08498	7.98466	7.93315	8.09879	8.02874	8.15765	8.2425
0.103325	7.84894	8.00192	7.95349	8.08335	8.09022	7.97236	7.85174	8.21365	7.98768
0.10415	7.99998	8.25296	8.12953	8.10882	7.92396	8.08876	8.12465	8.06347	7.9184
0.104975	7.9088	7.99817	8.08734	8.09098	8.0135	7.90349	7.94789	8.23632	7.9386
0.105812	8.04293	8.19415	8.207	8.00231	7.93431	7.83477	8.15061	8.27389	8.06805
0.10665	8.04507	7.98999	8.05603	7.93899	8.10041	8.11093	8.00206	7.8353	7.88331
0.107487	8.15397	7.99018	8.13234	7.96745	8.12748	8.20452	8.12722	8.29744	8.17749
0.108337	7.90426	8.22766	7.98359	8.08599	7.87863	8.13844	8.06034	8.03237	8.09623
0.109187	8.11501	8.27714	7.85194	8.07715	7.83538	8.04996	7.88722	7.95251	8.02023
0.11005	8.24782	7.93829	8.13105	7.90803	8.04805	8.0915	7.95258	8.26036	7.9089
0.110925	8.1003	7.83946	8.10028	8.07097	8.01491	8.07033	8.01293	8.05297	8.12906
0.111787	8.04821	7.95156	8.11986	8.05775	8.00894	7.89753	8.06174	8.26496	8.13123
0.112675	8.13043	7.80289	8.33054	8.00884	7.93383	8.27495	8.2465	8.03983	8.07933
0.11355	8.04788	7.95675	7.94952	7.80054	7.90102	8.15217	7.95264	8.06345	7.959
0.11445	7.87295	7.89953	7.91467	8.00062	7.94844	7.95756	7.89276	8.05132	7.9896
0.11535	7.74288	8.08751	7.80175	7.90526	7.9073	8.107	8.08439	8.02057	8.15954
0.11625	8.06936	8.10204	8.15293	8.08114	8.01711	8.10641	8.00583	8.05662	7.97623
0.117163	8.11444	8.16482	8.17752	8.05127	8.04482	8.29152	7.97475	8.10553	8.13762
0.118075	8.11481	8.05103	7.82219	8.03286	8.04949	8.16704	8.06694	8.02784	7.84342
0.119	7.96823	8.14259	7.97704	8.03924	7.94528	8.17678	8.05874	8.15005	8.0656
0.119925	7.86503	7.99973	8.04825	7.95049	7.97146	7.94901	8.02862	7.99639	8.33894
0.120862	8.12541	8.00696	7.99435	8.12524	8.00689	7.94339	7.90871	8.08408	8.19936
0.1218	7.95301	7.98775	8.07258	7.92983	8.17851	8.10958	8.00569	7.9801	8.02992
0.12275	8.03158	8.00227	8.05304	8.00073	7.86503	8.07868	8.19136	8.16372	8.443
0.1237	7.88551	8.31094	7.93324	7.86315	8.0736	8.09509	7.98854	8.22377	7.99262
0.124663	8.0044	8.08417	7.93569	8.02981	8.01026	8.14449	8.20715	8.04645	7.91906
0.125638	8.06856	8.25054	7.97006	7.96846	8.08383	8.15709	8.02759	8.2425	8.15733
0.126612	7.98282	8.01849	7.8251	7.95235	7.97457	7.99293	7.97808	8.00698	7.9092
0.127587	7.81581	8.08589	7.94826	7.96948	7.97618	8.01207	8.01874	8.0198	8.10335
0.128575	8.17825	8.1159	8.04809	8.04006	8.0706	7.91198	8.16413	8.08215	8.20645
0.129575	7.98664	8.06252	7.99058	8.10378	7.9758	8.05864	8.08693	7.90597	8.08273
0.130575	7.90546	8.12702	7.94953	8.05493	7.88316	8.10002	7.90517	7.85961	7.89353
0.131588	8.1351	8.09375	8.03316	7.83986	8.00468	8.11757	8.13823	8.07854	7.93843
0.1326	7.83947	8.00839	8.0724	7.92247	7.85406	8.19985	8.03573	8.20804	8.00278
0.133625	8.09996	8.00157	8.16217	8.23254	8.0298	8.15151	8.09	8.08631	8.04825
0.13465	8.0273	8.15449	7.79105	7.86054	7.8355	7.91281	8.0828	7.77846	8.0088
0.135688	8.02361	8.19114	8.11769	7.82018	7.78172	8.15176	8.11081	7.90825	7.95163
0.136737	8.1081	8.20689	8.01664	7.98198	7.76961	7.94188	8.13368	8.02985	7.93509
0.137788	7.90546	8.05966	8.02851	8.10232	8.14674	7.95324	7.8526	8.0886	7.81325
0.13885	7.86672	8.18633	8.01401	7.93647	7.93354	7.97042	7.82599	8.14888	7.96766
0.139913	7.7489	8.11857	8.00609	8.0137	7.91251	7.98935	7.95546	8.01245	8.13871
0.140988	7.90842	7.96514	7.8959	8.02209	8.0333	8.06172	8.01419	8.00718	7.97276
0.142075	7.88767	8.00778	7.85942	8.05202	8.07607	7.84954	8.01497	8.05115	8.16269
0.143163	8.01067	7.96291	7.987	8.06682	8.05933	8.03369	8.02149	7.81205	8.03019
0.14425	8.03926	8.0593	7.97998	7.99686	8.13146	7.92628	8.05832	8.13919	7.9623
0.145362	7.99294	7.99008	8.13578	8.06855	8.00254	7.96664	8.10545	8.06632	8.0289
0.146475	7.80774	8.03198	8.1543	7.80715	7.86671	8.14287	8.03297	8.07782	7.9935
0.147587	7.92917	8.07413	7.98144	8.01961	8.22769	8.13617	8.16882	8.11069	7.93719
0.148713	7.94744	7.94137	8.02582	7.98106	7.74623	8.06632	8.10605	8.22773	8.11715
0.14985	8.16414	8.1974	7.79919	7.90315	7.97953	8.01507	8.06219	8.06932	8.01756
0.150988	8.11787	7.95792	7.93493	7.89904	8.00996	8.07964	8.1029	7.97369	7.95475
0.15215	8.1683	8.05072	8.15266	7.93072	8.0437	8.05877	8.21734	8.116	7.89664
0.1533	7.9711	8.00059	8.15942	8.06513	8.33854	7.96242	8.18252	7.89255	8.1598
0.154475	8.07545	8.19642	7.81095	7.97266	7.72493	8.0377	7.94262	8.18107	7.9798
0.15565	7.9863	7.89303	8.18963	8.0986	7.82769	8.01269	7.92552	8.09135	8.02066
0.156825	8.1085	7.94389	8.12945	7.99796	8.03955	8.04226	8.07288	8.16034	7.84988
0.158012	7.96348	8.04146	7.878	8.11508	7.77883	8.21163	7.98474	8.06573	7.89167
0.159212	7.97468	7.93718	7.97997	8.03857	7.86379	7.98951	7.97229	7.9731	8.18912
0.160425	8.01537	8.13808	8.0648	8.07572	7.92157	7.94373	8.20306	8.01646	8.08489
0.161637	8.03381	8.06778	7.94237	8.0419	7.91437	7.98141	7.90771	8.14838	7.90774
0.162862	7.88754	8.13111	8.01823	8.06749	7.9186	8.194	8.00967	8.08347	7.94708
0.1641	8.16015	7.9283	8.15852	7.93166	7.84254	8.07207	7.98105	7.94078	8.05262
0.165338	8.01403	8.20431	8.01474	7.81781	7.95624	7.95016	7.93431	7.92022	7.95075
0.166588	8.07195	8.02692	7.80733	8.13089	7.92314	8.10172	8.03789	7.93515	8.14522
0.16785	8.10251	8.02227	8.01488	7.89907	8.13865	8.02498	8.04704	7.99494	8.1362
0.169113	7.82379	8.10665	8.11834	7.89788	7.99515	8.0172	8.05314	7.98096	8.1136
0.170388	7.91062	7.95203	8.03197	8.04131	7.7544	8.14903	8.02984	7.92215	8.00618
0.171675	8.12518	7.94064	8.15678	8.17104	7.88928	7.96681	7.93711	7.9548	8.00612
0.172975	8.12222	7.8987	7.77245	7.911	7.7958	8.04097	8.13139	7.93971	8.00977
0.174275	7.86922	7.93345	7.84859	7.86281	8.11503	7.80794	8.00945	8.10489	7.99257
0.175588	7.96233	8.05537	8.00626	7.96288	7.96984	7.78306	7.99074	7.87788	7.79755
0.176913	7.96966	8.21706	8.13431	7.97102	7.9612	8.02022	7.87375	8.02178	8.05841
0.178237	8.09415	7.97108	7.96474	8.01432	7.87043	8.02228	7.93186	8.05491	7.70378
0.179575	7.98592	8.23414	8.01016	8.00581	8.00395	7.97649	8.00535	8.03751	8.03525
0.180925	7.96138	8.06838	7.90221	7.92626	7.98442	8.05389	8.06219	7.92252	8.02055
0.182287	7.91737	7.93297	8.05102	7.95445	8.04759	7.83515	7.83418	7.91878	7.96154
0.18365	7.91488	8.1076	8.02615	7.9013	7.9428	8.01361	8.06874	8.00992	7.94638
0.185025	7.87745	8.01104	7.8757	8.12883	8.04154	7.95282	7.8356	8.02898	8.00526
0.186412	8.11252	7.96426	7.79645	7.88591	7.95959	8.10373	8.06864	8.1317	7.98564
0.187813	7.69754	7.9799	7.73365	8.10528	7.82629	7.99065	7.89443	7.91736	8.10275
0.189213	7.90855	7.8476	7.90821	7.9878	8.03333	8.06308	7.80915	7.9828	8.00166
0.190637	7.97421	8.03214	8.01554	7.95861	8.07312	7.85716	8.11195	7.76665	7.83537
0.192062	7.92106	8.09383	7.90595	8.07095	7.90303	8.02573	7.97421	8.02534	8.09565
0.193487	8.14716	8.26016	8.05399	7.94375	7.94895	7.86304	8.08864	7.93234	7.9811
0.194937	7.95768	7.98628	8.01187	7.98215	8.10262	7.87624	8.1494	8.01243	8.13796
0.196387	7.95185	7.81052	7.99543	7.87081	7.92038	7.91334	8.04554	8.03904	8.00253
0.197863	7.93564	7.85533	7.87077	7.85007	8.01539	7.90327	8.05366	7.8736	7.86664
0.199337	8.06685	7.87245	8.05086	7.96968	8.00275	8.05104	7.95997	7.94693	7.96878
0.200825	7.86705	7.92051	7.92598	8.0374	7.90269	7.98376	8.1354	7.98844	7.86422
0.202312	8.05913	7.95678	7.99011	8.05959	8.10286	8.2396	8.01682	8.17484	8.20414
0.203825	7.94005	8.13852	8.06691	7.9827	7.86215	7.91134	7.78171	8.08256	7.86937
0.205337	7.81537	8.06663	8.11089	7.89709	7.96191	8.06907	7.80445	7.98939	7.84535
0.206862	7.99334	8.18115	8.01114	8.02239	7.87483	7.91312	8.10776	7.94189	8.04015
0.2084	7.88927	7.9327	7.94157	7.93297	7.983	7.93244	8.01696	8.0014	8.014
0.20995	8.00648	8.12605	7.83734	8.00483	7.90517	7.89117	7.88639	7.92176	7.80803
0.211513	8.11142	7.94478	8.01112	7.8845	7.9551	7.96794	8.01384	7.98885	8.04965
0.213087	7.87342	7.87751	8.05433	7.88469	7.98443	7.98918	7.916	8.08804	7.83826
0.214663	7.91147	8.0898	7.97332	7.95348	7.95384	8.11849	7.99033	7.95434	8.02352
0.21625	7.90961	7.93131	7.95509	7.97024	7.88125	7.95139	7.94793	8.0986	7.91733
0.217863	7.83637	8.03781	8.04258	7.93497	7.95408	7.98527	7.81647	8.0728	7.96345
0.219475	7.90655	7.95513	7.92584	8.00714	7.89844	8.06603	8.02738	7.96765	7.88938
0.2211	8.10358	7.93243	7.90081	8.15681	7.94276	8.00454	7.88918	8.08506	8.042
0.222738	8.0796	8.07474	8.14093	8.09245	8.04764	7.89424	7.92673	7.97435	7.95119
0.224387	8.05374	8.12306	8.02672	8.0057	8.02853	8.03601	7.94368	8.0955	7.85129
0.226038	7.95824	7.99567	7.90475	8.00924	7.85698	8.03208	7.97387	8.00574	8.10008
0.227712	7.97545	8.10922	7.92397	7.98121	7.91914	8.05071	7.91581	7.9114	8.06139
0.2294	7.88756	7.99092	7.94836	8.08915	8.08389	7.90688	7.91837	8.06183	7.80268
0.231088	7.9215	7.95016	8.07294	7.89202	7.98422	8.03938	7.89238	8.07164	8.04086
0.2328	7.9604	7.87972	7.92378	7.82594	8.09148	7.95033	8.00209	8.1012	8.08554
0.234512	7.85892	8.07822	7.78984	8.06038	8.05319	7.91211	7.90338	7.84217	7.93362
0.236237	7.90755	8.03386	8.02214	8.03198	8.01321	7.9749	7.93624	8.10292	7.9122
0.237988	7.82828	7.97024	7.90336	7.91777	7.9704	8.05075	8.08685	7.83394	7.79867
0.239737	8.06357	7.92312	8.00387	7.96062	7.95701	8.00592	7.78482	8.03874	7.92166
0.2415	8.04007	8.13206	7.92463	7.83494	7.92399	7.94033	7.96709	7.99288	7.9132
0.243275	7.99313	8.04573	7.97686	8.0113	7.97069	8.03337	7.94616	7.96726	7.8947
0.245075	7.80974	7.79413	7.83246	7.82734	7.83098	7.88717	7.94642	7.88812	8.01833
0.246875	7.99037	7.8664	7.84528	8.02038	7.89691	8.01528	7.86469	7.99172	8.06035
0.248688	7.89302	7.93551	7.94225	8.00933	7.83902	7.92334	7.94652	7.77659	7.86493
0.250513	7.85951	7.87424	7.87122	7.85002	7.94335	7.96557	7.82805	7.92925	8.13549
0.252362	7.98116	7.89769	8.03714	8.03561	7.94825	7.86878	7.97077	7.86112	7.98055
0.254212	7.98762	7.98942	8.17809	7.74189	7.90345	7.95631	7.95722	7.80549	7.8356
0.256075	7.89546	7.93502	8.01225	7.83328	7.96375	8.04587	8.06118	8.02944	7.87642
0.25795	7.94538	8.05077	8.02553	8.07286	7.97801	7.92538	7.84604	7.94151	7.96834
0.25985	7.93645	7.94329	7.88166	7.89826	7.94153	7.98355	7.86258	7.87006	7.97827
0.26175	7.89894	7.96821	7.84817	7.72256	7.89263	7.86373	7.84642	7.86274	7.84463
0.263675	7.88408	8.0014	7.98984	7.97635	8.11438	7.954	8.1995	7.8747	7.94503
0.2656	8.10269	7.93478	7.98294	7.89786	7.93125	7.93915	7.85487	7.95508	8.05736
0.26755	7.85397	7.90883	8.10343	7.95849	7.98266	7.88883	7.96479	8.05605	7.88019
0.2695	8.04838	7.99742	8.01796	7.9545	7.9333	7.99057	8.1012	8.15257	7.94156
0.271475	7.86458	7.93618	7.97374	8.01464	7.90526	7.86138	7.9637	8.1266	7.93761
0.273463	8.04463	7.9584	7.96809	7.7647	8.02003	7.99621	7.93483	8.19513	7.99978
0.275463	7.9788	7.96911	7.85263	7.87258	7.93089	7.9882	7.8515	8.03161	7.96267
0.277475	8.12569	7.93494	7.86776	8.00003	7.96055	7.99659	7.82046	8.01706	7.90127
0.2795	7.87762	7.96164	7.87474	7.95775	7.84822	7.9784	7.99111	8.12102	7.86444
0.28155	7.89944	8.09709	8.10811	7.85646	7.85086	8.03269	7.9241	7.94188	7.94806
0.2836	8.13133	7.8986	7.86791	8.05012	8.02725	7.89465	7.87314	7.83251	7.72618
0.285675	7.98737	7.94201	7.84009	7.8139	7.76879	7.94876	7.98161	7.80235	7.78052
0.28775	7.82861	7.97093	7.88172	7.88288	7.98875	7.88344	7.97299	7.82906	7.85863
0.28985	7.92743	8.10548	7.98694	7.8941	7.90482	7.92962	7.84436	7.9031	7.87533
0.291963	7.99161	7.8899	7.88205	7.8404	7.96057	7.90275	7.98933	7.88702	7.95259
0.2941	7.8259	7.9577	7.92152	7.83691	7.85228	7.93381	7.91582	7.90683	8.01246
0.296237	7.95448	8.09457	7.94781	7.89496	7.76716	7.89466	7.82269	7.82229	7.94643
0.2984	7.94562	8.00066	7.94077	7.85727	7.91794	8.07699	7.84632	7.93313	7.83122
0.300563	7.92038	8.0142	7.88205	7.8635	8.1096	8.00146	7.99795	7.89961	7.84484
0.30275	7.81792	7.84858	7.87909	7.92829	7.83976	8.02996	7.90903	8.00648	7.95256
0.304962	8.00935	7.7937	7.7656	7.91566	7.89643	7.74836	7.87372	7.76546	8.02446
0.307175	7.97474	7.87425	7.77693	7.80758	8.05986	7.96166	7.87095	8.04444	8.06962
0.309413	7.95405	7.89488	7.94957	7.81144	7.81074	7.91931	7.90034	7.84051	7.93421
0.311662	7.97687	7.93622	7.88562	7.87304	8.00037	7.86723	7.90512	7.88836	7.90214
0.313925	7.89699	7.9104	7.95621	8.09008	7.83608	7.89261	7.78935	7.96335	7.84975
0.3162	8.0029	7.90504	7.8781	7.95586	7.93722	7.7874	7.91646	7.87873	7.91712
0.3185	7.84396	7.85437	7.83979	7.91803	8.04065	7.78403	7.97876	8.10061	7.90224
0.320812	7.86813	7.85233	8.0285	7.86489	7.94095	8.01492	7.94483	7.93343	7.80502
0.323137	7.86416	7.88701	7.83022	7.73795	7.73773	8.00673	7.82459	7.92593	7.88563
0.325475	7.83738	7.95216	7.94698	7.98783	7.81101	7.98061	8.00281	7.98225	7.93687
0.327837	7.66159	8.0767	7.95316	7.88632	8.00736	7.90031	7.99075	8.01242	7.78923
0.330213	7.7592	8.01753	7.90203	7.80617	7.72074	7.72411	7.9808	8.03588	7.98812
0.332613	7.98279	7.98689	7.88095	7.91613	7.77181	7.865	7.83799	7.86279	7.83169
0.335012	7.97764	8.00779	7.90894	7.95264	7.81635	7.9878	7.75583	7.9247	7.87533
0.33745	7.86556	7.8286	7.88954	8.0141	7.87849	7.97844	7.98599	7.95487	8.02689
0.339887	7.89245	7.86196	7.91982	7.90527	7.92979	7.94677	7.96797	7.92798	7.84853
0.34235	7.93142	7.89221	8.05313	7.88541	7.8213	7.87625	7.90583	7.96536	7.93114
0.344825	7.79479	7.9664	7.75155	7.85405	7.72389	7.84517	7.94585	7.90784	7.84912
0.347325	7.86868	7.94755	7.84832	7.88918	7.93169	7.92929	7.85	8.04672	7.98608
0.349825	8.01558	8.05393	7.85996	7.86935	7.85817	7.97408	7.80625	7.83295	7.97197
0.352363	7.91969	8.0041	7.92375	8.00774	7.82008	7.85661	7.94281	8.03736	7.7125
0.3549	7.87534	7.89996	7.64806	7.9	7.85374	7.88011	7.94722	8.00895	7.89555
0.357475	7.90856	7.90033	7.86895	8.05225	7.88439	7.88769	7.90509	7.96888	8.09759
0.36005	7.83478	7.95521	7.85766	7.86712	8.0421	7.95265	7.89961	7.97724	7.78781
0.36265	7.91763	7.8212	7.8459	7.90845	7.7747	7.83053	7.88116	8.03242	7.95258
0.365275	7.83985	7.9125	7.78296	7.85822	7.96529	7.79022	7.9268	7.9639	7.83156
0.3679	7.95204	7.93954	7.80074	7.80554	7.89296	7.89861	7.89953	7.87675	7.87364
0.370562	7.97703	7.97464	7.9462	7.95323	7.8315	7.76861	7.85572	7.9251	7.79721
0.373237	7.87824	7.83663	7.7923	7.83827	7.84227	7.87172	7.81374	8.0146	7.8424
0.375925	7.89287	7.85306	7.73655	7.90003	7.76866	7.87209	7.77748	7.88289	7.83248
0.378637	7.90015	7.84217	7.81553	7.83561	7.83508	7.84415	7.86682	7.95285	7.90773
0.381362	7.76151	7.79629	7.80899	7.9302	8.00601	7.85495	8.01363	7.84988	7.81594
0.384113	7.96319	7.89356	7.83391	7.76937	7.77408	7.8932	7.91856	7.87707	7.84738
0.386875	7.97945	7.93838	7.79475	7.90109	7.88589	7.87644	7.9594	7.9738	7.96569
0.389663	7.95892	7.85793	7.851	7.89103	7.73361	7.79184	7.87385	7.86059	7.81886
0.392462	7.82398	7.81937	7.93477	7.82055	7.80922	7.94595	8.04802	7.88718	7.81895
0.395288	7.87312	7.9408	7.82181	7.89473	7.76304	7.89149	7.90608	7.95075	7.91895
0.398138	7.90627	7.92783	7.77069	7.87015	7.94313	7.9967	7.77544	7.98391	7.83701
0.401	7.88902	7.82228	7.86614	7.80858	7.79004	7.86119	7.83741	7.93524	7.88952
0.403888	7.80971	7.80526	7.8292	7.89466	7.96321	7.77917	7.94407	7.93106	7.90328
0.406788	7.97667	7.89127	7.87446	7.97644	7.89107	7.96421	7.93328	7.92034	7.90786
0.409712	7.73713	7.8442	7.82478	7.88107	7.9479	7.72906	7.89398	8.01262	7.8661
0.41265	7.9062	8.16895	7.8005	7.80252	7.86331	7.85053	7.95851	7.83262	7.81594
0.415612	7.80023	7.91676	7.92643	7.82824	7.79444	7.869	7.89796	7.93291	7.85356
0.4186	7.73854	7.93059	7.84371	7.86352	7.81546	7.8165	7.8525	7.95577	7.70313
0.421613	7.89244	7.85813	7.79401	7.86068	7.95195	7.79464	7.74187	7.92444	7.90236
0.424637	7.87651	7.84878	7.86776	7.95791	7.9002	7.86695	7.92036	7.8708	7.83671
0.427687	7.78981	7.78718	7.88954	7.74883	7.83325	7.68876	7.8613	7.883	7.83724
0.43075	7.94602	7.92663	7.772	7.82364	7.8492	7.90913	7.91089	7.92982	7.92516
0.433838	7.89558	7.90294	7.92571	7.85942	7.77809	7.84135	7.91325	7.85953	7.89901
0.43695	7.85396	7.80158	7.83299	7.9357	7.76837	7.80629	7.78342	7.84654	7.96525
0.440087	7.92349	7.87254	7.87085	7.92854	7.873	7.84456	7.83022	7.89432	7.93846
0.443238	7.80933	7.84845	7.77797	7.73948	7.85687	7.76224	7.79525	7.8906	7.82281
0.446413	7.85412	7.9646	7.93875	7.88527	7.8236	7.95478	7.86193	7.91274	7.85427
0.449612	7.81378	7.94587	7.76943	7.79378	7.78335	7.80498	7.81796	7.84138	7.86485
0.452837	7.83229	7.92376	7.81533	7.84452	7.851	7.82168	7.84459	7.77518	7.83083
0.456075	7.84959	7.8205	7.87563	7.78633	7.79469	7.88385	7.86933	7.98312	7.88085
0.459338	7.77904	7.81673	7.7496	7.7852	7.88126	7.91529	7.72483	7.91305	7.90194
0.462625	7.86257	7.83824	7.90662	7.88469	7.93937	7.85619	7.9618	7.90898	7.95916
0.465937	7.90453	7.95207	7.75549	7.86167	7.84625	7.83861	7.84909	7.98038	7.82685
0.469275	7.91493	7.76892	7.76385	7.92158	7.87769	7.8624	7.8591	7.92861	7.83513
0.472625	7.95955	7.85616	7.8225	7.82253	7.88564	7.87355	7.80978	7.88064	7.8414
0.476012	7.76297	7.90245	7.87369	7.80105	7.84441	7.84396	7.8921	7.76815	7.85465
0.479412	7.87529	7.92805	7.92268	7.88422	7.7275	7.93125	7.79429	7.83179	7.9192
0.482837	7.91448	7.86418	7.7361	7.89941	7.81067	7.84082	7.78718	7.93081	7.72647
0.486288	7.78915	7.89277	7.85853	7.87708	7.89387	7.78819	7.87458	7.71542	7.77903
0.489763	7.83988	7.77789	7.67622	7.77584	7.88712	7.89618	7.71017	7.85876	7.819
0.493262	7.84461	7.79111	7.68621	7.82811	7.77336	7.69763	7.92222	7.89487	7.75616
0.496787	7.91169	7.81439	7.76719	7.8961	7.98116	7.87265	7.78701	7.95698	7.8016
0.500337	7.99743	7.79929	7.8041	7.87327	7.84827	7.87413	7.83942	7.86255	7.91574
0.503913	7.77359	7.75862	7.87929	7.94516	7.86177	7.82192	7.81311	7.81598	7.79733
0.5075	7.7616	7.76464	7.9814	7.79243	7.79551	7.80461	7.81602	7.77972	7.8475
0.511125	7.87426	7.84013	7.8109	7.89789	7.7914	7.78217	7.81053	7.85233	7.87123
0.514775	7.78401	7.77075	7.77302	7.71912	7.86254	7.84147	7.82809	7.86438	7.79449
0.51845	7.89316	7.85493	7.8548	7.77689	7.83412	7.79297	7.83117	7.84758	7.8299
0.52215	7.74811	7.81483	7.92003	7.93739	7.83795	7.83806	7.73814	7.7819	7.70146
0.525863	7.90008	7.82263	7.76966	7.77979	7.81749	7.87107	7.87235	7.80407	7.78967
0.529612	7.78649	7.80619	7.90102	7.74473	7.8201	7.98423	7.75054	7.87598	7.81929
0.533387	7.78913	7.94154	7.74318	7.84636	7.74637	7.76672	7.82639	7.84553	7.85011
0.537188	7.84766	7.82519	7.7713	7.86939	7.8964	7.78821	7.9078	7.83965	7.83294
0.541025	7.84594	7.87578	7.80906	7.85878	7.7089	7.76122	7.71339	7.8468	7.78599
0.544875	7.86515	7.8228	7.72247	7.89526	7.85026	7.87578	7.84917	7.88651	7.73513
0.54875	7.80865	7.78952	7.7758	7.84554	7.86028	7.79784	7.91689	7.81731	7.77179
0.552662	7.77939	7.80578	7.83654	7.76601	7.79018	7.70446	7.89952	7.84365	7.83514
0.5566	7.78714	7.9235	7.7358	7.86807	7.82115	7.82075	7.86808	7.79907	7.78508
0.560562	7.87321	7.7434	7.71171	7.69187	7.8379	7.82495	7.81293	7.78777	7.78424
0.56455	7.81729	7.74328	7.65961	7.80572	7.93297	7.76084	7.77465	7.74113	7.77209
0.568563	7.8823	7.77146	7.89102	7.85462	7.87719	7.71214	7.70548	7.87313	7.74124
0.572613	7.82514	7.85164	7.91338	7.72051	7.69094	7.81863	7.76996	7.81512	7.7451
0.576688	7.81829	7.82454	7.81265	7.84629	7.78493	7.74578	7.76956	7.95321	7.76381
0.580787	7.80318	7.66864	7.78255	7.72447	7.77287	7.84528	7.86083	7.79969	7.94832
0.584912	7.92497	7.75573	7.7455	7.83015	7.73245	7.72649	7.79828	7.80311	7.78568
0.589075	7.81262	7.82789	7.81362	7.84134	7.89327	7.77433	7.75128	7.90951	7.79783
0.593262	7.89366	7.822	7.8406	7.87183	7.79903	7.77281	7.81538	7.81713	7.8278
0.597475	7.74029	7.88412	7.68171	7.75893	7.67799	7.75284	7.87827	7.81137	7.81157
0.601725	7.74549	7.8222	7.67105	7.82032	7.8423	7.84126	7.67736	7.94765	7.80381
0.606	7.79794	7.70495	7.65761	7.73925	7.89306	7.82697	7.86393	7.81998	7.86774
0.6103	7.87724	7.84074	7.7798	7.83193	7.77295	7.82227	7.79984	7.90838	7.81052
0.614637	7.85571	7.86728	7.7535	7.77878	7.84616	7.84853	7.81631	7.88691	7.81277
0.619	7.78578	7.67179	7.90805	7.68215	7.83601	7.68654	7.81553	7.8411	7.78661
0.6234	7.828	7.78754	7.74879	7.70627	7.7744	7.79709	7.84505	7.83785	7.76368
0.627825	7.65986	7.83677	7.83069	7.91507	7.77958	7.64441	7.84899	7.84656	7.80881
0.632275	7.67217	7.72081	7.7942	7.82416	7.78002	7.72408	7.75371	7.87532	7.78116
0.636762	7.88919	7.81727	7.85768	7.71929	7.72453	7.71266	7.80558	7.80174	7.85447
0.641288	7.79712	7.74959	7.68431	7.68045	7.79039	7.70937	7.68309	7.86585	7.75855
0.645837	7.80929	7.76796	7.75795	7.7946	7.73678	7.78076	7.79576	7.78689	7.82336
0.650412	7.79084	7.73113	7.68633	7.77314	7.76284	7.74616	7.75479	7.8866	7.67826
0.655025	7.75173	7.81457	7.75129	7.74538	7.73142	7.74205	7.8709	7.82434	7.6782
0.659675	7.77866	7.78417	7.7845	7.69349	7.73246	7.82238	7.72895	7.8658	7.85244
0.66435	7.83577	7.84145	7.81981	7.76655	7.70887	7.72619	7.79813	7.8426	7.78885
0.66905	7.8178	7.76229	7.73494	7.79721	7.76167	7.70479	7.69209	7.77422	7.70923
0.6738	7.77699	7.76701	7.68097	7.74592	7.7208	7.80846	7.82717	7.82812	7.79052
0.678575	7.83212	7.77728	7.6902	7.62234	7.78384	7.84269	7.69979	7.90505	7.72026
0.683375	7.83703	7.82809	7.74139	7.70846	7.66552	7.64782	7.70388	7.78288	7.76255
0.688225	7.79024	7.66822	7.77187	7.68662	7.77793	7.7805	7.75495	7.86514	7.80185
0.6931	7.7301	7.8104	7.73682	7.77122	7.74054	7.74596	7.71292	7.8786	7.78737
0.698	7.76243	7.70095	7.81198	7.74373	7.74983	7.75471	7.64158	7.73759	7.86748
0.70295	7.81138	7.72458	7.69748	7.85236	7.79212	7.67566	7.77532	7.85762	7.73818
0.707925	7.75266	7.85051	7.75946	7.81004	7.828	7.75852	7.78635	7.84886	7.7646
0.712937	7.73405	7.80977	7.74572	7.70001	7.77425	7.72286	7.73338	7.7948	7.75638
0.717975	7.66093	7.70208	7.75574	7.76625	7.65516	7.83999	7.74167	7.78176	7.75375
0.723063	7.81619	7.70713	7.61784	7.7625	7.74817	7.68011	7.78054	7.88511	7.70821
0.728175	7.80514	7.67907	7.76164	7.66261	7.76157	7.88575	7.76243	7.77709	7.65754
0.733325	7.81686	7.83776	7.68742	7.67112	7.72424	7.75642	7.66296	7.83023	7.75559
0.738513	7.76367	7.76594	7.74608	7.77157	7.73299	7.75706	7.69596	7.83643	7.76622
0.743738	7.84428	7.77103	7.71492	7.7094	7.69403	7.81502	7.74887	7.76306	7.73783
0.749	7.68946	7.78328	7.78226	7.72645	7.84604	7.81384	7.70072	7.86675	7.73862
0.754287	7.8461	7.72238	7.75087	7.68001	7.78562	7.75965	7.70051	7.81105	7.80213
0.759625	7.7869	7.78385	7.70525	7.69419	7.79624	7.7804	7.80158	7.70446	7.71374
0.765	7.71097	7.75588	7.73935	7.61227	7.79861	7.74437	7.74683	7.75437	7.78517
0.7704	7.69077	7.74599	7.84516	7.80452	7.81002	7.71282	7.7846	7.85793	7.80653
0.77585	7.85932	7.81997	7.68605	7.78392	7.76016	7.68534	7.74964	7.81679	7.74189
0.781325	7.70155	7.71023	7.79788	7.7758	7.72856	7.85753	7.78859	7.80472	7.74287
0.78685	7.73636	7.65733	7.73027	7.78819	7.83032	7.75963	7.74922	7.69443	7.70431
0.7924	7.75811	7.8572	7.79531	7.74287	7.76042	7.70541	7.78913	7.80176	7.68398
0.798	7.75069	7.72221	7.8029	7.76046	7.75338	7.61224	7.76785	7.84388	7.67995
0.803638	7.85379	7.74015	7.72244	7.79835	7.74034	7.70847	7.73168	7.8492	7.80249
0.809313	7.74186	7.68131	7.80339	7.70588	7.80647	7.71368	7.78064	7.69658	7.80006
0.815025	7.75634	7.72666	7.85062	7.70319	7.67226	7.67717	7.74031	7.74557	7.87302
0.820775	7.75452	7.84252	7.7404	7.65497	7.66957	7.73402	7.77157	7.82397	7.75683
0.826575	7.79514	7.66875	7.73233	7.67629	7.71289	7.67456	7.75009	7.83813	7.78018
0.8324	7.74477	7.74222	7.68243	7.72577	7.70586	7.71626	7.69524	7.81279	7.79476
0.838275	7.68475	7.71899	7.66805	7.76119	7.70942	7.68382	7.72234	7.80253	7.70795
0.8442	7.75353	7.6823	7.82114	7.65148	7.63187	7.68593	7.68789	7.79329	7.75977
0.85015	7.79463	7.83255	7.75898	7.71837	7.71339	7.74183	7.73525	7.75329	7.70254
0.85615	7.77764	7.81611	7.63822	7.81716	7.66587	7.77946	7.75702	7.76954	7.74087
0.862188	7.74019	7.74928	7.77403	7.69202	7.68337	7.71055	7.76314	7.78582	7.72918
0.868263	7.65444	7.76422	7.6925	7.64569	7.71587	7.87778	7.70918	7.82081	7.7169
0.874388	7.818	7.78703	7.78269	7.73386	7.77433	7.73809	7.669	7.75903	7.75519
0.88055	7.70692	7.7348	7.76899	7.7601	7.73423	7.76047	7.79442	7.70056	7.78742
0.886762	7.82181	7.81715	7.75197	7.81966	7.68736	7.68693	7.73476	7.84968	7.69706
0.893013	7.74218	7.70846	7.69311	7.65449	7.6471	7.72252	7.67386	7.79904	7.68852
0.8993	7.73573	7.70694	7.77041	7.66145	7.72246	7.71813	7.81762	7.83845	7.7376
0.905638	7.82547	7.76034	7.71829	7.69743	7.71917	7.76703	7.67096	7.74604	7.74453
0.912025	7.72902	7.71862	7.7496	7.74933	7.7343	7.63372	7.75171	7.86775	7.73032
0.91845	7.60326	7.70031	7.69756	7.69762	7.78679	7.71773	7.74312	7.73582	7.77547
0.924925	7.7247	7.68698	7.74423	7.75459	7.71259	7.70783	7.67985	7.73676	7.80084
0.931437	7.76828	7.74237	7.68039	7.68994	7.76372	7.70463	7.7615	7.77334	7.80555
0.938	7.71786	7.70325	7.78577	7.73072	7.68174	7.65724	7.71157	7.80649	7.7441
0.9446	7.75046	7.71082	7.73601	7.67631	7.68014	7.73099	7.68492	7.77063	7.76617
0.95125	7.66233	7.725	7.70298	7.71864	7.69638	7.74083	7.71792	7.80013	7.65994
0.95795	7.74173	7.72202	7.691	7.72446	7.67365	7.70802	7.65649	7.73067	7.71268
0.9647	7.76893	7.74694	7.62892	7.68021	7.76317	7.78137	7.69376	7.81641	7.75807
0.971488	7.77561	7.76359	7.75064	7.69763	7.63734	7.72819	7.67874	7.8073	7.70615
0.978325	7.70917	7.73578	7.64888	7.65025	7.68945	7.74193	7.69752	7.7722	7.67813
0.985213	7.66897	7.80701	7.64316	7.64348	7.75532	7.68831	7.71267	7.72653	7.63045
0.992137	7.67019	7.77087	7.54062	7.63374	7.75025	7.69433	7.77746	7.76053	7.78744
0.999125	7.69587	7.72008	7.71271	7.7621	7.66802	7.69809	7.68882	7.64832	7.66901
1.00615	7.64591	7.74406	7.6975	7.72077	7.6304	7.72236	7.71832	7.75808	7.69567
1.01324	7.67199	7.66974	7.70578	7.70545	7.68657	7.72553	7.72326	7.77633	7.64975
1.02036	7.74068	7.72156	7.65052	7.58986	7.74454	7.65137	7.73308	7.76386	7.66289
1.02754	7.71835	7.67768	7.71532	7.68756	7.64834	7.7246	7.70759	7.70565	7.78588
1.03476	7.68147	7.76616	7.77273	7.58934	7.6958	7.70472	7.73024	7.75745	7.68948
1.04204	7.73431	7.80325	7.67621	7.73862	7.71965	7.73923	7.72765	7.7999	7.74302
1.04936	7.69823	7.71177	7.67845	7.69295	7.64271	7.66248	7.7515	7.77534	7.71877
1.05675	7.70609	7.67804	7.67757	7.61106	7.62265	7.6669	7.67905	7.72985	7.68739
1.06418	7.74128	7.68687	7.70354	7.69183	7.73484	7.7435	7.67386	7.70649	7.71088
1.07165	7.75807	7.77869	7.67238	7.69347	7.73923	7.7226	7.70942	7.76486	7.6821
1.07919	7.76532	7.75273	7.73865	7.71384	7.75729	7.72299	7.68602	7.65768	7.6706
1.08677	7.64113	7.76768	7.71088	7.68832	7.77649	7.69796	7.69891	7.71772	7.69311
1.09441	7.71132	7.72253	7.64898	7.72742	7.75272	7.70165	7.70944	7.76526	7.67543
1.1021	7.6954	7.67711	7.68478	7.68307	7.70951	7.69178	7.67869	7.78554	7.68295
1.10984	7.67713	7.67641	7.76749	7.67481	7.65486	7.69402	7.68799	7.71067	7.71581
1.11764	7.68374	7.70542	7.67435	7.67204	7.79542	7.61942	7.73586	7.69183	7.7039
1.12549	7.7511	7.65817	7.66483	7.62623	7.7301	7.72983	7.72302	7.78272	7.64664
1.1334	7.74909	7.62016	7.69426	7.64169	7.66174	7.61322	7.70185	7.75411	7.74345
1.14135	7.78154	7.721	7.70247	7.67447	7.69951	7.65954	7.70436	7.67163	7.6878
1.14937	7.74401	7.74188	7.65438	7.62549	7.72013	7.69785	7.68201	7.66864	7.70497
1.15744	7.77313	7.72716	7.61365	7.71962	7.66667	7.67541	7.69318	7.66702	7.65524
1.16556	7.75354	7.70817	7.66486	7.68033	7.72987	7.68269	7.65776	7.72884	7.78724
1.17375	7.68393	7.65366	7.70579	7.6576	7.64029	7.69406	7.64823	7.76839	7.67827
1.18199	7.67864	7.70189	7.66901	7.71819	7.69985	7.69153	7.68391	7.76192	7.64758
1.19029	7.67731	7.69819	7.63115	7.64213	7.69436	7.64287	7.64765	7.6909	7.67959
1.19865	7.73377	7.72681	7.64326	7.63974	7.68468	7.71567	7.74856	7.74911	7.7216
1.20706	7.67939	7.69658	7.63995	7.67756	7.72467	7.70403	7.7149	7.69867	7.65361
1.21553	7.69433	7.78417	7.67338	7.65423	7.5992	7.68861	7.57981	7.72374	7.67223
1.22406	7.71002	7.64952	7.67177	7.66479	7.68445	7.7067	7.76729	7.78573	7.70733
1.23265	7.67166	7.7549	7.67878	7.65035	7.7498	7.72597	7.66954	7.73441	7.68765
1.2413	7.71936	7.72373	7.72542	7.68026	7.64972	7.73554	7.71021	7.68423	7.6938
1.25	7.70341	7.68511	7.61436	7.65293	7.7085	7.74982	7.69301	7.77499	7.70066
1.25877	7.70663	7.73381	7.54679	7.71457	7.72108	7.72995	7.70813	7.67824	7.74552
1.2676	7.70861	7.68773	7.64801	7.68472	7.73883	7.65874	7.63472	7.7052	7.69163
1.27649	7.70466	7.68551	7.66824	7.68361	7.72765	7.67541	7.67304	7.71819	7.63228
1.28544	7.73864	7.73565	7.59687	7.72959	7.73417	7.72995	7.72699	7.72185	7.71289
1.29446	7.70166	7.74571	7.70256	7.67505	7.66355	7.60279	7.73636	7.77323	7.70753
1.30354	7.70047	7.62125	7.76628	7.68168	7.60869	7.66684	7.65542	7.72722	7.67219
1.31267	7.73028	7.75724	7.69194	7.58392	7.73756	7.7129	7.63135	7.72292	7.64443
1.32187	7.65029	7.73045	7.63796	7.68566	7.72673	7.71734	7.74998	7.80472	7.6098
1.33114	7.70354	7.70375	7.66374	7.60546	7.62618	7.59687	7.63266	7.781	7.69852
1.34047	7.72599	7.75664	7.63907	7.64308	7.68345	7.65932	7.62489	7.68263	7.70987
1.34987	7.73779	7.7723	7.67035	7.68061	7.66343	7.63195	7.71568	7.71786	7.70323
1.35933	7.70433	7.70979	7.60295	7.67628	7.73506	7.70008	7.71559	7.71194	7.63676
1.36886	7.75081	7.67827	7.68069	7.67335	7.69867	7.6234	7.71328	7.68341	7.62888
1.37845	7.74625	7.71423	7.67081	7.61311	7.67909	7.64515	7.70731	7.67212	7.60801
1.38811	7.7018	7.63632	7.61648	7.6471	7.69432	7.63873	7.65351	7.75698	7.65782
1.39784	7.70243	7.7254	7.65776	7.61873	7.69661	7.63072	7.65069	7.75257	7.67683
1.40762	7.69908	7.68364	7.67995	7.66853	7.67963	7.64621	7.64148	7.75898	7.68121
1.41749	7.68781	7.66531	7.6954	7.59457	7.62546	7.66565	7.68217	7.67992	7.6341
1.42741	7.73057	7.65492	7.61827	7.58019	7.62812	7.64326	7.707	7.7228	7.61307
1.43741	7.66971	7.60128	7.6559	7.66123	7.65446	7.67948	7.71711	7.74918	7.7346
1.44749	7.64733	7.67411	7.60977	7.64948	7.76335	7.6465	7.65459	7.71735	7.71254
1.45763	7.71296	7.69829	7.64644	7.6637	7.73021	7.66698	7.7093	7.72513	7.68793
1.46783	7.74799	7.70745	7.59507	7.64847	7.68899	7.60547	7.65856	7.72399	7.61727
1.47811	7.68253	7.66642	7.63535	7.7119	7.64651	7.71499	7.66878	7.67687	7.61448
1.48846	7.65385	7.6636	7.64703	7.67194	7.69788	7.62302	7.69171	7.67838	7.72706
1.49888	7.71651	7.68208	7.69066	7.61015	7.65562	7.62909	7.62842	7.65214	7.68664
1.50937	7.69382	7.73727	7.63688	7.71677	7.69997	7.69536	7.70361	7.66063	7.59592
1.51994	7.70254	7.72231	7.61759	7.58405	7.65804	7.60807	7.74016	7.71799	7.6382
1.53058	7.61571	7.68673	7.64763	7.69107	7.69988	7.60764	7.66505	7.77021	7.66841
1.54129	7.71606	7.7075	7.64992	7.64151	7.61564	7.64244	7.67998	7.76692	7.69369
1.55208	7.63355	7.61191	7.61656	7.61461	7.62346	7.68478	7.69759	7.7867	7.73656
1.56294	7.6327	7.68207	7.64988	7.59405	7.65927	7.58043	7.66635	7.71955	7.64557
1.57387	7.60944	7.70098	7.65426	7.66564	7.62098	7.68746	7.67997	7.72339	7.71404
1.5849	7.6246	7.65721	7.63505	7.63662	7.73366	7.71152	7.63077	7.67773	7.68326
1.59599	7.70701	7.6652	7.67571	7.65307	7.61682	7.62524	7.5819	7.7219	7.67554
1.60715	7.68625	7.73526	7.67065	7.63619	7.6496	7.67495	7.6664	7.72413	7.64786
1.6184	7.66078	7.66985	7.64185	7.60755	7.6702	7.66258	7.7066	7.64897	7.6012
1.62971	7.69051	7.70288	7.6671	7.64115	7.68788	7.63735	7.64846	7.70261	7.70208
1.64111	7.6758	7.70959	7.60861	7.65543	7.64075	7.64068	7.60545	7.75584	7.67972
1.6526	7.65124	7.66607	7.58226	7.65706	7.62469	7.72726	7.6411	7.66778	7.69827
1.66416	7.66451	7.67301	7.67081	7.59192	7.64313	7.69872	7.60748	7.73409	7.67734
1.6758	7.61194	7.67205	7.66251	7.61605	7.6681	7.7149	7.68375	7.71344	7.61509
1.68751	7.70827	7.72385	7.65374	7.58816	7.67682	7.67065	7.64921	7.63192	7.64644
1.69931	7.61592	7.65822	7.59855	7.65297	7.65205	7.59649	7.64751	7.70692	7.68472
1.7112	7.72741	7.71686	7.56628	7.58748	7.66787	7.67299	7.63854	7.72899	7.64605
1.72316	7.65353	7.71889	7.63071	7.62916	7.6856	7.60218	7.60998	7.72189	7.68112
1.73521	7.58863	7.66321	7.61527	7.64347	7.68549	7.6374	7.64809	7.6969	7.62196
1.74735	7.66178	7.66211	7.64134	7.64409	7.63373	7.60852	7.65877	7.70708	7.5891
1.75956	7.66499	7.67993	7.62056	7.64018	7.71147	7.64405	7.65962	7.66745	7.7057
1.77186	7.65459	7.62424	7.67429	7.66635	7.60666	7.66507	7.64607	7.69634	7.5956
1.78425	7.62419	7.69745	7.59162	7.62579	7.66064	7.68217	7.63813	7.74208	7.69578
1.79673	7.68971	7.66453	7.69458	7.61142	7.6897	7.60753	7.66158	7.69989	7.65772
1.80928	7.66624	7.63137	7.66272	7.5534	7.70533	7.66199	7.6878	7.67042	7.62788
1.82193	7.73663	7.61415	7.6136	7.63375	7.64068	7.71946	7.66372	7.67292	7.67036
1.83466	7.66893	7.72287	7.61341	7.65811	7.64852	7.6118	7.67679	7.666	7.63329
1.84748	7.7211	7.72168	7.62866	7.61039	7.64078	7.62561	7.67292	7.72044	7.66154
1.86039	7.64594	7.65732	7.67092	7.65914	7.6823	7.62707	7.67468	7.69592	7.6338
1.87339	7.67703	7.62658	7.68109	7.59928	7.64673	7.65515	7.62064	7.71929	7.67105
1.88647	7.63212	7.66739	7.66958	7.5803	7.67948	7.6219	7.65555	7.67416	7.60008
1.89966	7.66788	7.61453	7.52228	7.66438	7.66167	7.67042	7.65106	7.75623	7.64066
1.91293	7.66605	7.66077	7.56527	7.67415	7.60315	7.61159	7.65107	7.64208	7.64944
1.9263	7.58706	7.61754	7.6275	7.5894	7.65543	7.61543	7.67805	7.69248	7.66413
1.93975	7.5781	7.6509	7.588	7.62807	7.65294	7.6559	7.64539	7.751	7.63469
1.9533	7.62526	7.65581	7.64547	7.62263	7.63747	7.66909	7.67783	7.71544	7.64123
1.96694	7.60766	7.67055	7.60988	7.60779	7.67587	7.63405	7.62773	7.65073	7.64441
1.98069	7.67254	7.64037	7.72056	7.59016	7.63926	7.66602	7.62252	7.6633	7.64585
1.99451	7.597	7.64472	7.60604	7.6109	7.67353	7.63258	7.68039	7.6573	7.71031
2.00845	7.6478	7.60923	7.65979	7.58626	7.58172	7.63277	7.68198	7.6591	7.59854
2.02248	7.60382	7.72687	7.66962	7.58601	7.66627	7.62197	7.57921	7.6685	7.62648
2.03659	7.70271	7.6701	7.65356	7.63405	7.63056	7.61614	7.67469	7.70194	7.69382
2.05081	7.65871	7.64686	7.65689	7.62651	7.64058	7.69098	7.6518	7.70164	7.66812
2.06514	7.65032	7.70286	7.62959	7.63369	7.70954	7.61024	7.65438	7.70136	7.64867
2.07955	7.66824	7.62246	7.62726	7.63101	7.60121	7.60846	7.66874	7.70723	7.64798
2.09407	7.64682	7.65624	7.68157	7.60736	7.64398	7.61449	7.63886	7.71851	7.70872
2.10869	7.62936	7.64276	7.63205	7.64987	7.66534	7.70256	7.6693	7.68672	7.5975
2.12341	7.66093	7.64805	7.6364	7.64701	7.66466	7.65796	7.62194	7.75054	7.60457
2.13824	7.70558	7.70408	7.64473	7.61839	7.68277	7.58265	7.6183	7.65533	7.61797
2.15316	7.60396	7.65088	7.65368	7.67449	7.6048	7.6655	7.60156	7.66073	7.6284
2.16819	7.63618	7.64171	7.57716	7.68462	7.68284	7.62051	7.64373	7.68218	7.64819
2.18333	7.63484	7.61713	7.63789	7.63488	7.63468	7.63607	7.60777	7.64561	7.58438
2.19856	7.62649	7.69799	7.62968	7.61997	7.64919	7.66236	7.64945	7.70019	7.5845
2.2139	7.6356	7.65258	7.59714	7.6323	7.61399	7.64039	7.61735	7.71982	7.61931
2.22935	7.59697	7.61501	7.62958	7.58506	7.66128	7.65752	7.66426	7.68984	7.65772
2.24491	7.66343	7.67377	7.5811	7.62073	7.59159	7.65332	7.58725	7.65678	7.59411
2.26058	7.5692	7.68277	7.65252	7.59596	7.66767	7.68546	7.6395	7.69896	7.67353
2.27635	7.68773	7.61644	7.61606	7.5791	7.59678	7.64825	7.60741	7.72227	7.60936
2.29224	7.64776	7.64491	7.64527	7.56678	7.67807	7.62485	7.6538	7.66365	7.61813
2.30822	7.63735	7.72069	7.60949	7.59547	7.658	7.66994	7.59237	7.70166	7.6508
2.32433	7.61074	7.62215	7.62687	7.65493	7.70878	7.62787	7.58579	7.7351	7.59527
2.34055	7.6785	7.65743	7.61789	7.63586	7.6718	7.64181	7.62248	7.70918	7.63691
2.35687	7.62016	7.64431	7.59047	7.60268	7.61691	7.62999	7.63749	7.68958	7.62022
2.37331	7.62339	7.65709	7.62973	7.57763	7.62155	7.6818	7.57792	7.64196	7.66847
2.38986	7.62214	7.60018	7.5674	7.61994	7.66739	7.68327	7.62979	7.6745	7.65346
2.40654	7.57997	7.64429	7.63932	7.55145	7.64838	7.60061	7.63993	7.62062	7.63865
2.42333	7.62127	7.63415	7.63075	7.6	7.62245	7.66361	7.64085	7.74939	7.61633
2.44022	7.66703	7.67519	7.63136	7.63156	7.66007	7.62571	7.60943	7.74474	7.57482
2.45724	7.62083	7.62031	7.68503	7.63397	7.6095	7.66396	7.70122	7.68777	7.65644
2.47438	7.65868	7.67781	7.5644	7.56733	7.63264	7.64325	7.67046	7.71999	7.62472
2.49164	7.64308	7.61374	7.59875	7.64207	7.62186	7.62089	7.6698	7.70397	7.60998
2.50901	7.60456	7.62682	7.62521	7.56135	7.62325	7.66872	7.64435	7.65042	7.60235
2.52651	7.62754	7.6652	7.6652	7.59886	7.63884	7.66856	7.61027	7.60063	7.61289
2.54413	7.65822	7.67187	7.60911	7.58635	7.65853	7.66271	7.60628	7.67436	7.64355
2.56186	7.6193	7.68535	7.66163	7.60934	7.61148	7.6328	7.6476	7.68988	7.6353
2.57973	7.68419	7.64453	7.62172	7.58974	7.6596	7.68033	7.65234	7.65449	7.6168
2.59771	7.62417	7.62595	7.58877	7.62847	7.65092	7.6281	7.63926	7.63632	7.61313
2.61582	7.67942	7.672	7.66911	7.61181	7.64061	7.65449	7.58729	7.68032	7.55821
2.63406	7.61373	7.63462	7.5846	7.58156	7.63842	7.66552	7.67107	7.66541	7.62992
2.65243	7.6664	7.62598	7.60235	7.64087	7.64688	7.66436	7.65558	7.68646	7.56827
2.67091	7.65457	7.68905	7.65311	7.59938	7.63657	7.62468	7.65176	7.68507	7.60664
2.68952	7.65237	7.63944	7.63305	7.60727	7.60367	7.63054	7.63525	7.65461	7.61782
2.70828	7.66	7.60825	7.67529	7.62452	7.65969	7.61856	7.63551	7.71249	7.60237
2.72715	7.60994	7.61936	7.62889	7.60889	7.64352	7.62464	7.65158	7.68706	7.65028
2.74616	7.61765	7.65842	7.63284	7.64128	7.60899	7.63323	7.67015	7.679	7.59772
2.7653	7.60431	7.65496	7.62279	7.59451	7.5967	7.60572	7.62644	7.61944	7.59941
2.78457	7.63534	7.65879	7.63732	7.58737	7.65125	7.6746	7.64493	7.64962	7.57563
2.80398	7.63214	7.63399	7.66899	7.61746	7.66934	7.6208	7.66303	7.66956	7.63711
2.82351	7.64747	7.67759	7.6566	7.63927	7.61997	7.63668	7.63615	7.70807	7.59648
2.84319	7.60194	7.67516	7.6345	7.62225	7.60458	7.61189	7.60393	7.65982	7.6303
2.863	7.64723	7.69096	7.59616	7.59551	7.65659	7.58631	7.59833	7.67152	7.60728
2.88295	7.63021	7.63446	7.58984	7.5946	7.63171	7.66957	7.62446	7.7078	7.64418
2.90304	7.62599	7.64967	7.60368	7.58695	7.64298	7.62443	7.59912	7.69186	7.60015
2.92326	7.66562	7.62781	7.6326	7.62721	7.62198	7.60989	7.5966	7.64259	7.60277
2.94364	7.66896	7.66551	7.62668	7.60697	7.64928	7.61725	7.61366	7.67087	7.59534
2.96414	7.70601	7.6392	7.6114	7.65183	7.69084	7.64961	7.61919	7.66459	7.64527
2.98479	7.67444	7.68666	7.58308	7.64634	7.63028	7.58675	7.60399	7.68371	7.60562
3.00559	7.61971	7.62106	7.6342	7.60868	7.66409	7.62397	7.64411	7.67327	7.64637
3.02653	7.59822	7.68346	7.63549	7.59411	7.6157	7.62183	7.67229	7.66421	7.64024
3.04761	7.63234	7.69868	7.6263	7.62384	7.65348	7.69136	7.67675	7.64033	7.59804
3.06884	7.63612	7.67	7.65094	7.6273	7.61402	7.68359	7.65986	7.67271	7.58469
3.09021	7.66582	7.64787	7.61764	7.62632	7.62318	7.66301	7.63919	7.68821	7.5841
3.11174	7.64621	7.66098	7.64178	7.64541	7.66066	7.65868	7.65063	7.68364	7.5996
3.13341	7.6371	7.65261	7.60946	7.57324	7.59508	7.59261	7.61918	7.706	7.64118
3.15524	7.63548	7.71491	7.61112	7.62428	7.65353	7.64877	7.57806	7.62908	7.64413
3.17721	7.6094	7.64383	7.61726	7.66294	7.59494	7.68936	7.59745	7.69312	7.60175
3.19934	7.64088	7.65357	7.57199	7.6143	7.63336	7.64414	7.62181	7.67637	7.62792
3.22161	7.66861	7.65033	7.62674	7.63803	7.61988	7.63787	7.60191	7.664	7.61728
3.24405	7.62975	7.63437	7.63888	7.63724	7.62454	7.64006	7.63767	7.67333	7.63972
3.26664	7.60665	7.66004	7.61297	7.6078	7.66502	7.65581	7.60155	7.69773	7.61635
3.28939	7.66036	7.64131	7.61628	7.60086	7.63404	7.62654	7.60657	7.67041	7.59316
3.3123	7.65481	7.60579	7.61095	7.60312	7.60482	7.64469	7.65817	7.66737	7.60999
3.33536	7.65975	7.64096	7.63171	7.60889	7.62827	7.64962	7.59955	7.65684	7.62976
3.35859	7.69336	7.61983	7.62817	7.5954	7.67109	7.64621	7.63027	7.58633	7.65623
3.38196	7.6566	7.66041	7.61344	7.61269	7.62654	7.62541	7.6504	7.66758	7.62457
3.40551	7.65435	7.60828	7.63132	7.59645	7.65361	7.58749	7.55897	7.6637	7.61306
3.42922	7.65318	7.63116	7.61876	7.61398	7.63853	7.60246	7.61281	7.67043	7.61454
3.4531	7.62109	7.67523	7.62613	7.58156	7.60713	7.60214	7.65978	7.66363	7.6105
3.47714	7.65682	7.63736	7.60502	7.57554	7.61554	7.59999	7.5757	7.6352	7.59623
3.50134	7.67164	7.61823	7.62987	7.55446	7.66726	7.61584	7.65436	7.63406	7.57165
3.52571	7.63313	7.65913	7.60796	7.58233	7.61795	7.60608	7.59562	7.70237	7.55639
3.55026	7.6671	7.64927	7.56486	7.57704	7.58807	7.62607	7.63514	7.65299	7.59524
3.57498	7.6468	7.61823	7.60362	7.6034	7.64963	7.63182	7.6203	7.70517	7.57697
3.59986	7.61415	7.64585	7.62327	7.60146	7.61433	7.5989	7.65638	7.67468	7.55392
3.62491	7.65119	7.62399	7.60962	7.59118	7.61986	7.60868	7.5868	7.62991	7.49294
3.65015	7.6302	7.64763	7.64582	7.55262	7.65112	7.6228	7.58517	7.68246	7.55086
3.67555	7.63349	7.64376	7.63952	7.5803	7.64905	7.58204	7.61128	7.66432	7.5603
3.70114	7.59745	7.62067	7.64286	7.58694	7.5847	7.61533	7.61754	7.66114	7.53025
3.72689	7.63823	7.67583	7.64133	7.57421	7.64648	7.66249	7.66511	7.63128	7.58324
3.75283	7.65598	7.67691	7.58134	7.64753	7.57379	7.65005	7.5952	7.67856	7.57318
3.77895	7.5787	7.68098	7.58504	7.58566	7.58869	7.62383	7.66461	7.70097	7.51143
3.80525	7.64925	7.63404	7.57716	7.60323	7.56827	7.59031	7.60808	7.67857	7.57125
3.83172	7.62196	7.68394	7.5938	7.59391	7.6043	7.59843	7.58127	7.69721	7.5478
3.85839	7.66553	7.58722	7.61666	7.59261	7.64184	7.65126	7.65736	7.66063	7.57207
3.88524	7.66433	7.66295	7.58702	7.60179	7.64167	7.63201	7.62487	7.68235	7.56119
3.91228	7.6697	7.63599	7.61308	7.63861	7.57956	7.63973	7.62788	7.69095	7.55718
3.9395	7.70345	7.65637	7.61105	7.59692	7.62845	7.62297	7.61377	7.68228	7.64352
3.96691	7.62808	7.63143	7.64085	7.5534	7.62667	7.63002	7.62837	7.67919	7.57263
3.99451	7.62043	7.66019	7.57135	7.6172	7.61074	7.62307	7.60537	7.70962	7.59286
4.0223	7.65123	7.64187	7.59279	7.608	7.62779	7.65037	7.6151	7.66852	7.60014
4.05029	7.62383	7.64698	7.60355	7.56809	7.61293	7.60122	7.61177	7.66519	7.60997
4.07846	7.7051	7.66209	7.56713	7.61047	7.58947	7.59874	7.62426	7.64411	7.61834
4.10684	7.63509	7.65673	7.59754	7.55358	7.58402	7.59349	7.63385	7.6793	7.58014
4.13541	7.65064	7.6347	7.56068	7.58414	7.6171	7.62197	7.61557	7.7128	7.57577
4.16419	7.6447	7.64604	7.60929	7.55042	7.60585	7.6011	7.59642	7.61184	7.60596
4.19315	7.65431	7.61983	7.61645	7.53526	7.62757	7.64042	7.60588	7.6439	7.62382
4.22232	7.65048	7.63183	7.61903	7.59306	7.63132	7.63043	7.60953	7.64299	7.61639
4.25169	7.63583	7.63361	7.64845	7.57539	7.62974	7.62366	7.60408	7.67967	7.59407
4.28126	7.64954	7.66136	7.60663	7.58001	7.62771	7.64391	7.5908	7.65752	7.60155
4.31105	7.67507	7.67147	7.59143	7.6049	7.59585	7.62091	7.58008	7.67031	7.57567
4.34104	7.65493	7.63925	7.58834	7.63236	7.62379	7.62257	7.61916	7.62455	7.58719
4.37122	7.63348	7.63742	7.6161	7.59093	7.60214	7.60865	7.6117	7.68451	7.58425
4.40164	7.65157	7.64906	7.62155	7.57536	7.65611	7.62062	7.6315	7.67299	7.62054
4.43225	7.63626	7.62071	7.61738	7.58596	7.60391	7.63626	7.62784	7.66659	7.56453
4.46308	7.6229	7.64641	7.60862	7.59412	7.6337	7.61239	7.63673	7.65256	7.57132
4.49411	7.62377	7.58791	7.67833	7.56403	7.56003	7.63979	7.61352	7.6392	7.63646
4.52537	7.60651	7.64407	7.62662	7.57971	7.61992	7.63221	7.64131	7.5922	7.58934
4.55684	7.64543	7.64256	7.59078	7.57976	7.67686	7.63191	7.63332	7.67872	7.61027
4.58854	7.65824	7.62935	7.62919	7.5843	7.65033	7.64568	7.64663	7.67411	7.63635
4.62044	7.62024	7.61281	7.64787	7.62159	7.65811	7.6247	7.63081	7.68847	7.58547
4.65258	7.64314	7.61121	7.61287	7.59395	7.57708	7.58426	7.62368	7.64833	7.59245
4.68493	7.65122	7.66174	7.59565	7.62142	7.62524	7.64745	7.64183	7.68073	7.56478
4.71751	7.65346	7.5831	7.58855	7.55888	7.65444	7.61513	7.62754	7.64549	7.59483
4.75031	7.65579	7.6603	7.5924	7.61536	7.6214	7.63711	7.62352	7.6805	7.61113
4.78334	7.615	7.61392	7.6131	7.57695	7.60818	7.56911	7.60699	7.65284	7.6046
4.8166	7.67307	7.65081	7.61467	7.58954	7.63904	7.59971	7.63616	7.66092	7.5832
4.8501	7.68442	7.64063	7.63913	7.63816	7.6502	7.61068	7.6003	7.64022	7.61581
4.88381	7.64439	7.64775	7.60992	7.58713	7.64184	7.64111	7.66861	7.67118	7.58529
4.91778	7.64822	7.66821	7.60277	7.59867	7.60272	7.60954	7.63172	7.6642	7.58644
4.95196	7.64157	7.61524	7.60716	7.58395	7.62573	7.63702	7.6377	7.69	7.64264
4.9864	7.65255	7.60908	7.59915	7.59134	7.62856	7.60407	7.636	7.71448	7.59983
5.02106	7.63447	7.63282	7.63738	7.60755	7.6302	7.64204	7.60507	7.66275	7.63212
5.05597	7.67769	7.63343	7.62876	7.62436	7.61261	7.60924	7.58208	7.66464	7.59699
5.09113	7.64569	7.64252	7.63586	7.58782	7.59124	7.61527	7.58914	7.68469	7.61284
5.12651	7.65017	7.64453	7.56249	7.62233	7.61727	7.60774	7.59649	7.6243	7.61066
5.16215	7.6259	7.61688	7.63092	7.60766	7.60715	7.61695	7.59613	7.68135	7.58629
5.19804	7.64209	7.62104	7.60162	7.59643	7.59079	7.57899	7.62401	7.66016	7.58834
5.23418	7.655	7.62526	7.60873	7.5975	7.62305	7.62449	7.6163	7.65632	7.65229
5.27056	7.64396	7.64525	7.57339	7.58903	7.64507	7.60422	7.61717	7.65698	7.63376
5.3072	7.61591	7.62564	7.63283	7.61268	7.61212	7.57458	7.61709	7.68313	7.6719
5.34409	7.61559	7.63028	7.59567	7.58796	7.64177	7.61716	7.61798	7.66216	7.6475
5.38124	7.65442	7.63421	7.60781	7.61649	7.6265	7.61238	7.6436	7.68046	7.6353
5.41865	7.61023	7.62517	7.64082	7.60593	7.61031	7.59226	7.57693	7.64949	7.586
5.45631	7.65581	7.60768	7.5863	7.5967	7.62619	7.63838	7.65689	7.68307	7.63016
5.49424	7.62936	7.65019	7.63689	7.59303	7.60805	7.5952	7.64996	7.63562	7.68048
5.53242	7.61002	7.61973	7.60524	7.6152	7.58915	7.59638	7.66996	7.6617	7.6464
5.57088	7.63946	7.62792	7.621	7.61531	7.60344	7.62659	7.6469	7.64551	7.64295
5.6096	7.64311	7.61959	7.59868	7.56118	7.64538	7.62232	7.6248	7.6716	7.64315
5.64859	7.60019	7.63494	7.62651	7.60914	7.61365	7.61124	7.62434	7.65456	7.65625
5.68784	7.66432	7.60567	7.62204	7.60715	7.61449	7.61194	7.60678	7.67236	7.63588
5.72738	7.5907	7.62672	7.58983	7.60865	7.63232	7.57621	7.63062	7.67626	7.63446
5.76718	7.65233	7.63959	7.60038	7.60097	7.60967	7.61344	7.62896	7.6767	7.65453
5.80725	7.65438	7.65697	7.60323	7.60995	7.64507	7.58756	7.65276	7.69362	7.64472
5.84761	7.64204	7.62052	7.61873	7.574	7.63427	7.63314	7.57031	7.6532	7.63224
5.88825	7.63037	7.61554	7.59925	7.62631	7.62358	7.6238	7.61208	7.67299	7.5821
5.92917	7.6618	7.6421	7.62088	7.58547	7.63386	7.57294	7.60988	7.65095	7.5733
5.97038	7.63565	7.64321	7.55158	7.59338	7.62608	7.6321	7.61812	7.65639	7.62077
6.01186	7.60664	7.59345	7.63543	7.59469	7.65474	7.62697	7.64745	7.66267	7.58794
6.05364	7.61361	7.63249	7.60097	7.58228	7.64671	7.6127	7.62934	7.65755	7.57955
6.0957	7.63777	7.65039	7.59267	7.597	7.60842	7.62409	7.62978	7.65157	7.59251
6.13806	7.66483	7.61914	7.62014	7.59536	7.64272	7.63121	7.58113	7.64806	7.59945
6.18071	7.67144	7.62014	7.56845	7.60057	7.63304	7.60112	7.62649	7.66878	7.61329
6.22366	7.67254	7.61655	7.58794	7.55234	7.64973	7.63928	7.63943	7.72184	7.61913
6.2669	7.6482	7.63071	7.62169	7.58912	7.61379	7.61945	7.58565	7.66166	7.60906
6.31045	7.62598	7.6578	7.60289	7.58542	7.60997	7.62508	7.61369	7.66755	7.635
6.35429	7.63684	7.65375	7.5944	7.58814	7.61224	7.6175	7.59053	7.66979	7.60679
6.39844	7.63962	7.66276	7.60535	7.59308	7.6284	7.60795	7.62294	7.68703	7.59347
6.4429	7.62069	7.61934	7.59544	7.63022	7.61457	7.58761	7.63252	7.65631	7.61234
6.48766	7.64375	7.63533	7.57903	7.57761	7.63486	7.62254	7.61012	7.65818	7.63017
6.53274	7.65188	7.6541	7.58508	7.57261	7.62456	7.61838	7.63746	7.70579	7.63339
6.57813	7.6551	7.64577	7.5941	7.57257	7.6108	7.59774	7.62788	7.65425	7.63206
6.62383	7.61331	7.61752	7.58959	7.56462	7.60715	7.59649	7.62211	7.69447	7.6326
6.66984	7.62432	7.64781	7.60309	7.58221	7.61138	7.61553	7.61679	7.64537	7.60507
6.71618	7.65027	7.64816	7.56988	7.56479	7.66215	7.58161	7.60841	7.66216	7.64978
6.76284	7.6202	7.66699	7.58865	7.59354	7.61719	7.60552	7.60839	7.65151	7.63374
6.80982	7.64107	7.63898	7.61461	7.61677	7.62821	7.59681	7.61247	7.65882	7.66185
6.85712	7.62393	7.64769	7.56679	7.56634	7.62118	7.61687	7.63225	7.66566	7.66382
6.90476	7.62649	7.6617	7.58448	7.55542	7.63037	7.61933	7.6542	7.68024	7.59298
6.95272	7.65784	7.66699	7.59772	7.59948	7.63483	7.59378	7.60429	7.67247	7.64605
7.00103	7.63682	7.66615	7.58812	7.60526	7.61284	7.60755	7.63805	7.66757	7.62894
7.04966	7.64349	7.64517	7.62986	7.59654	7.63429	7.6171	7.62827	7.64584	7.63363
7.09863	7.65792	7.62154	7.57886	7.58631	7.63079	7.6398	7.62302	7.61799	7.60062
7.14794	7.62924	7.62359	7.59318	7.56173	7.58221	7.59494	7.64014	7.68006	7.6109
7.19759	7.6218	7.63069	7.59066	7.60245	7.62434	7.63038	7.60394	7.68909	7.62125
7.24759	7.6183	7.6683	7.62407	7.58708	7.60796	7.59586	7.63416	7.67843	7.60907
7.29792	7.63716	7.65068	7.62809	7.61618	7.59526	7.59065	7.61541	7.67773	7.64538
7.34861	7.6328	7.63601	7.592	7.59927	7.61797	7.57379	7.64108	7.65628	7.60047
7.39966	7.62008	7.64089	7.59932	7.59762	7.59784	7.60498	7.64644	7.66236	7.63802
7.45106	7.63661	7.65653	7.58565	7.58435	7.63056	7.63719	7.61908	7.67122	7.61983
7.50281	7.64224	7.65283	7.59259	7.60152	7.63286	7.61684	7.63445	7.63631	7.59289
7.55492	7.65287	7.63452	7.62333	7.58115	7.63669	7.59353	7.62064	7.66457	7.62189
7.60739	7.63536	7.63469	7.65803	7.61036	7.62462	7.6196	7.59114	7.67362	7.62372
7.66022	7.61615	7.64225	7.59596	7.60711	7.62802	7.63909	7.61376	7.65982	7.61099
7.71343	7.6284	7.66082	7.62277	7.6156	7.60811	7.61777	7.61682	7.65689	7.60693
7.767	7.60906	7.65573	7.615	7.61551	7.60795	7.62274	7.65522	7.62364	7.62907
7.82094	7.63201	7.64342	7.59782	7.61633	7.63959	7.61244	7.602	7.6404	7.62382
7.87526	7.63253	7.65283	7.61254	7.60366	7.63035	7.61499	7.6027	7.66352	7.66617
7.92995	7.65219	7.64214	7.62078	7.59695	7.61857	7.61042	7.62651	7.641	7.64708
7.98502	7.62576	7.64537	7.59916	7.64406	7.62361	7.62525	7.57647	7.63758	7.63894
8.04047	7.60457	7.63016	7.57492	7.61866	7.63377	7.65032	7.5884	7.66106	7.65096
8.09631	7.62249	7.62641	7.60851	7.62068	7.61663	7.62719	7.6121	7.69233	7.65742
8.15254	7.65921	7.66322	7.59204	7.62835	7.6164	7.62721	7.61207	7.68	7.65403
8.20915	7.64056	7.61467	7.59971	7.60143	7.60117	7.62479	7.61811	7.64286	7.62224
8.26616	7.60091	7.61932	7.61565	7.58792	7.62725	7.61789	7.60162	7.66018	7.63297
8.32356	7.60035	7.65852	7.62687	7.60508	7.6187	7.62546	7.60753	7.66613	7.64797
8.38136	7.62707	7.57546	7.60228	7.60444	7.65292	7.61825	7.58099	7.64922	7.62937
8.43956	7.62712	7.64605	7.62003	7.61238	7.61203	7.62294	7.58196	7.65115	7.62951
8.49817	7.62404	7.62768	7.61014	7.60934	7.62417	7.60753	7.59233	7.65866	7.64322
8.55717	7.62716	7.63634	7.6035	7.59959	7.61489	7.63854	7.61623	7.65018	7.61954
8.6166	7.63423	7.63635	7.61481	7.59567	7.61776	7.62334	7.61446	7.65602	7.61492
8.67642	7.65823	7.63502	7.60863	7.58254	7.6486	7.61548	7.5999	7.66771	7.6113
8.73668	7.65173	7.63553	7.56558	7.58524	7.62616	7.61805	7.57596	7.66705	7.64797
8.79734	7.673	7.63312	7.59096	7.56773	7.64381	7.6408	7.62262	7.666	7.63784
8.85843	7.62808	7.59343	7.60944	7.60384	7.64534	7.5879	7.61608	7.67698	7.64312
8.91994	7.62303	7.64427	7.591	7.60318	7.61384	7.61388	7.61779	7.65879	7.63062
8.98186	7.62717	7.63567	7.58364	7.57226	7.60954	7.6041	7.59538	7.65946	7.61403
9.04422	7.62792	7.64195	7.61298	7.60781	7.63341	7.62802	7.62983	7.68619	7.61208
9.10703	7.65618	7.63775	7.6176	7.57167	7.62463	7.59984	7.6052	7.67869	7.63676
9.17025	7.63298	7.60717	7.59903	7.58005	7.61494	7.62388	7.59939	7.66225	7.65732
9.23392	7.64434	7.64154	7.60334	7.60262	7.61993	7.60493	7.62691	7.69495	7.64309
9.29804	7.6443	7.64422	7.60351	7.57474	7.60927	7.61129	7.61578	7.66822	7.63059
9.36259	7.59304	7.62271	7.59489	7.61552	7.6037	7.61102	7.597	7.68221	7.63978
9.42759	7.64828	7.63103	7.60479	7.62029	7.64174	7.61646	7.60538	7.66436	7.62529
9.49305	7.64549	7.62747	7.60485	7.57643	7.6313	7.61993	7.60926	7.65415	7.63582
9.55895	7.63689	7.65117	7.6088	7.62544	7.60775	7.61927	7.60559	7.66988	7.65767
9.62531	7.65414	7.64594	7.57813	7.62505	7.61506	7.58888	7.62612	7.66124	7.63768
9.69214	7.62741	7.61021	7.63033	7.62652	7.61184	7.61493	7.63388	7.66796	7.63227
9.75943	7.65607	7.63082	7.61321	7.61451	7.59484	7.63812	7.60969	7.66405	7.65126
9.82718	7.62272	7.6543	7.60765	7.63154	7.60315	7.63406	7.62295	7.65146	7.64942
9.8954	7.66791	7.62711	7.58135	7.61026	7.6038	7.62599	7.60864	7.65756	7.65327
9.9641	7.63103	7.66187	7.6252	7.61558	7.62481	7.6119	7.60474	7.66237	7.62505
10.0333	7.64173	7.64925	7.60724	7.62633	7.61135	7.63409	7.62314	7.64357	7.62028
10.1029	7.64239	7.63057	7.60914	7.60069	7.59958	7.61844	7.63344	7.66985	7.64652
10.173	7.63841	7.65318	7.6162	7.58891	7.58231	7.58817	7.62912	7.66295	7.63836
10.2437	7.60273	7.61996	7.59351	7.58513	7.60141	7.60254	7.62945	7.69121	7.66024
10.3148	7.62091	7.62987	7.63677	7.62716	7.62182	7.61869	7.59327	7.62224	7.63115
10.3864	7.60498	7.63148	7.60076	7.62318	7.61493	7.61623	7.6111	7.63617	7.64446
10.4585	7.63264	7.61191	7.59342	7.57458	7.6268	7.61442	7.61019	7.65889	7.62165
10.5311	7.62964	7.61544	7.60942	7.6271	7.61314	7.60631	7.64352	7.61808	7.63524
10.6042	7.63817	7.65184	7.60816	7.5966	7.59993	7.58603	7.62478	7.64961	7.62139
10.6778	7.61308	7.62645	7.62046	7.6042	7.63769	7.62399	7.62362	7.63188	7.61524
10.7519	7.6098	7.6211	7.61745	7.58986	7.61376	7.61963	7.59941	7.63813	7.64589
10.8265	7.63599	7.6208	7.59996	7.5804	7.64131	7.60749	7.63965	7.6477	7.61832
10.9017	7.61882	7.63093	7.5826	7.61045	7.62758	7.60131	7.63547	7.62483	7.61685
10.9774	7.61972	7.63371	7.60606	7.59993	7.60214	7.60136	7.60561	7.63444	7.62085
11.0536	7.63632	7.62896	7.60265	7.61484	7.60015	7.62246	7.61624	7.62678	7.6258
11.1303	7.61677	7.64048	7.58359	7.60242	7.62307	7.62544	7.62519	7.64828	7.6362
11.2075	7.61748	7.59303	7.61054	7.61292	7.60846	7.59366	7.64834	7.63794	7.61832
11.2853	7.63659	7.65113	7.60949	7.61051	7.62145	7.62754	7.61578	7.66024	7.60475
11.3637	7.63202	7.63391	7.59387	7.61724	7.63032	7.61483	7.6042	7.64336	7.60913
11.4425	7.61977	7.62397	7.59313	7.60869	7.60657	7.61512	7.62764	7.65887	7.60523
11.522	7.61294	7.63405	7.58288	7.59356	7.62503	7.58352	7.62291	7.65609	7.61523
11.6019	7.62218	7.6238	7.56629	7.6202	7.61306	7.59927	7.60107	7.65333	7.62123
11.6825	7.6421	7.65156	7.586	7.62284	7.63345	7.59464	7.60106	7.6658	7.59439
11.7635	7.62806	7.64018	7.57159	7.57936	7.62259	7.59112	7.61701	7.65194	7.601
11.8452	7.64839	7.65517	7.58753	7.60243	7.61998	7.61377	7.61613	7.64332	7.59628
11.9274	7.59155	7.61968	7.6053	7.60134	7.64199	7.60774	7.58751	7.67895	7.62179
12.0102	7.62339	7.65192	7.61245	7.58313	7.60799	7.61023	7.61701	7.68971	7.62836
12.0935	7.62123	7.65237	7.60598	7.59622	7.629	7.58201	7.59471	7.68301	7.60489
12.1775	7.61671	7.63208	7.60779	7.58609	7.61327	7.58898	7.60154	7.66698	7.59894
12.262	7.62838	7.63406	7.59745	7.61607	7.636	7.6112	7.61232	7.653	7.61372
12.3471	7.63427	7.63894	7.60442	7.61821	7.61057	7.59417	7.63182	7.65123	7.62359
12.4328	7.64136	7.63926	7.60702	7.62077	7.6447	7.62199	7.59653	7.67014	7.57112
12.519	7.62722	7.64483	7.58645	7.62036	7.65364	7.60147	7.62444	7.6627	7.59719
12.6059	7.62742	7.63142	7.60156	7.60084	7.62643	7.61192	7.59209	7.67569	7.6267
12.6934	7.5969	7.62024	7.59173	7.60318	7.63353	7.61743	7.60091	7.65783	7.61154
12.7815	7.62547	7.61786	7.5864	7.62158	7.62634	7.62231	7.61671	7.65221	7.63275
12.8702	7.62977	7.62993	7.60426	7.6231	7.62895	7.62196	7.6273	7.65443	7.61712
12.9595	7.63039	7.6533	7.61344	7.60839	7.6195	7.61777	7.60195	7.6625	7.61172
13.0494	7.61903	7.62383	7.58709	7.59731	7.62022	7.61616	7.60218	7.69344	7.63417
13.14	7.60451	7.61097	7.5854	7.58934	7.59865	7.60726	7.62292	7.6761	7.63515
13.2312	7.61568	7.64941	7.5958	7.61174	7.61474	7.61744	7.63309	7.66913	7.64193
13.323	7.60819	7.62312	7.61441	7.5949	7.60984	7.59558	7.60922	7.65932	7.64357
13.4155	7.58074	7.63832	7.59456	7.5741	7.62666	7.61869	7.62762	7.68257	7.62891
13.5086	7.60313	7.62326	7.61321	7.56704	7.60948	7.62757	7.60076	7.65638	7.62183
13.6023	7.59953	7.63616	7.5952	7.59216	7.64434	7.63995	7.61769	7.67258	7.64219
13.6967	7.6018	7.63062	7.6079	7.56165	7.62306	7.61684	7.62904	7.65629	7.62416
13.7917	7.61835	7.62737	7.59832	7.59517	7.6203	7.63425	7.61963	7.66001	7.60321
13.8875	7.62572	7.63132	7.59457	7.56056	7.60706	7.61704	7.6246	7.66455	7.63955
13.9838	7.61096	7.63984	7.61334	7.55573	7.6213	7.6188	7.62023	7.66475	7.62754
14.0808	7.61323	7.61208	7.59236	7.57622	7.61231	7.62301	7.63551	7.67585	7.63016
14.1786	7.59415	7.63069	7.59806	7.56615	7.61485	7.6272	7.61515	7.6681	7.62471
14.2769	7.62598	7.6338	7.6078	7.55705	7.64992	7.60385	7.62366	7.65551	7.63998
14.376	7.63163	7.61904	7.61087	7.58929	7.59716	7.61644	7.63241	7.6577	7.64263
14.4758	7.61233	7.65116	7.60094	7.58041	7.61691	7.63896	7.60872	7.62898	7.62774
14.5762	7.62544	7.62927	7.61788	7.61239	7.59989	7.61256	7.62937	7.65329	7.58042
14.6774	7.63784	7.65039	7.61717	7.6054	7.62024	7.60492	7.59176	7.64705	7.58898
14.7792	7.59544	7.6265	7.61876	7.58954	7.62078	7.62107	7.60527	7.64962	7.58377
14.8817	7.60796	7.6322	7.58706	7.58371	7.64455	7.61407	7.60094	7.65141	7.58516
15	7.63382	7.64311	7.60512	7.6135	7.6242	7.5745	7.61451	7.66176	7.58154