0.0001	7.47338	7.42261	7.51246	7.40509	7.42752	7.55813	7.45965	7.51079	7.42459
0.0002125	7.66979	7.35875	7.70721	7.44602	7.46534	7.58702	7.54256	7.56193	7.33302
0.0003125	7.91697	7.40564	7.62581	7.63582	7.57033	7.62756	7.56363	7.49534	7.28552
0.000425	7.97287	7.5259	7.7987	7.70293	7.60417	7.59789	7.65597	7.58068	7.31193
0.000525	7.85466	7.63451	7.71204	7.73812	7.56141	7.49646	7.66474	7.77677	7.60417
0.0006375	8.02142	7.63172	7.66098	7.71301	7.57969	7.40118	7.73555	7.70367	7.79583
0.0007375	8.21787	7.55528	7.63419	7.59928	7.55444	7.67103	7.83623	7.79921	7.81055
0.00085	8.11812	7.795	7.67762	7.68484	7.71608	7.60574	7.95242	7.85045	7.9494
0.0009625	7.99188	7.84231	7.79088	7.87168	7.78812	7.70086	8.0022	7.83805	8.02929
0.001075	7.97143	7.79988	7.79099	7.63587	7.50533	7.80622	7.99573	7.8411	7.87167
0.0011875	7.93919	7.666	7.92759	7.6791	7.63251	7.67662	8.00255	7.61915	7.84406
0.0013	7.97802	7.65556	7.9012	7.73832	7.71781	7.87305	7.9573	7.6302	7.93052
0.0014125	8.04424	7.66644	7.719	7.8002	7.81611	7.98347	7.97789	7.8936	7.92411
0.001525	7.93659	7.71735	7.71846	7.84328	7.94809	7.82752	7.79972	8.0073	7.8078
0.0016375	7.88391	7.65467	7.67768	7.91585	7.81954	7.7663	7.77836	8.00934	7.91496
0.00175	7.913	7.70614	7.61587	7.79439	7.72352	7.76807	7.89766	7.93725	8.01141
0.001875	7.92051	7.71992	7.5333	7.88119	7.77117	7.8263	7.83426	7.95581	7.82935
0.0019875	7.97716	7.83187	7.88395	7.88672	7.78684	7.90248	7.8829	7.99153	7.89239
0.0021	8.02388	7.97875	7.77174	7.92646	7.8333	7.80139	7.82578	7.89883	7.98332
0.002225	7.88475	7.73684	8.04145	7.94509	7.87197	7.81188	7.59812	8.01452	8.03235
0.0023375	7.93131	7.57328	7.95721	7.73916	7.71291	7.88721	7.72982	8.01651	7.96261
0.0024625	8.03923	7.73824	7.89689	7.90637	7.93737	7.6995	7.68165	7.88268	7.86809
0.0025875	7.7201	7.82272	7.96973	7.8289	7.76922	7.61991	7.76622	7.8712	7.76626
0.0027	7.79503	7.77159	7.9634	7.72345	7.80636	7.97186	7.68497	8.02825	7.72431
0.002825	7.99137	7.73779	7.81497	7.66582	7.80381	7.96603	7.63548	8.01407	7.7701
0.00295	7.9534	7.88692	7.96255	7.74969	7.79408	7.83165	7.77561	7.79523	7.79671
0.003075	8.13702	7.81288	7.82342	7.8631	7.80308	7.74632	7.66402	7.81456	7.79964
0.0032	7.98393	7.91248	7.74278	7.72844	7.83856	7.73674	7.64924	8.04523	7.71823
0.003325	8.02228	7.97417	7.72052	7.65039	7.89676	7.85281	7.85197	7.90493	7.81775
0.00345	7.88786	7.88394	7.78786	7.7609	7.72421	7.74014	7.86322	7.81315	7.8337
0.0035875	7.94985	7.75808	7.61776	7.87887	7.88232	7.75453	7.89979	7.71689	7.83985
0.0037125	7.84063	7.70551	7.58807	7.72852	7.9148	7.68689	7.85305	7.81696	7.9669
0.0038375	7.93243	7.63573	7.60389	7.59227	7.59736	7.73222	7.73033	7.8024	7.95756
0.003975	7.94025	7.65128	7.72537	7.49238	7.72007	7.57845	7.68204	8.02549	7.84244
0.0041	7.64529	7.89031	7.7531	7.63004	7.94615	7.56888	7.74508	7.88258	7.8456
0.0042375	7.61871	7.8261	7.74745	7.62588	7.87941	7.71585	7.54969	7.71491	7.88386
0.0043625	7.8833	7.59679	7.82439	7.71944	7.72027	7.49815	7.51253	7.73027	7.92911
0.0045	8.05208	7.46354	7.68974	7.72744	7.83538	7.66507	7.62071	7.75934	7.93327
0.0046375	7.8411	7.71154	7.67143	7.50031	7.69134	7.61426	7.4939	7.94029	7.62392
0.004775	7.81096	7.42237	7.62035	7.61915	7.75435	7.68955	7.68821	7.78864	7.64769
0.0049125	7.84043	7.51644	7.92289	7.65952	7.78753	7.75164	7.68888	7.93183	7.49928
0.00505	7.98262	7.68626	7.84739	7.721	7.73344	7.6154	7.87245	7.78969	7.64296
0.0051875	7.86235	7.57206	7.80051	7.59908	7.64408	7.6618	7.67637	7.95219	7.56727
0.005325	7.61789	7.69067	7.48685	7.61642	7.73711	7.84406	7.4824	7.78835	7.62034
0.0054625	7.60281	7.55969	7.46803	7.51212	7.6678	7.66648	7.55562	7.95731	7.75121
0.0056125	7.80719	7.48322	7.67941	7.73968	7.89765	7.62707	7.79227	7.9083	7.72812
0.00575	7.93306	7.80674	7.47802	7.88205	7.8125	7.64302	7.74852	7.85086	7.92544
0.0059	7.84395	7.87183	7.74842	7.80186	7.6653	7.67385	7.75889	7.95145	7.92221
0.0060375	7.92346	7.32965	7.72323	7.78841	7.98447	7.56142	7.58309	7.81131	7.90024
0.0061875	7.88834	7.48529	7.58506	7.77923	7.73422	7.55819	7.61633	7.88535	7.91872
0.0063375	7.89862	7.81937	7.8796	7.75935	7.78458	7.77828	7.53769	7.68902	7.69114
0.0064875	7.85644	7.62804	7.92898	7.58604	7.68102	7.64752	7.41509	7.75685	7.57891
0.0066375	7.89386	7.49858	7.71488	7.70424	7.82121	7.73978	7.55909	7.69063	7.68047
0.0067875	7.73827	7.60989	7.77275	7.74791	7.77717	7.72688	7.72076	7.72379	8.04343
0.0069375	7.70302	7.65201	7.88143	7.89234	7.78394	7.78934	7.79227	7.68271	7.69259
0.0070875	7.68667	7.62437	7.82648	7.93638	7.5167	7.81646	7.65131	7.66698	7.69341
0.0072375	7.89277	7.62535	7.88159	7.863	7.6268	7.69775	7.70392	7.78178	7.67674
0.0073875	8.02127	7.48533	7.83565	7.78328	7.7954	7.61356	7.48496	7.90895	7.81403
0.00755	7.98716	7.76501	7.66105	7.7468	7.74229	7.64368	7.58094	7.7348	7.85156
0.0077	7.90052	7.66852	7.66363	7.66399	7.78533	7.7739	7.60993	7.79374	7.85286
0.0078625	8.04715	7.7291	7.88742	7.63349	7.66066	7.75158	7.6679	7.87804	7.90897
0.008025	7.99556	7.58201	8.00502	7.69796	7.64845	7.76612	7.57323	7.84436	7.79821
0.008175	7.87522	7.73323	7.69262	7.75498	7.54701	7.60906	7.6193	7.79525	7.67845
0.0083375	7.70344	7.82251	7.84615	7.90247	7.69217	7.49496	7.72125	7.69298	7.54757
0.0085	7.71518	7.55664	7.77677	7.68579	7.73954	7.73571	7.87004	7.95752	7.81096
0.0086625	7.70529	7.65181	7.66491	7.72656	7.63527	7.72522	7.60034	7.59005	7.71713
0.008825	7.80143	7.49259	7.61819	7.40592	7.62864	7.59314	7.7516	7.64301	7.70662
0.0089875	7.61307	7.48968	7.71125	7.5482	7.63713	7.58616	7.69516	7.59493	7.69307
0.0091625	7.82157	7.5583	7.74467	7.5615	7.56449	7.76996	7.80311	7.74981	7.53815
0.009325	7.76219	7.70803	7.73576	7.65032	7.65439	7.72976	7.66586	7.83431	7.76047
0.0095	7.82347	7.54456	7.73577	7.72339	7.82186	7.78389	7.58915	7.83091	7.62518
0.0096625	7.77923	7.57365	7.81426	7.53389	7.78582	7.67627	7.62365	7.87661	7.75857
0.0098375	7.70153	7.63276	7.90456	7.65257	7.65645	7.76662	7.69419	7.74755	7.82091
0.0100125	7.92163	7.32756	7.85415	7.72488	7.75008	7.80826	7.85838	7.45556	7.65556
0.0101875	7.89704	7.61907	7.83929	7.61464	7.66743	7.57475	7.65746	7.75446	7.64277
0.0103625	7.71537	7.80339	7.68286	7.7187	7.69583	7.81463	7.68357	7.85234	7.42796
0.0105375	7.77641	7.55993	7.58196	7.79283	7.73823	7.6616	7.7205	7.73935	7.40922
0.0107125	7.84035	7.66447	7.88706	7.86858	7.61682	7.79886	7.74246	7.85903	7.76163
0.0108875	7.80633	7.76519	7.73237	7.64542	7.56356	7.6784	7.6375	7.79309	7.72987
0.0110625	7.73811	7.59362	7.73587	7.64745	7.68539	7.78785	7.78164	7.75529	7.5449
0.01125	7.70369	7.74428	7.75778	7.6369	7.71656	7.75962	7.77198	7.82303	7.80344
0.011425	7.77328	7.76377	7.49561	7.5178	7.77779	7.71228	7.70236	7.65108	7.87072
0.0116125	7.84904	7.90542	7.6074	7.61445	7.84373	7.78238	7.76817	7.83325	7.76989
0.0118	7.82012	7.70714	7.74921	7.81014	7.72767	7.9332	7.60936	7.8649	7.75139
0.0119875	7.85519	7.50936	7.86076	7.76415	7.70381	7.79944	7.69261	7.84995	7.88151
0.012175	7.84884	7.55223	7.79557	7.64296	7.71073	7.66652	7.62645	7.84431	7.78481
0.0123625	7.67938	7.50585	7.95879	7.61975	7.60766	7.66234	7.55162	7.82082	7.59335
0.01255	7.74529	7.49421	7.76351	7.57339	7.57938	7.65989	7.62813	7.91709	7.80933
0.0127375	7.72037	7.71216	7.65401	7.62065	7.54953	7.69433	7.53187	7.79491	7.80885
0.0129375	7.75845	7.55075	7.69124	7.54675	7.49035	7.69829	7.61748	7.70681	7.74818
0.013125	7.74359	7.60715	7.63593	7.60584	7.71977	7.70974	7.60672	7.58644	7.76394
0.013325	7.76002	7.53828	7.79177	7.74775	7.54065	7.58687	7.62975	7.90451	7.58006
0.0135125	7.79332	7.64077	7.70317	7.63251	7.77774	7.5596	7.7693	7.73981	7.7575
0.0137125	7.76847	7.50702	7.7465	7.60863	7.586	7.48964	7.49379	7.70531	7.70753
0.0139125	7.63812	7.51538	7.80646	7.56401	7.76611	7.50876	7.63186	7.82411	7.80593
0.0141125	7.91333	7.40244	7.81061	7.68812	7.74297	7.82732	7.70845	7.7869	7.85123
0.0143125	7.97968	7.54802	7.72228	7.72728	7.85017	7.66147	7.61328	7.66545	7.5796
0.0145125	7.85363	7.62966	7.70708	7.731	7.84187	7.8189	7.64612	7.70175	7.79261
0.014725	7.8443	7.5922	7.79558	7.60649	7.74075	7.53216	7.4955	7.60017	7.63084
0.014925	7.62641	7.47817	7.61418	7.64045	7.53986	7.68301	7.52489	7.58753	7.69036
0.0151375	7.50888	7.54868	7.64456	7.61	7.7353	7.62639	7.46315	7.6613	7.77695
0.01535	7.75304	7.75128	7.84121	7.47871	7.63426	7.61595	7.74091	7.52248	7.60845
0.01555	7.65893	7.62279	7.71702	7.47475	7.79859	7.58137	7.75205	7.68353	7.64899
0.0157625	7.82225	7.5581	7.83544	7.59591	7.55825	7.68336	7.60169	7.71433	7.6845
0.015975	7.71031	7.62245	7.59477	7.62421	7.72489	7.70175	7.63107	7.69449	7.6335
0.0162	7.82023	7.62885	7.61577	7.59657	7.7644	7.61474	7.75282	7.5865	7.88002
0.0164125	7.75419	7.43756	7.60108	7.61154	7.53945	7.61187	7.53916	7.53449	7.73983
0.016625	7.75963	7.63102	7.90582	7.67848	7.66751	7.5788	7.66654	7.5784	7.63298
0.01685	7.72341	7.61784	7.85299	7.58458	7.7161	7.57908	7.61141	7.61156	7.54888
0.017075	7.78058	7.64741	7.60094	7.61373	7.62036	7.54192	7.6645	7.55254	7.57445
0.0172875	7.7969	7.75104	7.80162	7.68914	7.55525	7.81213	7.66845	7.71324	7.67416
0.0175125	7.81537	7.68745	7.65646	7.68609	7.67991	7.62764	7.63593	7.65093	7.86283
0.0177375	7.76322	7.64918	7.70257	7.60389	7.55508	7.50704	7.53699	7.7319	7.85681
0.0179625	7.77442	7.38817	7.67096	7.61756	7.49109	7.38346	7.71681	7.71942	7.71921
0.0182	7.63698	7.61336	7.66982	7.66521	7.82106	7.51381	7.64838	7.70916	7.79494
0.018425	7.71423	7.58242	7.74746	7.64784	7.5781	7.60447	7.57718	7.50803	7.75356
0.0186625	7.84456	7.71297	7.74299	7.70226	7.7056	7.65411	7.58578	7.77144	7.6396
0.0188875	7.81967	7.56511	7.79971	7.64386	7.58904	7.5477	7.34323	7.81456	7.66714
0.019125	7.76985	7.51234	7.59453	7.54867	7.50375	7.58712	7.53609	7.83929	7.79057
0.0193625	7.82391	7.63583	7.62825	7.67768	7.56347	7.53778	7.61901	7.65965	7.63371
0.0196	7.52475	7.66566	7.77167	7.70082	7.60543	7.55696	7.60806	7.64337	7.59384
0.0198375	7.71237	7.70559	7.75641	7.74228	7.65186	7.59792	7.57368	7.77176	7.68498
0.0200875	7.68333	7.50455	7.65267	7.67193	7.51318	7.72017	7.60964	7.73415	7.72243
0.020325	7.7681	7.59575	7.70607	7.64733	7.42676	7.77029	7.6998	7.70977	7.6797
0.020575	7.80505	7.54967	7.56572	7.57559	7.61878	7.69957	7.52319	7.76681	7.53489
0.0208125	7.63346	7.5513	7.6405	7.81668	7.51582	7.44091	7.51476	7.58896	7.45175
0.0210625	7.77727	7.54668	7.63643	7.58053	7.61251	7.66557	7.60811	7.70389	7.60596
0.0213125	7.72845	7.69417	7.71275	7.63381	7.59844	7.6513	7.67818	7.59001	7.60061
0.0215625	7.71435	7.73654	7.6541	7.70108	7.4896	7.45639	7.59944	7.87955	7.74843
0.021825	7.63679	7.43697	7.8056	7.58119	7.6243	7.7276	7.63335	7.75008	7.82239
0.022075	7.72516	7.56847	7.67099	7.72996	7.65078	7.58221	7.62555	7.83844	7.57765
0.0223375	7.55701	7.37664	7.68892	7.68908	7.6698	7.52952	7.75755	7.77301	7.49753
0.0225875	7.57208	7.59266	7.66393	7.54341	7.60066	7.60934	7.67602	7.76076	7.63111
0.02285	7.66905	7.40654	7.6564	7.61401	7.67879	7.6892	7.68281	7.60629	7.66571
0.0231125	7.85914	7.58835	7.54547	7.60698	7.72104	7.68818	7.52527	7.69944	7.49237
0.023375	7.66278	7.4747	7.66898	7.53374	7.78614	7.66308	7.6219	7.66829	7.73256
0.02365	7.7696	7.52196	7.7089	7.4413	7.64331	7.86455	7.48396	7.70601	7.62665
0.0239125	7.61166	7.55869	7.58481	7.43276	7.50074	7.67567	7.50774	7.75409	7.71977
0.0241875	7.81657	7.48079	7.52491	7.60174	7.58432	7.71074	7.5483	7.88867	7.73516
0.02445	7.76085	7.52774	7.60932	7.5838	7.62121	7.59662	7.54668	7.82478	7.69527
0.024725	7.59742	7.47315	7.70677	7.46282	7.63217	7.6397	7.46442	7.61613	7.71544
0.025	7.70194	7.54758	7.51122	7.49411	7.59777	7.6143	7.4999	7.65281	7.82828
0.025275	7.58012	7.5358	7.5948	7.57599	7.63916	7.58156	7.62617	7.63077	7.64407
0.0255625	7.65789	7.65002	7.75383	7.57137	7.48925	7.64492	7.58505	7.76915	7.73834
0.0258375	7.67076	7.53474	7.63346	7.56739	7.56273	7.56416	7.63174	7.58337	7.67692
0.026125	7.64867	7.42003	7.64365	7.44368	7.69636	7.69942	7.50902	7.58772	7.51549
0.0264125	7.63109	7.46284	7.66688	7.62177	7.62962	7.64429	7.66582	7.64862	7.61692
0.0267	7.63007	7.61726	7.71519	7.62048	7.69723	7.55637	7.69504	7.62302	7.55743
0.0269875	7.80255	7.55551	7.70427	7.58381	7.7426	7.60567	7.63457	7.70062	7.47978
0.027275	7.69111	7.45598	7.69901	7.6404	7.45436	7.75156	7.57653	7.56126	7.59237
0.027575	7.54828	7.47167	7.69432	7.49453	7.5283	7.54593	7.60716	7.58221	7.64288
0.0278625	7.52501	7.42821	7.80574	7.60122	7.41754	7.71692	7.61428	7.63481	7.71761
0.0281625	7.54382	7.49649	7.76376	7.59645	7.52968	7.64212	7.50772	7.60526	7.51498
0.0284625	7.75784	7.59028	7.71185	7.40799	7.61042	7.57359	7.43774	7.69512	7.64136
0.0287625	7.67038	7.46054	7.72162	7.46972	7.57407	7.54499	7.5162	7.51872	7.57509
0.0290625	7.75149	7.45706	7.71448	7.46901	7.65496	7.59006	7.47338	7.63897	7.5792
0.029375	7.71238	7.5855	7.70443	7.43195	7.66878	7.67745	7.3514	7.65611	7.45444
0.029675	7.49802	7.57116	7.60584	7.50982	7.55247	7.53264	7.49493	7.7306	7.52877
0.0299875	7.6051	7.60268	7.61722	7.50795	7.58456	7.55841	7.5497	7.68899	7.72911
0.0303	7.66832	7.49786	7.64391	7.79961	7.51497	7.53471	7.57612	7.63783	7.66657
0.0306125	7.49946	7.47573	7.62182	7.57624	7.60834	7.57085	7.65922	7.83073	7.6725
0.030925	7.6602	7.51646	7.59173	7.40178	7.6997	7.47804	7.56443	7.57882	7.60855
0.03125	7.64767	7.43458	7.69241	7.4002	7.69802	7.59681	7.45631	7.5306	7.58183
0.0315625	7.7802	7.42201	7.65217	7.48721	7.41207	7.56482	7.53344	7.42909	7.54489
0.0318875	7.6526	7.54915	7.59036	7.39455	7.7019	7.57531	7.68093	7.70063	7.54358
0.0322125	7.59882	7.52039	7.43621	7.5798	7.69593	7.36675	7.52783	7.7242	7.61399
0.0325375	7.77161	7.54228	7.54089	7.4171	7.60096	7.48012	7.47722	7.5823	7.65126
0.032875	7.62893	7.4829	7.66596	7.42577	7.55326	7.48461	7.54307	7.5518	7.6673
0.0332	7.67702	7.52772	7.60795	7.44493	7.4727	7.54307	7.47387	7.73099	7.58865
0.0335375	7.78358	7.42209	7.52743	7.59761	7.62704	7.52015	7.43624	7.60294	7.45622
0.033875	7.7533	7.37902	7.56647	7.4833	7.51716	7.63277	7.49204	7.53091	7.47233
0.0342125	7.55852	7.44274	7.45778	7.65748	7.50179	7.56257	7.52969	7.46888	7.43778
0.03455	7.72267	7.30852	7.53595	7.44066	7.54475	7.42441	7.50169	7.49834	7.53312
0.0349	7.74387	7.52177	7.58776	7.40911	7.52483	7.622	7.64932	7.55384	7.61361
0.03525	7.6786	7.35636	7.55754	7.63799	7.43013	7.39917	7.56443	7.57089	7.59742
0.0355875	7.67182	7.4511	7.527	7.65675	7.39347	7.45951	7.45336	7.51519	7.54816
0.03595	7.62485	7.47905	7.6018	7.52617	7.61446	7.58427	7.52074	7.57248	7.59165
0.0363	7.73331	7.58861	7.47769	7.4495	7.51246	7.56735	7.64888	7.49925	7.61465
0.03665	7.72086	7.52684	7.55382	7.56118	7.50416	7.60456	7.55953	7.65471	7.78839
0.0370125	7.73673	7.47307	7.58233	7.41464	7.40327	7.41764	7.33555	7.57871	7.56418
0.037375	7.58579	7.48844	7.52093	7.52825	7.60013	7.5025	7.61554	7.65669	7.46955
0.0377375	7.60461	7.45026	7.49809	7.55444	7.45846	7.47108	7.49375	7.63107	7.41409
0.0381	7.71488	7.4685	7.48836	7.53831	7.44564	7.39946	7.50437	7.63277	7.5615
0.0384625	7.57264	7.52883	7.59784	7.50111	7.52762	7.4643	7.61134	7.67251	7.4868
0.0388375	7.44334	7.45307	7.36858	7.63836	7.40767	7.52984	7.4755	7.6355	7.55471
0.0392125	7.66197	7.48821	7.64554	7.36064	7.44702	7.5016	7.49627	7.53735	7.65996
0.0395875	7.62637	7.4283	7.45261	7.37626	7.43035	7.42547	7.4608	7.53237	7.44633
0.0399625	7.66344	7.19205	7.44144	7.58442	7.53881	7.47107	7.38453	7.50556	7.50389
0.04035	7.52044	7.33186	7.47231	7.56269	7.38229	7.56184	7.52762	7.44976	7.493
0.040725	7.63747	7.41518	7.55479	7.53227	7.51605	7.38393	7.58907	7.59113	7.43779
0.0411125	7.58012	7.38031	7.50007	7.54419	7.48027	7.36335	7.59934	7.62107	7.45604
0.0415	7.57407	7.35368	7.3971	7.305	7.47342	7.38797	7.65036	7.48218	7.49436
0.0419	7.75165	7.41088	7.44634	7.42046	7.31089	7.42649	7.50941	7.51709	7.49605
0.0422875	7.59412	7.37572	7.50327	7.44644	7.41476	7.36032	7.55945	7.51134	7.4759
0.0426875	7.58539	7.27335	7.40015	7.5604	7.3996	7.36945	7.50982	7.55518	7.36452
0.0430875	7.59903	7.35172	7.40701	7.55704	7.51383	7.44934	7.46412	7.50075	7.60089
0.0434875	7.48186	7.44266	7.3436	7.39514	7.53324	7.31164	7.4582	7.43329	7.57958
0.0439	7.66451	7.36013	7.62905	7.53696	7.4642	7.30989	7.51706	7.59542	7.53692
0.0443	7.66248	7.22573	7.45096	7.53136	7.56556	7.32388	7.43502	7.59288	7.57836
0.0447125	7.71942	7.41065	7.47524	7.48801	7.47729	7.30138	7.4802	7.53473	7.56947
0.045125	7.50333	7.397	7.45044	7.43131	7.48623	7.3901	7.48087	7.54168	7.48812
0.04555	7.53268	7.30015	7.46142	7.52107	7.50725	7.36454	7.48055	7.43216	7.50363
0.0459625	7.47756	7.32439	7.51372	7.4153	7.44842	7.43621	7.47448	7.65607	7.27186
0.0463875	7.63752	7.30541	7.37483	7.5264	7.37765	7.37813	7.50794	7.56229	7.40946
0.0468125	7.54853	7.3218	7.38042	7.54747	7.46961	7.43718	7.53512	7.58769	7.57721
0.0472375	7.53355	7.26889	7.52998	7.37959	7.26872	7.36682	7.58573	7.51993	7.40605
0.047675	7.49283	7.32948	7.35496	7.36079	7.36365	7.52916	7.39396	7.4153	7.45223
0.0481125	7.52993	7.27296	7.41514	7.38209	7.39476	7.42095	7.52176	7.43305	7.63134
0.04855	7.46702	7.18482	7.3854	7.39248	7.40495	7.28387	7.44636	7.54286	7.48323
0.0489875	7.60839	7.29328	7.38902	7.55169	7.34893	7.41643	7.50227	7.51134	7.48074
0.049425	7.59073	7.27735	7.48528	7.41063	7.33924	7.38689	7.56646	7.47866	7.3959
0.049875	7.59713	7.37053	7.4484	7.38518	7.5314	7.4034	7.51278	7.41406	7.51714
0.050325	7.61986	7.35554	7.46195	7.40195	7.41581	7.56352	7.33908	7.42983	7.4871
0.050775	7.64888	7.28529	7.52679	7.45294	7.47972	7.32174	7.33178	7.46891	7.50678
0.0512375	7.66843	7.34025	7.25215	7.49772	7.39702	7.39173	7.49832	7.42892	7.44676
0.0517	7.66226	7.45294	7.28892	7.35171	7.44419	7.47843	7.37508	7.46722	7.33196
0.0521625	7.58097	7.37536	7.27565	7.37691	7.40708	7.31708	7.42473	7.50661	7.33258
0.052625	7.65084	7.31183	7.30742	7.29604	7.45588	7.46422	7.44545	7.43849	7.52377
0.0530875	7.57713	7.32604	7.39935	7.43021	7.40811	7.45929	7.34311	7.26079	7.35207
0.0535625	7.51465	7.31368	7.34812	7.38571	7.29564	7.41611	7.5323	7.27824	7.44546
0.0540375	7.59115	7.34617	7.36982	7.44068	7.38065	7.42994	7.2724	7.39666	7.39499
0.0545125	7.57431	7.31883	7.3957	7.35905	7.34186	7.39135	7.44878	7.36536	7.45328
0.055	7.44887	7.33948	7.30575	7.38654	7.45421	7.3175	7.45619	7.34639	7.4047
0.0554875	7.45822	7.2981	7.4115	7.35389	7.30427	7.39063	7.41749	7.4008	7.4531
0.055975	7.47085	7.28611	7.29426	7.32962	7.28549	7.27584	7.28805	7.33603	7.32488
0.0564625	7.47141	7.1953	7.31582	7.36204	7.47131	7.41273	7.41332	7.53327	7.41876
0.0569625	7.67353	7.34644	7.37047	7.32396	7.45617	7.34037	7.39869	7.46455	7.31157
0.0574625	7.47539	7.1424	7.43341	7.32971	7.28987	7.34147	7.43392	7.25031	7.34413
0.0579625	7.64031	7.21854	7.26319	7.36247	7.39148	7.23523	7.45868	7.3308	7.31957
0.0584625	7.64171	7.17123	7.39024	7.34436	7.3121	7.40244	7.44328	7.25806	7.4204
0.058975	7.56009	7.26674	7.34818	7.43435	7.44011	7.37535	7.32372	7.35844	7.33179
0.0594875	7.42506	7.34628	7.27912	7.36645	7.27799	7.31555	7.32859	7.35474	7.35381
0.06	7.40551	7.18769	7.36536	7.45332	7.3107	7.31462	7.33178	7.32281	7.44478
0.060525	7.5849	7.36636	7.29835	7.2289	7.3808	7.28962	7.39272	7.32007	7.33117
0.06105	7.55549	7.22809	7.32756	7.36463	7.39131	7.34107	7.323	7.34256	7.35114
0.061575	7.45828	7.18368	7.21044	7.3895	7.3933	7.34028	7.34951	7.23435	7.31578
0.0621125	7.44015	7.25433	7.25955	7.34199	7.27571	7.29242	7.45095	7.25839	7.17734
0.0626375	7.41082	7.21614	7.41535	7.21303	7.23174	7.26096	7.34534	7.35819	7.27362
0.063175	7.56791	7.32527	7.32267	7.32118	7.18415	7.30398	7.32807	7.28934	7.3315
0.063725	7.43818	7.27141	7.3103	7.32598	7.32915	7.39603	7.36175	7.23199	7.33034
0.0642625	7.50769	7.27466	7.41911	7.37401	7.30638	7.25133	7.31798	7.30165	7.36427
0.0648125	7.48657	7.25301	7.33654	7.36073	7.24277	7.23974	7.46502	7.29531	7.21866
0.065375	7.48552	7.3658	7.30427	7.19629	7.40985	7.34074	7.25136	7.41276	7.24981
0.065925	7.5467	7.36153	7.27459	7.28383	7.259	7.2702	7.33264	7.26297	7.35326
0.0664875	7.51918	7.26867	7.31422	7.3159	7.40619	7.27896	7.43448	7.25747	7.30885
0.06705	7.47494	7.22003	7.29417	7.27319	7.33602	7.34087	7.44227	7.23776	7.34548
0.067625	7.50675	7.24425	7.20399	7.29036	7.2399	7.29198	7.24651	7.21286	7.36542
0.0682	7.55564	7.16048	7.2357	7.31821	7.30093	7.26146	7.35115	7.2798	7.32724
0.068775	7.42901	7.20834	7.30587	7.31518	7.32961	7.34875	7.36551	7.30393	7.25017
0.06935	7.42591	7.28821	7.31482	7.27627	7.4228	7.34977	7.25288	7.27282	7.19464
0.0699375	7.49014	7.21526	7.30184	7.37051	7.25612	7.28982	7.36897	7.18302	7.30674
0.070525	7.53212	7.24222	7.451	7.38304	7.32214	7.31658	7.27749	7.26957	7.26881
0.0711125	7.44291	7.16979	7.22326	7.31957	7.32749	7.28763	7.36661	7.27983	7.21003
0.0717125	7.55407	7.24622	7.31654	7.34132	7.38646	7.32428	7.18522	7.34456	7.2454
0.0723125	7.45701	7.25912	7.31785	7.2337	7.34477	7.3066	7.20215	7.15292	7.35652
0.072925	7.46139	7.19548	7.47031	7.3038	7.28371	7.36104	7.27283	7.16106	7.30935
0.073525	7.41803	7.22961	7.28663	7.27538	7.25177	7.24411	7.33049	7.17037	7.30095
0.07415	7.34395	7.23815	7.26356	7.35684	7.29465	7.28279	7.25601	7.21777	7.20744
0.0747625	7.45426	7.17874	7.15771	7.26177	7.30931	7.28323	7.23485	7.1862	7.33937
0.0753875	7.4179	7.19121	7.29262	7.23001	7.221	7.26014	7.29565	7.34053	7.25722
0.0760125	7.45061	7.21747	7.24251	7.24542	7.25852	7.20345	7.22347	7.131	7.30588
0.0766375	7.42509	7.20584	7.31952	7.24442	7.36414	7.22894	7.32699	7.23878	7.18927
0.077275	7.54331	7.259	7.29054	7.23594	7.23605	7.32409	7.21041	7.30015	7.24836
0.0779125	7.446	7.19015	7.268	7.29767	7.21812	7.27701	7.27008	7.15692	7.30518
0.0785625	7.511	7.2875	7.3649	7.14973	7.17563	7.30867	7.37284	7.28942	7.28836
0.0792125	7.38639	7.14475	7.31103	7.25061	7.29316	7.24612	7.29457	7.23653	7.2192
0.0798625	7.43715	7.25349	7.32064	7.22632	7.24361	7.15537	7.18745	7.18914	7.24641
0.080525	7.37139	7.19242	7.2664	7.23618	7.28938	7.22774	7.21855	7.17709	7.30843
0.0811875	7.38416	7.1887	7.21154	7.27769	7.25239	7.17834	7.31399	7.25908	7.22914
0.08185	7.42544	7.19819	7.22668	7.27662	7.28254	7.24967	7.25994	7.19381	7.26252
0.082525	7.34148	7.23637	7.29514	7.26616	7.34245	7.14506	7.23871	7.26906	7.21597
0.0832	7.3825	7.19072	7.20376	7.24835	7.3027	7.14991	7.26789	7.19317	7.22582
0.083875	7.36526	7.22939	7.3161	7.16916	7.22119	7.20764	7.17182	7.26408	7.32272
0.0845625	7.47472	7.15751	7.26282	7.27458	7.18157	7.24762	7.23729	7.28752	7.18663
0.08525	7.41243	7.07563	7.33517	7.29749	7.2519	7.2294	7.18126	7.17262	7.24127
0.08595	7.29134	7.1136	7.24544	7.35151	7.22169	7.15924	7.1787	7.22278	7.22429
0.08665	7.45467	7.18962	7.2485	7.17773	7.19311	7.28239	7.27213	7.25558	7.28418
0.08735	7.34833	7.15857	7.26356	7.24423	7.14609	7.17051	7.20985	7.17411	7.15782
0.0880625	7.22675	7.09554	7.28364	7.27298	7.12482	7.206	7.24399	7.26319	7.13251
0.088775	7.41817	7.10616	7.23359	7.26221	7.14837	7.1803	7.38133	7.2388	7.24861
0.0895	7.48696	7.17571	7.22867	7.27762	7.32071	7.09532	7.17906	7.13141	7.23207
0.0902125	7.41689	7.13753	7.33432	7.14714	7.2066	7.1008	7.23144	7.07331	7.22066
0.09095	7.40867	7.14289	7.33455	7.16274	7.27829	7.22114	7.18984	7.16514	7.1581
0.0916875	7.50058	7.09614	7.21915	7.15414	7.18845	7.03149	7.14565	7.13487	7.25842
0.092425	7.46588	7.15588	7.25672	7.28313	7.25066	7.15418	7.26116	7.13897	7.19858
0.0931625	7.51054	7.13942	7.28806	7.16003	7.14112	7.18745	7.14006	7.24776	7.17182
0.0939125	7.47767	7.18149	7.27163	7.2003	7.21097	7.24776	7.21315	7.24041	7.2844
0.094675	7.41006	7.24894	7.21377	7.20287	7.20025	7.12589	7.2155	7.17868	7.19572
0.095425	7.32116	7.15795	7.26878	7.27824	7.1786	7.22647	7.27243	7.14217	7.21228
0.0962	7.32808	7.142	7.29752	7.15964	7.12966	7.07449	7.2896	7.15086	7.21025
0.0969625	7.46216	7.11792	7.16975	7.17108	7.17497	7.09623	7.21147	7.25544	7.26905
0.0977375	7.3784	7.11023	7.27358	7.10722	7.21647	7.20736	7.2645	7.25149	7.1274
0.098525	7.35211	7.05688	7.26648	7.17277	7.22878	7.18011	7.19289	7.10922	7.21759
0.0993125	7.43913	7.15527	7.30358	7.14188	7.2494	7.13316	7.1491	7.16562	7.11517
0.1001	7.35617	7.18238	7.13708	7.21397	7.19714	7.20933	7.10438	7.15509	7.18891
0.1009	7.37715	7.16969	7.23721	7.23573	7.12953	7.13171	7.14844	7.22351	7.20335
0.1017	7.41444	7.16684	7.2168	7.09393	7.17315	7.20813	7.14548	7.13341	7.24414
0.102513	7.42996	7.04996	7.1682	7.20806	7.1141	7.22221	7.12409	7.12008	7.14041
0.103325	7.43204	7.03143	7.22378	7.19673	7.19034	7.20683	7.25652	7.13466	7.17408
0.10415	7.43154	7.01503	7.24537	7.14289	7.0753	7.18081	7.22831	7.16979	7.11949
0.104975	7.32496	7.04269	7.25209	7.23747	7.14419	7.14086	7.23383	7.14868	7.13391
0.105812	7.35887	6.93858	7.26398	7.24183	7.18311	7.2059	7.22555	7.18474	7.19145
0.10665	7.407	7.05613	7.23169	7.18865	7.16244	7.21263	7.16199	7.19259	7.15529
0.107487	7.38228	7.18779	7.13662	7.17575	7.18537	7.10865	7.12352	7.13046	7.19315
0.108337	7.28113	7.09781	7.17172	7.18062	7.22399	7.15704	7.18246	7.01886	7.21827
0.109187	7.30768	7.18187	7.22833	7.178	7.13222	7.16134	7.04362	7.13053	7.17514
0.11005	7.36556	7.11793	7.22278	7.23961	7.18431	7.17395	7.09841	7.17694	7.11333
0.110925	7.36934	7.10152	7.2621	7.13251	7.1936	7.2024	7.10185	7.12322	7.21245
0.111787	7.33266	7.11542	7.20005	7.20108	7.06039	7.21598	7.07866	7.17973	7.14147
0.112675	7.43116	7.07691	7.16636	7.16919	7.2143	7.14511	7.22605	7.13519	7.08451
0.11355	7.24666	7.02406	7.20167	7.14884	7.10109	7.12977	7.16912	7.0931	7.10964
0.11445	7.40411	7.06835	7.21727	7.1371	7.1195	7.08555	7.19814	7.21749	7.13693
0.11535	7.37938	7.17545	7.05712	7.15617	7.12928	7.13884	7.14924	7.05107	7.12105
0.11625	7.35474	7.02138	7.12949	7.17363	7.13599	7.12071	7.1371	7.08688	7.04558
0.117163	7.22664	7.17251	7.31706	7.14853	7.13514	7.11331	7.15467	7.17514	7.15597
0.118075	7.35176	7.03353	7.04581	7.10781	7.14037	7.14285	7.1686	7.12199	7.18628
0.119	7.29881	7.05162	7.23075	7.20126	7.16943	7.15367	7.20035	7.23463	7.23459
0.119925	7.28352	7.03634	7.12434	7.15976	7.11871	7.06421	7.10889	7.09317	7.13515
0.120862	7.30682	7.14681	7.11969	7.05516	7.15999	7.16689	7.18215	7.06721	7.09217
0.1218	7.3231	7.05795	7.14246	7.17547	7.1124	7.09766	7.16952	7.13152	7.14562
0.12275	7.36025	7.04068	7.12415	7.13683	7.17892	7.16333	7.14368	7.03495	7.10872
0.1237	7.31821	7.11378	7.19367	7.1481	7.18842	7.21466	7.0891	7.03967	7.09339
0.124663	7.35532	7.05762	7.13405	7.14624	7.14293	7.16454	7.02512	7.11909	7.1009
0.125638	7.32371	7.00539	7.04461	7.06371	7.16262	7.02715	7.08728	7.14138	7.16482
0.126612	7.29787	7.06815	7.18687	7.1205	7.0931	7.03532	7.14428	7.10116	7.14837
0.127587	7.29356	7.08014	7.14212	7.119	7.17488	7.04207	7.17745	7.0998	7.10468
0.128575	7.23249	7.02933	7.16541	7.22244	7.09202	7.09896	7.11997	7.02053	7.12317
0.129575	7.3061	7.0557	7.18368	7.09158	7.08376	7.10129	7.13772	7.01878	7.11735
0.130575	7.23835	7.02892	7.14805	7.1525	7.15653	7.11797	7.14175	7.09681	7.1287
0.131588	7.36183	7.08496	7.12075	7.09712	7.11563	7.13193	7.07703	7.02839	6.9934
0.1326	7.38245	6.95914	7.20424	7.16617	7.07592	7.09275	7.06233	7.14024	7.03099
0.133625	7.35795	7.12267	7.19501	7.03824	7.09045	7.13131	7.16409	7.1487	6.99472
0.13465	7.3071	7.03143	7.17282	7.133	7.07729	7.08884	7.12257	7.08584	7.1122
0.135688	7.25848	7.01659	7.12005	7.09346	7.04463	7.07945	7.06782	7.10772	7.05008
0.136737	7.41274	7.11909	7.12088	6.99454	7.18157	7.08305	7.10476	7.13517	7.16912
0.137788	7.26613	6.98943	7.17887	7.08978	7.03237	7.04349	7.11987	7.03251	7.04309
0.13885	7.21207	7.04062	7.09818	7.11171	7.09063	7.09579	7.09914	7.0607	7.0796
0.139913	7.3389	6.98586	7.08935	7.0323	7.12452	7.11564	7.11412	7.13472	7.00186
0.140988	7.27568	7.04274	7.12805	7.08991	7.05771	7.06424	7.14526	7.13922	7.08843
0.142075	7.27627	7.03698	7.11095	7.04506	7.06023	7.08041	7.10525	7.14946	7.05659
0.143163	7.20874	6.98543	7.14654	7.12789	7.10853	7.03707	7.04701	7.07064	7.0466
0.14425	7.30641	6.98322	7.0123	7.11469	7.12767	6.99382	7.09074	7.02833	7.13851
0.145362	7.37727	6.84863	7.15484	7.11416	7.07743	6.99133	7.01112	7.04943	7.0214
0.146475	7.22633	7.05868	7.2374	7.1062	7.07229	7.11543	7.16462	7.05128	7.06065
0.147587	7.21169	6.99028	7.13125	7.10973	7.05491	7.03421	7.03471	7.11645	7.13648
0.148713	7.31465	7.00173	7.06454	7.08081	7.02085	7.09127	7.20819	6.96921	7.03533
0.14985	7.36362	6.98374	7.08619	7.07011	7.04593	7.03619	7.07988	7.08656	6.96188
0.150988	7.28394	7.03151	7.0421	7.03327	7.13795	7.03005	7.1248	7.08641	7.0527
0.15215	7.28429	6.94206	7.13961	7.05046	6.97958	7.02183	7.13058	7.00697	7.0598
0.1533	7.26255	7.0052	7.12999	7.07052	7.07438	7.0867	7.08933	7.10469	7.05464
0.154475	7.22282	6.9971	7.07558	7.18142	7.09832	7.11515	7.06803	7.06116	7.06094
0.15565	7.28435	7.00667	7.1088	7.10564	7.05219	7.1046	7.04202	7.00175	6.92301
0.156825	7.24105	6.96187	7.08466	7.00312	7.03218	7.02047	7.1038	7.10336	7.00774
0.158012	7.26991	6.98111	7.06252	7.05354	7.05506	6.99921	7.06484	7.04024	7.04075
0.159212	7.31982	6.94566	7.04107	7.11859	7.07997	6.97605	7.02884	7.00634	7.02877
0.160425	7.22876	7.01963	7.08566	7.05951	7.02254	7.05596	7.04576	7.02571	7.01821
0.161637	7.23798	6.94794	7.11919	7.12857	7.02912	7.00612	6.99062	7.10217	6.9585
0.162862	7.21194	6.9336	7.06664	7.08113	7.05132	6.93769	7.10537	7.02434	7.08327
0.1641	7.28421	6.93877	7.10174	7.01469	7.00931	7.09265	7.10652	7.01353	6.99988
0.165338	7.23374	7.01617	7.01632	7.04765	7.0697	6.98099	7.05847	7.01469	7.03387
0.166588	7.15966	7.06949	7.09753	7.05234	7.01056	7.05183	7.0762	6.99428	7.05524
0.16785	7.19576	6.94001	7.13062	7.02423	7.0147	7.06302	7.08197	6.9736	7.07504
0.169113	7.30396	6.9372	7.06724	7.00267	7.04351	7.01899	7.01871	7.07843	6.98933
0.170388	7.17003	7.0026	7.05746	7.02369	6.9942	6.98762	7.02064	6.98338	7.04455
0.171675	7.1674	6.97878	7.06827	7.04872	6.98483	7.0181	7.03294	6.97524	7.09307
0.172975	7.18932	7.03797	7.0107	7.05544	7.03113	7.04977	7.0686	6.98999	7.02005
0.174275	7.18378	7.0064	7.04364	7.08657	7.02878	7.05021	7.07702	6.96737	7.05889
0.175588	7.2503	6.92086	7.10134	7.06487	7.04888	7.00359	7.07399	6.99464	7.07744
0.176913	7.21967	6.9091	6.99576	7.02084	7.09449	7.07594	7.08202	6.93065	6.98552
0.178237	7.17591	6.87069	7.05149	7.00467	7.00492	6.99721	6.97241	7.03221	6.98928
0.179575	7.18838	6.99806	7.09573	7.02199	7.00124	7.01994	7.09003	7.02342	6.91903
0.180925	7.19697	6.97702	7.07584	7.06808	6.86591	7.03749	7.02216	7.0399	7.03647
0.182287	7.25601	6.97563	7.1182	6.98511	6.9819	7.05656	7.05728	6.99968	7.05713
0.18365	7.20617	6.93496	7.10637	7.02301	7.06994	6.93976	7.02437	6.98673	6.9195
0.185025	7.1479	6.9423	7.07416	7.08627	7.01937	6.93526	7.0144	7.02576	6.96228
0.186412	7.20655	6.93995	6.95621	7.01993	6.95697	7.05547	7.06902	7.03085	7.03177
0.187813	7.24373	6.97198	7.0211	7.06743	7.00185	7.03642	7.00647	6.98837	7.01194
0.189213	7.26158	6.92016	7.06191	7.01827	7.05876	6.9907	6.97825	7.00753	7.00966
0.190637	7.17467	6.93314	7.02352	6.98053	7.01479	6.96157	7.00266	6.9907	6.99025
0.192062	7.14498	6.92165	6.98032	7.05507	6.99577	7.00447	6.97557	6.92543	6.99983
0.193487	7.20615	6.88227	6.97182	7.03126	6.9666	6.94011	7.00869	6.96268	6.94498
0.194937	7.16152	6.9386	6.98681	7.05951	6.96307	7.01932	7.0392	6.97972	7.01892
0.196387	7.21762	6.92781	6.98066	6.95829	6.99854	6.99077	7.06416	6.97297	6.93117
0.197863	7.15539	6.89908	7.00493	6.99208	7.06612	6.97319	7.0266	6.97454	6.91527
0.199337	7.2208	6.9584	6.95297	7.10065	6.97694	7.06971	6.90756	6.97436	6.99303
0.200825	7.15398	6.90172	7.00422	6.99968	7.02528	7.04337	6.90294	6.97213	6.96626
0.202312	7.12775	6.88326	7.00493	7.05519	7.00617	7.03476	6.95108	6.84115	6.96554
0.203825	7.21327	6.90587	7.06211	6.93425	6.98072	6.98837	6.98413	6.96878	6.96005
0.205337	7.10788	6.84611	7.06094	7.05332	6.98133	6.95811	6.98509	6.93224	6.94625
0.206862	7.22644	6.92031	6.96848	7.02693	6.98919	6.91525	6.95923	6.95592	6.91422
0.2084	7.18062	6.85618	7.05275	6.98839	6.94886	7.00782	6.96222	6.93981	6.98357
0.20995	7.13467	6.8895	6.95524	7.02768	6.98074	6.92738	7.02424	7.01012	6.99627
0.211513	7.13326	6.92023	6.99825	6.99439	7.03418	6.98575	6.95706	6.90125	6.88853
0.213087	7.17077	6.94616	6.99128	6.92906	6.97258	6.99307	6.98816	6.95733	7.00636
0.214663	7.16723	6.82938	7.04299	7.09749	6.98396	6.99659	6.93855	6.91453	6.99765
0.21625	7.13415	6.8671	6.92389	7.03004	7.00137	6.95447	6.9338	6.89398	7.04818
0.217863	7.15118	6.87885	7.02278	7.02421	7.00562	6.92679	6.97987	6.9059	7.05271
0.219475	7.12779	6.88816	6.97761	6.99075	6.94627	7.04451	6.9578	6.9431	7.02828
0.2211	7.1429	6.88906	6.95358	7.05534	6.94765	6.95333	7.00856	6.91842	6.97764
0.222738	7.10448	6.79992	6.98635	7.0529	6.97918	6.97952	7.03459	6.91342	6.99078
0.224387	7.16392	6.86825	6.99232	7.04881	6.94369	7.01078	7.00136	6.8641	6.96894
0.226038	7.10791	6.88256	6.98669	6.93938	6.94934	6.94131	6.9868	6.91375	6.94162
0.227712	7.17577	6.95166	6.95635	7.07488	6.94048	6.97322	6.88601	6.97949	6.86509
0.2294	7.10932	6.90959	7.00643	6.98878	6.92872	6.90317	6.92686	6.89411	7.01249
0.231088	7.16062	6.87807	7.02326	7.05248	7.02101	6.9389	6.89155	6.89682	6.94316
0.2328	7.10214	6.91644	6.93579	6.93913	6.92404	6.92089	6.98136	6.94382	6.924
0.234512	7.08149	6.91987	6.96637	6.96151	6.88661	6.92021	6.91897	6.93567	6.94948
0.236237	7.08905	6.90959	6.95416	6.93981	6.87156	6.92938	6.92514	6.94645	6.93719
0.237988	7.1482	6.86754	6.95273	6.87427	6.97657	6.86754	6.97915	6.95251	6.95475
0.239737	7.16931	6.85477	6.97747	6.96698	6.91967	6.91788	6.85438	6.90063	6.93022
0.2415	7.12163	6.86286	6.92861	6.91817	6.89604	6.88856	6.8868	6.94926	6.91793
0.243275	7.14426	6.93375	6.98474	6.95051	6.97458	6.93335	6.96859	6.9179	6.93114
0.245075	7.21575	6.88893	6.95391	6.94864	6.94789	6.90692	6.86373	6.93834	6.88135
0.246875	7.14036	6.84462	6.9305	6.98867	6.94518	6.94339	6.91373	6.8161	6.96566
0.248688	7.06549	6.84071	6.9032	6.90913	6.93617	6.94651	6.94017	6.921	6.9412
0.250513	7.0425	6.84011	6.88306	6.88364	6.97541	6.87788	6.89999	6.92995	6.91899
0.252362	7.14913	6.85113	6.95898	6.97472	6.97616	6.92551	6.94409	6.88049	6.90805
0.254212	7.1077	6.89471	6.94873	6.94779	6.92474	6.96305	6.87925	6.92103	6.84825
0.256075	7.08422	6.9288	6.95993	6.8881	6.98028	6.95687	6.8756	6.96671	6.94226
0.25795	7.05598	6.91629	6.90148	6.94508	6.88238	6.88262	6.89632	6.84928	6.92392
0.25985	7.14216	6.86957	6.90131	6.94468	6.92566	6.97354	6.92253	6.949	6.93392
0.26175	7.07452	6.84107	6.97789	6.93246	6.90705	6.96364	6.91787	6.89419	6.8862
0.263675	7.10453	6.87099	6.96456	6.94363	6.93162	6.88385	6.92668	6.8856	6.89231
0.2656	7.04422	6.82313	6.93704	6.90668	6.89479	6.97504	6.86217	6.86336	6.84276
0.26755	7.07687	6.82263	6.92656	6.91365	6.90686	6.8672	6.86444	6.83835	6.94891
0.2695	7.07381	6.807	6.90726	6.84329	6.93387	6.97419	6.91539	6.86506	6.90768
0.271475	7.09652	6.7927	6.90965	6.88598	6.96192	6.96693	6.88687	6.90073	6.9081
0.273463	7.03892	6.80676	6.94279	6.97919	6.86887	6.90952	6.84704	6.90008	6.94443
0.275463	7.06256	6.81863	6.93484	6.90135	6.91544	6.85695	6.86512	6.84046	6.89191
0.277475	7.08197	6.83775	6.92876	6.90818	6.87192	6.90566	6.87195	6.85108	6.92584
0.2795	7.08675	6.84598	6.89134	6.91576	6.86042	6.92248	6.88703	6.89001	6.93982
0.28155	7.03085	6.8802	6.92081	6.92191	6.95976	6.92769	6.88105	6.86343	6.84348
0.2836	7.09739	6.86429	6.91476	6.82799	6.87541	6.96237	6.8826	6.83607	6.92608
0.285675	7.06387	6.836	6.89843	6.92626	6.86193	6.91507	6.87488	6.91898	6.90651
0.28775	7.08085	6.84601	6.91879	6.89181	6.88691	6.88404	6.89457	6.84278	6.88882
0.28985	7.00058	6.83005	6.92537	6.93028	6.88939	6.86991	6.836	6.89523	6.86089
0.291963	7.06676	6.75641	6.93175	6.92048	6.94978	6.88283	6.87128	6.86502	6.87027
0.2941	7.10716	6.76612	6.93784	6.92283	6.88892	6.85112	6.88477	6.88966	6.89813
0.296237	7.08183	6.77778	6.90547	6.8719	6.90414	6.84608	6.8358	6.8165	6.96912
0.2984	7.06496	6.74732	6.88056	6.84189	6.86348	6.77906	6.85861	6.82672	6.83282
0.300563	7.05437	6.8458	6.91758	6.95156	6.9382	6.90039	6.86917	6.86445	6.88571
0.30275	7.06943	6.79139	6.86169	6.91471	6.90453	6.89625	6.88796	6.80811	6.94396
0.304962	7.08036	6.76292	6.88097	6.92806	6.87116	6.88084	6.86519	6.86135	6.79771
0.307175	7.05176	6.79426	6.92447	6.91882	6.91204	6.83045	6.8579	6.85526	6.8546
0.309413	7.07892	6.81273	6.85377	6.93742	6.92426	6.85068	6.876	6.82952	6.86892
0.311662	7.08379	6.78644	6.89462	6.91546	6.81721	6.85108	6.86374	6.81547	6.84153
0.313925	7.05665	6.82434	6.8998	6.87125	6.86539	6.87024	6.88447	6.82379	6.86832
0.3162	7.0554	6.76781	6.9181	6.84828	6.8924	6.86985	6.79127	6.81183	6.89642
0.3185	7.06695	6.84468	6.91954	6.87489	6.88137	6.839	6.88856	6.81203	6.88566
0.320812	7.05006	6.78169	6.86383	6.89112	6.83328	6.88309	6.90737	6.84808	6.84535
0.323137	6.99062	6.8298	6.84088	6.88151	6.84675	6.86232	6.8494	6.8396	6.87987
0.325475	6.99018	6.75063	6.85721	6.84705	6.8864	6.84572	6.83922	6.89375	6.83876
0.327837	6.98308	6.80617	6.83679	6.89017	6.87074	6.8511	6.89187	6.83144	6.88703
0.330213	7.03702	6.79536	6.85188	6.87201	6.86519	6.89359	6.80995	6.82749	6.88053
0.332613	7.04784	6.80556	6.90913	6.82952	6.88794	6.87199	6.85095	6.86081	6.8903
0.335012	7.02662	6.77666	6.87688	6.93827	6.8059	6.82689	6.85055	6.79551	6.90229
0.33745	7.02447	6.76006	6.83872	6.87002	6.88723	6.88688	6.85582	6.9037	6.8694
0.339887	7.07671	6.79646	6.80199	6.78062	6.90833	6.91135	6.88238	6.82114	6.82444
0.34235	7.08449	6.78571	6.85326	6.90323	6.84953	6.86134	6.80329	6.81923	6.83997
0.344825	7.06356	6.76434	6.88314	6.88016	6.84795	6.86386	6.86842	6.80651	6.87861
0.347325	6.95407	6.75934	6.84371	6.86955	6.85496	6.83496	6.85506	6.87463	6.84257
0.349825	7.03	6.72931	6.80796	6.835	6.87122	6.87814	6.8484	6.85833	6.79762
0.352363	6.96682	6.76797	6.86925	6.88171	6.84188	6.88064	6.82804	6.74337	6.86823
0.3549	6.99683	6.76821	6.81928	6.9183	6.85021	6.77697	6.87849	6.75832	6.77415
0.357475	7.04581	6.7939	6.86611	6.84165	6.86295	6.86884	6.83685	6.77201	6.81207
0.36005	7.01966	6.77138	6.83072	6.8212	6.85726	6.82212	6.87287	6.78318	6.86992
0.36265	6.98629	6.70347	6.84271	6.82292	6.82187	6.83982	6.79723	6.80476	6.85108
0.365275	6.9994	6.71198	6.84183	6.80497	6.85717	6.79608	6.81756	6.82048	6.841
0.3679	7.01948	6.72069	6.86606	6.8811	6.87562	6.82247	6.80085	6.87671	6.84466
0.370562	6.99465	6.77848	6.82456	6.89373	6.84662	6.83049	6.85005	6.79658	6.86976
0.373237	7.00857	6.7449	6.84255	6.85954	6.89854	6.84783	6.84215	6.82188	6.80264
0.375925	7.00252	6.72807	6.79248	6.83115	6.88303	6.79383	6.86545	6.87842	6.81196
0.378637	6.98237	6.76332	6.8531	6.83942	6.80578	6.82609	6.8186	6.79859	6.84437
0.381362	7.03812	6.78398	6.84878	6.84314	6.79808	6.84081	6.83989	6.79999	6.78711
0.384113	7.02798	6.69497	6.79012	6.87204	6.8249	6.83426	6.81875	6.81615	6.85454
0.386875	7.03515	6.71468	6.84135	6.83658	6.81571	6.84874	6.78698	6.79103	6.77928
0.389663	6.99817	6.72266	6.82993	6.83982	6.81315	6.81289	6.82968	6.76709	6.80233
0.392462	7.03079	6.68007	6.86193	6.84865	6.8102	6.87499	6.78469	6.84347	6.7958
0.395288	7.0348	6.74797	6.8532	6.78621	6.81423	6.81947	6.82382	6.77644	6.81071
0.398138	6.987	6.72549	6.85649	6.80813	6.83041	6.82122	6.76637	6.79065	6.78148
0.401	6.94888	6.7332	6.8153	6.80457	6.80519	6.76817	6.81037	6.77472	6.76217
0.403888	6.99088	6.74804	6.85375	6.85472	6.8431	6.86582	6.83679	6.78675	6.79803
0.406788	6.96881	6.79489	6.85365	6.78238	6.87374	6.82913	6.80582	6.73121	6.84025
0.409712	6.99209	6.71959	6.81586	6.8489	6.8106	6.79268	6.81978	6.80599	6.82606
0.41265	6.98084	6.71431	6.81786	6.81763	6.8239	6.81917	6.84283	6.78434	6.80188
0.415612	6.98013	6.73309	6.83417	6.87291	6.84481	6.80014	6.81443	6.82411	6.81462
0.4186	7.0427	6.68431	6.81812	6.81912	6.86188	6.83275	6.81777	6.78076	6.7672
0.421613	6.97109	6.70138	6.83114	6.83251	6.80463	6.79434	6.80189	6.80153	6.86614
0.424637	7.02153	6.74678	6.85346	6.83034	6.82913	6.81323	6.8273	6.80177	6.81756
0.427687	6.98787	6.74345	6.79332	6.85126	6.83091	6.80735	6.78355	6.77415	6.73878
0.43075	6.99292	6.68873	6.81173	6.82218	6.81252	6.7899	6.82342	6.82436	6.80612
0.433838	6.9577	6.75416	6.79965	6.80605	6.80692	6.79722	6.84636	6.82605	6.78415
0.43695	6.99987	6.69871	6.79338	6.80659	6.77387	6.82997	6.79458	6.75256	6.77051
0.440087	6.97752	6.76156	6.77533	6.78178	6.82544	6.80439	6.79171	6.76952	6.74647
0.443238	6.95407	6.72397	6.80742	6.82052	6.79934	6.75082	6.83122	6.79215	6.78394
0.446413	7.01904	6.74125	6.82235	6.82773	6.82771	6.79958	6.84019	6.77314	6.78758
0.449612	6.97065	6.74006	6.81287	6.81461	6.82586	6.76597	6.79057	6.78451	6.81483
0.452837	6.96622	6.70984	6.80608	6.79215	6.82435	6.79272	6.81133	6.80591	6.79076
0.456075	6.95658	6.67332	6.82993	6.76778	6.79084	6.78607	6.84367	6.78581	6.79917
0.459338	6.95373	6.70097	6.7639	6.7988	6.82739	6.78981	6.83095	6.77216	6.7781
0.462625	6.9708	6.71968	6.76949	6.79574	6.78938	6.81549	6.80123	6.71833	6.80149
0.465937	6.97665	6.7216	6.76509	6.80621	6.7882	6.74332	6.79559	6.76591	6.79761
0.469275	6.95748	6.71918	6.80862	6.87109	6.81346	6.75424	6.77489	6.73846	6.77514
0.472625	6.94917	6.72412	6.79062	6.80556	6.83584	6.81964	6.80065	6.74761	6.74546
0.476012	6.97142	6.7285	6.79489	6.812	6.79336	6.82861	6.84395	6.79578	6.78754
0.479412	6.99092	6.71549	6.80761	6.79412	6.7964	6.79818	6.79122	6.78419	6.78502
0.482837	6.97689	6.74211	6.82227	6.80264	6.80009	6.84391	6.78785	6.79629	6.78118
0.486288	6.94456	6.743	6.81247	6.79568	6.82761	6.77164	6.84844	6.75521	6.7282
0.489763	6.93351	6.66566	6.80032	6.81889	6.85866	6.78693	6.802	6.73464	6.76149
0.493262	6.95456	6.66849	6.82073	6.81042	6.76148	6.74057	6.80857	6.80614	6.77645
0.496787	6.97924	6.71325	6.81248	6.81942	6.79475	6.76647	6.79166	6.79642	6.73901
0.500337	6.95918	6.71946	6.82904	6.81792	6.77809	6.79141	6.81615	6.75462	6.76283
0.503913	6.9434	6.68047	6.77223	6.77809	6.76725	6.80391	6.76333	6.76503	6.79975
0.5075	6.94142	6.72699	6.80205	6.78676	6.7785	6.77615	6.74756	6.7482	6.77064
0.511125	6.95297	6.69761	6.79587	6.76865	6.78409	6.79959	6.80342	6.75839	6.8066
0.514775	6.9326	6.68126	6.81004	6.80513	6.82507	6.75634	6.7446	6.78033	6.76303
0.51845	6.95179	6.66175	6.77484	6.77458	6.80484	6.80043	6.82387	6.71589	6.75693
0.52215	6.93033	6.67199	6.78852	6.76379	6.79984	6.75864	6.78773	6.74718	6.73559
0.525863	6.91666	6.66456	6.76882	6.81287	6.78752	6.7772	6.79158	6.75143	6.77057
0.529612	6.94392	6.6708	6.76617	6.80209	6.77031	6.78732	6.76597	6.74249	6.728
0.533387	6.90805	6.69484	6.79837	6.84149	6.83527	6.77425	6.79987	6.7502	6.80087
0.537188	6.92053	6.71491	6.80238	6.80841	6.79603	6.7318	6.78227	6.75215	6.75324
0.541025	6.93866	6.68048	6.78892	6.72234	6.78352	6.77716	6.82128	6.74634	6.74549
0.544875	6.91582	6.67311	6.74636	6.78161	6.79809	6.73833	6.8076	6.72125	6.74796
0.54875	6.9039	6.66621	6.79586	6.81746	6.76122	6.74652	6.74618	6.74771	6.7159
0.552662	6.87988	6.6613	6.78856	6.78346	6.81514	6.77425	6.79364	6.77294	6.74936
0.5566	6.96748	6.68778	6.77945	6.80499	6.80859	6.77806	6.78044	6.76558	6.73349
0.560562	6.93926	6.70804	6.7845	6.82707	6.77398	6.77264	6.77851	6.74438	6.75278
0.56455	6.92139	6.6745	6.77034	6.78939	6.77975	6.80733	6.79185	6.66971	6.74608
0.568563	6.95043	6.6904	6.71634	6.80755	6.73043	6.75625	6.77342	6.75566	6.75002
0.572613	6.90313	6.70692	6.72597	6.76429	6.78612	6.75802	6.73901	6.72753	6.79585
0.576688	6.93456	6.68386	6.78782	6.77255	6.79917	6.74773	6.73885	6.74963	6.76604
0.580787	6.94708	6.66347	6.78008	6.78912	6.75884	6.76289	6.77907	6.76059	6.75473
0.584912	6.92142	6.68044	6.77033	6.78322	6.74042	6.75642	6.78766	6.75701	6.72617
0.589075	6.93612	6.68381	6.78951	6.7689	6.79529	6.7793	6.78224	6.7267	6.74239
0.593262	6.92917	6.68101	6.80648	6.80579	6.7563	6.77432	6.77942	6.68583	6.76981
0.597475	6.929	6.68074	6.7763	6.75696	6.7863	6.79487	6.7926	6.73005	6.73815
0.601725	6.90656	6.65776	6.77495	6.77888	6.79592	6.80984	6.77285	6.65555	6.76329
0.606	6.91587	6.65877	6.73444	6.78899	6.77028	6.78922	6.80829	6.72353	6.74025
0.6103	6.91406	6.68802	6.75577	6.80873	6.76009	6.76339	6.78414	6.71603	6.70991
0.614637	6.90813	6.67069	6.82003	6.79645	6.76634	6.76079	6.78677	6.74295	6.79119
0.619	6.9539	6.66087	6.76758	6.75647	6.77203	6.75382	6.79132	6.68498	6.73882
0.6234	6.89501	6.69198	6.78191	6.788	6.73965	6.73908	6.76511	6.74977	6.71696
0.627825	6.91559	6.65094	6.7685	6.81723	6.77511	6.73773	6.76536	6.72234	6.7599
0.632275	6.93707	6.60962	6.75053	6.74956	6.75201	6.76842	6.75158	6.74167	6.77543
0.636762	6.88062	6.68571	6.75315	6.7941	6.7468	6.73801	6.77786	6.70092	6.73668
0.641288	6.89307	6.65383	6.7232	6.79731	6.77465	6.73615	6.74942	6.75905	6.73194
0.645837	6.91391	6.69204	6.75177	6.78674	6.77481	6.83786	6.78899	6.69142	6.68881
0.650412	6.8843	6.68327	6.77971	6.7748	6.7729	6.71584	6.78652	6.71346	6.74162
0.655025	6.91145	6.63255	6.76698	6.77577	6.77514	6.76632	6.7674	6.71131	6.73308
0.659675	6.93545	6.62388	6.7609	6.76206	6.75114	6.75809	6.76025	6.73285	6.73723
0.66435	6.91063	6.62906	6.74377	6.73903	6.75572	6.74494	6.77527	6.7534	6.74949
0.66905	6.87733	6.68367	6.72043	6.75624	6.78259	6.79302	6.73035	6.72199	6.75221
0.6738	6.86419	6.68007	6.80856	6.72501	6.73026	6.73427	6.73597	6.70262	6.73278
0.678575	6.88227	6.68298	6.76472	6.81261	6.756	6.75073	6.79152	6.71804	6.70859
0.683375	6.87597	6.6445	6.7727	6.74278	6.74165	6.73162	6.75016	6.71432	6.70308
0.688225	6.93563	6.62953	6.75006	6.79416	6.75422	6.71599	6.7456	6.72996	6.70807
0.6931	6.89411	6.63025	6.75142	6.79857	6.78404	6.7682	6.75191	6.72768	6.77425
0.698	6.87478	6.65825	6.71701	6.80803	6.76019	6.77494	6.74842	6.73355	6.73052
0.70295	6.87151	6.6977	6.786	6.76322	6.77494	6.74348	6.70748	6.68574	6.75043
0.707925	6.90575	6.62793	6.75898	6.74304	6.77655	6.76337	6.72245	6.71466	6.77782
0.712937	6.91162	6.62782	6.7373	6.78503	6.74683	6.74765	6.69405	6.72975	6.69525
0.717975	6.85425	6.64708	6.75039	6.79307	6.73254	6.75618	6.78088	6.72568	6.72958
0.723063	6.87842	6.69619	6.75493	6.77991	6.77328	6.77269	6.73087	6.73649	6.75656
0.728175	6.9063	6.68157	6.7496	6.76898	6.74968	6.76748	6.765	6.73351	6.7319
0.733325	6.88917	6.65584	6.72138	6.77246	6.7666	6.70625	6.74985	6.73303	6.70626
0.738513	6.86633	6.66443	6.77872	6.77324	6.75082	6.73075	6.75263	6.73697	6.70922
0.743738	6.89485	6.67092	6.75125	6.75147	6.76603	6.73242	6.70199	6.70339	6.71166
0.749	6.88174	6.65398	6.75621	6.77444	6.74352	6.69935	6.76201	6.7211	6.76799
0.754287	6.88778	6.6394	6.723	6.75487	6.77971	6.74541	6.73125	6.73566	6.72951
0.759625	6.83398	6.66842	6.74124	6.77071	6.77536	6.74009	6.77561	6.72305	6.71898
0.765	6.8699	6.66564	6.74267	6.785	6.76165	6.76201	6.74498	6.72757	6.7227
0.7704	6.86011	6.64829	6.79749	6.78812	6.77409	6.78279	6.76822	6.69397	6.77268
0.77585	6.85426	6.61446	6.76318	6.73066	6.76494	6.72391	6.73354	6.72786	6.72788
0.781325	6.88954	6.66544	6.7512	6.77969	6.73426	6.70672	6.7158	6.73206	6.72186
0.78685	6.9068	6.65051	6.75981	6.73695	6.74548	6.72312	6.73057	6.70663	6.72943
0.7924	6.89622	6.63155	6.75124	6.77343	6.75326	6.73624	6.73284	6.7292	6.74726
0.798	6.91866	6.65911	6.75184	6.78831	6.74496	6.73861	6.75016	6.75927	6.74109
0.803638	6.90694	6.65817	6.75401	6.77311	6.70573	6.71022	6.7215	6.71661	6.73784
0.809313	6.87985	6.67924	6.74939	6.75002	6.76236	6.73773	6.68131	6.72338	6.71242
0.815025	6.89151	6.62896	6.7228	6.75626	6.73891	6.70771	6.73624	6.71512	6.74487
0.820775	6.93068	6.62065	6.76086	6.77605	6.74592	6.74703	6.76704	6.74205	6.7513
0.826575	6.8776	6.66245	6.71938	6.73004	6.77071	6.76361	6.75615	6.73668	6.69196
0.8324	6.91647	6.64183	6.77404	6.78509	6.7344	6.69064	6.73939	6.74858	6.7371
0.838275	6.90896	6.64351	6.7252	6.77696	6.74644	6.7364	6.77169	6.72959	6.73484
0.8442	6.86938	6.67095	6.73113	6.75826	6.75505	6.76109	6.74884	6.71759	6.71355
0.85015	6.87989	6.65477	6.72282	6.78301	6.79107	6.77678	6.76553	6.73165	6.74467
0.85615	6.85718	6.65688	6.75299	6.75876	6.75838	6.74494	6.71851	6.70472	6.7178
0.862188	6.86922	6.63553	6.75035	6.7339	6.7508	6.71826	6.75564	6.70297	6.74522
0.868263	6.87041	6.69534	6.72831	6.79044	6.76608	6.7589	6.75611	6.71962	6.6857
0.874388	6.87878	6.66404	6.74383	6.75762	6.74303	6.71144	6.77253	6.70121	6.71825
0.88055	6.88375	6.63547	6.75241	6.7996	6.72014	6.74413	6.75421	6.7107	6.73445
0.886762	6.88025	6.63447	6.76235	6.76857	6.763	6.72568	6.72812	6.69677	6.7374
0.893013	6.89814	6.64919	6.7483	6.75461	6.75253	6.7286	6.76539	6.73839	6.73036
0.8993	6.87869	6.65067	6.73996	6.81714	6.74008	6.73604	6.79521	6.71073	6.72037
0.905638	6.90505	6.63652	6.73476	6.76595	6.75377	6.73379	6.75951	6.70654	6.71516
0.912025	6.86679	6.68844	6.73597	6.75156	6.72626	6.7513	6.75642	6.69705	6.6958
0.91845	6.90917	6.6357	6.74706	6.72877	6.77725	6.75051	6.74061	6.71194	6.74556
0.924925	6.84945	6.64108	6.7363	6.77376	6.7646	6.74922	6.74372	6.67793	6.71388
0.931437	6.87258	6.65083	6.69996	6.74081	6.72566	6.76096	6.72788	6.72085	6.72676
0.938	6.8699	6.64528	6.72734	6.74047	6.73551	6.73456	6.74199	6.7119	6.78071
0.9446	6.88873	6.65742	6.74814	6.80228	6.75208	6.76582	6.78687	6.72254	6.70202
0.95125	6.87331	6.66684	6.76652	6.75816	6.74363	6.77958	6.73753	6.71466	6.73538
0.95795	6.8585	6.65429	6.78598	6.77855	6.76559	6.77089	6.7071	6.72671	6.72598
0.9647	6.84107	6.64526	6.73703	6.75306	6.73431	6.74026	6.7616	6.72455	6.71327
0.971488	6.85618	6.64966	6.76417	6.75369	6.73039	6.74993	6.73533	6.70894	6.71876
0.978325	6.87286	6.66784	6.72498	6.76481	6.75111	6.72619	6.75746	6.71263	6.69079
0.985213	6.86002	6.64522	6.7194	6.74301	6.74262	6.7521	6.72046	6.71308	6.72696
0.992137	6.84725	6.64366	6.74172	6.74958	6.76818	6.73211	6.75123	6.71745	6.74914
0.999125	6.86054	6.64941	6.72435	6.79223	6.77468	6.73502	6.73162	6.7184	6.70631
1.00615	6.82713	6.65021	6.77315	6.75571	6.75805	6.71057	6.73512	6.72931	6.69769
1.01324	6.86311	6.65888	6.702	6.74201	6.75368	6.73276	6.74659	6.70685	6.74556
1.02036	6.87476	6.6416	6.7589	6.77075	6.71816	6.73365	6.71857	6.71788	6.72122
1.02754	6.86199	6.64537	6.73254	6.75198	6.69578	6.71472	6.74724	6.68189	6.71832
1.03476	6.87022	6.63263	6.75317	6.78252	6.74053	6.7675	6.74029	6.73668	6.70511
1.04204	6.89506	6.65426	6.7422	6.74269	6.73911	6.72937	6.77712	6.71579	6.70669
1.04936	6.86373	6.6402	6.7345	6.75442	6.7351	6.75114	6.72248	6.74913	6.70828
1.05675	6.87777	6.63379	6.73246	6.73986	6.71942	6.73299	6.74232	6.70034	6.71618
1.06418	6.88764	6.64854	6.72916	6.73818	6.74234	6.74713	6.78254	6.75042	6.72061
1.07165	6.84292	6.63307	6.74575	6.7802	6.7584	6.74063	6.76623	6.7033	6.72774
1.07919	6.85606	6.63371	6.7649	6.7473	6.75018	6.70988	6.73735	6.75396	6.72019
1.08677	6.86595	6.68591	6.78011	6.72861	6.73416	6.76897	6.75292	6.72521	6.71906
1.09441	6.88037	6.63801	6.74523	6.76052	6.75234	6.74658	6.73445	6.724	6.73133
1.1021	6.8399	6.63217	6.74615	6.74308	6.73311	6.7459	6.74299	6.72055	6.6967
1.10984	6.85937	6.63873	6.75733	6.77963	6.74383	6.75986	6.74911	6.74101	6.73055
1.11764	6.85629	6.62881	6.74328	6.74997	6.71267	6.73708	6.7181	6.7101	6.7002
1.12549	6.84109	6.62472	6.76001	6.74454	6.71865	6.75276	6.71742	6.71315	6.73147
1.1334	6.85719	6.62804	6.7239	6.76773	6.74666	6.74208	6.70808	6.72995	6.70279
1.14135	6.85895	6.60763	6.73023	6.76322	6.72116	6.74354	6.73485	6.71385	6.71296
1.14937	6.88114	6.63736	6.74529	6.7609	6.74575	6.74133	6.74655	6.72363	6.69911
1.15744	6.84662	6.66727	6.76047	6.7802	6.74463	6.74447	6.73308	6.69184	6.72987
1.16556	6.8719	6.64925	6.71878	6.79389	6.74744	6.73917	6.72969	6.71371	6.70602
1.17375	6.85331	6.661	6.74657	6.78555	6.7236	6.75238	6.72322	6.71034	6.72085
1.18199	6.84953	6.61551	6.74608	6.73519	6.74752	6.72785	6.77002	6.73239	6.72075
1.19029	6.83639	6.6352	6.75135	6.74431	6.76132	6.7449	6.72199	6.73182	6.69445
1.19865	6.84454	6.62902	6.7336	6.77109	6.73361	6.70985	6.75777	6.7023	6.70807
1.20706	6.87134	6.65292	6.77308	6.75817	6.7457	6.74791	6.79113	6.69161	6.71898
1.21553	6.86608	6.61653	6.75133	6.74145	6.74192	6.7215	6.73698	6.72356	6.73941
1.22406	6.85779	6.65556	6.73837	6.74564	6.77317	6.72562	6.74636	6.7014	6.73335
1.23265	6.84921	6.63853	6.72967	6.78178	6.76932	6.70683	6.71459	6.72963	6.73572
1.2413	6.83036	6.63772	6.72066	6.75224	6.74561	6.71678	6.74566	6.73557	6.73189
1.25	6.84992	6.64106	6.74444	6.78765	6.73232	6.74127	6.74747	6.73123	6.70755
1.25877	6.8657	6.67876	6.74781	6.76314	6.75638	6.754	6.75068	6.72483	6.69166
1.2676	6.84489	6.64515	6.72295	6.77924	6.74788	6.74036	6.74976	6.7016	6.76094
1.27649	6.84023	6.64188	6.75363	6.76955	6.7413	6.72359	6.75168	6.69432	6.7465
1.28544	6.84905	6.63039	6.75032	6.77493	6.7529	6.73849	6.74952	6.72039	6.76129
1.29446	6.87422	6.63265	6.74202	6.74822	6.75726	6.74504	6.77838	6.71018	6.75723
1.30354	6.86536	6.63124	6.74091	6.77818	6.7342	6.7588	6.74361	6.69852	6.72138
1.31267	6.84988	6.66147	6.73241	6.75477	6.79397	6.73109	6.73129	6.73453	6.75436
1.32187	6.84691	6.62964	6.76501	6.73971	6.77882	6.75302	6.76049	6.71775	6.73216
1.33114	6.83682	6.66205	6.76506	6.76557	6.76291	6.7018	6.73416	6.71662	6.73802
1.34047	6.8231	6.64702	6.73736	6.75878	6.74911	6.74496	6.74673	6.71905	6.72342
1.34987	6.85622	6.67276	6.73292	6.76844	6.76289	6.72965	6.75	6.7576	6.76527
1.35933	6.8354	6.64657	6.73833	6.75266	6.76025	6.74736	6.75434	6.72158	6.75935
1.36886	6.83904	6.65786	6.74838	6.76301	6.77843	6.74875	6.74999	6.7338	6.74046
1.37845	6.86503	6.67386	6.71993	6.78125	6.72892	6.73296	6.7531	6.73708	6.71454
1.38811	6.84859	6.63833	6.74107	6.7765	6.78634	6.75672	6.75101	6.70257	6.73061
1.39784	6.85579	6.64153	6.72902	6.77583	6.75482	6.73449	6.7572	6.71985	6.71899
1.40762	6.84532	6.6394	6.75422	6.74817	6.76083	6.73702	6.7361	6.74147	6.7527
1.41749	6.85007	6.65439	6.75539	6.77953	6.74419	6.74657	6.74328	6.70929	6.72647
1.42741	6.83201	6.67793	6.73779	6.74012	6.74396	6.74297	6.77138	6.69434	6.72659
1.43741	6.8702	6.66037	6.78047	6.76492	6.75319	6.74482	6.74089	6.74476	6.71992
1.44749	6.85928	6.64741	6.73209	6.76937	6.72274	6.73616	6.753	6.73238	6.73804
1.45763	6.86904	6.68522	6.75911	6.76135	6.74214	6.72789	6.7511	6.73046	6.72932
1.46783	6.85002	6.62412	6.75767	6.76194	6.73906	6.73329	6.73878	6.71216	6.72642
1.47811	6.83212	6.63355	6.73263	6.73771	6.75754	6.73994	6.73283	6.69463	6.70512
1.48846	6.88268	6.6572	6.7607	6.76687	6.74235	6.7374	6.75238	6.72154	6.7054
1.49888	6.84852	6.63575	6.77175	6.76521	6.76068	6.74795	6.75177	6.72551	6.71519
1.50937	6.83684	6.64141	6.73571	6.7616	6.75738	6.76033	6.74723	6.73946	6.7272
1.51994	6.82077	6.64548	6.76012	6.79136	6.76991	6.74622	6.74732	6.74786	6.72512
1.53058	6.85466	6.6045	6.75115	6.76394	6.74237	6.76227	6.76915	6.71824	6.72804
1.54129	6.83963	6.62142	6.74846	6.77122	6.71183	6.76248	6.7317	6.74917	6.70008
1.55208	6.84137	6.62889	6.7429	6.76154	6.75077	6.72295	6.75101	6.72034	6.7404
1.56294	6.81854	6.65053	6.78612	6.7776	6.74482	6.74846	6.77864	6.72077	6.73005
1.57387	6.8459	6.6395	6.7615	6.78087	6.76868	6.73196	6.75539	6.69506	6.73874
1.5849	6.79763	6.63691	6.76006	6.78712	6.73303	6.73428	6.72213	6.72153	6.73411
1.59599	6.84176	6.63335	6.72935	6.76683	6.776	6.75213	6.75318	6.72699	6.74456
1.60715	6.85115	6.66844	6.765	6.77676	6.7426	6.74173	6.72896	6.73038	6.74141
1.6184	6.86402	6.65367	6.7484	6.76879	6.7603	6.7528	6.72743	6.71929	6.7659
1.62971	6.87241	6.66831	6.75736	6.79075	6.73736	6.75121	6.74496	6.69202	6.73224
1.64111	6.85538	6.65761	6.74538	6.7547	6.7679	6.75159	6.73213	6.72688	6.75664
1.6526	6.83711	6.64232	6.73095	6.7775	6.76461	6.76445	6.74742	6.72053	6.74458
1.66416	6.82115	6.63203	6.76318	6.7721	6.78299	6.73857	6.74135	6.72394	6.74355
1.6758	6.83821	6.67421	6.77075	6.77551	6.76042	6.71721	6.7399	6.72325	6.75345
1.68751	6.82991	6.66171	6.74516	6.78836	6.76627	6.73384	6.75257	6.7204	6.74185
1.69931	6.85323	6.65157	6.75498	6.78719	6.73454	6.72389	6.73642	6.72979	6.74171
1.7112	6.82012	6.62395	6.75816	6.76649	6.75982	6.75054	6.73428	6.72569	6.74299
1.72316	6.83085	6.67712	6.74374	6.78219	6.79856	6.75723	6.7546	6.73976	6.73639
1.73521	6.83154	6.6541	6.73967	6.77194	6.7995	6.73563	6.76813	6.71673	6.75166
1.74735	6.83286	6.65225	6.74506	6.77366	6.77495	6.72494	6.76713	6.74038	6.74633
1.75956	6.83331	6.65303	6.76012	6.75089	6.751	6.75552	6.75677	6.71617	6.72773
1.77186	6.82958	6.67173	6.74909	6.76994	6.76513	6.73674	6.73777	6.74212	6.74857
1.78425	6.86324	6.67408	6.76013	6.77812	6.77826	6.75819	6.76806	6.74046	6.7324
1.79673	6.83853	6.66552	6.76171	6.76186	6.75641	6.744	6.75308	6.73602	6.73135
1.80928	6.84777	6.66828	6.75477	6.76443	6.74749	6.75365	6.75423	6.72257	6.70936
1.82193	6.82912	6.67391	6.77478	6.77471	6.76094	6.77824	6.75009	6.74211	6.75844
1.83466	6.82888	6.63481	6.73752	6.77392	6.76278	6.75156	6.75866	6.72346	6.73896
1.84748	6.86701	6.6479	6.77241	6.78716	6.75387	6.75592	6.76289	6.74298	6.7446
1.86039	6.83502	6.65096	6.7582	6.77936	6.77773	6.73772	6.75807	6.70836	6.73445
1.87339	6.84667	6.66642	6.74234	6.78457	6.75311	6.73051	6.75601	6.73139	6.72122
1.88647	6.84974	6.68573	6.78843	6.76916	6.7709	6.75125	6.74527	6.73336	6.75266
1.89966	6.83054	6.65252	6.76521	6.76729	6.75791	6.74932	6.74679	6.73101	6.74432
1.91293	6.83919	6.68869	6.77606	6.77098	6.78303	6.76983	6.74847	6.72353	6.72881
1.9263	6.85656	6.63119	6.74635	6.78812	6.77665	6.72499	6.76109	6.72681	6.73506
1.93975	6.83785	6.65241	6.75973	6.76871	6.78396	6.75055	6.7369	6.71729	6.74249
1.9533	6.81016	6.64049	6.74649	6.75547	6.72062	6.77188	6.72598	6.7426	6.76337
1.96694	6.85798	6.63283	6.76101	6.78484	6.7705	6.75842	6.75924	6.7381	6.73064
1.98069	6.82458	6.66006	6.75544	6.78049	6.75654	6.75642	6.76898	6.73582	6.75282
1.99451	6.81992	6.63095	6.76539	6.77719	6.75221	6.77557	6.76231	6.73903	6.72954
2.00845	6.8374	6.66556	6.76986	6.80401	6.75559	6.76197	6.75069	6.72198	6.73934
2.02248	6.83085	6.64861	6.77889	6.78816	6.76788	6.76213	6.78336	6.72875	6.75501
2.03659	6.8338	6.66002	6.7625	6.80365	6.75689	6.75578	6.77456	6.74912	6.74789
2.05081	6.82494	6.67209	6.76453	6.80861	6.74268	6.76631	6.7903	6.72954	6.75262
2.06514	6.8284	6.65906	6.75503	6.78182	6.76462	6.74936	6.75034	6.71531	6.74231
2.07955	6.84665	6.6561	6.77253	6.7778	6.77862	6.76024	6.77005	6.7377	6.7537
2.09407	6.83987	6.66331	6.77614	6.785	6.78089	6.76047	6.7724	6.74394	6.73644
2.10869	6.8273	6.6578	6.7529	6.77741	6.75253	6.74805	6.7417	6.75142	6.7277
2.12341	6.82026	6.64737	6.75571	6.77687	6.78418	6.746	6.75972	6.74277	6.73355
2.13824	6.83461	6.66848	6.76349	6.78018	6.78078	6.74562	6.78085	6.72669	6.76552
2.15316	6.8511	6.70551	6.76388	6.76746	6.78254	6.76148	6.78152	6.73272	6.7498
2.16819	6.84273	6.66075	6.76424	6.76219	6.78991	6.75043	6.76486	6.75432	6.76041
2.18333	6.8335	6.67735	6.77003	6.78316	6.78836	6.75126	6.74719	6.73241	6.77345
2.19856	6.81242	6.66865	6.7862	6.76109	6.79984	6.75121	6.77886	6.73971	6.76196
2.2139	6.84238	6.66627	6.76111	6.78362	6.79467	6.74194	6.75028	6.75196	6.75517
2.22935	6.84506	6.65693	6.76569	6.75261	6.81239	6.74439	6.76979	6.72759	6.75431
2.24491	6.83992	6.67444	6.77561	6.77802	6.78904	6.75142	6.78071	6.71242	6.73
2.26058	6.82994	6.67205	6.78275	6.78527	6.77211	6.76733	6.76501	6.73575	6.75427
2.27635	6.85072	6.65382	6.74368	6.75129	6.77656	6.75256	6.79226	6.72538	6.72824
2.29224	6.86117	6.67082	6.75651	6.76844	6.76999	6.76462	6.75177	6.72684	6.72499
2.30822	6.86126	6.6679	6.76051	6.78042	6.76899	6.76438	6.77225	6.74606	6.75088
2.32433	6.84456	6.67731	6.76951	6.77315	6.76464	6.77545	6.75723	6.73404	6.75782
2.34055	6.83331	6.68088	6.77299	6.75729	6.77807	6.76215	6.76555	6.73294	6.74994
2.35687	6.83305	6.65671	6.76208	6.79051	6.78422	6.77153	6.77493	6.73727	6.73819
2.37331	6.82753	6.65311	6.74581	6.75847	6.7566	6.76557	6.76309	6.73456	6.73378
2.38986	6.82165	6.66949	6.76917	6.77579	6.77439	6.77547	6.77004	6.7191	6.7297
2.40654	6.8322	6.66633	6.76769	6.77109	6.77871	6.75738	6.75448	6.73833	6.76141
2.42333	6.82277	6.68118	6.75622	6.76788	6.76439	6.7629	6.75066	6.73368	6.7528
2.44022	6.82126	6.66827	6.74642	6.77313	6.77805	6.76494	6.76172	6.72471	6.74674
2.45724	6.83036	6.66303	6.78022	6.77823	6.76744	6.78109	6.78186	6.73839	6.75127
2.47438	6.83684	6.65716	6.75996	6.76718	6.78914	6.77188	6.75047	6.73602	6.743
2.49164	6.84027	6.6615	6.791	6.77278	6.78435	6.75645	6.77104	6.71689	6.75116
2.50901	6.8141	6.68192	6.77037	6.79172	6.77052	6.75867	6.76931	6.72159	6.75134
2.52651	6.83	6.66519	6.74963	6.79257	6.77971	6.77063	6.75742	6.74673	6.76282
2.54413	6.81847	6.64221	6.77427	6.80129	6.79274	6.77348	6.76262	6.73595	6.74025
2.56186	6.83147	6.66099	6.76922	6.79619	6.79601	6.75881	6.76934	6.73611	6.75258
2.57973	6.83808	6.66351	6.77547	6.7877	6.76369	6.76698	6.7779	6.73301	6.76135
2.59771	6.82524	6.67055	6.80542	6.78634	6.77883	6.76318	6.75713	6.73503	6.76577
2.61582	6.824	6.65782	6.76367	6.78307	6.76844	6.7632	6.78289	6.73719	6.75444
2.63406	6.83181	6.6901	6.76276	6.7978	6.80675	6.76588	6.76623	6.73759	6.77034
2.65243	6.82885	6.66937	6.79286	6.77762	6.81094	6.77227	6.75835	6.7489	6.75721
2.67091	6.81739	6.6715	6.76702	6.77348	6.7983	6.7512	6.79497	6.75872	6.76516
2.68952	6.83032	6.65952	6.76901	6.79441	6.79465	6.75757	6.77501	6.73804	6.75126
2.70828	6.82978	6.67756	6.76469	6.79732	6.77195	6.76211	6.76989	6.7406	6.7448
2.72715	6.84336	6.68546	6.76474	6.77977	6.78597	6.77401	6.77334	6.74931	6.75548
2.74616	6.82653	6.67488	6.74878	6.7858	6.78631	6.75234	6.76531	6.72974	6.74141
2.7653	6.82995	6.66787	6.78175	6.79783	6.78189	6.75835	6.78572	6.74517	6.74862
2.78457	6.81969	6.67365	6.75748	6.79733	6.77653	6.76899	6.76759	6.74367	6.76108
2.80398	6.83965	6.65672	6.76486	6.79275	6.77586	6.74968	6.75956	6.76647	6.77049
2.82351	6.82762	6.6713	6.77668	6.77773	6.78012	6.77277	6.75639	6.73842	6.7327
2.84319	6.82321	6.66702	6.76132	6.77636	6.77844	6.7686	6.78296	6.74556	6.75078
2.863	6.82676	6.68047	6.76424	6.78273	6.80897	6.76388	6.7579	6.75228	6.73506
2.88295	6.82917	6.6902	6.78689	6.79083	6.79054	6.76815	6.75984	6.73118	6.75322
2.90304	6.831	6.6772	6.81128	6.77383	6.78116	6.76709	6.76322	6.7416	6.75203
2.92326	6.83235	6.69219	6.79118	6.79032	6.75762	6.78304	6.76109	6.73934	6.7621
2.94364	6.82464	6.67189	6.79489	6.78969	6.7835	6.77671	6.76623	6.73257	6.75352
2.96414	6.83554	6.68332	6.77551	6.79289	6.78557	6.79298	6.75812	6.74725	6.76039
2.98479	6.81564	6.65817	6.77706	6.7963	6.79021	6.76142	6.75754	6.74937	6.76642
3.00559	6.84385	6.67782	6.78289	6.81098	6.79752	6.77987	6.76238	6.71265	6.76986
3.02653	6.8228	6.67585	6.7686	6.80675	6.79726	6.78051	6.76737	6.72724	6.76372
3.04761	6.83368	6.67319	6.76363	6.7908	6.78329	6.76632	6.7776	6.75493	6.76394
3.06884	6.83298	6.65745	6.77861	6.79433	6.7707	6.75763	6.77092	6.74247	6.76677
3.09021	6.82802	6.67253	6.76933	6.78548	6.80118	6.77095	6.78089	6.74402	6.7565
3.11174	6.82483	6.67141	6.77919	6.79111	6.80455	6.74764	6.78306	6.74657	6.7624
3.13341	6.84486	6.68895	6.75846	6.78143	6.78252	6.75494	6.76919	6.75495	6.74613
3.15524	6.82866	6.6876	6.76726	6.77327	6.76593	6.76134	6.77807	6.73165	6.74256
3.17721	6.83138	6.67643	6.78697	6.79871	6.78566	6.76944	6.77934	6.74033	6.76075
3.19934	6.82739	6.67067	6.79933	6.79329	6.77818	6.76291	6.76394	6.74355	6.74786
3.22161	6.82846	6.68406	6.764	6.79738	6.76397	6.75665	6.77749	6.77418	6.75668
3.24405	6.83614	6.6776	6.76469	6.79443	6.77693	6.76676	6.78115	6.74493	6.75793
3.26664	6.8371	6.69462	6.77014	6.78694	6.77578	6.74869	6.78704	6.75704	6.75038
3.28939	6.84625	6.6748	6.77878	6.78668	6.77007	6.74116	6.76929	6.73847	6.75133
3.3123	6.8334	6.67294	6.76629	6.77917	6.77817	6.76368	6.77777	6.74133	6.7566
3.33536	6.82105	6.67623	6.77126	6.79398	6.77319	6.7728	6.76668	6.75196	6.7528
3.35859	6.81629	6.66989	6.76536	6.78546	6.78029	6.76726	6.77718	6.72945	6.74652
3.38196	6.8106	6.66833	6.77197	6.79403	6.77177	6.77186	6.7611	6.74199	6.76931
3.40551	6.81896	6.67993	6.79132	6.80019	6.77709	6.77328	6.76342	6.74907	6.77086
3.42922	6.84377	6.66629	6.79184	6.77871	6.78113	6.7959	6.77319	6.74101	6.76473
3.4531	6.8323	6.65246	6.7772	6.79901	6.79275	6.77564	6.77294	6.73011	6.76343
3.47714	6.82765	6.66792	6.75689	6.80068	6.79119	6.80178	6.75775	6.74638	6.75599
3.50134	6.82789	6.65489	6.78428	6.79599	6.78716	6.78187	6.78851	6.73793	6.76293
3.52571	6.82433	6.67719	6.76574	6.77763	6.80856	6.76531	6.77476	6.75614	6.7795
3.55026	6.81725	6.65867	6.78155	6.78612	6.79124	6.78225	6.7888	6.77222	6.75661
3.57498	6.82216	6.68801	6.7825	6.7845	6.78421	6.7675	6.77507	6.75538	6.76499
3.59986	6.80946	6.67291	6.77036	6.78955	6.78904	6.77858	6.77248	6.74443	6.75459
3.62491	6.81435	6.6843	6.75548	6.7819	6.79088	6.78593	6.76742	6.73758	6.7681
3.65015	6.84027	6.67598	6.77898	6.79691	6.79085	6.77798	6.77202	6.75948	6.75392
3.67555	6.82864	6.68102	6.78088	6.78124	6.78008	6.77915	6.77395	6.75613	6.76463
3.70114	6.83485	6.68336	6.76727	6.79397	6.79172	6.77277	6.76944	6.7466	6.7548
3.72689	6.8229	6.68058	6.78826	6.79794	6.79148	6.77084	6.76443	6.73329	6.75249
3.75283	6.82174	6.67043	6.76636	6.80302	6.77408	6.75751	6.79157	6.75923	6.77014
3.77895	6.82122	6.66142	6.7645	6.79478	6.78311	6.78291	6.78754	6.75393	6.75333
3.80525	6.81332	6.67801	6.77812	6.80022	6.78574	6.79718	6.77918	6.759	6.74767
3.83172	6.80731	6.67222	6.78327	6.7999	6.80428	6.76287	6.77696	6.75074	6.75587
3.85839	6.82761	6.65529	6.788	6.80225	6.80683	6.77977	6.77595	6.73923	6.76389
3.88524	6.81852	6.67416	6.77846	6.80306	6.79997	6.78435	6.78203	6.75868	6.76378
3.91228	6.8185	6.66968	6.77801	6.79378	6.79891	6.78761	6.76425	6.75807	6.76411
3.9395	6.81919	6.67479	6.76973	6.78997	6.81403	6.79505	6.7827	6.75173	6.75326
3.96691	6.81736	6.6743	6.77678	6.79245	6.79743	6.78214	6.7815	6.74814	6.7805
3.99451	6.81825	6.67317	6.76698	6.79949	6.79397	6.77649	6.77151	6.74581	6.77102
4.0223	6.81516	6.67728	6.7701	6.79283	6.79032	6.76268	6.76667	6.74507	6.76893
4.05029	6.84103	6.67055	6.76956	6.79896	6.78775	6.76254	6.77974	6.76624	6.76183
4.07846	6.84558	6.67229	6.76193	6.7938	6.79171	6.78125	6.77883	6.74746	6.75834
4.10684	6.8404	6.66012	6.78458	6.78639	6.79209	6.77342	6.76481	6.74291	6.75333
4.13541	6.81112	6.67732	6.78495	6.77555	6.79244	6.77682	6.79193	6.74469	6.75892
4.16419	6.85946	6.67552	6.78606	6.77727	6.76859	6.77958	6.76664	6.75836	6.75993
4.19315	6.83051	6.67897	6.7797	6.79434	6.78554	6.78805	6.77171	6.7629	6.75668
4.22232	6.83489	6.66348	6.79222	6.78994	6.78831	6.77339	6.76922	6.74868	6.76389
4.25169	6.82881	6.66418	6.78918	6.7848	6.79942	6.78732	6.76013	6.75324	6.76372
4.28126	6.81189	6.66609	6.78719	6.78876	6.78518	6.79524	6.78733	6.74481	6.75756
4.31105	6.82334	6.66729	6.80258	6.788	6.80487	6.78509	6.77451	6.75596	6.76799
4.34104	6.82362	6.67058	6.77303	6.8038	6.79872	6.79221	6.76746	6.74992	6.76975
4.37122	6.8103	6.66639	6.78506	6.80261	6.78398	6.79108	6.7638	6.74004	6.77044
4.40164	6.82559	6.66841	6.78302	6.80945	6.79485	6.78227	6.77855	6.75339	6.7684
4.43225	6.82922	6.67298	6.75834	6.78465	6.78433	6.78616	6.78388	6.75039	6.77129
4.46308	6.82789	6.67122	6.78598	6.7904	6.79949	6.7775	6.75968	6.74906	6.7785
4.49411	6.83311	6.68215	6.78605	6.79322	6.78774	6.77648	6.78583	6.76616	6.76048
4.52537	6.84118	6.67528	6.77165	6.79025	6.79001	6.78223	6.77433	6.75937	6.75256
4.55684	6.82324	6.68714	6.77654	6.77371	6.78116	6.78441	6.77888	6.77547	6.76831
4.58854	6.83608	6.67045	6.77009	6.79898	6.7837	6.79026	6.7576	6.76833	6.76286
4.62044	6.82716	6.68828	6.79554	6.78379	6.79409	6.77356	6.78499	6.75367	6.76921
4.65258	6.83396	6.674	6.79511	6.79259	6.78982	6.79005	6.76501	6.7611	6.76474
4.68493	6.82168	6.66887	6.77517	6.78651	6.79043	6.78993	6.76398	6.75107	6.76296
4.71751	6.82624	6.68014	6.78821	6.78724	6.77872	6.77524	6.76365	6.73275	6.77098
4.75031	6.81835	6.66902	6.80512	6.78654	6.79143	6.78841	6.76742	6.74094	6.77048
4.78334	6.82913	6.69232	6.78492	6.79269	6.7894	6.79266	6.79473	6.75153	6.77157
4.8166	6.83581	6.67769	6.7816	6.79517	6.78922	6.78674	6.77642	6.76075	6.76919
4.8501	6.81557	6.68682	6.77945	6.81007	6.80701	6.7834	6.77126	6.7471	6.77778
4.88381	6.81144	6.68554	6.77992	6.79953	6.77351	6.77539	6.77264	6.75181	6.78677
4.91778	6.82103	6.67536	6.77742	6.82681	6.80725	6.77212	6.7911	6.74973	6.78194
4.95196	6.82802	6.67469	6.78524	6.8105	6.79164	6.76467	6.78304	6.75334	6.75938
4.9864	6.82736	6.69617	6.77137	6.8056	6.78875	6.78871	6.78319	6.75777	6.77369
5.02106	6.82441	6.67308	6.7825	6.80476	6.78464	6.76941	6.78262	6.75929	6.76932
5.05597	6.83553	6.68275	6.78805	6.78926	6.80597	6.7783	6.77492	6.77432	6.77801
5.09113	6.84168	6.67573	6.76694	6.78535	6.79528	6.77657	6.7689	6.76366	6.76276
5.12651	6.83984	6.6911	6.77793	6.7874	6.79607	6.7807	6.7667	6.73893	6.76554
5.16215	6.81035	6.66947	6.79126	6.81888	6.78378	6.77336	6.78537	6.7641	6.77407
5.19804	6.83025	6.68312	6.77011	6.81106	6.79931	6.77891	6.78906	6.75903	6.77288
5.23418	6.83092	6.66936	6.78497	6.79856	6.7969	6.77323	6.78484	6.76114	6.77114
5.27056	6.83047	6.67839	6.78015	6.79399	6.8153	6.78646	6.77357	6.75253	6.7859
5.3072	6.83056	6.67922	6.78891	6.80605	6.8106	6.78788	6.79334	6.75407	6.77174
5.34409	6.82038	6.67733	6.77352	6.81593	6.80471	6.8043	6.79301	6.74099	6.78287
5.38124	6.832	6.67848	6.76704	6.80676	6.80079	6.77274	6.78195	6.74858	6.76805
5.41865	6.8233	6.68772	6.79579	6.7865	6.79605	6.76937	6.76882	6.76012	6.76728
5.45631	6.81704	6.68665	6.78476	6.80398	6.79517	6.78084	6.77206	6.75585	6.77687
5.49424	6.82797	6.6707	6.77845	6.80108	6.78666	6.77053	6.79829	6.75941	6.75782
5.53242	6.81558	6.69105	6.78745	6.8018	6.78921	6.77745	6.77652	6.75663	6.76631
5.57088	6.81727	6.67524	6.7876	6.79287	6.78825	6.77238	6.77485	6.74983	6.7755
5.6096	6.81983	6.67838	6.78155	6.80156	6.80047	6.77853	6.76448	6.75965	6.76764
5.64859	6.80847	6.67058	6.79771	6.80811	6.78285	6.77194	6.7854	6.74913	6.77714
5.68784	6.81078	6.66941	6.78327	6.8114	6.78836	6.76829	6.78931	6.76342	6.77066
5.72738	6.80434	6.68914	6.78525	6.81823	6.79817	6.78995	6.79264	6.75437	6.76851
5.76718	6.80612	6.6696	6.78566	6.80073	6.80011	6.77456	6.78457	6.76076	6.79297
5.80725	6.81422	6.67865	6.78576	6.79996	6.79494	6.77354	6.79051	6.75319	6.78353
5.84761	6.81979	6.69006	6.78027	6.80372	6.79562	6.78167	6.79849	6.74405	6.78008
5.88825	6.82365	6.66428	6.7879	6.81154	6.79044	6.78409	6.78729	6.76013	6.76646
5.92917	6.81965	6.6931	6.78243	6.79509	6.78413	6.77275	6.77606	6.76597	6.76071
5.97038	6.82506	6.68445	6.79478	6.81449	6.79365	6.77689	6.77457	6.76391	6.76925
6.01186	6.81936	6.68411	6.7873	6.79801	6.79352	6.77416	6.7901	6.77622	6.77854
6.05364	6.81781	6.67707	6.78195	6.81032	6.7942	6.77676	6.78633	6.7515	6.77172
6.0957	6.81805	6.68737	6.78783	6.78669	6.78146	6.78779	6.78446	6.75918	6.77008
6.13806	6.81421	6.68239	6.79104	6.80312	6.80668	6.78312	6.77941	6.75919	6.79797
6.18071	6.80998	6.67933	6.79908	6.80652	6.78673	6.78039	6.77485	6.74472	6.76295
6.22366	6.83442	6.66974	6.78466	6.80719	6.79618	6.79115	6.78907	6.7608	6.78535
6.2669	6.81957	6.67569	6.77591	6.8218	6.80112	6.7862	6.77753	6.75987	6.76789
6.31045	6.81935	6.67115	6.77695	6.82057	6.81036	6.78126	6.79397	6.74541	6.77861
6.35429	6.83251	6.66964	6.77999	6.81452	6.79635	6.78566	6.78076	6.74146	6.77543
6.39844	6.81717	6.68929	6.77919	6.79533	6.79747	6.78179	6.77698	6.75003	6.76459
6.4429	6.82643	6.69723	6.78239	6.80604	6.79382	6.78004	6.78093	6.76484	6.7697
6.48766	6.82397	6.67723	6.77455	6.80084	6.78925	6.77762	6.7899	6.7629	6.7727
6.53274	6.81923	6.67609	6.78796	6.79637	6.78688	6.78918	6.77755	6.76715	6.77016
6.57813	6.8291	6.67327	6.79466	6.79575	6.78503	6.77981	6.77001	6.76042	6.77092
6.62383	6.81069	6.66937	6.7849	6.81166	6.80092	6.79221	6.78612	6.75471	6.77299
6.66984	6.80955	6.67304	6.79916	6.80992	6.79717	6.79041	6.78764	6.74315	6.78568
6.71618	6.80893	6.68239	6.77681	6.81111	6.80392	6.78342	6.78538	6.75754	6.77176
6.76284	6.81574	6.68058	6.78015	6.80079	6.80073	6.79011	6.78468	6.75853	6.77663
6.80982	6.81931	6.68741	6.76801	6.80372	6.79234	6.78516	6.78322	6.75093	6.7626
6.85712	6.82524	6.69239	6.77777	6.80446	6.78619	6.78154	6.77984	6.76446	6.775
6.90476	6.82066	6.68804	6.77595	6.79828	6.78447	6.77748	6.76865	6.75768	6.77274
6.95272	6.80828	6.68569	6.78037	6.78985	6.7886	6.77887	6.76923	6.75246	6.77278
7.00103	6.80883	6.68119	6.78869	6.8019	6.78755	6.78429	6.7754	6.75998	6.77801
7.04966	6.81458	6.68191	6.78727	6.78516	6.80249	6.78831	6.77986	6.76277	6.76783
7.09863	6.80706	6.68567	6.79138	6.80259	6.79113	6.77806	6.78705	6.76279	6.7902
7.14794	6.82806	6.6915	6.79626	6.80215	6.79297	6.78698	6.7807	6.75199	6.79502
7.19759	6.83069	6.68146	6.78184	6.80446	6.80168	6.78136	6.7947	6.74261	6.78049
7.24759	6.82182	6.6747	6.77672	6.80282	6.80611	6.77619	6.78372	6.74373	6.78538
7.29792	6.81714	6.6882	6.77122	6.80256	6.78731	6.78412	6.78223	6.76165	6.7775
7.34861	6.81831	6.68316	6.76673	6.79393	6.80321	6.77573	6.7939	6.76797	6.77079
7.39966	6.82234	6.68383	6.77854	6.7844	6.78424	6.78598	6.78547	6.76574	6.78399
7.45106	6.83077	6.67562	6.77835	6.78876	6.79855	6.77937	6.78256	6.76374	6.77415
7.50281	6.8231	6.68257	6.77476	6.81235	6.79515	6.77807	6.7875	6.74723	6.77411
7.55492	6.81713	6.67102	6.78126	6.80317	6.79693	6.7824	6.78603	6.75535	6.77292
7.60739	6.81468	6.67426	6.79635	6.80679	6.79745	6.78482	6.78484	6.75547	6.7743
7.66022	6.82973	6.67122	6.78189	6.80252	6.78558	6.77788	6.79839	6.75337	6.77103
7.71343	6.82054	6.67367	6.77997	6.79848	6.79587	6.77872	6.79485	6.77069	6.7706
7.767	6.81123	6.68422	6.78345	6.79246	6.78331	6.77847	6.79763	6.772	6.77352
7.82094	6.8295	6.67647	6.78681	6.79011	6.7843	6.78917	6.79175	6.76477	6.76741
7.87526	6.8244	6.67959	6.78402	6.79705	6.77581	6.77723	6.79917	6.76543	6.75845
7.92995	6.82428	6.67792	6.79255	6.79563	6.79453	6.77771	6.78793	6.75635	6.76715
7.98502	6.81878	6.69173	6.78497	6.79676	6.80431	6.78391	6.78635	6.76102	6.76672
8.04047	6.8119	6.68379	6.79541	6.80001	6.81181	6.76688	6.79716	6.76776	6.77765
8.09631	6.81826	6.68023	6.79284	6.79582	6.8054	6.79355	6.79966	6.76759	6.76639
8.15254	6.82142	6.6779	6.79303	6.80052	6.78499	6.79151	6.78881	6.75567	6.77332
8.20915	6.8073	6.67148	6.78212	6.81846	6.80431	6.7856	6.79743	6.76747	6.76658
8.26616	6.83158	6.6799	6.78405	6.7965	6.80029	6.77711	6.77429	6.76711	6.76493
8.32356	6.82654	6.68219	6.7887	6.79366	6.8043	6.78993	6.77414	6.76097	6.77464
8.38136	6.82656	6.68607	6.77458	6.79692	6.79653	6.78112	6.77955	6.76215	6.7698
8.43956	6.81829	6.69004	6.7926	6.79983	6.79083	6.76721	6.77615	6.77208	6.78621
8.49817	6.81234	6.68334	6.79357	6.80213	6.81001	6.78537	6.78244	6.75206	6.77561
8.55717	6.83149	6.6742	6.79331	6.81723	6.80102	6.78677	6.7817	6.7454	6.77773
8.6166	6.82652	6.67749	6.7915	6.80665	6.79242	6.77115	6.77737	6.76156	6.77059
8.67642	6.83805	6.6702	6.77292	6.81447	6.79345	6.76428	6.77538	6.76493	6.77927
8.73668	6.82799	6.67273	6.78012	6.81396	6.79579	6.77339	6.77382	6.76314	6.77103
8.79734	6.83672	6.69022	6.77779	6.80976	6.80585	6.78358	6.78277	6.78332	6.77617
8.85843	6.82802	6.68371	6.77767	6.79752	6.80613	6.78005	6.78723	6.77248	6.78193
8.91994	6.82332	6.67953	6.79656	6.80394	6.8117	6.77911	6.79517	6.75203	6.77197
8.98186	6.82614	6.67433	6.78122	6.81194	6.79469	6.78167	6.77552	6.75798	6.7936
9.04422	6.82663	6.67805	6.7865	6.81508	6.78785	6.77749	6.78883	6.75964	6.77815
9.10703	6.82236	6.67634	6.78075	6.81799	6.7901	6.78066	6.79107	6.77269	6.7765
9.17025	6.8235	6.67992	6.7816	6.80879	6.79866	6.78203	6.78142	6.76695	6.77426
9.23392	6.83254	6.68921	6.7877	6.80279	6.80109	6.77122	6.78018	6.76264	6.76881
9.29804	6.83165	6.68584	6.78315	6.80151	6.80373	6.77743	6.77896	6.76511	6.7775
9.36259	6.82337	6.69436	6.79033	6.79207	6.79577	6.78989	6.79387	6.76642	6.76501
9.42759	6.81597	6.68629	6.79201	6.79468	6.78496	6.79283	6.77884	6.7524	6.77495
9.49305	6.81545	6.68078	6.80121	6.80371	6.7916	6.77755	6.78836	6.7654	6.77977
9.55895	6.81092	6.68846	6.79191	6.82547	6.79509	6.79407	6.79565	6.75683	6.77402
9.62531	6.8197	6.68415	6.79035	6.81242	6.78818	6.78898	6.78822	6.76378	6.76445
9.69214	6.82685	6.69082	6.79269	6.80591	6.78385	6.78591	6.7787	6.75916	6.76708
9.75943	6.82411	6.69003	6.78209	6.80953	6.8079	6.78291	6.79615	6.76711	6.76608
9.82718	6.82353	6.66741	6.79708	6.79945	6.79639	6.78056	6.78827	6.76766	6.78044
9.8954	6.82854	6.67205	6.79552	6.79556	6.80277	6.79146	6.79746	6.75627	6.78544
9.9641	6.82328	6.6731	6.80158	6.79915	6.79426	6.78412	6.79558	6.76649	6.77403
10.0333	6.81341	6.67377	6.79593	6.8067	6.78424	6.79216	6.79078	6.77029	6.76833
10.1029	6.83008	6.66886	6.78661	6.8037	6.77901	6.78436	6.78127	6.76917	6.77983
10.173	6.82205	6.68321	6.78607	6.80251	6.79912	6.79405	6.78594	6.76527	6.76113
10.2437	6.81968	6.67628	6.78589	6.80396	6.79815	6.78526	6.77334	6.76357	6.77863
10.3148	6.83113	6.68939	6.78714	6.79583	6.79561	6.79594	6.79375	6.76092	6.78655
10.3864	6.81848	6.68882	6.80448	6.7941	6.7902	6.79065	6.79182	6.7718	6.78283
10.4585	6.82269	6.6851	6.79059	6.79515	6.80032	6.78922	6.78924	6.76827	6.77879
10.5311	6.82793	6.68719	6.78654	6.81816	6.79662	6.78352	6.79338	6.76326	6.77774
10.6042	6.82094	6.68131	6.7884	6.8039	6.79916	6.77601	6.78675	6.76738	6.77449
10.6778	6.82834	6.68423	6.78985	6.80573	6.80837	6.78225	6.78356	6.76542	6.7691
10.7519	6.82542	6.68564	6.77789	6.79376	6.80177	6.79564	6.78074	6.75944	6.77758
10.8265	6.82644	6.66434	6.78871	6.79896	6.79092	6.78926	6.79114	6.76378	6.77551
10.9017	6.8226	6.67475	6.78829	6.80362	6.79629	6.77744	6.78652	6.76704	6.76926
10.9774	6.80607	6.67162	6.79111	6.80403	6.80425	6.78089	6.8012	6.7648	6.77151
11.0536	6.81751	6.67906	6.78728	6.80951	6.80851	6.77335	6.78615	6.77583	6.77616
11.1303	6.82918	6.68672	6.79291	6.80238	6.80317	6.77965	6.78501	6.77202	6.77924
11.2075	6.82063	6.70072	6.78379	6.79945	6.80065	6.78757	6.78257	6.76429	6.78042
11.2853	6.82379	6.68535	6.79344	6.80451	6.8029	6.77608	6.79345	6.77019	6.78916
11.3637	6.82277	6.68489	6.79073	6.79707	6.80183	6.78162	6.7929	6.77075	6.77903
11.4425	6.82389	6.68618	6.78539	6.8058	6.80441	6.77809	6.79118	6.76521	6.78676
11.522	6.81731	6.68558	6.7811	6.80749	6.81565	6.77796	6.78839	6.76098	6.76901
11.6019	6.82173	6.68287	6.77613	6.7936	6.80662	6.7951	6.77891	6.76432	6.77021
11.6825	6.82955	6.67759	6.78915	6.80776	6.79783	6.79015	6.78676	6.7708	6.77864
11.7635	6.82109	6.68407	6.79713	6.79841	6.80749	6.78874	6.78894	6.76066	6.78823
11.8452	6.82874	6.68255	6.79209	6.80555	6.81046	6.78643	6.7871	6.75606	6.77907
11.9274	6.81775	6.6762	6.78292	6.79374	6.81075	6.78495	6.80311	6.76895	6.77645
12.0102	6.83035	6.67989	6.7895	6.81144	6.79995	6.78548	6.79907	6.77408	6.77605
12.0935	6.84171	6.68988	6.77946	6.80375	6.79918	6.7966	6.78628	6.76647	6.77365
12.1775	6.83455	6.67756	6.7865	6.80611	6.80645	6.78832	6.78935	6.75674	6.77637
12.262	6.82508	6.68365	6.78908	6.80005	6.79604	6.78535	6.7878	6.75329	6.78678
12.3471	6.82373	6.67284	6.78985	6.80142	6.80997	6.78295	6.80112	6.75902	6.77068
12.4328	6.82525	6.68403	6.787	6.80064	6.81398	6.78669	6.78502	6.76832	6.78228
12.519	6.828	6.68547	6.78222	6.81832	6.79459	6.7925	6.77726	6.76957	6.77709
12.6059	6.83576	6.67274	6.77772	6.79857	6.80313	6.79363	6.77195	6.76514	6.77906
12.6934	6.82693	6.67385	6.79261	6.80736	6.80385	6.77254	6.79176	6.75195	6.79319
12.7815	6.82599	6.67835	6.79145	6.80383	6.80109	6.76926	6.78923	6.76067	6.7804
12.8702	6.8151	6.68377	6.79253	6.80568	6.80402	6.78205	6.78178	6.76296	6.78175
12.9595	6.82977	6.68455	6.78042	6.81717	6.80293	6.79767	6.7824	6.76098	6.78033
13.0494	6.82243	6.69533	6.78902	6.80608	6.80077	6.78107	6.78615	6.75661	6.78524
13.14	6.81428	6.67772	6.78559	6.8125	6.81006	6.785	6.78871	6.77004	6.79011
13.2312	6.82658	6.68588	6.79375	6.80224	6.80254	6.7748	6.79155	6.76416	6.77895
13.323	6.8216	6.68456	6.79322	6.80707	6.81013	6.79497	6.7913	6.7691	6.77372
13.4155	6.83273	6.69342	6.78611	6.80144	6.80466	6.78504	6.79644	6.77589	6.77979
13.5086	6.81781	6.69482	6.78633	6.80546	6.80395	6.77878	6.78795	6.77502	6.77871
13.6023	6.81834	6.6845	6.80147	6.79941	6.80828	6.78907	6.78695	6.77072	6.78701
13.6967	6.81301	6.6829	6.79254	6.7958	6.81065	6.78718	6.79162	6.77029	6.7806
13.7917	6.81425	6.682	6.78419	6.80542	6.80054	6.7938	6.7818	6.7736	6.76773
13.8875	6.82024	6.6851	6.79223	6.81485	6.80573	6.77059	6.7852	6.76313	6.7774
13.9838	6.82645	6.69816	6.79402	6.80774	6.80355	6.78495	6.78689	6.75777	6.78261
14.0808	6.82138	6.68195	6.79067	6.81437	6.80865	6.7968	6.78553	6.76399	6.77251
14.1786	6.83048	6.67432	6.78849	6.81036	6.81125	6.78768	6.79178	6.75928	6.75852
14.2769	6.82643	6.69092	6.77963	6.81146	6.80813	6.79831	6.78312	6.76847	6.77755
14.376	6.82736	6.68041	6.78008	6.81045	6.8111	6.78706	6.80066	6.76534	6.76594
14.4758	6.82601	6.69048	6.79662	6.79747	6.80333	6.78513	6.79538	6.76309	6.78152
14.5762	6.81977	6.68139	6.78846	6.79321	6.80627	6.78674	6.77742	6.76397	6.76798
14.6774	6.81314	6.67542	6.78893	6.80341	6.80617	6.79099	6.78668	6.77668	6.76913
14.7792	6.82474	6.68317	6.79256	6.80128	6.79608	6.77902	6.7889	6.76964	6.76419
14.8817	6.82301	6.69231	6.78645	6.8035	6.80032	6.77718	6.78617	6.75577	6.77751
15	6.81657	6.68335	6.78248	6.80328	6.80773	6.78392	6.78208	6.75998	6.77559