0.0001	0.862498	0.875086	0.895381	0.879817	0.91762	0.923648	0.891413	0.89725	0.877947
0.0002125	0.876748	0.917303	0.967488	0.852503	0.895095	0.863356	0.944464	0.918252	0.903809
0.0003125	0.913539	0.89561	0.891833	0.915942	0.894923	0.862231	0.931735	0.905337	0.90446
0.000425	0.908589	0.896449	0.906317	0.888617	0.883293	0.901468	0.910453	0.869288	0.8994
0.000525	0.933795	0.911021	0.932917	0.850596	0.912738	0.907092	0.880656	0.89889	0.905719
0.0006375	0.92205	0.977967	0.887701	0.904519	0.951552	0.910828	0.856776	0.866272	0.932631
0.0007375	0.85689	0.959811	0.899043	0.904612	0.952906	0.88737	0.877986	0.904727	0.858302
0.00085	0.902724	0.95562	0.901875	0.945482	0.934088	0.919745	0.90774	0.96308	0.907232
0.0009625	0.905096	0.953993	0.957689	0.959723	0.929646	0.920627	0.91927	0.877733	0.881667
0.001075	0.929444	0.892584	0.933919	0.940463	0.924051	0.921204	0.909946	0.872273	0.861795
0.0011875	0.887024	0.916321	1.01638	0.905978	0.880921	0.938735	0.950637	0.921609	0.853896
0.0013	0.893941	0.924763	0.953619	0.904078	0.886311	0.917439	0.923745	0.928595	0.859658
0.0014125	0.901706	0.913438	0.956332	0.890991	0.955858	0.918355	0.883498	0.906386	0.893907
0.001525	0.903945	0.945754	0.939276	0.944192	0.953755	0.956061	0.882752	0.924661	0.899434
0.0016375	0.917608	0.890753	0.902452	0.969793	0.879495	0.935037	0.920729	0.891058	0.917237
0.00175	0.904317	0.882513	0.91788	0.965216	0.901026	0.91249	0.936598	0.910964	0.931275
0.001875	0.874753	0.90997	0.843684	0.925746	0.960507	0.953946	0.901026	0.942988	0.88473
0.0019875	0.897772	0.90296	0.888245	0.933444	0.959689	0.946634	0.895941	0.996649	0.973015
0.0021	0.882785	0.864949	0.93246	0.883498	0.908453	0.926833	0.916862	0.897467	0.944736
0.002225	0.88058	0.890224	0.933804	0.890102	0.906887	0.952022	0.93713	0.893092	0.902767
0.0023375	0.897467	0.905335	0.882616	0.876884	0.904758	0.931172	0.937886	0.915167	0.905571
0.0024625	0.852596	0.934596	0.886349	0.907376	0.890987	0.909085	0.909114	0.944912	0.850825
0.0025875	0.907376	0.92123	0.88531	0.877254	0.912654	0.92895	0.925991	0.933499	0.85397
0.0027	0.921576	0.884921	0.907571	0.920627	0.931205	0.908251	0.897331	0.980713	0.892176
0.002825	0.936427	0.871334	0.88824	0.947139	0.930628	0.909145	0.903468	0.967617	0.912533
0.00295	0.965907	0.88525	0.912318	1.01056	0.882778	0.95843	0.914731	0.889675	0.870661
0.003075	0.912594	0.925045	0.901026	0.923915	0.889918	0.952053	0.923457	0.895443	0.909817
0.0032	0.901241	0.941281	0.925381	0.952725	0.912502	0.911832	0.916867	0.886256	0.935664
0.003325	0.890865	0.930996	0.894253	0.876155	0.854396	0.91763	0.88351	0.865292	0.954432
0.00345	0.878353	0.868191	0.904841	0.920741	0.869655	0.926997	0.905299	0.910792	0.966944
0.0035875	0.913346	0.844237	0.875892	0.887212	0.86682	0.928132	0.871591	0.865099	0.951271
0.0037125	0.929684	0.871608	0.871181	0.915463	0.899746	0.917325	0.963955	0.840389	0.912685
0.0038375	0.892727	0.903163	0.872492	0.893643	0.912227	0.905819	0.913815	0.928707	0.921046
0.003975	0.908546	0.910682	0.92314	0.911543	0.881745	0.905938	0.966112	0.895312	0.899725
0.0041	0.937252	0.863032	0.922787	0.934841	0.8764	0.930752	0.88937	0.915615	0.912928
0.0042375	0.896172	0.943141	0.870566	0.980456	0.925386	0.866847	0.878279	0.877473	0.928604
0.0043625	0.948665	0.912044	0.832882	0.936641	0.928828	0.921199	0.911097	0.880458	0.949306
0.0045	0.928688	0.91784	0.870177	0.953295	0.972855	0.91598	0.925665	0.914817	0.913233
0.0046375	0.89029	0.927827	0.918173	0.935595	0.92153	0.921168	0.927801	0.936205	0.936761
0.004775	0.948302	0.890734	0.91218	0.894036	0.899834	0.927467	0.864241	0.902857	0.883798
0.0049125	0.954544	0.916509	0.932848	0.933015	0.918922	0.919616	0.907325	0.819602	0.899725
0.00505	0.923888	0.89781	0.928244	0.900612	0.899279	0.909018	0.92031	0.934069	0.868456
0.0051875	0.955348	0.89817	0.928132	0.918951	0.939812	0.8924	0.883104	0.923667	0.873561
0.005325	0.979569	0.925026	0.923416	0.903275	0.939867	0.954461	0.937898	0.869705	0.900085
0.0054625	0.933931	0.931878	0.902719	0.936346	0.88305	0.95227	0.926718	0.929076	0.940618
0.0056125	0.908785	0.895407	0.902223	0.949194	0.88386	0.87908	0.911784	0.899095	0.87435
0.00575	0.935456	0.8694	0.941283	0.948524	0.865461	0.857916	0.885076	0.888819	0.873506
0.0059	0.963461	0.857031	0.880072	0.918703	0.856394	0.872213	0.835032	0.909674	0.923102
0.0060375	0.909655	0.927133	0.96811	0.928299	0.901916	0.974159	0.873007	0.890875	0.958399
0.0061875	0.855989	0.927934	0.90095	0.913768	0.82453	0.962343	0.866365	0.880911	0.908198
0.0063375	0.893092	0.871324	0.955221	0.846884	0.851512	0.902197	0.868322	0.946524	0.891668
0.0064875	0.929942	0.899729	0.916285	0.916032	0.895738	0.92061	0.914225	0.956011	0.905809
0.0066375	0.918703	0.927272	0.922541	0.937597	0.945048	0.917506	0.897135	0.957408	0.928187
0.0067875	0.934291	0.942404	0.918855	0.915651	0.936682	0.927248	0.939173	0.914836	0.910234
0.0069375	0.837881	0.906367	0.856421	0.951712	0.908045	0.959036	0.946295	0.909521	0.890753
0.0070875	0.859141	0.899222	0.860033	0.941209	0.859422	0.912065	0.892965	0.926051	0.889482
0.0072375	0.866873	0.922236	0.818987	0.902655	0.865678	0.943346	0.863516	0.930655	0.90563
0.0073875	0.881395	0.912776	0.84373	0.908022	0.902807	0.945863	0.8449	0.901842	0.867128
0.00755	0.885956	0.937931	0.876073	0.884478	0.899925	0.906286	0.842762	0.922155	0.922014
0.0077	0.867052	0.876765	0.882258	0.885844	0.893702	0.951025	0.900263	0.908045	0.906267
0.0078625	0.909643	0.861964	0.873279	0.904972	0.927906	0.929362	0.859642	0.911944	0.854406
0.008025	0.931687	0.8695	0.965702	0.841822	0.926945	0.892694	0.907671	0.894127	0.887177
0.008175	0.941591	0.916261	0.932486	0.905554	0.883555	0.937395	0.857234	0.919542	0.918803
0.0083375	0.91124	0.879783	0.915043	0.854172	0.919409	0.877928	0.87929	0.933776	0.925817
0.0085	0.890324	0.962977	0.86821	0.876002	0.938236	0.86349	0.883186	0.883233	0.952015
0.0086625	0.948307	0.895838	0.883562	0.915911	0.914244	0.867481	0.875556	0.879969	0.906145
0.008825	0.948329	0.913212	0.918541	0.953331	0.881755	0.906591	0.918986	0.933752	0.892906
0.0089875	0.937462	0.914032	0.934198	0.917506	0.912835	0.934503	0.941169	0.928001	0.920112
0.0091625	0.935032	0.932395	0.921321	0.967033	0.901856	0.926423	0.911076	0.922978	0.88444
0.009325	0.875861	0.974481	0.891778	0.962977	0.960912	0.90199	0.856425	0.905909	0.849876
0.0095	0.914652	0.913691	0.924418	0.897321	0.956373	0.903361	0.921061	0.936362	0.849867
0.0096625	0.907366	0.925018	0.904972	0.937648	0.92577	0.934269	0.936546	0.941052	0.88598
0.0098375	0.954935	0.886182	0.900767	0.913801	0.912952	0.909006	0.894749	0.990531	0.961475
0.0100125	0.91038	0.888819	0.895359	0.928471	0.933528	0.940025	0.918598	0.948569	0.863273
0.0101875	0.913126	0.947501	0.964222	0.909986	0.907871	0.902445	0.876984	0.884003	0.886008
0.0103625	0.900309	0.943317	0.98046	0.907981	0.932374	0.891871	0.909443	0.938761	0.907566
0.0105375	0.893442	0.929627	0.937779	0.914106	0.88093	0.88614	0.873453	0.932743	0.908656
0.0107125	0.88396	0.887949	0.872144	0.903513	0.946238	0.926859	0.866477	0.921213	0.928166
0.0108875	0.843982	0.901813	0.881889	0.908744	0.89159	0.877878	0.856342	0.916309	0.931415
0.0110625	0.931806	0.885703	0.90578	0.89451	0.924308	0.892939	0.895862	0.901725	0.931415
0.01125	0.958969	0.861904	0.937526	0.866706	0.900316	0.901394	0.881109	0.890591	0.916042
0.011425	0.895533	0.879774	0.92252	0.89828	0.889148	0.877375	0.848341	0.90506	0.880711
0.0116125	0.923936	0.902512	0.847764	0.889735	0.902614	0.876431	0.860052	0.903489	0.88583
0.0118	0.888495	0.895393	0.876329	0.858221	0.893135	0.882127	0.87224	0.923285	0.863084
0.0119875	0.853746	0.911343	0.869045	0.873644	0.875027	0.858059	0.894639	0.893683	0.865118
0.012175	0.904507	0.859646	0.85051	0.913946	0.878403	0.881314	0.861823	0.916469	0.893418
0.0123625	0.918727	0.850958	0.892565	0.941066	0.905482	0.887336	0.883774	0.926194	0.916369
0.01255	0.898974	0.86632	0.877692	0.887072	0.920722	0.898363	0.877509	0.927679	0.858547
0.0127375	0.872199	0.960638	0.892198	0.878608	0.86524	0.885708	0.823636	0.944972	0.906439
0.0129375	0.93574	0.891356	0.917544	0.864215	0.944285	0.868525	0.856471	0.91947	0.89025
0.013125	0.938217	0.927477	0.885851	0.937059	0.962043	0.889167	0.858628	0.95901	0.854702
0.013325	0.89252	0.86925	0.872531	0.942149	0.885405	0.951876	0.85504	0.953269	0.926852
0.0135125	0.918016	0.900702	0.9029	0.915777	0.922186	0.908575	0.879624	0.930345	0.918159
0.0137125	0.950541	0.916037	0.912451	0.937838	0.897765	0.89437	0.867381	0.918269	0.85834
0.0139125	0.899882	0.928778	0.883059	0.928912	0.880351	0.929637	0.90177	0.953498	0.865969
0.0141125	0.931201	0.895476	0.927882	0.926318	0.889125	0.926699	0.928149	0.932383	0.944495
0.0143125	0.903048	0.902095	0.89437	0.904841	0.919966	0.930056	0.88571	0.897994	0.877299
0.0145125	0.906729	0.920863	0.890612	0.896983	0.861239	0.852961	0.86555	0.890994	0.900931
0.014725	0.892698	0.87182	0.887134	0.934417	0.908818	0.908909	0.844481	0.948312	0.89663
0.014925	0.96601	0.888495	0.886626	0.88346	0.921912	0.887656	0.877318	0.870032	0.920214
0.0151375	0.899017	0.861659	0.91573	0.894692	0.865233	0.930505	0.914077	0.883705	0.906
0.01535	0.901746	0.873794	0.894942	0.957539	0.900542	0.93939	0.935979	0.867655	0.883507
0.01555	0.880122	0.907111	0.852294	0.913424	0.89149	0.900263	0.853324	0.912909	0.838217
0.0157625	0.891082	0.911367	0.855844	0.88952	0.914778	0.86543	0.850513	0.91907	0.892806
0.015975	0.908084	0.868482	0.882861	0.882089	0.914077	0.862665	0.895049	0.883741	0.910506
0.0162	0.91515	0.892348	0.879647	0.962894	0.938582	0.898127	0.897078	0.863983	0.921492
0.0164125	0.925567	0.870061	0.903523	0.955026	0.935566	0.928762	0.90451	0.899107	0.904331
0.016625	0.9146	0.920541	0.833368	0.938887	0.869093	0.97382	0.901224	0.930342	0.898838
0.01685	0.881259	0.933833	0.848164	0.915472	0.933242	0.93019	0.899586	0.972268	0.885837
0.017075	0.907149	0.943074	0.903248	0.875003	0.899095	0.961182	0.907607	0.92417	0.890753
0.0172875	0.91582	0.891046	0.930593	0.906899	0.913918	0.905714	0.883741	0.922301	0.894656
0.0175125	0.919168	0.862219	0.885973	0.849571	0.855896	0.966658	0.864644	0.942752	0.929341
0.0177375	0.930054	0.851249	0.945024	0.86461	0.890922	0.899095	0.908758	0.951636	0.932834
0.0179625	0.865373	0.87563	0.894534	0.914371	0.897789	0.903334	0.872492	0.867712	0.915727
0.0182	0.925152	0.898683	0.934212	0.93352	0.900626	0.921218	0.891776	0.913732	0.960762
0.018425	0.924272	0.927596	0.960231	0.939886	0.922899	0.920119	0.869441	0.969743	0.862
0.0186625	0.886106	0.905556	0.946002	0.870061	0.885784	0.946209	0.898168	0.905058	0.902922
0.0188875	0.913319	0.871172	0.919678	0.882277	0.895111	0.940768	0.887804	0.927307	0.891974
0.019125	0.901413	0.866704	0.889494	0.873947	0.849485	0.918665	0.883038	0.894618	0.902843
0.0193625	0.92838	0.879488	0.864792	0.94335	0.916624	0.912287	0.853243	0.91129	0.884852
0.0196	0.955944	0.844891	0.871682	0.888083	0.866301	0.891566	0.854175	0.940845	0.900721
0.0198375	0.888805	0.896899	0.889992	0.826339	0.909123	0.857596	0.926115	0.89833	0.93389
0.0200875	0.890393	0.91125	0.89442	0.89175	0.898373	0.869197	0.862147	0.909466	0.903086
0.020325	0.899791	0.907194	0.877545	0.894329	0.867457	0.862431	0.897543	0.867989	0.900609
0.020575	0.869579	0.928387	0.872798	0.862376	0.933132	0.904171	0.938687	0.859065	0.918956
0.0208125	0.943608	0.911035	0.85941	0.873	0.878605	0.951397	0.891759	0.881014	0.871794
0.0210625	0.87553	0.903468	0.91978	0.856106	0.892284	0.914058	0.859477	0.917294	0.864207
0.0213125	0.918286	0.913403	0.930843	0.896983	0.902431	0.916042	0.84692	0.915217	0.893931
0.0215625	0.894437	0.854594	0.923304	0.907345	0.863902	0.850277	0.932643	0.903103	0.891125
0.021825	0.934539	0.883617	0.879898	0.915096	0.893166	0.908932	0.904255	0.925514	0.901682
0.022075	0.929684	0.908932	0.884349	0.918514	0.875163	0.917659	0.864453	0.925991	0.899212
0.0223375	0.891988	0.867314	0.940191	0.903194	0.834849	0.917871	0.922274	0.912289	0.854437
0.0225875	0.918286	0.864849	0.916133	0.886364	0.885265	0.913646	0.89314	0.931301	0.868296
0.02285	0.87708	0.925529	0.873212	0.905749	0.86169	0.929205	0.915355	0.926966	0.916068
0.0231125	0.907016	0.869217	0.855991	0.929453	0.85371	0.952937	0.908773	0.913496	0.901622
0.023375	0.921054	0.867269	0.853362	0.896842	0.894603	0.915472	0.901189	0.878226	0.873606
0.02365	0.889084	0.897324	0.87327	0.886836	0.860896	0.925607	0.932321	0.888903	0.910475
0.0239125	0.876803	0.846808	0.860455	0.882194	0.867357	0.91104	0.89004	0.922885	0.883226
0.0241875	0.879027	0.903094	0.87001	0.910072	0.913207	0.926399	0.866515	0.92354	0.861368
0.02445	0.94089	0.904109	0.884199	0.876832	0.886349	0.873096	0.878605	0.89257	0.875988
0.024725	0.894508	0.917132	0.879457	0.868096	0.86431	0.884604	0.894994	0.914373	0.91146
0.025	0.912444	0.879569	0.880386	0.907893	0.867431	0.915398	0.863547	0.853669	0.888667
0.025275	0.908866	0.883479	0.881676	0.92859	0.852518	0.887377	0.847773	0.930769	0.872633
0.0255625	0.898585	0.860147	0.917494	0.893676	0.909519	0.927684	0.923624	0.908286	0.869965
0.0258375	0.896423	0.8924	0.916786	0.932419	0.938537	0.905065	0.89025	0.932212	0.94783
0.026125	0.899834	0.886471	0.894911	0.900259	0.86832	0.93729	0.90579	0.939095	0.829284
0.0264125	0.918302	0.890188	0.851934	0.92519	0.89369	0.925893	0.854787	0.90538	0.851111
0.0267	0.867366	0.93956	0.848949	0.862269	0.92458	0.910408	0.892853	0.915503	0.909891
0.0269875	0.891049	0.896902	0.884945	0.92515	0.899117	0.94687	0.880673	0.927193	0.911495
0.027275	0.87372	0.910222	0.899489	0.900125	0.86235	0.890732	0.848629	0.890691	0.892417
0.027575	0.910082	0.908403	0.8537	0.868868	0.828471	0.881788	0.912699	0.874922	0.914926
0.0278625	0.8889	0.888648	0.893397	0.912504	0.886671	0.875725	0.86564	0.93729	0.893225
0.0281625	0.908873	0.894975	0.883174	0.880885	0.905184	0.886938	0.855341	0.883708	0.877974
0.0284625	0.90259	0.859637	0.886137	0.865538	0.861914	0.882334	0.88592	0.887358	0.904169
0.0287625	0.938234	0.885794	0.893411	0.869417	0.892152	0.92998	0.888846	0.859804	0.885985
0.0290625	0.905389	0.892317	0.91012	0.880007	0.946905	0.924563	0.888781	0.88386	0.909724
0.029375	0.901429	0.860805	0.85104	0.942666	0.925858	0.932154	0.871231	0.883877	0.904495
0.029675	0.903113	0.896094	0.911593	0.917151	0.902044	0.868678	0.878152	0.892596	0.873103
0.0299875	0.858132	0.9199	0.93373	0.917763	0.922646	0.89225	0.90265	0.899257	0.86863
0.0303	0.883791	0.855105	0.877676	0.889847	0.855605	0.956263	0.921352	0.917177	0.868349
0.0306125	0.899112	0.894656	0.864615	0.900294	0.876541	0.916958	0.8725	0.893459	0.932142
0.030925	0.921266	0.857339	0.884547	0.884804	0.887844	0.855848	0.852944	0.897755	0.900771
0.03125	0.903375	0.904362	0.881567	0.88578	0.856707	0.938494	0.888726	0.919501	0.864019
0.0315625	0.892019	0.89745	0.856607	0.911002	0.883767	0.923171	0.916261	0.931277	0.904104
0.0318875	0.885968	0.911004	0.862505	0.901508	0.911426	0.88902	0.873704	0.868983	0.895769
0.0322125	0.889172	0.907037	0.900523	0.865967	0.886988	0.894665	0.920994	0.904889	0.881238
0.0325375	0.866999	0.900182	0.913081	0.836894	0.869066	0.887882	0.897669	0.901942	0.902085
0.032875	0.90955	0.883927	0.848617	0.875427	0.911257	0.947029	0.883655	0.875687	0.895624
0.0332	0.882518	0.88551	0.879478	0.876121	0.873596	0.874805	0.862236	0.908961	0.862634
0.0335375	0.945458	0.939073	0.902338	0.915575	0.903039	0.89844	0.883531	0.884492	0.834736
0.033875	0.871651	0.910296	0.889475	0.902688	0.912127	0.897445	0.918333	0.927534	0.907876
0.0342125	0.908036	0.879585	0.893614	0.939367	0.912997	0.920515	0.899446	0.921926	0.920219
0.03455	0.893173	0.908181	0.887861	0.901084	0.919237	0.946724	0.858483	0.887792	0.92577
0.0349	0.916242	0.902128	0.848612	0.877649	0.888679	0.904417	0.893867	0.890467	0.913877
0.03525	0.896296	0.866727	0.912656	0.883512	0.92143	0.905735	0.862848	0.944843	0.892908
0.0355875	0.860767	0.879881	0.875086	0.889611	0.841236	0.838332	0.85056	0.90044	0.855975
0.03595	0.898354	0.854451	0.856461	0.883622	0.869836	0.877928	0.857935	0.887158	0.904395
0.0363	0.912342	0.897855	0.917353	0.84567	0.909486	0.870838	0.885203	0.87389	0.88469
0.03665	0.868351	0.873365	0.893855	0.903055	0.891349	0.869453	0.897016	0.890116	0.888242
0.0370125	0.907752	0.929041	0.88438	0.880465	0.880897	0.910289	0.868227	0.889756	0.840709
0.037375	0.886085	0.886874	0.875077	0.889399	0.873541	0.915265	0.892052	0.91253	0.909772
0.0377375	0.868153	0.923664	0.924821	0.901448	0.89365	0.864639	0.842192	0.915897	0.925927
0.0381	0.881621	0.896208	0.893619	0.895083	0.886948	0.887842	0.917561	0.887222	0.92741
0.0384625	0.92761	0.874593	0.889704	0.882244	0.863344	0.870268	0.863564	0.879759	0.91716
0.0388375	0.900957	0.921902	0.901048	0.883379	0.867815	0.880968	0.871355	0.911739	0.891018
0.0392125	0.897691	0.92062	0.91592	0.895443	0.850145	0.906684	0.888505	0.87347	0.852229
0.0395875	0.888433	0.879888	0.88871	0.840115	0.907061	0.906703	0.891587	0.90713	0.904028
0.0399625	0.911708	0.886817	0.895016	0.871343	0.871162	0.887184	0.856177	0.899186	0.911097
0.04035	0.865214	0.835986	0.899315	0.878887	0.891871	0.889864	0.866711	0.910115	0.920705
0.040725	0.910639	0.905218	0.885646	0.844559	0.885372	0.89525	0.902035	0.937049	0.843613
0.0411125	0.874202	0.895505	0.882785	0.916779	0.927667	0.889904	0.892768	0.922568	0.885129
0.0415	0.92359	0.908341	0.894265	0.897247	0.920164	0.935423	0.900633	0.863905	0.903735
0.0419	0.88758	0.845923	0.92072	0.859303	0.895228	0.90508	0.884575	0.876212	0.866856
0.0422875	0.88062	0.864327	0.893113	0.885	0.858302	0.904689	0.857377	0.917685	0.860035
0.0426875	0.904774	0.89169	0.858321	0.869536	0.889029	0.880723	0.882878	0.863356	0.868277
0.0430875	0.909285	0.881581	0.901189	0.887904	0.915417	0.909981	0.89066	0.866379	0.894122
0.0434875	0.893569	0.903325	0.89396	0.871157	0.887208	0.902848	0.855326	0.883546	0.901513
0.0439	0.879814	0.884251	0.867171	0.885539	0.887351	0.923619	0.849638	0.865931	0.858295
0.0443	0.876422	0.862841	0.912432	0.849042	0.840621	0.923524	0.855193	0.904565	0.890355
0.0447125	0.884604	0.918367	0.885076	0.867061	0.881478	0.890708	0.877723	0.916047	0.869445
0.045125	0.89792	0.90111	0.89755	0.936446	0.874858	0.891909	0.867033	0.910859	0.895295
0.04555	0.874145	0.901341	0.915944	0.923268	0.898289	0.901828	0.88479	0.884144	0.875151
0.0459625	0.896358	0.932905	0.906503	0.895414	0.878629	0.916407	0.843653	0.881006	0.896921
0.0463875	0.876541	0.868635	0.874881	0.893624	0.874083	0.869333	0.906172	0.90126	0.876433
0.0468125	0.856149	0.876865	0.875849	0.914743	0.920469	0.913074	0.820326	0.878472	0.872323
0.0472375	0.888238	0.834903	0.889511	0.920927	0.87805	0.870931	0.862333	0.918441	0.903244
0.047675	0.882194	0.880651	0.879106	0.871322	0.880198	0.895126	0.849356	0.872743	0.882761
0.0481125	0.883982	0.900783	0.88473	0.890932	0.89843	0.850203	0.853979	0.886814	0.893416
0.04855	0.872821	0.872628	0.897321	0.860195	0.857117	0.919304	0.88175	0.894968	0.879273
0.0489875	0.928213	0.889814	0.926766	0.87862	0.90626	0.912406	0.893111	0.890712	0.867214
0.049425	0.924213	0.916068	0.88808	0.867319	0.877311	0.871164	0.874354	0.885899	0.887687
0.049875	0.895247	0.896856	0.909564	0.892882	0.860533	0.914209	0.88921	0.925958	0.939531
0.050325	0.898747	0.915277	0.971734	0.889346	0.865433	0.905223	0.874672	0.897832	0.90574
0.050775	0.912997	0.906901	0.931961	0.875842	0.879962	0.886268	0.863831	0.894561	0.907292
0.0512375	0.908904	0.912196	0.910761	0.872786	0.867202	0.891246	0.886371	0.892284	0.885737
0.0517	0.88299	0.880317	0.876491	0.871491	0.858791	0.888095	0.873503	0.878288	0.878091
0.0521625	0.933451	0.893719	0.895815	0.872531	0.90393	0.887344	0.849948	0.896995	0.87239
0.052625	0.913334	0.874023	0.903651	0.865562	0.906529	0.862171	0.860901	0.867524	0.86806
0.0530875	0.916509	0.852778	0.901258	0.891056	0.847036	0.874583	0.877299	0.895459	0.896754
0.0535625	0.903308	0.908022	0.900643	0.877802	0.899348	0.913274	0.888378	0.885045	0.828926
0.0540375	0.901067	0.891664	0.910005	0.878958	0.860977	0.886299	0.891566	0.890426	0.88067
0.0545125	0.917089	0.88397	0.881858	0.866823	0.887053	0.883047	0.877208	0.869925	0.870647
0.055	0.881176	0.877435	0.897929	0.866847	0.871198	0.870306	0.888147	0.842676	0.860235
0.0554875	0.86446	0.874476	0.865838	0.851392	0.861988	0.887537	0.854029	0.86735	0.835578
0.055975	0.903234	0.911457	0.876097	0.868482	0.898335	0.847833	0.852739	0.853278	0.881889
0.0564625	0.871362	0.907702	0.888624	0.857997	0.896496	0.899439	0.840046	0.847716	0.87497
0.0569625	0.897336	0.911464	0.921139	0.910878	0.861523	0.912051	0.880642	0.903377	0.862476
0.0574625	0.919628	0.912289	0.910687	0.880298	0.864169	0.908656	0.86652	0.874729	0.915935
0.0579625	0.892689	0.881061	0.88737	0.908527	0.860531	0.901279	0.846896	0.922208	0.876574
0.0584625	0.890154	0.855898	0.925708	0.886135	0.863528	0.87192	0.885424	0.865674	0.869441
0.058975	0.888686	0.884957	0.864236	0.87485	0.864689	0.896733	0.86611	0.861206	0.872876
0.0594875	0.859532	0.861489	0.87552	0.844817	0.905554	0.863342	0.834522	0.866089	0.873398
0.06	0.883484	0.89179	0.867109	0.88582	0.85205	0.895297	0.818467	0.891015	0.848546
0.060525	0.91824	0.899386	0.883777	0.850193	0.882783	0.869465	0.871417	0.852847	0.874703
0.06105	0.908119	0.910685	0.885884	0.877812	0.896094	0.923137	0.85185	0.887534	0.876605
0.061575	0.886807	0.898964	0.881068	0.908031	0.911178	0.868723	0.877208	0.870444	0.837609
0.0621125	0.91706	0.891723	0.860936	0.864896	0.882816	0.893285	0.860681	0.863795	0.903234
0.0626375	0.870409	0.889089	0.882275	0.899567	0.876178	0.896458	0.851669	0.867655	0.88582
0.063175	0.912716	0.872347	0.869629	0.873172	0.903313	0.898976	0.875003	0.873887	0.871575
0.063725	0.884478	0.892698	0.878014	0.874512	0.877175	0.870897	0.868401	0.869372	0.844764
0.0642625	0.922084	0.84115	0.887863	0.894882	0.86117	0.857885	0.860474	0.859005	0.858538
0.0648125	0.916016	0.889549	0.89283	0.863719	0.879311	0.902762	0.836136	0.848601	0.856924
0.065375	0.898091	0.889098	0.899183	0.894878	0.854206	0.88526	0.859348	0.897426	0.914273
0.065925	0.896311	0.908746	0.914719	0.865392	0.880193	0.899737	0.847878	0.905752	0.852499
0.0664875	0.893833	0.871026	0.890135	0.88155	0.90471	0.869813	0.847528	0.898823	0.890414
0.06705	0.913329	0.890991	0.883686	0.830199	0.870762	0.860169	0.824699	0.880262	0.860133
0.067625	0.876627	0.895216	0.893519	0.863604	0.835063	0.894394	0.848558	0.868938	0.868275
0.0682	0.889597	0.887832	0.885894	0.864639	0.869057	0.8835	0.846262	0.885291	0.849328
0.068775	0.893922	0.864479	0.865759	0.852146	0.875513	0.89359	0.855834	0.863955	0.881974
0.06935	0.931666	0.861354	0.892782	0.854702	0.885005	0.871546	0.858364	0.857985	0.854847
0.0699375	0.896768	0.852823	0.873036	0.869412	0.896637	0.861244	0.872855	0.893378	0.851004
0.070525	0.877516	0.857706	0.893671	0.859472	0.883658	0.881736	0.864563	0.863115	0.832221
0.0711125	0.89889	0.884938	0.88171	0.844855	0.876665	0.880341	0.866303	0.905065	0.890703
0.0717125	0.870394	0.877218	0.875628	0.885324	0.848765	0.909853	0.874896	0.903315	0.856166
0.0723125	0.89081	0.90631	0.868647	0.85459	0.882601	0.894541	0.858214	0.861849	0.871381
0.072925	0.894892	0.851719	0.881714	0.859618	0.882861	0.913603	0.838194	0.8643	0.871501
0.073525	0.899546	0.871653	0.874884	0.872893	0.873911	0.883002	0.873491	0.892081	0.875253
0.07415	0.879318	0.854365	0.882375	0.865309	0.884719	0.872292	0.853114	0.860762	0.852859
0.0747625	0.882144	0.847685	0.866749	0.868952	0.863566	0.864532	0.857594	0.868013	0.860066
0.0753875	0.895834	0.868227	0.862984	0.862491	0.846846	0.855531	0.867555	0.861337	0.838766
0.0760125	0.911555	0.883791	0.888247	0.858552	0.838148	0.87239	0.846889	0.870766	0.832436
0.0766375	0.922415	0.880825	0.895321	0.891781	0.875857	0.870981	0.860531	0.858254	0.889241
0.077275	0.902552	0.879707	0.884578	0.875291	0.885889	0.899257	0.856704	0.853688	0.877504
0.0779125	0.883357	0.866747	0.878601	0.850632	0.868296	0.885355	0.859942	0.887768	0.912943
0.0785625	0.828831	0.874366	0.902095	0.859589	0.878303	0.897071	0.882606	0.882253	0.85257
0.0792125	0.882935	0.897782	0.873222	0.853462	0.880363	0.894184	0.847222	0.869541	0.885305
0.0798625	0.885815	0.87527	0.907426	0.859112	0.871632	0.893693	0.854964	0.852751	0.869841
0.080525	0.905099	0.899398	0.881519	0.868668	0.915727	0.885913	0.890474	0.896663	0.846972
0.0811875	0.901234	0.89786	0.879244	0.861621	0.877311	0.876176	0.852229	0.894165	0.846297
0.08185	0.86766	0.874846	0.876948	0.882296	0.875697	0.887997	0.851957	0.862028	0.846908
0.082525	0.911381	0.852973	0.907731	0.87069	0.84887	0.855426	0.868871	0.904915	0.884921
0.0832	0.888641	0.874071	0.838997	0.861745	0.859675	0.901038	0.852656	0.882039	0.868013
0.083875	0.877845	0.871634	0.901096	0.865798	0.865914	0.896213	0.862825	0.867555	0.872883
0.0845625	0.899529	0.889325	0.857381	0.848481	0.860605	0.88902	0.856671	0.875516	0.873396
0.08525	0.899779	0.893681	0.870981	0.899751	0.874107	0.882573	0.899968	0.876369	0.862369
0.08595	0.886929	0.872135	0.896651	0.88906	0.888929	0.838956	0.822277	0.888857	0.881376
0.08665	0.869045	0.843339	0.907697	0.863065	0.884864	0.853486	0.843126	0.872936	0.853557
0.08735	0.900135	0.860445	0.870647	0.87562	0.807943	0.873921	0.840084	0.877523	0.832243
0.0880625	0.928156	0.859866	0.869755	0.851476	0.864753	0.872116	0.82946	0.875773	0.874407
0.088775	0.892718	0.876641	0.891733	0.85236	0.859871	0.889115	0.830607	0.8655	0.842492
0.0895	0.89844	0.886891	0.87131	0.869505	0.842855	0.882911	0.868921	0.875904	0.866284
0.0902125	0.877015	0.877037	0.864198	0.854234	0.868234	0.846257	0.881357	0.862639	0.853624
0.09095	0.876252	0.836806	0.870583	0.872926	0.856378	0.859627	0.856957	0.8585	0.867173
0.0916875	0.878315	0.89241	0.885758	0.8603	0.83765	0.837712	0.842015	0.847585	0.853192
0.092425	0.873499	0.858602	0.8696	0.89494	0.869295	0.896444	0.845947	0.855126	0.852272
0.0931625	0.879588	0.853264	0.865347	0.85567	0.872516	0.905394	0.855929	0.858819	0.86425
0.0939125	0.888145	0.854072	0.884339	0.838344	0.863058	0.831051	0.856497	0.861446	0.839545
0.094675	0.894653	0.867054	0.8779	0.853619	0.849232	0.895509	0.851004	0.870821	0.855491
0.095425	0.890281	0.86493	0.875897	0.860738	0.89611	0.868618	0.84285	0.847098	0.849909
0.0962	0.913996	0.878219	0.88942	0.841913	0.868442	0.855693	0.848419	0.879867	0.842728
0.0969625	0.903644	0.885634	0.892498	0.877585	0.870344	0.887794	0.845065	0.874688	0.863506
0.0977375	0.909195	0.865504	0.84609	0.850296	0.854241	0.858643	0.848262	0.891094	0.891347
0.098525	0.861418	0.861849	0.848431	0.868883	0.859995	0.845785	0.84397	0.851869	0.838732
0.0993125	0.861094	0.841939	0.883081	0.862691	0.857024	0.845079	0.841648	0.856249	0.831554
0.1001	0.880892	0.865173	0.864446	0.836219	0.853264	0.862629	0.878319	0.838859	0.879216
0.1009	0.900826	0.86564	0.877885	0.887255	0.874614	0.869045	0.874147	0.866794	0.853643
0.1017	0.89035	0.896892	0.897479	0.86574	0.843196	0.860176	0.84558	0.879669	0.881729
0.102513	0.879833	0.89168	0.877628	0.84294	0.856626	0.868961	0.843362	0.862429	0.829532
0.103325	0.873167	0.866229	0.888633	0.875561	0.864045	0.863857	0.870208	0.849285	0.82411
0.10415	0.868849	0.881648	0.877201	0.862391	0.847163	0.850045	0.866913	0.872254	0.853648
0.104975	0.899968	0.82926	0.895354	0.884325	0.844867	0.862867	0.846192	0.810072	0.850215
0.105812	0.894482	0.866015	0.879297	0.864255	0.853316	0.885386	0.859716	0.86878	0.834171
0.10665	0.856285	0.864753	0.855183	0.859022	0.846784	0.87501	0.860562	0.862522	0.822065
0.107487	0.857861	0.87341	0.87332	0.864138	0.892341	0.874695	0.895643	0.871844	0.855579
0.108337	0.880274	0.858836	0.867517	0.865156	0.846688	0.864694	0.88325	0.855081	0.867912
0.109187	0.889911	0.877027	0.85036	0.871882	0.858571	0.875716	0.849328	0.896864	0.832395
0.11005	0.893686	0.872495	0.886325	0.833985	0.894859	0.874707	0.85155	0.881307	0.878648
0.110925	0.895774	0.845294	0.856368	0.837912	0.839643	0.886492	0.849602	0.861411	0.854663
0.111787	0.901687	0.869763	0.869255	0.846564	0.866458	0.856959	0.843384	0.855848	0.863053
0.112675	0.895316	0.880189	0.882971	0.858521	0.873458	0.893807	0.843994	0.851431	0.856773
0.11355	0.878379	0.868349	0.87316	0.887696	0.86734	0.892892	0.852503	0.888092	0.890498
0.11445	0.888321	0.818295	0.876338	0.851779	0.836329	0.883586	0.862267	0.853407	0.881636
0.11535	0.86848	0.851931	0.830001	0.862198	0.870964	0.842337	0.83642	0.889897	0.862846
0.11625	0.874934	0.879969	0.89211	0.863199	0.88108	0.85231	0.846834	0.839724	0.864644
0.117163	0.874579	0.857329	0.834024	0.861268	0.873615	0.869951	0.842824	0.846719	0.879001
0.118075	0.90599	0.882358	0.87826	0.855138	0.851555	0.843253	0.836117	0.85572	0.860288
0.119	0.881831	0.846262	0.840191	0.854575	0.832181	0.858781	0.865194	0.847835	0.863309
0.119925	0.878284	0.8708	0.857849	0.83349	0.859358	0.868761	0.855338	0.833118	0.849437
0.120862	0.892815	0.883999	0.871591	0.8673	0.871141	0.879213	0.849163	0.86406	0.8744
0.1218	0.888459	0.86761	0.869777	0.857391	0.850937	0.8464	0.845499	0.868261	0.833015
0.12275	0.893647	0.856299	0.848	0.841474	0.844783	0.860664	0.855963	0.863218	0.862286
0.1237	0.893261	0.843863	0.87434	0.869445	0.86188	0.860476	0.860376	0.84496	0.855131
0.124663	0.896866	0.848348	0.847294	0.872519	0.886185	0.858457	0.879089	0.858197	0.855379
0.125638	0.909724	0.864691	0.86662	0.838878	0.848033	0.872545	0.842523	0.868725	0.853867
0.126612	0.869281	0.85531	0.873017	0.848517	0.835027	0.874426	0.841851	0.872581	0.834729
0.127587	0.876243	0.855803	0.896244	0.838627	0.848078	0.867753	0.830183	0.861911	0.848267
0.128575	0.8691	0.8603	0.874161	0.84747	0.884208	0.867705	0.85313	0.868389	0.864377
0.129575	0.870547	0.863151	0.877337	0.847392	0.848858	0.852542	0.864176	0.840904	0.856127
0.130575	0.892708	0.848667	0.893416	0.834102	0.867374	0.86364	0.834624	0.843436	0.874653
0.131588	0.885005	0.872602	0.862631	0.857234	0.850703	0.84675	0.859379	0.852658	0.830483
0.1326	0.870931	0.863275	0.842042	0.83997	0.891545	0.85972	0.853266	0.835957	0.854766
0.133625	0.87121	0.879895	0.870204	0.85725	0.850672	0.865204	0.860269	0.853717	0.833821
0.13465	0.870778	0.828206	0.867493	0.842044	0.841069	0.858359	0.846605	0.867369	0.841965
0.135688	0.874955	0.873429	0.879607	0.859406	0.877499	0.834136	0.860483	0.854659	0.834331
0.136737	0.886404	0.850787	0.868404	0.850818	0.848908	0.887494	0.848498	0.874614	0.84692
0.137788	0.862643	0.858905	0.851817	0.828504	0.842082	0.85406	0.870626	0.865969	0.850372
0.13885	0.86817	0.843944	0.845561	0.845141	0.850689	0.827081	0.842578	0.856106	0.844018
0.139913	0.892896	0.856533	0.87835	0.830044	0.848989	0.850732	0.822444	0.855033	0.846078
0.140988	0.884609	0.866272	0.894637	0.822253	0.852065	0.856301	0.849566	0.87068	0.860159
0.142075	0.87063	0.844326	0.863196	0.851442	0.848355	0.846927	0.832724	0.849249	0.858054
0.143163	0.865698	0.859758	0.829782	0.855374	0.856292	0.88648	0.835435	0.887417	0.842728
0.14425	0.876445	0.859089	0.894985	0.837352	0.874793	0.861003	0.844438	0.85597	0.848713
0.145362	0.855295	0.85566	0.867383	0.837688	0.84629	0.855999	0.860562	0.837686	0.834455
0.146475	0.866508	0.847666	0.857637	0.865969	0.853486	0.842375	0.828697	0.845112	0.866172
0.147587	0.87007	0.845534	0.87718	0.830752	0.858035	0.860295	0.86394	0.831308	0.845918
0.148713	0.864932	0.848913	0.858695	0.84496	0.857007	0.848252	0.838222	0.867149	0.87069
0.14985	0.871107	0.840177	0.852186	0.842242	0.836205	0.855298	0.839469	0.855088	0.8573
0.150988	0.8765	0.845661	0.85541	0.842709	0.841517	0.863275	0.844252	0.861134	0.838551
0.15215	0.875923	0.846815	0.866789	0.854334	0.845091	0.864715	0.83955	0.870497	0.83904
0.1533	0.857756	0.852062	0.864615	0.840745	0.863378	0.869321	0.833833	0.862536	0.8588
0.154475	0.842869	0.85941	0.856082	0.835135	0.84836	0.854051	0.833945	0.830614	0.814283
0.15565	0.859313	0.846326	0.839123	0.843212	0.862622	0.857947	0.814709	0.847573	0.85633
0.156825	0.882141	0.890295	0.878691	0.874605	0.818925	0.841035	0.849177	0.832877	0.864071
0.158012	0.867974	0.870595	0.856654	0.856433	0.853738	0.827677	0.829937	0.849886	0.866606
0.159212	0.861935	0.835366	0.831732	0.845151	0.838236	0.841126	0.848839	0.854523	0.835604
0.160425	0.872483	0.873804	0.877945	0.852055	0.865132	0.868082	0.872268	0.845296	0.837316
0.161637	0.845115	0.846111	0.843176	0.827951	0.842988	0.851457	0.838785	0.887043	0.850525
0.162862	0.870478	0.849597	0.842094	0.836904	0.854075	0.847444	0.817706	0.858118	0.828085
0.1641	0.878942	0.843067	0.862467	0.847721	0.848372	0.85649	0.842797	0.850331	0.846491
0.165338	0.855033	0.846173	0.86684	0.844776	0.837717	0.832631	0.844679	0.854373	0.859685
0.166588	0.880141	0.846164	0.876748	0.835499	0.82313	0.846552	0.821023	0.839293	0.822551
0.16785	0.88583	0.846109	0.89091	0.843105	0.854113	0.836472	0.83863	0.845277	0.834822
0.169113	0.859143	0.855209	0.869724	0.873401	0.85139	0.856006	0.837259	0.853698	0.848722
0.170388	0.879292	0.849764	0.858285	0.842039	0.843343	0.843417	0.832331	0.846147	0.844466
0.171675	0.897376	0.850327	0.852644	0.823407	0.858101	0.846235	0.860836	0.856981	0.83724
0.172975	0.865852	0.858338	0.85555	0.822787	0.843994	0.848758	0.841219	0.863282	0.833346
0.174275	0.854087	0.837428	0.876164	0.827655	0.843086	0.857651	0.825145	0.844841	0.846851
0.175588	0.868992	0.846831	0.858762	0.823137	0.843026	0.839848	0.838594	0.85041	0.828862
0.176913	0.85586	0.836434	0.860414	0.830285	0.849063	0.875065	0.841372	0.840096	0.837319
0.178237	0.865533	0.849292	0.853054	0.821619	0.828015	0.84615	0.823476	0.852902	0.815646
0.179575	0.848164	0.847561	0.849023	0.828395	0.860304	0.845911	0.833666	0.853586	0.849349
0.180925	0.882806	0.851626	0.86091	0.85066	0.840029	0.857317	0.830738	0.843727	0.846161
0.182287	0.856113	0.873854	0.845554	0.83349	0.856509	0.835588	0.83915	0.841629	0.837016
0.18365	0.870986	0.839975	0.853669	0.823991	0.841527	0.850653	0.84121	0.843722	0.826368
0.185025	0.851309	0.853619	0.861497	0.860271	0.837714	0.851726	0.840268	0.864265	0.844066
0.186412	0.862033	0.835173	0.844764	0.830936	0.835158	0.847404	0.835931	0.856299	0.820591
0.187813	0.868542	0.851035	0.85392	0.842876	0.855896	0.844459	0.847444	0.838427	0.843684
0.189213	0.845172	0.859775	0.852322	0.838146	0.863094	0.839691	0.834489	0.846409	0.835707
0.190637	0.839669	0.844795	0.852499	0.844071	0.836568	0.837402	0.859558	0.829537	0.839853
0.192062	0.873284	0.841395	0.872728	0.853059	0.874569	0.858197	0.839865	0.843832	0.825379
0.193487	0.886247	0.856139	0.849046	0.849993	0.845821	0.857134	0.834624	0.849421	0.827157
0.194937	0.850055	0.848474	0.875964	0.844171	0.840625	0.827648	0.820951	0.83898	0.821354
0.196387	0.855701	0.859484	0.846276	0.854025	0.831225	0.846736	0.819678	0.833037	0.83251
0.197863	0.855999	0.850672	0.857095	0.822076	0.843196	0.83075	0.833788	0.840501	0.822839
0.199337	0.858492	0.834074	0.83652	0.838956	0.848367	0.850649	0.833234	0.852952	0.835099
0.200825	0.858361	0.849998	0.859141	0.862767	0.846719	0.849855	0.837528	0.854454	0.862233
0.202312	0.856251	0.825903	0.869164	0.842652	0.826869	0.852515	0.830655	0.843744	0.817155
0.203825	0.858094	0.845058	0.881934	0.845818	0.858578	0.849282	0.82618	0.828912	0.841851
0.205337	0.843594	0.842969	0.84177	0.867192	0.838649	0.816126	0.836334	0.845418	0.840687
0.206862	0.852463	0.858235	0.848622	0.819277	0.842466	0.827293	0.842278	0.832076	0.847191
0.2084	0.852577	0.850749	0.834303	0.835466	0.839185	0.844442	0.815355	0.855059	0.839946
0.20995	0.863261	0.82822	0.84326	0.827443	0.824196	0.854942	0.833711	0.831496	0.830011
0.211513	0.874595	0.844619	0.859322	0.835273	0.838596	0.84974	0.843522	0.854604	0.824303
0.213087	0.842397	0.837152	0.857639	0.848159	0.82638	0.83733	0.84063	0.83796	0.854711
0.214663	0.860831	0.829951	0.857887	0.840044	0.841553	0.831604	0.830953	0.807075	0.824749
0.21625	0.852458	0.854182	0.856297	0.853667	0.835704	0.842843	0.833969	0.848105	0.846574
0.217863	0.83064	0.854919	0.844168	0.837483	0.828976	0.838208	0.836181	0.83626	0.825994
0.219475	0.859022	0.838372	0.863795	0.822465	0.831706	0.842416	0.843362	0.845415	0.825615
0.2211	0.843238	0.837297	0.850014	0.836961	0.838148	0.831208	0.827331	0.852947	0.836713
0.222738	0.874996	0.829363	0.854985	0.833261	0.835304	0.844404	0.824844	0.834331	0.824453
0.224387	0.846073	0.85838	0.857346	0.841179	0.846548	0.83914	0.813894	0.865645	0.852697
0.226038	0.854563	0.831549	0.866341	0.815155	0.83838	0.837826	0.817475	0.847866	0.82484
0.227712	0.865929	0.83488	0.863158	0.836539	0.829155	0.849359	0.836293	0.834837	0.847256
0.2294	0.841422	0.828333	0.848527	0.840122	0.829105	0.855341	0.833048	0.852179	0.828714
0.231088	0.857162	0.83646	0.845728	0.82103	0.823655	0.845215	0.819339	0.830698	0.807004
0.2328	0.857739	0.828247	0.843384	0.845439	0.823209	0.869257	0.827808	0.839355	0.842757
0.234512	0.854029	0.82401	0.840628	0.831306	0.80971	0.85042	0.839753	0.826888	0.821583
0.236237	0.861768	0.837223	0.847752	0.826339	0.838921	0.843565	0.825731	0.834987	0.852289
0.237988	0.842414	0.835118	0.842478	0.82242	0.839309	0.846579	0.825376	0.828068	0.844164
0.239737	0.839612	0.859105	0.860541	0.838875	0.831625	0.823919	0.831403	0.831728	0.835232
0.2415	0.865974	0.824804	0.838871	0.815143	0.821306	0.843467	0.822253	0.824813	0.821919
0.243275	0.851586	0.851807	0.840289	0.83811	0.835261	0.841148	0.835688	0.832297	0.824892
0.245075	0.856318	0.833256	0.843253	0.813284	0.819111	0.833857	0.82407	0.828671	0.840673
0.246875	0.84373	0.848097	0.827672	0.824675	0.84191	0.829351	0.813532	0.81933	0.823519
0.248688	0.847551	0.828738	0.833897	0.836367	0.831427	0.839185	0.826888	0.834732	0.825235
0.250513	0.843644	0.843629	0.838742	0.812358	0.830955	0.833611	0.83374	0.84016	0.850224
0.252362	0.863142	0.825295	0.844874	0.821175	0.831205	0.83838	0.829889	0.84253	0.84625
0.254212	0.848245	0.823588	0.862107	0.829036	0.817012	0.840733	0.821716	0.837626	0.80822
0.256075	0.846488	0.838661	0.84135	0.821039	0.834975	0.847997	0.833621	0.830803	0.828385
0.25795	0.84259	0.847246	0.832502	0.844614	0.830297	0.839948	0.819022	0.832131	0.829312
0.25985	0.851805	0.853343	0.848417	0.821395	0.842168	0.846092	0.841632	0.827634	0.835814
0.26175	0.86184	0.830748	0.850212	0.824427	0.829911	0.827837	0.813746	0.827725	0.816798
0.263675	0.848186	0.841515	0.840654	0.82499	0.837023	0.825579	0.822534	0.836424	0.842809
0.2656	0.847966	0.834124	0.842313	0.83821	0.83589	0.813195	0.807397	0.8308	0.813841
0.26755	0.830941	0.831718	0.844264	0.815785	0.834176	0.835054	0.831515	0.836768	0.828905
0.2695	0.861857	0.817637	0.819671	0.820372	0.823273	0.825133	0.813765	0.833616	0.835924
0.271475	0.842118	0.833199	0.851118	0.840358	0.827052	0.827396	0.815293	0.83657	0.822112
0.273463	0.850899	0.817206	0.838484	0.82792	0.826475	0.821416	0.830278	0.839293	0.824093
0.275463	0.864458	0.846939	0.870049	0.833261	0.831411	0.827083	0.829806	0.83405	0.832665
0.277475	0.840556	0.839305	0.856895	0.841198	0.825574	0.830845	0.800294	0.830142	0.82962
0.2795	0.866131	0.849721	0.845754	0.819103	0.829739	0.822158	0.817604	0.836017	0.825853
0.28155	0.849163	0.828435	0.824704	0.817818	0.823555	0.826008	0.81927	0.831363	0.823893
0.2836	0.847282	0.840363	0.84119	0.83497	0.838148	0.840976	0.820455	0.842514	0.816004
0.285675	0.851938	0.832755	0.830209	0.831267	0.805938	0.826985	0.828371	0.830741	0.80949
0.28775	0.861728	0.846753	0.844843	0.827977	0.812723	0.839138	0.821185	0.828476	0.811486
0.28985	0.849774	0.832543	0.847261	0.807809	0.828433	0.834572	0.80997	0.817403	0.814221
0.291963	0.856568	0.83843	0.843279	0.834059	0.827212	0.822408	0.807201	0.843546	0.826909
0.2941	0.845639	0.83122	0.839252	0.826494	0.825512	0.826923	0.817821	0.829992	0.829568
0.296237	0.848455	0.837361	0.827992	0.819857	0.821576	0.83188	0.811748	0.83754	0.806281
0.2984	0.850949	0.822971	0.838329	0.814399	0.826716	0.818915	0.82179	0.830919	0.820737
0.300563	0.848715	0.82385	0.854351	0.81593	0.821886	0.826449	0.80744	0.82767	0.826416
0.30275	0.852446	0.827825	0.845737	0.829463	0.822901	0.843203	0.829002	0.83522	0.820109
0.304962	0.85334	0.817363	0.831415	0.824637	0.832905	0.838859	0.82571	0.826647	0.809075
0.307175	0.856211	0.835206	0.843153	0.835428	0.832641	0.826172	0.819173	0.816991	0.834636
0.309413	0.842502	0.844242	0.846631	0.822093	0.829286	0.833284	0.82292	0.825052	0.815649
0.311662	0.840368	0.857002	0.820024	0.822956	0.834586	0.816621	0.828514	0.840697	0.826153
0.313925	0.835335	0.823121	0.841248	0.830896	0.828931	0.831542	0.819034	0.813853	0.806686
0.3162	0.832381	0.854461	0.825305	0.841739	0.820891	0.823784	0.803954	0.835254	0.825615
0.3185	0.845592	0.832057	0.838015	0.810635	0.824382	0.836422	0.82076	0.832913	0.821025
0.320812	0.830211	0.80976	0.843644	0.822501	0.809965	0.842793	0.812399	0.840091	0.818293
0.323137	0.853855	0.83656	0.841224	0.830733	0.838015	0.835352	0.826358	0.813148	0.823261
0.325475	0.842011	0.817403	0.846758	0.81985	0.815999	0.82406	0.826528	0.801217	0.805525
0.327837	0.831763	0.835535	0.832207	0.822787	0.836651	0.810125	0.809745	0.818789	0.816662
0.330213	0.838446	0.828259	0.841298	0.824358	0.82823	0.812518	0.81557	0.833702	0.82376
0.332613	0.855887	0.830559	0.835216	0.824978	0.818698	0.830104	0.815243	0.827925	0.818779
0.335012	0.83693	0.833139	0.817546	0.820481	0.83143	0.824012	0.8184	0.806238	0.835476
0.33745	0.833325	0.830299	0.835931	0.831239	0.811376	0.827922	0.806279	0.832781	0.832145
0.339887	0.842464	0.828786	0.843029	0.833892	0.835616	0.823948	0.814256	0.830431	0.811069
0.34235	0.86266	0.827126	0.831709	0.834159	0.821206	0.831728	0.819049	0.832166	0.828204
0.344825	0.855274	0.829525	0.841195	0.826892	0.820784	0.83173	0.80007	0.82359	0.807619
0.347325	0.847337	0.842361	0.820095	0.817487	0.820512	0.817525	0.814023	0.826335	0.829875
0.349825	0.831189	0.829894	0.82556	0.812127	0.824842	0.838775	0.8117	0.818214	0.821199
0.352363	0.830776	0.820062	0.817799	0.819342	0.8286	0.84028	0.808107	0.819971	0.829973
0.3549	0.839505	0.83446	0.836472	0.817253	0.8339	0.81824	0.810792	0.823052	0.809276
0.357475	0.840428	0.828893	0.836424	0.826933	0.817504	0.824704	0.814902	0.85103	0.802252
0.36005	0.837342	0.826678	0.834691	0.832801	0.827024	0.809648	0.795829	0.814144	0.826192
0.36265	0.866844	0.835216	0.853467	0.826411	0.824787	0.823826	0.81475	0.845036	0.812227
0.365275	0.844319	0.824959	0.830946	0.817194	0.811908	0.816116	0.801627	0.827624	0.826401
0.3679	0.83435	0.830888	0.822107	0.809519	0.825739	0.820405	0.805316	0.827744	0.81444
0.370562	0.842821	0.840518	0.841484	0.812196	0.823266	0.823693	0.813579	0.835669	0.816397
0.373237	0.836162	0.806005	0.832643	0.824144	0.820238	0.82112	0.815968	0.827086	0.81212
0.375925	0.820343	0.830564	0.82855	0.812368	0.816428	0.829017	0.821902	0.814042	0.811677
0.378637	0.841968	0.823612	0.832085	0.825565	0.820737	0.821676	0.811939	0.820071	0.805096
0.381362	0.847122	0.822289	0.829181	0.819308	0.807907	0.821342	0.809445	0.827284	0.812807
0.384113	0.845241	0.827925	0.834334	0.813546	0.815382	0.837004	0.813203	0.824182	0.813505
0.386875	0.841119	0.826087	0.833788	0.823846	0.812506	0.821774	0.81326	0.831611	0.80748
0.389663	0.847804	0.812661	0.838711	0.817365	0.818207	0.827539	0.815537	0.835378	0.806093
0.392462	0.842204	0.82865	0.823373	0.821061	0.819873	0.829701	0.798809	0.821364	0.815718
0.395288	0.838685	0.824842	0.833006	0.813257	0.811259	0.815627	0.815997	0.82467	0.830598
0.398138	0.831656	0.831558	0.826306	0.827512	0.822253	0.825219	0.813243	0.826878	0.810775
0.401	0.844366	0.814757	0.827655	0.825779	0.808196	0.825863	0.812261	0.821702	0.816769
0.403888	0.830035	0.810392	0.823621	0.824628	0.815489	0.816342	0.809362	0.832176	0.819974
0.406788	0.839207	0.817136	0.833087	0.813229	0.809726	0.817792	0.813052	0.836122	0.827922
0.409712	0.827591	0.814304	0.830226	0.815463	0.803582	0.820903	0.811338	0.842452	0.809116
0.41265	0.821356	0.829479	0.832815	0.805714	0.816154	0.819711	0.806725	0.827372	0.818317
0.415612	0.841255	0.822518	0.828399	0.834362	0.810895	0.832684	0.794184	0.828967	0.829188
0.4186	0.830187	0.826506	0.834701	0.818176	0.806527	0.824568	0.806579	0.819447	0.814311
0.421613	0.850882	0.815756	0.817322	0.821979	0.823142	0.823445	0.809061	0.817885	0.818989
0.424637	0.847554	0.818061	0.840912	0.817098	0.817885	0.827286	0.810887	0.806033	0.820911
0.427687	0.828867	0.816807	0.829141	0.800511	0.812471	0.838792	0.815301	0.821204	0.804591
0.43075	0.83697	0.811054	0.827741	0.814001	0.811903	0.824024	0.813136	0.829312	0.809564
0.433838	0.82848	0.817504	0.84208	0.809636	0.816786	0.818679	0.795943	0.816648	0.810883
0.43695	0.829651	0.831849	0.843374	0.817639	0.818994	0.829434	0.81232	0.815787	0.809917
0.440087	0.819847	0.819409	0.815503	0.816018	0.816998	0.813605	0.810127	0.819592	0.799536
0.443238	0.819804	0.819621	0.821674	0.81135	0.831973	0.810358	0.810065	0.818503	0.806076
0.446413	0.83059	0.814802	0.81866	0.827415	0.813791	0.822496	0.80461	0.809235	0.812001
0.449612	0.826823	0.813908	0.83908	0.813119	0.802018	0.832102	0.801601	0.82483	0.816655
0.452837	0.830738	0.82951	0.832901	0.805945	0.818278	0.826525	0.785341	0.8292	0.812826
0.456075	0.835359	0.808243	0.820117	0.805852	0.81434	0.826409	0.801546	0.833783	0.819301
0.459338	0.824229	0.8184	0.825781	0.816807	0.817942	0.81846	0.802497	0.825157	0.813048
0.462625	0.82891	0.819912	0.812146	0.818317	0.807819	0.835759	0.804779	0.826676	0.805821
0.465937	0.846045	0.820865	0.819857	0.805051	0.810034	0.811336	0.795884	0.825903	0.823416
0.469275	0.817539	0.837807	0.824678	0.839204	0.82436	0.803291	0.808503	0.82401	0.800097
0.472625	0.817682	0.828004	0.817604	0.825493	0.805685	0.820868	0.809335	0.812969	0.808084
0.476012	0.83353	0.832426	0.828616	0.816545	0.808742	0.823729	0.814006	0.817868	0.806756
0.479412	0.8291	0.837128	0.826325	0.809419	0.813739	0.813489	0.810306	0.813005	0.823052
0.482837	0.825953	0.819173	0.830176	0.828938	0.814442	0.817747	0.816142	0.809977	0.796165
0.486288	0.828461	0.814354	0.840299	0.810108	0.811832	0.817029	0.795328	0.817303	0.809035
0.489763	0.820493	0.834651	0.817909	0.81978	0.810558	0.817842	0.801296	0.82581	0.814206
0.493262	0.83286	0.817084	0.826583	0.821402	0.822026	0.811059	0.808639	0.822131	0.808022
0.496787	0.830779	0.828557	0.812039	0.81237	0.815801	0.818829	0.809416	0.818951	0.802321
0.500337	0.837748	0.826673	0.819733	0.815594	0.811021	0.813121	0.798847	0.823269	0.804014
0.503913	0.84193	0.812447	0.82138	0.818932	0.821943	0.819025	0.812387	0.814099	0.807917
0.5075	0.832085	0.82417	0.813019	0.806179	0.822897	0.818956	0.803482	0.814685	0.7989
0.511125	0.826602	0.821671	0.830869	0.816927	0.806484	0.813636	0.813522	0.825739	0.815014
0.514775	0.82643	0.820584	0.82376	0.818827	0.815849	0.819862	0.806248	0.824875	0.80501
0.51845	0.819928	0.823993	0.835456	0.815022	0.817146	0.813028	0.805587	0.80343	0.828483
0.52215	0.833871	0.828609	0.810935	0.826451	0.828771	0.817825	0.807967	0.815365	0.810358
0.525863	0.822217	0.818162	0.827689	0.81495	0.816159	0.821478	0.797646	0.826215	0.813074
0.529612	0.835518	0.826859	0.825724	0.809073	0.816772	0.823595	0.797424	0.808308	0.807631
0.533387	0.81984	0.829203	0.828178	0.810926	0.81227	0.82745	0.803871	0.814669	0.812032
0.537188	0.827205	0.826184	0.81599	0.797569	0.813281	0.81877	0.80342	0.833678	0.817361
0.541025	0.833008	0.819864	0.824465	0.813832	0.808253	0.829382	0.811481	0.822484	0.81599
0.544875	0.830598	0.822665	0.824754	0.812745	0.80882	0.813577	0.794403	0.818371	0.806672
0.54875	0.831048	0.83961	0.815119	0.820238	0.807092	0.832383	0.80111	0.817489	0.807991
0.552662	0.837721	0.822851	0.823941	0.828066	0.811059	0.824024	0.80702	0.816729	0.81453
0.5566	0.818534	0.815684	0.83174	0.802948	0.799386	0.822622	0.790155	0.818894	0.809583
0.560562	0.828719	0.821583	0.828764	0.813732	0.801985	0.820627	0.81105	0.812175	0.820534
0.56455	0.82525	0.823454	0.824687	0.813779	0.820169	0.813572	0.807273	0.821812	0.807006
0.568563	0.82153	0.81712	0.831701	0.815436	0.820779	0.815649	0.799634	0.810825	0.814805
0.572613	0.815963	0.819108	0.83024	0.804917	0.815658	0.809838	0.803752	0.813536	0.810966
0.576688	0.830791	0.835964	0.821879	0.82066	0.814945	0.817408	0.816521	0.825522	0.807395
0.580787	0.827775	0.814485	0.831389	0.826542	0.803117	0.806565	0.812769	0.829584	0.819966
0.584912	0.840544	0.82124	0.825183	0.815811	0.811455	0.833723	0.804572	0.823836	0.798914
0.589075	0.830381	0.819745	0.827279	0.810167	0.803833	0.818901	0.797791	0.813996	0.811627
0.593262	0.831353	0.838196	0.831079	0.810101	0.828881	0.818348	0.809016	0.818019	0.798685
0.597475	0.824446	0.824761	0.83915	0.808103	0.810358	0.819392	0.800778	0.805854	0.815589
0.601725	0.843217	0.82395	0.836732	0.803103	0.813374	0.80676	0.822212	0.812933	0.808577
0.606	0.830652	0.823087	0.829727	0.811381	0.817728	0.807736	0.805678	0.808136	0.817341
0.6103	0.821628	0.825197	0.821807	0.814552	0.81547	0.823249	0.800199	0.819175	0.813388
0.614637	0.830569	0.808565	0.837505	0.819656	0.811419	0.810477	0.80348	0.804724	0.827841
0.619	0.828108	0.819728	0.818231	0.810103	0.816507	0.807552	0.804078	0.828836	0.805254
0.6234	0.820779	0.823278	0.820205	0.804312	0.804786	0.818658	0.795848	0.814638	0.8113
0.627825	0.842731	0.827419	0.819876	0.811977	0.808463	0.811541	0.811176	0.811405	0.801861
0.632275	0.83497	0.824089	0.814077	0.808382	0.816388	0.814983	0.811503	0.811476	0.810003
0.636762	0.820853	0.819723	0.834798	0.814495	0.809958	0.819063	0.804505	0.81521	0.809965
0.641288	0.828933	0.822312	0.827143	0.809741	0.81661	0.809841	0.785024	0.808093	0.807604
0.645837	0.839908	0.816524	0.825104	0.80728	0.809331	0.824103	0.800018	0.815172	0.81295
0.650412	0.829496	0.822651	0.830812	0.816066	0.809719	0.814385	0.795865	0.82009	0.813391
0.655025	0.828819	0.820558	0.828514	0.807013	0.806982	0.819502	0.797834	0.831563	0.802033
0.659675	0.832228	0.811677	0.813837	0.818166	0.81438	0.81901	0.799739	0.814037	0.81515
0.66435	0.822942	0.810339	0.819151	0.812654	0.811348	0.821139	0.806443	0.816195	0.812606
0.66905	0.8186	0.821685	0.824377	0.801882	0.810492	0.818283	0.798859	0.820384	0.811534
0.6738	0.83311	0.820343	0.823428	0.800979	0.818407	0.813048	0.81321	0.814194	0.808429
0.678575	0.814626	0.81794	0.809552	0.81649	0.814256	0.815053	0.801282	0.825948	0.808873
0.683375	0.815508	0.811865	0.822172	0.815568	0.818619	0.816126	0.803115	0.813508	0.807714
0.688225	0.82242	0.815947	0.817663	0.810706	0.811972	0.806539	0.80549	0.811066	0.807459
0.6931	0.819401	0.835189	0.826344	0.805943	0.817144	0.823261	0.801961	0.810177	0.801582
0.698	0.831446	0.822603	0.824508	0.814118	0.812196	0.815107	0.802795	0.810988	0.801341
0.70295	0.822785	0.821368	0.826604	0.805125	0.808689	0.814027	0.813284	0.80934	0.807309
0.707925	0.819585	0.813219	0.828876	0.807767	0.813918	0.813474	0.804154	0.811736	0.801787
0.712937	0.837669	0.817046	0.821972	0.799651	0.819091	0.815906	0.805294	0.813055	0.81906
0.717975	0.829115	0.821986	0.827682	0.808763	0.807807	0.810122	0.812349	0.813121	0.808494
0.723063	0.831205	0.819454	0.817093	0.813663	0.815873	0.814001	0.799865	0.814511	0.811092
0.728175	0.83034	0.820653	0.815403	0.815196	0.810012	0.820317	0.806078	0.819614	0.80971
0.733325	0.817964	0.82288	0.821814	0.809657	0.820891	0.823378	0.805211	0.813911	0.81249
0.738513	0.833573	0.815735	0.834853	0.796127	0.811288	0.809133	0.813734	0.814588	0.800979
0.743738	0.834303	0.822827	0.828712	0.805046	0.815374	0.816438	0.809919	0.814407	0.805914
0.749	0.823998	0.818014	0.816083	0.814216	0.814223	0.810609	0.810053	0.814032	0.812344
0.754287	0.824487	0.820367	0.824639	0.804479	0.824906	0.802364	0.808615	0.815706	0.810392
0.759625	0.814151	0.813582	0.812943	0.799427	0.812416	0.822158	0.803175	0.820863	0.810017
0.765	0.822143	0.821769	0.828368	0.81311	0.808949	0.820856	0.814101	0.813708	0.817203
0.7704	0.822546	0.815355	0.824289	0.799861	0.803835	0.818152	0.790834	0.820355	0.811236
0.77585	0.828642	0.820567	0.832278	0.810289	0.819025	0.820503	0.803358	0.8287	0.805234
0.781325	0.83085	0.82709	0.820725	0.815026	0.812833	0.819323	0.81145	0.80995	0.801541
0.78685	0.828306	0.815799	0.833652	0.806994	0.802936	0.820131	0.809102	0.808785	0.805752
0.7924	0.830009	0.814054	0.823977	0.811748	0.81007	0.821085	0.81649	0.823009	0.814216
0.798	0.820484	0.814438	0.832226	0.808992	0.810406	0.821144	0.80019	0.803151	0.811319
0.803638	0.829892	0.827298	0.828817	0.802552	0.810504	0.81073	0.800898	0.811083	0.807566
0.809313	0.830967	0.819993	0.822985	0.802962	0.812013	0.823125	0.808763	0.803258	0.809061
0.815025	0.823307	0.814831	0.819876	0.811109	0.817105	0.811317	0.799079	0.806019	0.809726
0.820775	0.822699	0.809965	0.835521	0.815515	0.816519	0.819978	0.794942	0.812823	0.826585
0.826575	0.821924	0.827925	0.822041	0.803978	0.820121	0.81366	0.803034	0.820193	0.798516
0.8324	0.820624	0.817484	0.819776	0.809059	0.80723	0.819945	0.808227	0.818386	0.819656
0.838275	0.826001	0.818355	0.824182	0.799257	0.816822	0.823471	0.804066	0.816092	0.806167
0.8442	0.823145	0.816612	0.825405	0.805575	0.817365	0.823173	0.807519	0.809409	0.812301
0.85015	0.818102	0.817577	0.825197	0.811221	0.809536	0.81964	0.81084	0.81773	0.798773
0.85615	0.820226	0.82015	0.82812	0.805866	0.815136	0.819857	0.800304	0.817248	0.808611
0.862188	0.823252	0.819399	0.819394	0.812578	0.814144	0.823524	0.811777	0.811865	0.804164
0.868263	0.835278	0.821631	0.828173	0.818493	0.816426	0.819218	0.80548	0.810179	0.811045
0.874388	0.82721	0.825204	0.816776	0.813551	0.809888	0.819947	0.805866	0.820076	0.820565
0.88055	0.827188	0.823905	0.826399	0.811009	0.810327	0.829246	0.804069	0.812854	0.815909
0.886762	0.821211	0.829076	0.815279	0.815239	0.813148	0.814449	0.808425	0.824616	0.81145
0.893013	0.819249	0.822906	0.823013	0.81573	0.808129	0.822899	0.806939	0.808046	0.808925
0.8993	0.826895	0.813183	0.817484	0.815637	0.817811	0.819139	0.801713	0.813582	0.803613
0.905638	0.823462	0.813729	0.824666	0.80738	0.816071	0.812096	0.800206	0.818855	0.809378
0.912025	0.825128	0.825534	0.824847	0.807936	0.81798	0.826625	0.809874	0.823831	0.805685
0.91845	0.837505	0.826556	0.822856	0.817952	0.80961	0.823774	0.802896	0.81506	0.800039
0.924925	0.823767	0.81959	0.810356	0.814635	0.818314	0.815305	0.794563	0.811927	0.816226
0.931437	0.822289	0.819375	0.820541	0.80378	0.813355	0.819969	0.808794	0.81089	0.808484
0.938	0.823185	0.831036	0.815637	0.810966	0.815997	0.82618	0.79962	0.825319	0.805111
0.9446	0.82242	0.827403	0.823307	0.812099	0.812115	0.815742	0.807924	0.811453	0.802733
0.95125	0.821175	0.818383	0.820739	0.8151	0.822281	0.8183	0.804159	0.814094	0.813303
0.95795	0.825383	0.816345	0.821461	0.80744	0.810327	0.823712	0.803728	0.809781	0.806205
0.9647	0.823049	0.82093	0.829987	0.810434	0.811615	0.815796	0.807917	0.81573	0.809321
0.971488	0.832812	0.826633	0.819382	0.809245	0.821168	0.823917	0.812084	0.82741	0.80482
0.978325	0.829217	0.828485	0.82247	0.809438	0.817637	0.812518	0.804965	0.821826	0.802497
0.985213	0.825169	0.820696	0.824077	0.805556	0.819542	0.825235	0.804936	0.821967	0.802543
0.992137	0.825588	0.819559	0.820758	0.813155	0.81202	0.813262	0.806019	0.82411	0.81629
0.999125	0.832624	0.824315	0.833985	0.809679	0.814104	0.832846	0.803477	0.822007	0.812442
1.00615	0.831799	0.823862	0.819287	0.813338	0.824892	0.819459	0.802981	0.821492	0.805761
1.01324	0.825696	0.811436	0.814225	0.811004	0.806562	0.819788	0.807254	0.823586	0.808677
1.02036	0.820806	0.815584	0.831408	0.810589	0.815758	0.816683	0.81022	0.827055	0.8113
1.02754	0.831191	0.818076	0.824544	0.812754	0.815386	0.815587	0.809643	0.811529	0.817713
1.03476	0.826842	0.819499	0.825348	0.81604	0.8082	0.823097	0.812893	0.818264	0.819957
1.04204	0.824136	0.823137	0.823772	0.808508	0.816586	0.814979	0.806207	0.823431	0.813584
1.04936	0.828869	0.824337	0.82803	0.809552	0.817299	0.81475	0.81063	0.82613	0.810108
1.05675	0.811312	0.823888	0.828302	0.818119	0.818534	0.819871	0.803454	0.8163	0.810055
1.06418	0.834343	0.824294	0.8217	0.815475	0.808878	0.820305	0.799832	0.816071	0.812428
1.07165	0.815436	0.821426	0.817496	0.812964	0.817637	0.819661	0.805704	0.810775	0.806934
1.07919	0.82148	0.816173	0.825519	0.818834	0.817985	0.816121	0.813203	0.818913	0.811607
1.08677	0.821595	0.821743	0.818772	0.807955	0.811903	0.81069	0.810916	0.812177	0.811166
1.09441	0.815465	0.822093	0.829293	0.812027	0.807032	0.824663	0.813849	0.819964	0.812165
1.1021	0.827376	0.817995	0.819811	0.809166	0.810115	0.813357	0.813238	0.818565	0.820131
1.10984	0.829885	0.822897	0.832908	0.80784	0.822818	0.827829	0.810089	0.813129	0.803716
1.11764	0.825255	0.826928	0.831811	0.804655	0.813717	0.827605	0.806727	0.822453	0.808391
1.12549	0.830261	0.820133	0.828607	0.817506	0.815925	0.819654	0.809941	0.822084	0.816869
1.1334	0.838151	0.812726	0.827264	0.808239	0.808146	0.830373	0.810208	0.820744	0.803783
1.14135	0.827496	0.813486	0.823602	0.817322	0.807724	0.828211	0.806906	0.822522	0.816903
1.14937	0.834052	0.824072	0.825519	0.810036	0.819902	0.81635	0.812783	0.81202	0.812506
1.15744	0.828204	0.819928	0.821976	0.815296	0.818984	0.820377	0.808179	0.811629	0.813231
1.16556	0.826816	0.821252	0.823466	0.812528	0.817394	0.824773	0.808639	0.81799	0.810146
1.17375	0.829177	0.817482	0.832903	0.812974	0.810866	0.833308	0.810187	0.8325	0.808141
1.18199	0.821764	0.827112	0.823795	0.814089	0.821168	0.817468	0.815136	0.821964	0.815277
1.19029	0.823881	0.829222	0.822148	0.814373	0.814573	0.82211	0.807302	0.816328	0.814552
1.19865	0.818658	0.832784	0.822212	0.808088	0.822668	0.830705	0.817816	0.819969	0.812759
1.20706	0.833919	0.8218	0.831623	0.814545	0.813365	0.824225	0.811298	0.815608	0.819642
1.21553	0.830009	0.8205	0.823185	0.817618	0.816316	0.822694	0.806737	0.83121	0.812766
1.22406	0.815868	0.826218	0.825545	0.809922	0.812938	0.824902	0.804836	0.810525	0.813102
1.23265	0.829615	0.825007	0.823931	0.813732	0.818963	0.826008	0.808422	0.820539	0.807008
1.2413	0.831494	0.821037	0.827157	0.814809	0.80702	0.820746	0.808913	0.813243	0.809674
1.25	0.820222	0.828416	0.825414	0.814323	0.81335	0.826492	0.814418	0.831065	0.813148
1.25877	0.829627	0.825865	0.827958	0.805118	0.82071	0.820598	0.807547	0.828268	0.819289
1.2676	0.824537	0.827512	0.822746	0.81206	0.812714	0.822904	0.810339	0.825319	0.810008
1.27649	0.825855	0.827515	0.823547	0.812301	0.818762	0.818092	0.81156	0.822286	0.816016
1.28544	0.826132	0.816235	0.829916	0.81222	0.817761	0.816586	0.805127	0.824391	0.814066
1.29446	0.820675	0.824804	0.830376	0.809672	0.821981	0.826609	0.807662	0.829541	0.815656
1.30354	0.832517	0.820865	0.832626	0.819015	0.813069	0.824117	0.809316	0.818412	0.808594
1.31267	0.820121	0.819072	0.830371	0.818216	0.819811	0.823168	0.8151	0.826115	0.817291
1.32187	0.829486	0.820255	0.819914	0.817873	0.811691	0.824444	0.819687	0.822904	0.813231
1.33114	0.820405	0.826659	0.8185	0.817248	0.815637	0.828826	0.799825	0.825569	0.808668
1.34047	0.828113	0.823316	0.827763	0.815372	0.81326	0.828924	0.809066	0.819556	0.813498
1.34987	0.822839	0.820012	0.82993	0.816738	0.820531	0.826215	0.806033	0.826077	0.812533
1.35933	0.821547	0.82551	0.820918	0.820367	0.817952	0.822756	0.818307	0.822742	0.817425
1.36886	0.828123	0.828023	0.82891	0.822167	0.815358	0.826158	0.811231	0.822484	0.817136
1.37845	0.829353	0.817213	0.825195	0.810804	0.814209	0.815203	0.816457	0.820443	0.818424
1.38811	0.834856	0.824935	0.82891	0.815713	0.817222	0.832681	0.800092	0.825183	0.817375
1.39784	0.825138	0.827644	0.826764	0.811622	0.818267	0.823943	0.809693	0.822546	0.814211
1.40762	0.827813	0.825255	0.823433	0.818853	0.822079	0.830264	0.812852	0.824356	0.817382
1.41749	0.824697	0.820315	0.824353	0.817456	0.814309	0.826499	0.804715	0.82463	0.810847
1.42741	0.829403	0.824566	0.824794	0.819857	0.823617	0.82798	0.810511	0.822768	0.818948
1.43741	0.82273	0.830199	0.826122	0.815124	0.818197	0.829472	0.806448	0.815813	0.817365
1.44749	0.827698	0.828135	0.825772	0.816354	0.819275	0.822355	0.811925	0.822277	0.802536
1.45763	0.819823	0.830025	0.832753	0.815572	0.820069	0.819847	0.819401	0.824804	0.817399
1.46783	0.828905	0.827474	0.830013	0.809855	0.817051	0.822513	0.810213	0.822332	0.816843
1.47811	0.828788	0.8253	0.828845	0.817563	0.822494	0.821249	0.816931	0.821859	0.816643
1.48846	0.830614	0.826726	0.813195	0.819358	0.818743	0.827059	0.815553	0.822699	0.814783
1.49888	0.830958	0.823152	0.824391	0.812351	0.823311	0.826814	0.813267	0.821631	0.81999
1.50937	0.821421	0.832455	0.824566	0.818028	0.81747	0.822703	0.813474	0.826409	0.815978
1.51994	0.825829	0.825994	0.822429	0.818977	0.81628	0.819273	0.816376	0.829718	0.822959
1.53058	0.822186	0.822003	0.82746	0.818026	0.827014	0.832073	0.813644	0.818045	0.81383
1.54129	0.827236	0.825743	0.824487	0.809657	0.822208	0.829017	0.816712	0.82638	0.817794
1.55208	0.820951	0.831666	0.822754	0.822613	0.822296	0.833091	0.810852	0.823574	0.817845
1.56294	0.827169	0.830612	0.819804	0.822115	0.818762	0.831957	0.816762	0.819802	0.810966
1.57387	0.837106	0.835068	0.832631	0.822482	0.823044	0.837059	0.811953	0.835707	0.81417
1.5849	0.830216	0.82932	0.830152	0.814402	0.825503	0.832667	0.814604	0.8257	0.820877
1.59599	0.828323	0.828554	0.830009	0.817554	0.824742	0.829761	0.815823	0.823311	0.823631
1.60715	0.829327	0.833778	0.826392	0.815656	0.81825	0.828681	0.816817	0.822372	0.818805
1.6184	0.828828	0.825536	0.827291	0.820956	0.818455	0.819711	0.816626	0.826773	0.813961
1.62971	0.829038	0.829513	0.82221	0.817368	0.817906	0.829363	0.81453	0.826182	0.816249
1.64111	0.831732	0.83553	0.827024	0.82123	0.82375	0.822048	0.818467	0.827338	0.818743
1.6526	0.831208	0.82998	0.82911	0.824179	0.825498	0.825057	0.813372	0.825245	0.817127
1.66416	0.83179	0.826015	0.82951	0.826749	0.822746	0.828256	0.81294	0.829191	0.822513
1.6758	0.828969	0.828962	0.826044	0.817744	0.823788	0.821342	0.822322	0.825579	0.81393
1.68751	0.829928	0.827179	0.82896	0.813877	0.824279	0.825772	0.814919	0.826852	0.816407
1.69931	0.828831	0.83208	0.833282	0.82463	0.827481	0.826842	0.819986	0.83081	0.813348
1.7112	0.83487	0.831251	0.821995	0.817971	0.820031	0.837497	0.822246	0.831706	0.817303
1.72316	0.825305	0.825359	0.8257	0.820045	0.82426	0.828015	0.826532	0.823409	0.815847
1.73521	0.831577	0.824747	0.829541	0.823893	0.828271	0.835673	0.816457	0.827016	0.823073
1.74735	0.831599	0.835282	0.833497	0.825586	0.828626	0.83013	0.816054	0.830564	0.814099
1.75956	0.831542	0.827171	0.825076	0.818696	0.825281	0.829537	0.822718	0.831539	0.817783
1.77186	0.826192	0.825603	0.828795	0.824566	0.82968	0.826616	0.812223	0.828709	0.823509
1.78425	0.829363	0.831148	0.831394	0.826461	0.829422	0.824043	0.818202	0.828874	0.817113
1.79673	0.835309	0.821144	0.824701	0.822844	0.831132	0.831256	0.819337	0.82823	0.819223
1.80928	0.82983	0.840008	0.829455	0.825143	0.821306	0.83703	0.814614	0.823712	0.826482
1.82193	0.834169	0.831403	0.827255	0.821664	0.829355	0.829484	0.819723	0.826594	0.825019
1.83466	0.823948	0.82889	0.825436	0.828046	0.821702	0.833318	0.817349	0.839495	0.817101
1.84748	0.832851	0.824418	0.835323	0.819971	0.827903	0.831492	0.819373	0.82906	0.8199
1.86039	0.833358	0.824866	0.832479	0.814769	0.824799	0.83342	0.824515	0.83081	0.821898
1.87339	0.830578	0.830485	0.830292	0.815796	0.822041	0.826096	0.819592	0.833623	0.819666
1.88647	0.834262	0.827694	0.834045	0.828292	0.824222	0.83142	0.820508	0.822656	0.824806
1.89966	0.831542	0.832951	0.827789	0.825667	0.821671	0.828578	0.813129	0.831358	0.823629
1.91293	0.830354	0.833211	0.832178	0.822959	0.81449	0.832727	0.813701	0.832393	0.814762
1.9263	0.829377	0.827551	0.831024	0.825216	0.82992	0.829513	0.810215	0.830075	0.818214
1.93975	0.837924	0.835392	0.834221	0.821709	0.826518	0.837793	0.815134	0.829975	0.819695
1.9533	0.832195	0.827899	0.835087	0.82107	0.828607	0.835385	0.812821	0.825679	0.820171
1.96694	0.834598	0.835335	0.823156	0.828547	0.834131	0.830931	0.813994	0.828533	0.822312
1.98069	0.83107	0.8289	0.830693	0.826065	0.828614	0.83209	0.823259	0.836105	0.818259
1.99451	0.829997	0.835032	0.838167	0.823447	0.82319	0.832929	0.816698	0.830047	0.820038
2.00845	0.840523	0.833659	0.83373	0.820233	0.822203	0.835042	0.821201	0.83342	0.827195
2.02248	0.832777	0.832488	0.83369	0.819835	0.82699	0.834076	0.824234	0.83246	0.824933
2.03659	0.830977	0.834968	0.827107	0.827555	0.826246	0.831339	0.822389	0.832493	0.815756
2.05081	0.830133	0.826978	0.829327	0.824389	0.826113	0.84347	0.818081	0.831349	0.816171
2.06514	0.84084	0.830469	0.83601	0.823462	0.826971	0.83276	0.819263	0.832908	0.821724
2.07955	0.828666	0.835032	0.825724	0.829789	0.828313	0.83462	0.818905	0.831027	0.828333
2.09407	0.836737	0.838408	0.830502	0.825941	0.832767	0.839717	0.823524	0.836219	0.823514
2.10869	0.830485	0.827839	0.830009	0.830257	0.833549	0.841806	0.817701	0.827608	0.818135
2.12341	0.83385	0.830309	0.834798	0.824957	0.8323	0.8324	0.820942	0.825784	0.824217
2.13824	0.839045	0.83888	0.838816	0.820682	0.831456	0.830283	0.828225	0.836074	0.819871
2.15316	0.833134	0.835845	0.830102	0.822417	0.828476	0.83522	0.819139	0.835032	0.820248
2.16819	0.832886	0.836577	0.838999	0.821728	0.826163	0.835995	0.819716	0.831904	0.820808
2.18333	0.831666	0.836148	0.839879	0.825233	0.827958	0.833025	0.818922	0.82437	0.824489
2.19856	0.834844	0.829181	0.835101	0.824065	0.83426	0.83107	0.821588	0.831606	0.816002
2.2139	0.826463	0.836455	0.829155	0.82731	0.824768	0.837283	0.829436	0.835368	0.828502
2.22935	0.834598	0.831523	0.832555	0.825984	0.832336	0.828268	0.81872	0.828421	0.827217
2.24491	0.833931	0.835964	0.833928	0.824461	0.832154	0.838554	0.8185	0.837662	0.822053
2.26058	0.833704	0.831272	0.833497	0.831058	0.82891	0.831802	0.818865	0.836048	0.823979
2.27635	0.834646	0.835666	0.833215	0.824623	0.828948	0.840623	0.823161	0.836677	0.826683
2.29224	0.833568	0.839481	0.838124	0.830755	0.837893	0.83431	0.82062	0.835249	0.826401
2.30822	0.838463	0.836074	0.831186	0.834047	0.831401	0.842619	0.818877	0.836146	0.822131
2.32433	0.83369	0.83467	0.835399	0.827503	0.830929	0.838062	0.821039	0.831649	0.824973
2.34055	0.838418	0.838706	0.82925	0.836441	0.830679	0.835247	0.821705	0.82848	0.830142
2.35687	0.829928	0.833978	0.836937	0.827689	0.831778	0.831222	0.8234	0.83569	0.824875
2.37331	0.837977	0.835585	0.840563	0.831957	0.829317	0.835659	0.819339	0.834512	0.828609
2.38986	0.835969	0.835554	0.836069	0.821707	0.829045	0.839984	0.825746	0.838058	0.826258
2.40654	0.835521	0.839014	0.836708	0.823357	0.836484	0.83708	0.824995	0.830009	0.825321
2.42333	0.833668	0.832095	0.838787	0.830009	0.829334	0.84311	0.823617	0.837509	0.82642
2.44022	0.831525	0.843074	0.839197	0.820343	0.831797	0.835437	0.82699	0.833964	0.823252
2.45724	0.829887	0.839867	0.844476	0.837991	0.827729	0.840478	0.825181	0.831885	0.821285
2.47438	0.832352	0.835878	0.836115	0.830211	0.830412	0.838527	0.824988	0.830142	0.8307
2.49164	0.834572	0.834748	0.838091	0.822603	0.83106	0.834162	0.825028	0.830299	0.826695
2.50901	0.839829	0.839374	0.831239	0.824651	0.839266	0.840211	0.822525	0.834341	0.828731
2.52651	0.837717	0.840468	0.839057	0.825007	0.834357	0.837066	0.820636	0.830347	0.821476
2.54413	0.831508	0.838723	0.8414	0.831942	0.833389	0.837974	0.823791	0.840408	0.824723
2.56186	0.839431	0.835342	0.836579	0.83152	0.834679	0.842297	0.818164	0.83296	0.821964
2.57973	0.838794	0.838289	0.837583	0.833428	0.833745	0.841941	0.824964	0.834043	0.824878
2.59771	0.832927	0.839548	0.84135	0.833583	0.834329	0.841977	0.824875	0.837004	0.821538
2.61582	0.837741	0.843448	0.841486	0.827095	0.836391	0.834212	0.82833	0.835421	0.827205
2.63406	0.842619	0.834994	0.839743	0.830454	0.831382	0.834896	0.826156	0.839395	0.825495
2.65243	0.842094	0.836649	0.841417	0.83318	0.832214	0.840282	0.82294	0.837137	0.824971
2.67091	0.837681	0.8427	0.839309	0.827613	0.836281	0.835483	0.824439	0.837099	0.822417
2.68952	0.836401	0.837075	0.839734	0.828881	0.833268	0.84207	0.828495	0.831744	0.827803
2.70828	0.841217	0.834722	0.836582	0.831511	0.832808	0.838644	0.826053	0.836894	0.833749
2.72715	0.838139	0.842993	0.835724	0.829436	0.839154	0.842123	0.825727	0.836196	0.82534
2.74616	0.838394	0.839996	0.844075	0.829112	0.83903	0.840935	0.825119	0.839057	0.826389
2.7653	0.837872	0.837798	0.836758	0.829093	0.833203	0.833223	0.825731	0.842139	0.825181
2.78457	0.838191	0.835442	0.837102	0.829067	0.831766	0.841968	0.828945	0.832667	0.828671
2.80398	0.840153	0.836966	0.834624	0.833616	0.833451	0.839967	0.824949	0.830381	0.829856
2.82351	0.839762	0.8379	0.84002	0.831651	0.834143	0.842335	0.826704	0.837299	0.829446
2.84319	0.832333	0.836894	0.843804	0.831623	0.838177	0.841071	0.822842	0.836467	0.826187
2.863	0.83544	0.843887	0.840346	0.82654	0.836842	0.839002	0.833766	0.838918	0.825398
2.88295	0.836358	0.835673	0.839071	0.834987	0.836746	0.842692	0.824356	0.839669	0.822591
2.90304	0.839615	0.839903	0.839626	0.832739	0.838449	0.83929	0.830612	0.842032	0.832605
2.92326	0.838635	0.840385	0.840661	0.832412	0.833103	0.835857	0.825011	0.839915	0.822243
2.94364	0.835771	0.838768	0.841138	0.829646	0.835049	0.837035	0.828929	0.836813	0.832755
2.96414	0.837953	0.837056	0.83486	0.831143	0.833106	0.841372	0.826459	0.834775	0.830028
2.98479	0.837414	0.84393	0.839526	0.834741	0.835068	0.838592	0.827007	0.839891	0.82962
3.00559	0.840108	0.83404	0.843069	0.833923	0.838644	0.845165	0.830695	0.839719	0.826275
3.02653	0.840866	0.838999	0.840492	0.832748	0.836327	0.839886	0.824787	0.840065	0.825624
3.04761	0.844891	0.844206	0.840723	0.834167	0.834372	0.841739	0.826754	0.84522	0.830121
3.06884	0.840201	0.842507	0.840754	0.832617	0.833611	0.841994	0.824117	0.839538	0.828085
3.09021	0.841233	0.843634	0.842976	0.831737	0.83311	0.837454	0.829346	0.840852	0.828323
3.11174	0.839276	0.842113	0.841438	0.838918	0.840888	0.84305	0.829615	0.837848	0.828876
3.13341	0.840022	0.846614	0.84315	0.834586	0.835273	0.846331	0.829413	0.841076	0.826749
3.15524	0.840923	0.840237	0.836694	0.832359	0.840687	0.839061	0.824144	0.842085	0.829615
3.17721	0.839431	0.840563	0.84094	0.838062	0.838689	0.846364	0.828199	0.837485	0.827739
3.19934	0.839796	0.842971	0.845112	0.83419	0.8344	0.841813	0.828833	0.841143	0.827214
3.22161	0.837228	0.841059	0.842151	0.832519	0.841462	0.839324	0.827922	0.84023	0.828259
3.24405	0.839939	0.83719	0.841307	0.837016	0.83414	0.842008	0.83281	0.839972	0.830588
3.26664	0.842807	0.840811	0.84512	0.831651	0.835266	0.846247	0.828907	0.838313	0.832626
3.28939	0.838556	0.845244	0.842087	0.836036	0.839848	0.84665	0.828085	0.845146	0.835988
3.3123	0.840044	0.840015	0.837762	0.837001	0.834026	0.846572	0.83395	0.844264	0.831916
3.33536	0.838873	0.837381	0.840838	0.83899	0.837087	0.846653	0.82936	0.845542	0.835211
3.35859	0.842592	0.842836	0.838568	0.832426	0.837388	0.841412	0.830927	0.841074	0.828552
3.38196	0.839529	0.841925	0.843813	0.834353	0.837645	0.843844	0.82838	0.848128	0.832073
3.40551	0.838468	0.845363	0.845732	0.831382	0.841071	0.84357	0.829758	0.847132	0.828623
3.42922	0.842707	0.847907	0.8394	0.832476	0.841646	0.843804	0.833637	0.842318	0.828731
3.4531	0.837247	0.84311	0.842127	0.833201	0.839414	0.84429	0.828328	0.844845	0.836608
3.47714	0.837481	0.841691	0.835526	0.837485	0.840916	0.840809	0.82967	0.840203	0.833165
3.50134	0.84387	0.845978	0.840389	0.837168	0.837593	0.839629	0.836527	0.839193	0.835197
3.52571	0.841679	0.841577	0.845008	0.838961	0.8397	0.839848	0.832686	0.842523	0.832488
3.55026	0.838904	0.847811	0.84449	0.836231	0.83646	0.843091	0.829866	0.847158	0.837106
3.57498	0.844035	0.842268	0.842147	0.83276	0.838949	0.845279	0.824225	0.846901	0.83255
3.59986	0.838074	0.846798	0.842454	0.837478	0.841789	0.841398	0.831344	0.841412	0.832626
3.62491	0.846407	0.844578	0.843513	0.837028	0.836711	0.842492	0.829429	0.843107	0.8395
3.65015	0.838558	0.842697	0.84424	0.835406	0.843153	0.844752	0.830545	0.843618	0.831143
3.67555	0.842571	0.842945	0.846831	0.840051	0.837428	0.839545	0.825998	0.837412	0.838885
3.70114	0.842857	0.840773	0.841703	0.836601	0.841434	0.84244	0.83106	0.839617	0.8395
3.72689	0.842926	0.842688	0.843327	0.833053	0.836963	0.843634	0.832078	0.846326	0.840373
3.75283	0.840706	0.84104	0.846176	0.836472	0.838513	0.845165	0.832834	0.846488	0.832953
3.77895	0.846693	0.843672	0.840191	0.836899	0.841679	0.848009	0.829951	0.841431	0.835657
3.80525	0.843844	0.843513	0.844674	0.836718	0.841894	0.844085	0.833943	0.84989	0.835232
3.83172	0.840785	0.846648	0.846383	0.838771	0.841608	0.842476	0.823214	0.844562	0.834994
3.85839	0.838887	0.841896	0.843696	0.833649	0.837955	0.844051	0.832896	0.842378	0.840137
3.88524	0.838091	0.846908	0.849075	0.843243	0.838539	0.847602	0.833728	0.842361	0.836584
3.91228	0.843982	0.840695	0.845134	0.835015	0.844481	0.844988	0.832953	0.844741	0.83625
3.9395	0.842578	0.842239	0.846045	0.838806	0.843539	0.84722	0.831992	0.845046	0.837264
3.96691	0.848989	0.849778	0.84166	0.834729	0.839743	0.845611	0.832259	0.844476	0.843055
3.99451	0.844836	0.847458	0.84505	0.842261	0.843551	0.842371	0.834128	0.843432	0.839829
4.0223	0.840633	0.844264	0.844061	0.835738	0.8426	0.849216	0.836303	0.844395	0.839364
4.05029	0.842695	0.847897	0.843513	0.83733	0.834684	0.845363	0.832288	0.839455	0.838434
4.07846	0.839769	0.842104	0.848326	0.84321	0.841298	0.845201	0.833897	0.844559	0.836825
4.10684	0.839908	0.842678	0.845673	0.840373	0.836558	0.843379	0.829188	0.850353	0.84156
4.13541	0.838837	0.845585	0.845379	0.836975	0.838928	0.844071	0.83296	0.842523	0.837972
4.16419	0.847218	0.849695	0.842726	0.839061	0.839367	0.846731	0.833757	0.844998	0.837147
4.19315	0.844891	0.846989	0.846171	0.839233	0.839097	0.849554	0.831251	0.843489	0.845251
4.22232	0.846228	0.846235	0.848591	0.840773	0.844218	0.845255	0.834007	0.843119	0.839481
4.25169	0.84635	0.847742	0.847385	0.839069	0.839665	0.84809	0.832951	0.84361	0.840597
4.28126	0.84352	0.849118	0.844466	0.84109	0.844102	0.848841	0.832688	0.846259	0.842697
4.31105	0.845551	0.84342	0.852363	0.8415	0.839452	0.844738	0.831899	0.841784	0.837431
4.34104	0.840704	0.847854	0.848131	0.839924	0.838775	0.84774	0.832274	0.847432	0.840196
4.37122	0.844533	0.849106	0.845224	0.840966	0.843439	0.851102	0.837679	0.845065	0.844588
4.40164	0.838308	0.847818	0.84445	0.843706	0.841159	0.842447	0.833807	0.848038	0.842654
4.43225	0.846123	0.845325	0.848131	0.839166	0.840437	0.852689	0.833711	0.842633	0.846696
4.46308	0.841081	0.849065	0.841422	0.838585	0.838332	0.847346	0.830893	0.847537	0.840323
4.49411	0.845549	0.84588	0.839281	0.844144	0.841822	0.848786	0.829856	0.843916	0.845697
4.52537	0.851721	0.848221	0.846951	0.839994	0.842902	0.849878	0.834944	0.844869	0.844116
4.55684	0.845735	0.845792	0.844533	0.840809	0.840907	0.84876	0.835707	0.847494	0.839057
4.58854	0.842328	0.850377	0.841536	0.839603	0.841741	0.84635	0.833423	0.848796	0.839963
4.62044	0.846493	0.84778	0.849881	0.834896	0.841288	0.846483	0.835662	0.841798	0.842323
4.65258	0.84449	0.847985	0.84284	0.841837	0.845828	0.848226	0.835642	0.846009	0.844955
4.68493	0.843973	0.851781	0.846777	0.845332	0.842785	0.852298	0.836134	0.844938	0.841982
4.71751	0.844433	0.847704	0.849559	0.839405	0.844562	0.84984	0.830619	0.843393	0.836258
4.75031	0.846355	0.849812	0.848813	0.835361	0.838523	0.850105	0.83785	0.846212	0.839548
4.78334	0.843696	0.849101	0.844943	0.839872	0.841174	0.849945	0.836186	0.850482	0.839049
4.8166	0.842063	0.851297	0.843827	0.841887	0.840816	0.84644	0.831864	0.847573	0.839605
4.8501	0.842864	0.845737	0.851247	0.840928	0.842657	0.846216	0.836699	0.848922	0.840587
4.88381	0.843072	0.848226	0.850589	0.837001	0.839696	0.850308	0.840039	0.851135	0.837531
4.91778	0.846524	0.850637	0.846581	0.843284	0.842027	0.847129	0.836188	0.847118	0.840752
4.95196	0.846457	0.851283	0.846905	0.841252	0.844316	0.844562	0.832104	0.850556	0.837309
4.9864	0.847144	0.844144	0.845091	0.841519	0.841698	0.852561	0.832152	0.847039	0.840139
5.02106	0.844366	0.853109	0.844702	0.841019	0.842356	0.848176	0.840282	0.846202	0.834772
5.05597	0.843556	0.846417	0.851845	0.841162	0.843615	0.845275	0.832965	0.849311	0.834715
5.09113	0.845868	0.848775	0.847273	0.840966	0.845699	0.846102	0.837626	0.84727	0.835292
5.12651	0.850734	0.847818	0.851211	0.84191	0.843751	0.848133	0.83203	0.84723	0.838565
5.16215	0.840857	0.847513	0.847959	0.839097	0.844996	0.851094	0.841119	0.847931	0.836665
5.19804	0.846517	0.851333	0.844738	0.842595	0.843928	0.849235	0.838616	0.84866	0.839595
5.23418	0.845813	0.849061	0.850451	0.839371	0.842197	0.850014	0.836444	0.84577	0.840754
5.27056	0.846865	0.850956	0.848572	0.841949	0.842707	0.849423	0.833702	0.84826	0.840041
5.3072	0.845608	0.852553	0.846321	0.844173	0.84481	0.853309	0.836339	0.847926	0.834093
5.34409	0.845215	0.850305	0.847394	0.841241	0.844576	0.847089	0.838441	0.850012	0.83807
5.38124	0.84558	0.854103	0.848593	0.841477	0.842991	0.85031	0.840079	0.846316	0.837731
5.41865	0.844576	0.84872	0.848088	0.841968	0.841262	0.85015	0.832424	0.850825	0.837698
5.45631	0.848839	0.851538	0.848615	0.848446	0.843496	0.855524	0.838055	0.848417	0.83894
5.49424	0.84222	0.848157	0.848462	0.839426	0.842247	0.849297	0.835614	0.848217	0.837354
5.53242	0.848407	0.850384	0.848591	0.839557	0.845236	0.846786	0.838792	0.846939	0.839576
5.57088	0.845132	0.848868	0.846917	0.842158	0.840165	0.850615	0.840816	0.85344	0.840885
5.6096	0.85237	0.850143	0.850887	0.844991	0.843835	0.84897	0.841996	0.851178	0.844426
5.64859	0.847716	0.850489	0.852241	0.841562	0.846634	0.851435	0.836255	0.84752	0.840134
5.68784	0.844628	0.850768	0.850935	0.840017	0.845518	0.848572	0.835182	0.848841	0.839994
5.72738	0.848829	0.851519	0.849416	0.842659	0.844555	0.853045	0.836112	0.849986	0.840532
5.76718	0.848975	0.849673	0.852491	0.843873	0.844507	0.850536	0.845022	0.848517	0.841441
5.80725	0.844593	0.851202	0.849304	0.846388	0.846209	0.849955	0.838964	0.848086	0.840506
5.84761	0.843939	0.848708	0.845663	0.839922	0.845925	0.852973	0.837345	0.850565	0.8431
5.88825	0.842342	0.851071	0.850815	0.841384	0.847675	0.854139	0.838263	0.842464	0.840685
5.92917	0.850074	0.852122	0.84789	0.840551	0.845892	0.84742	0.838365	0.850405	0.842888
5.97038	0.847966	0.851562	0.851197	0.84337	0.844597	0.850417	0.836589	0.852275	0.84151
6.01186	0.850579	0.850536	0.848744	0.840191	0.848796	0.851903	0.836486	0.851135	0.840528
6.05364	0.849514	0.849175	0.84933	0.843944	0.846417	0.854184	0.838301	0.851438	0.840695
6.0957	0.848851	0.852205	0.851712	0.841002	0.845644	0.857834	0.838346	0.850901	0.844772
6.13806	0.846145	0.850305	0.851576	0.839555	0.844495	0.852749	0.836236	0.852861	0.842406
6.18071	0.847413	0.853767	0.848143	0.845081	0.849278	0.850753	0.840029	0.845644	0.847761
6.22366	0.843327	0.850463	0.85598	0.845	0.847442	0.851633	0.836444	0.848786	0.846576
6.2669	0.847261	0.850489	0.849056	0.841136	0.846953	0.854182	0.842673	0.853419	0.844254
6.31045	0.84963	0.84907	0.852959	0.842783	0.850298	0.851626	0.835752	0.850205	0.841908
6.35429	0.846364	0.850732	0.852313	0.842301	0.843486	0.853088	0.841412	0.846629	0.842077
6.39844	0.848782	0.849268	0.851109	0.842611	0.843227	0.851979	0.839283	0.84933	0.845279
6.4429	0.846355	0.851223	0.849225	0.843029	0.845267	0.854582	0.839579	0.847253	0.844941
6.48766	0.843327	0.847518	0.851869	0.844011	0.849154	0.852794	0.838089	0.847642	0.842206
6.53274	0.847244	0.853529	0.850441	0.843539	0.843904	0.848498	0.839026	0.849561	0.844471
6.57813	0.845992	0.851316	0.84892	0.844848	0.846595	0.854165	0.838282	0.8497	0.845413
6.62383	0.845947	0.853471	0.850746	0.840211	0.849526	0.851376	0.837795	0.847284	0.844442
6.66984	0.846345	0.853161	0.852513	0.845217	0.849504	0.854654	0.838024	0.846204	0.845506
6.71618	0.845585	0.852992	0.848045	0.846769	0.842235	0.855863	0.837819	0.84913	0.844066
6.76284	0.844667	0.852563	0.852499	0.84563	0.845978	0.851876	0.838389	0.847754	0.843567
6.80982	0.849313	0.852477	0.849719	0.841906	0.845961	0.851881	0.837266	0.849173	0.845406
6.85712	0.847439	0.852298	0.85351	0.843637	0.847849	0.855252	0.835399	0.847804	0.84639
6.90476	0.8482	0.853257	0.846533	0.845954	0.846073	0.85315	0.839634	0.847621	0.843432
6.95272	0.847745	0.854046	0.846741	0.845596	0.850246	0.850625	0.83939	0.848632	0.843689
7.00103	0.844335	0.851173	0.847492	0.844788	0.848732	0.854718	0.837113	0.845222	0.846672
7.04966	0.84646	0.852739	0.852039	0.845813	0.847265	0.854928	0.838148	0.846617	0.845616
7.09863	0.846581	0.855362	0.850582	0.847015	0.847664	0.851402	0.839045	0.851133	0.847683
7.14794	0.848431	0.852646	0.848713	0.844802	0.853114	0.851361	0.840687	0.84805	0.848965
7.19759	0.847277	0.854652	0.84814	0.846793	0.847292	0.85454	0.838468	0.84646	0.849762
7.24759	0.845389	0.850703	0.8482	0.845461	0.851197	0.857858	0.83699	0.846684	0.846829
7.29792	0.847792	0.855262	0.849859	0.844364	0.849774	0.855691	0.839986	0.84861	0.848045
7.34861	0.8499	0.853908	0.849952	0.845165	0.846464	0.851519	0.842824	0.848245	0.843589
7.39966	0.849762	0.85212	0.849821	0.845844	0.847256	0.853734	0.841231	0.84845	0.848486
7.45106	0.84289	0.856785	0.851686	0.848984	0.848453	0.855906	0.838887	0.84588	0.846119
7.50281	0.845642	0.850894	0.853271	0.843498	0.845117	0.854616	0.839498	0.845968	0.842883
7.55492	0.846798	0.854358	0.850496	0.846686	0.847036	0.851323	0.840385	0.845859	0.844736
7.60739	0.847163	0.852475	0.846576	0.848043	0.843699	0.854723	0.840876	0.85114	0.846209
7.66022	0.844445	0.851612	0.846085	0.847489	0.848536	0.853295	0.840325	0.849027	0.846538
7.71343	0.84718	0.852618	0.849418	0.848336	0.846872	0.853889	0.838532	0.85	0.844621
7.767	0.846073	0.850944	0.850534	0.848207	0.843627	0.855424	0.841365	0.848527	0.846908
7.82094	0.848508	0.852987	0.851321	0.846524	0.847373	0.854475	0.838716	0.851013	0.84702
7.87526	0.847489	0.85278	0.848689	0.847213	0.848069	0.852208	0.842354	0.852461	0.841972
7.92995	0.849919	0.850179	0.850906	0.847206	0.843827	0.855446	0.836386	0.850019	0.844991
7.98502	0.849411	0.853188	0.848043	0.845492	0.844266	0.856862	0.840966	0.852189	0.845549
8.04047	0.847094	0.850935	0.850875	0.844614	0.846333	0.855071	0.840261	0.851013	0.845616
8.09631	0.848684	0.850017	0.850436	0.848236	0.845976	0.855221	0.83971	0.850472	0.845108
8.15254	0.849158	0.851657	0.850193	0.848207	0.848605	0.855858	0.83997	0.85371	0.84553
8.20915	0.852651	0.847439	0.851516	0.847082	0.846343	0.855076	0.838365	0.847454	0.844459
8.26616	0.849964	0.852215	0.84866	0.8485	0.844059	0.857255	0.837836	0.851464	0.842683
8.32356	0.849294	0.852623	0.851786	0.84692	0.845863	0.854091	0.838885	0.850851	0.84522
8.38136	0.850882	0.854976	0.853288	0.849304	0.843067	0.853803	0.841748	0.850865	0.846676
8.43956	0.84615	0.851609	0.854542	0.848093	0.843753	0.854299	0.835631	0.851164	0.844926
8.49817	0.849213	0.8501	0.850799	0.846052	0.847256	0.853288	0.839314	0.848951	0.845887
8.55717	0.847048	0.853042	0.851321	0.844183	0.847869	0.853848	0.840296	0.851872	0.845849
8.6166	0.850701	0.850646	0.852155	0.843377	0.843382	0.851774	0.839147	0.854253	0.845863
8.67642	0.849142	0.854175	0.852875	0.847485	0.847726	0.854072	0.839936	0.849073	0.848894
8.73668	0.84867	0.854168	0.854027	0.846228	0.84963	0.854618	0.840797	0.851912	0.848877
8.79734	0.84903	0.853467	0.850918	0.848205	0.844199	0.852222	0.838301	0.853541	0.845136
8.85843	0.846717	0.851311	0.851233	0.849032	0.848677	0.853173	0.840711	0.852887	0.845551
8.91994	0.848713	0.851769	0.852084	0.844342	0.847494	0.851459	0.840048	0.854046	0.846157
8.98186	0.846812	0.853102	0.851061	0.848405	0.849299	0.85191	0.83903	0.850522	0.84615
9.04422	0.850551	0.851893	0.850134	0.848841	0.851643	0.849938	0.841169	0.856645	0.843
9.10703	0.850794	0.852618	0.851948	0.844094	0.849735	0.851049	0.839355	0.849251	0.844562
9.17025	0.850005	0.855043	0.851533	0.85021	0.848946	0.850451	0.840563	0.854201	0.845818
9.23392	0.849502	0.853572	0.850608	0.847783	0.84531	0.849018	0.838782	0.850339	0.847375
9.29804	0.853169	0.854275	0.853212	0.844786	0.84975	0.851204	0.83903	0.852468	0.847001
9.36259	0.847137	0.851261	0.849516	0.848078	0.848705	0.849421	0.839724	0.853016	0.849163
9.42759	0.850415	0.858676	0.848515	0.845704	0.847103	0.851957	0.838768	0.850973	0.849259
9.49305	0.850837	0.856037	0.847308	0.847387	0.851695	0.853166	0.844659	0.852022	0.847306
9.55895	0.849604	0.855009	0.852301	0.848469	0.845694	0.853622	0.840973	0.852649	0.84954
9.62531	0.848488	0.851795	0.851631	0.845503	0.849189	0.854566	0.841438	0.848748	0.850062
9.69214	0.847427	0.855381	0.85268	0.848918	0.845544	0.853839	0.840394	0.847885	0.848369
9.75943	0.850322	0.852587	0.852711	0.849139	0.849681	0.852444	0.840847	0.850503	0.845945
9.82718	0.847544	0.856673	0.848829	0.847067	0.845644	0.854172	0.841319	0.851788	0.84665
9.8954	0.848591	0.853674	0.85035	0.847857	0.851791	0.847895	0.841579	0.852747	0.846014
9.9641	0.847304	0.85453	0.847265	0.849092	0.847091	0.853257	0.841915	0.850479	0.848567
10.0333	0.851407	0.855796	0.850877	0.846109	0.84491	0.847013	0.8391	0.851571	0.847559
10.1029	0.849473	0.853099	0.852546	0.84311	0.847146	0.854883	0.840916	0.851683	0.846426
10.173	0.852675	0.852687	0.846464	0.847122	0.85057	0.850503	0.841045	0.851297	0.846676
10.2437	0.850162	0.854454	0.847065	0.848236	0.846617	0.851385	0.841851	0.849886	0.847489
10.3148	0.848662	0.855465	0.850615	0.848891	0.848519	0.852968	0.84131	0.850007	0.847368
10.3864	0.851133	0.852537	0.851328	0.846781	0.844962	0.854494	0.841131	0.849216	0.847025
10.4585	0.848634	0.854184	0.84944	0.848553	0.848417	0.853068	0.843668	0.850203	0.84692
10.5311	0.851209	0.852804	0.853328	0.845773	0.847087	0.851078	0.843327	0.851647	0.843184
10.6042	0.848155	0.852244	0.850596	0.848002	0.843351	0.851495	0.840363	0.851392	0.845842
10.6778	0.850439	0.85531	0.849473	0.847604	0.848746	0.853872	0.843036	0.853004	0.847208
10.7519	0.850672	0.853951	0.851867	0.847289	0.846707	0.854606	0.841105	0.853619	0.8449
10.8265	0.850913	0.850887	0.850455	0.848016	0.846114	0.855727	0.841291	0.852265	0.845964
10.9017	0.851111	0.854046	0.8532	0.847017	0.846605	0.852966	0.840518	0.852031	0.844144
10.9774	0.849077	0.853078	0.85325	0.847842	0.846681	0.85674	0.840535	0.851097	0.844295
11.0536	0.847814	0.85241	0.849619	0.847609	0.847995	0.852353	0.839822	0.851037	0.844364
11.1303	0.850162	0.851152	0.853729	0.846624	0.847842	0.853765	0.839653	0.852234	0.844876
11.2075	0.853414	0.848782	0.851764	0.850379	0.849962	0.852437	0.838327	0.850477	0.84532
11.2853	0.849108	0.853474	0.850899	0.848727	0.847017	0.851984	0.840528	0.85149	0.845527
11.3637	0.848832	0.851762	0.852501	0.84481	0.847294	0.853026	0.8411	0.852277	0.842533
11.4425	0.850293	0.849743	0.85211	0.847919	0.847363	0.849669	0.838847	0.850324	0.842721
11.522	0.84495	0.850317	0.853352	0.849402	0.848796	0.852286	0.840635	0.850315	0.843553
11.6019	0.849411	0.8552	0.853099	0.845949	0.848195	0.851299	0.841455	0.850372	0.848581
11.6825	0.848281	0.851717	0.853023	0.849244	0.848305	0.853173	0.837783	0.852651	0.848188
11.7635	0.850527	0.85258	0.85242	0.846748	0.849423	0.852058	0.83915	0.854096	0.847799
11.8452	0.848724	0.851173	0.85174	0.848183	0.847594	0.854313	0.838737	0.85041	0.847733
11.9274	0.848422	0.851771	0.850436	0.849254	0.851321	0.854723	0.840811	0.850601	0.846791
12.0102	0.847096	0.847361	0.851113	0.847389	0.847859	0.852551	0.841086	0.852072	0.844869
12.0935	0.84788	0.85175	0.851283	0.845444	0.847392	0.851528	0.840809	0.853068	0.845282
12.1775	0.846831	0.849328	0.850825	0.846753	0.84948	0.85	0.840587	0.852263	0.84805
12.262	0.850978	0.851178	0.854079	0.848605	0.850412	0.853586	0.841548	0.850622	0.847261
12.3471	0.8503	0.854561	0.851557	0.847599	0.850544	0.851836	0.841407	0.848715	0.848143
12.4328	0.850749	0.853989	0.851524	0.847592	0.852499	0.855128	0.842707	0.849366	0.849399
12.519	0.849602	0.855157	0.84928	0.846426	0.852134	0.85031	0.841586	0.849278	0.846977
12.6059	0.848887	0.853226	0.84964	0.847344	0.846605	0.852472	0.841579	0.852697	0.848004
12.6934	0.849919	0.856099	0.850858	0.848298	0.848243	0.852732	0.841672	0.85181	0.848271
12.7815	0.846433	0.85315	0.848934	0.849318	0.847773	0.851881	0.841407	0.849127	0.84898
12.8702	0.85046	0.850968	0.851371	0.848069	0.850408	0.853343	0.841753	0.847888	0.846893
12.9595	0.849788	0.854869	0.848925	0.848539	0.85077	0.854396	0.840935	0.851645	0.847921
13.0494	0.850896	0.852935	0.848324	0.847211	0.850918	0.850212	0.842182	0.854008	0.846233
13.14	0.850408	0.854859	0.851655	0.845065	0.849251	0.853023	0.840866	0.85164	0.847745
13.2312	0.851206	0.855345	0.850622	0.848157	0.848813	0.853417	0.843732	0.851221	0.846481
13.323	0.850825	0.854578	0.851402	0.847263	0.847087	0.850145	0.839669	0.853202	0.842909
13.4155	0.848934	0.853655	0.8514	0.84779	0.849414	0.849874	0.842545	0.851977	0.844881
13.5086	0.848493	0.852718	0.851826	0.845339	0.848384	0.849962	0.840807	0.854599	0.845914
13.6023	0.848455	0.854022	0.854246	0.848825	0.847048	0.852234	0.841946	0.853803	0.846576
13.6967	0.851838	0.854895	0.850563	0.846817	0.850548	0.85104	0.840399	0.852563	0.847754
13.7917	0.852697	0.853426	0.851521	0.848345	0.849125	0.853145	0.839953	0.854792	0.848324
13.8875	0.847706	0.85355	0.84809	0.847988	0.85092	0.852861	0.843062	0.855031	0.849468
13.9838	0.848002	0.854709	0.852086	0.845546	0.84686	0.852592	0.839235	0.852184	0.847115
14.0808	0.848446	0.852079	0.852339	0.845182	0.846076	0.852134	0.841949	0.852987	0.846877
14.1786	0.850446	0.853397	0.850012	0.846626	0.848524	0.853846	0.839922	0.850713	0.847923
14.2769	0.848307	0.855393	0.850336	0.84609	0.848093	0.854904	0.842337	0.853796	0.843057
14.376	0.848963	0.854144	0.851941	0.846123	0.849802	0.855381	0.84176	0.853355	0.847528
14.4758	0.851214	0.855627	0.852911	0.8467	0.850441	0.855567	0.838823	0.850443	0.849981
14.5762	0.850806	0.851588	0.852947	0.843987	0.84804	0.853333	0.839162	0.851595	0.846321
14.6774	0.851593	0.85325	0.851981	0.845186	0.848798	0.854256	0.841126	0.854158	0.847525
14.7792	0.852763	0.853016	0.851681	0.846557	0.84805	0.853462	0.840549	0.851154	0.848722
14.8817	0.84969	0.852666	0.852799	0.846765	0.851104	0.850494	0.840716	0.851714	0.84824
15	0.847451	0.852723	0.856313	0.845849	0.849361	0.855364	0.840199	0.851426	0.846562