7.5E-5	7.86436	8.00354	7.89509	7.92743	7.87001	7.82803
1.375E-4	7.76263	8.05924	8.09501	7.9524	7.87871	7.8823
2.125E-4	7.89735	8.06592	7.90698	7.95725	7.84428	8.0739
2.75E-4	7.83129	7.99948	7.82181	8.03678	7.95098	7.99553
3.5E-4	7.67969	7.98526	7.91416	8.10837	7.75336	8.08697
4.25E-4	7.68799	7.96144	7.92224	8.07174	7.73822	8.17718
5E-4	7.89042	8.13624	7.89201	7.9442	7.88346	8.20306
5.625E-4	8.06365	8.05826	7.88311	7.91314	7.94018	8.14806
6.375E-4	7.90706	8.00291	8.04745	7.95752	8.08841	8.17612
7.125E-4	7.90726	8.12047	7.99414	7.97393	8.28669	7.972
7.875E-4	7.87631	8.07887	7.93914	7.99157	8.18936	8.01178
8.625E-4	7.93067	8.0798	7.86831	7.97206	8.0445	8.02975
9.375E-4	8.04197	7.95153	7.85903	7.90928	7.95883	8.0271
0.0010125	8.0561	7.97876	7.75239	7.73909	7.94149	7.95629
0.0010875	8.16799	8.04384	7.79531	8.01521	8.02866	8.05572
0.0011625	8.17877	7.91849	7.83424	7.81595	7.83329	8.08901
0.00125	8.13758	7.87778	7.90524	7.83959	7.92804	8.07607
0.001325	8.2003	7.97048	7.94413	7.8947	7.98707	8.0187
0.0014	8.0312	8.03473	8.0084	7.95387	7.95554	8.12205
0.0014875	7.91972	8.0082	7.90112	8.03208	8.21207	8.17948
0.0015625	7.96906	7.95655	8.0341	8.00257	8.28199	8.12725
0.0016375	8.16426	8.00611	8.06001	7.99192	8.3545	8.06426
0.001725	8.12419	8.08899	8.07656	8.03616	8.25048	8.07443
0.0018	8.10612	7.99406	8.16769	7.96968	8.05502	8.14775
0.0018875	7.95195	7.99911	7.93189	7.96566	7.92444	8.11431
0.0019625	8.01268	7.94383	8.15571	7.99856	8.02887	8.10857
0.00205	8.06843	7.93677	8.08889	7.86826	7.98727	8.2051
0.0021375	8.05744	8.05083	8.04905	7.89449	8.07026	8.11059
0.0022125	7.93391	8.06143	8.13373	8.00309	8.08334	8.0392
0.0023	7.8015	7.95381	8.16603	8.00387	8.17359	7.92704
0.0023875	7.84443	7.93471	7.83163	7.99195	8.14658	8.10016
0.002475	8.05481	8.12988	7.85953	7.96346	8.29457	8.06468
0.0025625	7.96653	7.9917	8.0015	8.03939	8.22103	7.95227
0.00265	7.9877	7.96301	8.08644	8.03027	8.25188	8.02104
0.0027375	7.91986	7.94992	8.04619	8.02517	8.33345	7.93139
0.002825	7.95677	7.97755	8.01964	7.91525	8.2434	8.03964
0.0029125	8.06277	7.84295	7.89763	7.96204	8.27242	7.88461
0.003	8.16123	7.95389	8.13008	7.92451	8.05332	7.87341
0.0030875	8.05699	7.96717	7.99134	7.85047	7.94061	8.08934
0.0031875	8.12912	7.87042	7.9019	7.9313	8.16228	7.96394
0.003275	8.12704	7.84962	7.97253	7.94632	8.20302	7.94311
0.0033625	8.0942	7.95208	8.09692	8.01324	8.06928	7.96155
0.0034625	7.94587	7.92613	7.93313	7.91681	7.97548	8.1211
0.00355	7.97442	7.83187	7.89495	7.91367	8.01021	8.04003
0.00365	8.08034	7.70364	7.9056	7.82306	8.02107	8.19119
0.0037375	8.01254	7.97353	7.99034	7.81122	7.96235	8.10905
0.0038375	7.93674	7.96991	7.84442	8.12593	8.06308	7.96913
0.0039375	7.8728	7.94364	7.87555	8.07754	7.98547	8.05016
0.004025	7.96245	7.91042	7.84347	8.00053	7.94038	8.10731
0.004125	7.9733	7.86353	7.93664	7.88069	8.00846	7.94467
0.004225	8.0161	7.87699	7.90389	8.04396	7.95913	7.85469
0.004325	7.8778	7.95689	7.6858	7.97539	7.91079	8.06944
0.004425	8.06516	7.79719	7.73987	7.79673	8.05371	7.89361
0.004525	8.10035	7.75672	7.89274	7.8913	8.00435	7.93988
0.004625	7.99975	7.80953	7.91918	7.70964	7.92572	8.1291
0.004725	7.97979	7.89857	7.83145	7.80983	7.806	8.08555
0.004825	7.85573	7.95438	7.84116	7.84187	7.85092	7.91202
0.004925	8.00701	7.93232	7.71819	8.04206	8.04634	7.9287
0.0050375	7.92249	7.89271	7.84798	7.89487	8.09432	8.02897
0.0051375	8.00131	7.81758	7.64163	7.90968	7.96792	8.02693
0.0052375	7.91574	7.60675	7.91273	7.85434	7.96167	8.07144
0.00535	8.01217	7.77833	7.89155	7.69505	8.16755	8.03448
0.00545	8.00226	7.86626	7.90084	7.90894	7.97458	7.89228
0.0055625	8.02053	7.77154	7.91358	7.91662	7.96749	8.06819
0.0056625	8.01884	7.88159	7.87738	8.02171	8.06394	7.92682
0.005775	7.99949	7.88242	7.92587	8.09395	7.98852	8.01497
0.0058875	7.81941	7.85446	7.92943	8.01713	8.01717	8.10491
0.006	7.90811	7.95725	7.96426	7.93469	7.87277	7.93255
0.0061125	7.88029	7.91539	7.90911	7.85964	7.80477	8.05787
0.0062125	7.8943	7.89561	7.87986	7.92277	8.18529	8.01154
0.006325	7.77336	7.8477	7.91746	7.9479	8.18437	7.88844
0.0064375	7.97575	8.0445	7.88925	8.00614	8.13321	8.01511
0.0065625	7.98006	8.03353	7.83782	7.9656	8.07367	7.89175
0.006675	7.96444	7.99426	8.0706	7.94773	7.92808	8.03056
0.0067875	7.92987	7.89188	7.90507	8.03045	8.00151	7.9676
0.0069	7.86315	7.86791	7.87507	8.02634	8.01314	7.8978
0.007025	7.93131	7.98882	7.83833	7.97147	7.9198	7.90792
0.0071375	8.01508	7.92672	7.98659	7.96476	8.05445	7.90549
0.0072625	7.84051	7.78814	8.07405	7.999	8.08592	7.98996
0.007375	7.78849	7.78538	7.94379	7.85632	8.01037	8.10728
0.0075	7.85459	7.98722	7.6944	7.88785	7.83963	7.98234
0.007625	7.833	7.77268	7.84891	8.00982	7.97573	7.97817
0.0077375	7.74652	7.73756	7.94336	7.81259	7.8966	7.86639
0.0078625	7.89014	7.73688	7.92117	7.77205	7.94018	7.86529
0.0079875	7.97223	7.86557	7.8587	7.91347	7.96597	7.92233
0.0081125	8.00111	7.94143	8.01848	7.96292	8.14123	8.03962
0.0082375	7.91931	7.90089	8.03254	7.7837	7.94419	8.0615
0.0083625	7.89451	8.08984	7.94098	7.9147	7.80185	7.92864
0.0084875	7.86614	7.93933	7.9538	7.86333	7.81772	7.77467
0.008625	7.8041	7.86088	7.87926	7.83151	7.89747	8.08391
0.00875	7.91963	7.78419	7.88041	7.90366	8.00417	7.94503
0.008875	7.88444	7.89658	7.76811	7.8249	8.08757	7.99165
0.0090125	8.03929	7.93298	7.92124	7.85772	7.93602	7.8414
0.0091375	7.98022	7.89957	7.79186	7.90391	7.76017	7.77883
0.009275	7.93671	7.87467	7.92811	7.96866	7.94872	7.8402
0.0094125	7.95178	7.83239	7.76326	7.7915	7.9173	7.99154
0.0095375	7.82432	7.82984	7.88438	7.75953	8.02725	8.00966
0.009675	7.93065	7.98237	7.92065	7.81361	7.90409	8.04384
0.0098125	7.97352	7.95679	7.65845	7.64836	7.92668	8.03046
0.00995	8.07081	7.9301	7.84869	7.73435	7.90257	7.92925
0.0100875	7.9232	7.86609	7.80575	7.96112	7.97913	7.90821
0.010225	7.86338	7.78564	7.73658	7.91708	8.00031	7.8867
0.010375	7.69327	7.79124	8.02098	7.94574	8.07187	7.88177
0.0105125	7.94375	7.96779	7.9453	7.72759	7.94005	7.79342
0.01065	7.86494	7.9142	7.80014	7.72088	7.9886	7.82016
0.0108	7.89575	7.70155	7.74762	7.8493	7.93541	7.76111
0.0109375	7.85723	7.87282	7.85985	7.62983	7.97941	7.89684
0.0110875	7.74072	7.92527	7.98556	7.69277	8.14069	7.87344
0.0112375	7.86227	7.85238	7.69492	7.93981	7.97138	7.83306
0.011375	7.86959	7.74971	7.75613	7.96418	7.959	7.91949
0.011525	7.88765	7.80512	7.76144	7.92252	7.96306	8.00174
0.011675	7.98342	7.8568	7.70317	7.80416	7.79666	7.82898
0.011825	7.90055	7.82813	7.98477	7.84247	7.93543	7.97322
0.011975	7.98234	7.79015	7.97354	7.76844	7.93195	8.10899
0.012125	7.89955	7.93647	7.93275	7.81384	7.98365	7.93936
0.0122875	7.8889	7.81764	7.78438	7.81469	7.88282	7.83365
0.0124375	7.96268	7.76471	7.79638	7.71884	7.73026	7.95317
0.0126	8.03233	7.77362	7.82238	7.72683	7.83823	7.94862
0.01275	7.94552	7.86029	7.80578	7.95577	7.69936	7.9485
0.0129125	7.91758	7.86182	7.86181	7.79668	7.66451	7.98493
0.0130625	7.81173	7.89043	7.79869	7.79164	7.6293	7.87425
0.013225	7.83019	7.84991	7.88112	7.84896	7.66414	7.9973
0.0133875	7.90304	7.82105	7.86114	7.77435	7.95566	7.99762
0.01355	7.84604	7.7528	7.76055	7.77962	7.95153	7.94478
0.0137125	7.88368	7.78647	7.83119	7.66649	8.02864	7.77461
0.013875	7.99743	7.79111	7.94133	7.86835	7.88553	7.8325
0.0140375	7.8405	7.70196	7.8525	7.79514	7.73441	7.74884
0.0142125	8.0609	7.84321	7.78225	7.84406	7.77928	7.93932
0.014375	8.00646	7.71789	7.79011	7.78373	7.97969	7.81947
0.01455	8.00298	7.66789	7.75717	7.71352	7.9672	7.82226
0.0147125	7.85731	7.79408	7.8722	7.6766	7.87602	7.90889
0.0148875	7.87994	7.87291	7.69181	7.79133	7.94983	7.87725
0.0150625	7.66556	7.64235	7.69495	7.72351	7.92119	7.84847
0.0152375	7.65044	7.8745	7.64847	7.72453	7.88484	7.95162
0.0154125	7.85304	7.70285	7.62065	7.72334	7.93931	7.81009
0.0155875	7.67596	7.67856	7.94378	7.56077	7.79783	7.89246
0.0157625	7.81094	7.85297	7.83226	7.63265	7.80227	7.92926
0.0159375	7.82861	7.80585	7.67322	7.69327	7.94213	7.97384
0.016125	7.9924	7.61144	7.83888	7.78358	7.75795	7.72492
0.0163	7.75174	7.77739	7.97457	7.75913	7.85449	7.62963
0.0164875	7.8409	7.94818	7.88314	7.61926	7.87188	7.70664
0.0166625	7.83932	7.80655	7.973	7.62772	7.89894	7.79386
0.01685	7.72534	7.75316	7.76706	7.78313	7.72002	7.85127
0.0170375	7.66204	7.71668	7.71019	7.8003	7.75007	7.93929
0.017225	7.76667	7.73319	8.00883	7.73	7.84047	7.85082
0.0174125	7.77931	7.72358	7.95633	7.72602	7.8953	7.78118
0.0176	7.78111	7.60992	7.79132	7.72824	7.80852	7.93417
0.0178	7.8876	7.79205	7.82619	7.82244	7.7978	7.88299
0.0179875	7.73445	7.65039	7.80788	7.93057	7.8686	7.7292
0.0181875	7.90453	7.71749	7.7229	7.81594	7.73423	7.83728
0.018375	7.90643	7.74645	7.8211	7.64043	7.68644	7.90431
0.018575	7.82341	7.7694	7.93216	7.90375	7.7159	7.80181
0.018775	7.71205	7.74649	7.88797	7.7265	7.70093	7.84052
0.018975	7.94619	7.66081	7.72437	7.70129	7.78922	7.77611
0.019175	7.84485	7.70447	7.62017	7.75574	7.92434	7.75623
0.019375	7.74013	7.76677	7.6582	7.86799	7.68603	7.68031
0.019575	7.73637	7.84718	7.72976	7.75158	7.75845	7.75642
0.0197875	7.77277	7.72218	7.73338	7.74319	7.65991	7.81523
0.0199875	7.64183	7.55572	7.70237	7.73285	7.79815	7.84343
0.0202	7.78159	7.62764	7.92658	7.56565	7.7766	7.84089
0.0204125	7.847	7.63827	7.77889	7.64034	7.74173	7.83617
0.020625	7.80193	7.64002	7.64214	7.57347	7.70537	7.71585
0.0208375	7.7012	7.6495	7.68349	7.63668	7.82024	7.94191
0.02105	7.65104	7.67601	7.66656	7.63819	7.71409	7.68451
0.0212625	7.79876	7.63796	7.67498	7.77992	7.66957	7.79864
0.021475	7.68996	7.73615	7.63998	7.63479	7.73421	7.77765
0.0217	7.6897	7.75386	7.78708	7.66019	7.82058	7.93327
0.0219125	7.75083	7.61843	7.69183	7.72475	7.79174	8.0533
0.0221375	7.81366	7.76301	7.89831	7.68032	7.79988	7.72115
0.0223625	7.85996	7.73085	7.79228	7.69042	7.85035	7.7439
0.0225875	7.61745	7.9051	7.71984	7.77443	7.7687	7.83654
0.0228125	7.84551	7.65476	7.79204	7.66846	7.71166	7.70986
0.0230375	7.70222	7.55715	7.70556	7.61931	7.71375	7.83369
0.0232625	7.7684	7.55077	7.75297	7.72796	7.64959	7.87301
0.0235	7.80069	7.57908	7.78568	7.72252	7.89279	7.77251
0.023725	7.77885	7.76143	7.71239	7.78804	7.69825	7.75713
0.0239625	7.71794	7.68784	7.6315	7.72268	7.87239	7.66003
0.0242	7.8219	7.49525	7.71843	7.71862	7.9319	7.86062
0.0244375	7.82249	7.56443	7.78426	7.72154	7.954	7.89104
0.024675	7.70242	7.67309	7.61056	7.66084	7.69021	7.7801
0.0249125	7.77334	7.7379	7.74928	7.72541	7.83317	7.68173
0.02515	7.70352	7.70167	7.69137	7.75637	7.77247	7.71554
0.0254	7.65568	7.52123	7.61117	7.71719	7.76245	7.64721
0.02565	7.74258	7.48903	7.71796	7.61288	7.83109	7.84449
0.0258875	7.75127	7.6233	7.63942	7.61776	7.70389	7.60669
0.0261375	7.84013	7.71817	7.70181	7.54983	7.73137	7.84419
0.0263875	7.72966	7.71017	7.77347	7.56799	7.73487	7.59265
0.02665	7.82886	7.68508	7.54918	7.6648	7.66375	7.69785
0.0269	7.67966	7.52903	7.60688	7.65695	7.65179	7.69357
0.02715	7.73976	7.67534	7.66917	7.6379	7.79238	7.64381
0.0274125	7.75861	7.62159	7.65053	7.64514	7.78477	7.66072
0.027675	7.69822	7.53263	7.59354	7.63954	7.79056	7.7657
0.0279375	7.76609	7.6892	7.6781	7.50671	7.70813	7.78603
0.0282	7.61412	7.61171	7.63403	7.5799	7.84895	7.69152
0.0284625	7.79059	7.88284	7.54417	7.50092	7.74476	7.6632
0.028725	7.74727	7.87097	7.65335	7.70756	7.74784	7.57949
0.029	7.76846	7.62306	7.60813	7.71624	7.86847	7.69935
0.0292625	7.64053	7.73952	7.73417	7.51783	7.82172	7.69801
0.0295375	7.56996	7.69496	7.67064	7.64233	7.69666	7.67279
0.0298125	7.80511	7.69369	7.84388	7.70422	7.74735	7.6603
0.0300875	7.80786	7.58273	7.59441	7.62313	7.78296	7.58651
0.0303625	7.70292	7.6351	7.70717	7.58782	7.60998	7.61871
0.03065	7.70257	7.70407	7.7608	7.54463	7.67567	7.6586
0.030925	7.67287	7.56001	7.58488	7.53855	7.62835	7.69685
0.0312125	7.68634	7.53394	7.56244	7.55762	7.58596	7.653
0.0315	7.55946	7.68341	7.63679	7.58589	7.603	7.62366
0.0317875	7.6099	7.67558	7.66329	7.63946	7.70964	7.77529
0.032075	7.55324	7.64651	7.53857	7.56306	7.56637	7.61827
0.0323625	7.5847	7.54338	7.44823	7.50463	7.63052	7.65585
0.0326625	7.61287	7.66981	7.48192	7.48911	7.60728	7.78131
0.03295	7.6325	7.57081	7.56704	7.67639	7.76952	7.54385
0.03325	7.65062	7.66514	7.54631	7.61392	7.64631	7.61009
0.03355	7.57694	7.55244	7.64258	7.50268	7.64811	7.68355
0.03385	7.68198	7.79114	7.57259	7.68612	7.74274	7.62017
0.0341625	7.81788	7.65739	7.57995	7.63734	7.78778	7.6922
0.0344625	7.58709	7.5474	7.62987	7.70061	7.69948	7.77477
0.034775	7.59967	7.58605	7.61054	7.54885	7.69261	7.60104
0.0350875	7.62132	7.71142	7.67606	7.52064	7.67452	7.68986
0.0354	7.56044	7.63721	7.63263	7.59325	7.77703	7.61905
0.0357125	7.58417	7.55218	7.58287	7.82889	7.637	7.69392
0.036025	7.57824	7.54733	7.62395	7.6072	7.60585	7.82958
0.03635	7.63413	7.53192	7.49618	7.57706	7.77786	7.63479
0.0366625	7.50799	7.5173	7.49037	7.68318	7.68893	7.73457
0.0369875	7.68619	7.60381	7.5297	7.47331	7.65528	7.55366
0.0373125	7.58083	7.65193	7.56597	7.52211	7.60509	7.50956
0.0376375	7.6546	7.64518	7.50871	7.58619	7.65933	7.54858
0.037975	7.72361	7.51967	7.61422	7.58277	7.68018	7.61862
0.0383	7.59465	7.58731	7.45076	7.61578	7.77818	7.40704
0.0386375	7.62641	7.51582	7.59897	7.56701	7.72104	7.4749
0.038975	7.66336	7.56904	7.57003	7.59655	7.78358	7.74928
0.0393125	7.6206	7.58433	7.50322	7.52093	7.58432	7.69729
0.0396625	7.52463	7.59621	7.70296	7.4956	7.71689	7.61625
0.04	7.70394	7.53971	7.58978	7.57324	7.53944	7.63155
0.04035	7.72593	7.57628	7.7996	7.58271	7.68586	7.59346
0.0407	7.52508	7.58409	7.52204	7.51022	7.71955	7.72889
0.04105	7.77521	7.56111	7.45013	7.55699	7.6228	7.5825
0.0414	7.40957	7.61965	7.55445	7.52468	7.64883	7.57603
0.0417625	7.5494	7.49399	7.56492	7.58341	7.6069	7.67844
0.042125	7.58491	7.54903	7.62728	7.50843	7.53121	7.57449
0.042475	7.48715	7.63241	7.48984	7.62978	7.50441	7.52948
0.04285	7.45583	7.57824	7.50367	7.60067	7.62126	7.68983
0.0432125	7.58545	7.6212	7.44199	7.59675	7.58393	7.60711
0.043575	7.63411	7.50589	7.53167	7.47901	7.6109	7.57588
0.04395	7.6056	7.35614	7.59643	7.57444	7.57709	7.47787
0.044325	7.61906	7.41546	7.46463	7.49479	7.53008	7.49489
0.0447	7.6098	7.46717	7.48236	7.37421	7.57672	7.6368
0.045075	7.49119	7.44779	7.4342	7.47373	7.71403	7.55744
0.0454625	7.62065	7.50201	7.46892	7.55504	7.6039	7.58823
0.04585	7.54205	7.53895	7.62479	7.52954	7.54694	7.65348
0.0462375	7.54291	7.4853	7.53099	7.52191	7.52148	7.53355
0.046625	7.60727	7.483	7.394	7.51286	7.64901	7.61729
0.0470125	7.47903	7.51835	7.4596	7.57667	7.55135	7.62301
0.0474125	7.444	7.42585	7.40462	7.44135	7.6004	7.50056
0.0478125	7.46456	7.53765	7.50346	7.53332	7.44431	7.52114
0.0482125	7.45335	7.55689	7.41954	7.55272	7.46103	7.57829
0.0486125	7.41086	7.46542	7.43078	7.60114	7.50945	7.57695
0.049025	7.58398	7.42192	7.46343	7.41142	7.64444	7.66493
0.049425	7.46	7.50135	7.4612	7.56887	7.5996	7.56782
0.0498375	7.45369	7.49022	7.42123	7.43757	7.6657	7.56685
0.05025	7.48027	7.47128	7.50344	7.53087	7.52245	7.57517
0.050675	7.39272	7.41406	7.35501	7.53741	7.48315	7.46623
0.0511	7.38768	7.44622	7.56081	7.49667	7.62079	7.50431
0.0515125	7.48696	7.54343	7.48596	7.45314	7.53808	7.49272
0.05195	7.57528	7.36782	7.5198	7.54575	7.55056	7.56761
0.052375	7.59961	7.41508	7.46531	7.43238	7.63235	7.4793
0.0528	7.50965	7.47008	7.56421	7.34721	7.57168	7.42293
0.0532375	7.44906	7.50749	7.37737	7.40549	7.55277	7.44657
0.053675	7.47383	7.31782	7.45434	7.37627	7.47889	7.51894
0.054125	7.39247	7.44723	7.46522	7.4247	7.46785	7.42234
0.0545625	7.4327	7.47035	7.44012	7.36144	7.52166	7.53138
0.0550125	7.35713	7.44601	7.49455	7.45435	7.45648	7.47195
0.0554625	7.55281	7.4266	7.4348	7.52484	7.50696	7.49316
0.0559125	7.35428	7.51902	7.47425	7.49966	7.5821	7.34763
0.056375	7.56109	7.45319	7.42546	7.37084	7.43221	7.40679
0.0568375	7.50467	7.56577	7.54566	7.46067	7.46826	7.43727
0.0573	7.52665	7.42481	7.44698	7.61471	7.58709	7.42657
0.0577625	7.32262	7.36938	7.45274	7.47458	7.44677	7.58259
0.0582375	7.44704	7.3614	7.35034	7.41344	7.63964	7.48043
0.0587125	7.48328	7.44734	7.3405	7.34292	7.4186	7.46187
0.0591875	7.3738	7.37998	7.42074	7.46208	7.44849	7.36688
0.0596625	7.42315	7.52783	7.37267	7.46467	7.37614	7.45852
0.06015	7.43538	7.51776	7.3384	7.45274	7.50481	7.398
0.0606375	7.45045	7.39874	7.4761	7.39253	7.47097	7.39912
0.061125	7.41888	7.5347	7.3268	7.42225	7.42434	7.43504
0.0616125	7.4249	7.40095	7.41893	7.42702	7.51994	7.43304
0.0621125	7.48342	7.39728	7.43166	7.39068	7.47246	7.41466
0.0626125	7.43681	7.37498	7.43806	7.44959	7.3697	7.55139
0.0631125	7.33928	7.37331	7.38022	7.41283	7.44868	7.47616
0.063625	7.4114	7.42528	7.36087	7.36632	7.45668	7.46158
0.064125	7.50313	7.42089	7.31808	7.33942	7.4554	7.49007
0.06465	7.38265	7.3907	7.16255	7.36106	7.44689	7.37728
0.0651625	7.42171	7.43606	7.34095	7.28391	7.33573	7.40892
0.0656875	7.38466	7.41963	7.3895	7.38252	7.43933	7.38561
0.0662125	7.33012	7.35133	7.44866	7.42453	7.45197	7.47987
0.0667375	7.25794	7.37721	7.32793	7.33305	7.50672	7.44237
0.0672625	7.36432	7.38404	7.44667	7.35505	7.41368	7.42485
0.0678	7.36919	7.37362	7.30281	7.40023	7.40707	7.52375
0.0683375	7.36073	7.28107	7.37676	7.42408	7.42937	7.36898
0.0688875	7.37525	7.44888	7.46498	7.4182	7.30091	7.42559
0.0694375	7.36085	7.35684	7.50564	7.303	7.33187	7.50161
0.0699875	7.37674	7.32459	7.26974	7.35194	7.35759	7.35103
0.0705375	7.32891	7.17238	7.31887	7.30553	7.37767	7.41143
0.0711	7.31225	7.38402	7.33922	7.34631	7.36768	7.37565
0.0716625	7.36335	7.34391	7.27662	7.28695	7.30094	7.4007
0.072225	7.30088	7.40682	7.34369	7.28235	7.39054	7.43979
0.0728	7.3417	7.31955	7.37767	7.39604	7.37213	7.33079
0.0733625	7.38063	7.35979	7.28729	7.44281	7.36278	7.35563
0.07395	7.36154	7.25438	7.27125	7.28787	7.38708	7.3357
0.074525	7.40373	7.37709	7.32399	7.2814	7.36093	7.40598
0.0751125	7.32807	7.39189	7.20821	7.30849	7.39177	7.40382
0.0757	7.33009	7.33205	7.17393	7.35154	7.3962	7.33281
0.0763	7.2194	7.30806	7.25759	7.31028	7.34003	7.3898
0.0769	7.30792	7.33364	7.28008	7.36325	7.2884	7.31557
0.0775	7.30165	7.25368	7.27484	7.25774	7.33683	7.37023
0.0781	7.2657	7.3152	7.27675	7.31224	7.29846	7.29485
0.0787125	7.31441	7.32897	7.36824	7.3528	7.29666	7.23857
0.079325	7.32014	7.32086	7.33702	7.28062	7.42715	7.40353
0.07995	7.27365	7.34012	7.2932	7.23968	7.29399	7.33051
0.080575	7.20476	7.29492	7.25016	7.27253	7.25381	7.32467
0.0812	7.23981	7.38737	7.20353	7.23693	7.29551	7.39062
0.0818375	7.26403	7.29914	7.25879	7.26831	7.23993	7.32845
0.082475	7.28442	7.20866	7.21028	7.26605	7.35026	7.35156
0.0831125	7.33228	7.2157	7.29605	7.18315	7.31056	7.37465
0.08375	7.23689	7.24829	7.36395	7.28247	7.27347	7.30006
0.0844	7.24257	7.34192	7.3441	7.25642	7.31451	7.42536
0.0850625	7.29899	7.25808	7.36169	7.33762	7.29569	7.24021
0.085725	7.24979	7.29261	7.20537	7.28406	7.18039	7.27137
0.0863875	7.18637	7.2834	7.19762	7.33875	7.32508	7.30904
0.08705	7.25537	7.24365	7.17094	7.29438	7.26933	7.21948
0.087725	7.15341	7.17437	7.2164	7.22871	7.25356	7.32049
0.0884	7.22205	7.28506	7.31295	7.18212	7.23105	7.22209
0.0890875	7.22446	7.16022	7.26579	7.25273	7.31955	7.23943
0.089775	7.26484	7.29089	7.19908	7.33333	7.16832	7.32681
0.0904625	7.2986	7.2541	7.27577	7.24045	7.25735	7.30206
0.0911625	7.17571	7.23377	7.22163	7.3004	7.35389	7.32878
0.0918625	7.32144	7.19448	7.23805	7.19307	7.26447	7.28663
0.0925625	7.18201	7.26456	7.17389	7.18307	7.26242	7.27701
0.093275	7.25337	7.26904	7.30589	7.21978	7.32267	7.12203
0.0939875	7.26961	7.29672	7.165	7.30901	7.1731	7.2389
0.0947125	7.22738	7.18179	7.11865	7.22677	7.27456	7.34198
0.0954375	7.28147	7.11984	7.21903	7.21856	7.22152	7.28155
0.096175	7.26421	7.23357	7.29789	7.20462	7.24562	7.19829
0.0969	7.12018	7.17484	7.29242	7.16556	7.23325	7.27999
0.09765	7.18607	7.18555	7.16666	7.22303	7.22068	7.17417
0.0983875	7.06371	7.19867	7.1414	7.23356	7.24184	7.31909
0.09915	7.14581	7.18871	7.19273	7.24674	7.24006	7.30385
0.0999	7.28723	7.1873	7.12327	7.21802	7.20338	7.27789
0.100662	7.15991	7.22047	7.22234	7.15786	7.19582	7.17751
0.101425	7.15285	7.22547	7.16601	7.21302	7.21036	7.20319
0.1022	7.24178	7.18491	7.1828	7.14185	7.22102	7.19205
0.102975	7.11674	7.17298	7.18322	7.17361	7.19009	7.21432
0.103762	7.1614	7.17024	7.20174	7.16082	7.21667	7.1387
0.10455	7.11808	7.1937	7.1573	7.18411	7.19037	7.20662
0.10535	7.11545	7.16351	7.10355	7.09454	7.25299	7.19535
0.10615	7.17789	7.17776	7.08491	7.16268	7.20021	7.15475
0.10695	7.15014	7.17112	7.08291	7.14932	7.20839	7.18103
0.107763	7.15726	7.15092	7.2058	7.16368	7.14156	7.19088
0.108575	7.17329	7.12423	7.15699	7.14703	7.18311	7.22329
0.1094	7.18646	7.17642	7.14051	7.08724	7.23526	7.14671
0.110225	7.25385	7.16479	7.15979	7.17908	7.17638	7.13645
0.111062	7.10079	7.10734	7.15636	7.10476	7.18137	7.06682
0.1119	7.09494	7.12278	7.12325	7.13283	7.1845	7.14935
0.11275	7.18641	7.12466	7.0503	7.22057	7.21442	7.21228
0.1136	7.1521	7.16246	7.1382	7.16418	7.16796	7.1908
0.11445	7.11534	7.09407	7.18449	7.06693	7.08922	7.18479
0.115313	7.16775	7.14363	7.08873	7.1195	7.13494	7.11316
0.116187	7.14431	7.12699	7.09974	7.08677	7.08545	7.09492
0.117063	7.13011	7.09182	7.18413	7.08558	7.17129	7.15208
0.117937	7.15021	7.11373	7.04611	7.13172	7.13	7.05702
0.118825	7.1037	7.13904	7.01122	7.11204	7.19074	7.20208
0.119713	7.10449	7.1164	7.13394	7.14275	7.10565	7.19849
0.120613	7.15314	7.13195	7.00365	7.03412	7.15147	7.08149
0.121525	7.09767	7.13695	7.1456	7.14488	7.17809	7.17044
0.122437	7.16779	7.0591	7.02612	7.14628	7.0716	7.13293
0.12335	7.07515	7.00858	7.1238	7.03558	7.13549	7.1108
0.124275	7.07091	7.14935	7.09228	7.07954	7.1418	7.21468
0.125213	7.09211	7.08965	7.09139	7.09509	7.16678	7.11969
0.12615	7.02795	7.04259	7.02888	7.06	7.12198	7.05727
0.127088	7.0524	7.04821	7.03441	7.00663	7.16854	7.14148
0.128037	7.09239	7.10242	6.99264	7.1029	7.1142	7.12377
0.129	7.03525	7.05571	6.95699	7.09708	7.0554	7.13845
0.129963	7.04644	7.09319	7.13743	7.08526	7.1519	7.14463
0.130925	7.13847	7.09374	7.09732	7.03346	7.15902	7.04395
0.1319	7.07486	7.13283	7.01944	7.10456	7.0553	7.11472
0.132887	7.06183	7.05722	7.0421	7.1094	7.13099	7.11404
0.133875	7.02823	6.98813	7.05933	7.06424	7.12763	7.07699
0.134875	7.01825	7.04884	7.07671	7.07249	7.09348	7.12155
0.135888	7.07713	7.06654	7.11396	7.04007	7.08754	7.09567
0.136888	7.1064	7.08224	7.12363	7.06897	7.07686	7.10627
0.137912	7.0393	7.03574	7.02692	7.00233	7.09628	7.11137
0.138938	7.07815	7.08824	7.04687	7.06315	7.06696	7.05849
0.139962	7.04963	7.06956	7.08604	7.0488	7.12352	7.11955
0.141013	7.06435	7.14889	7.08919	7.038	7.07596	7.08959
0.14205	7.00293	7.05049	7.06628	7.01893	7.06038	7.02916
0.143112	7.00851	7.03411	7.00505	7.03459	7.06686	7.05643
0.144175	7.04401	7.07179	6.96456	7.05481	7.0994	7.03142
0.145238	7.02825	7.09682	7.01374	7.00394	7.05965	7.0614
0.146313	7.05525	7.04821	6.94895	6.99468	6.94844	7.12729
0.1474	6.96224	7.05981	6.98349	7.03937	7.03521	7.07915
0.148487	7.07056	7.04498	6.99093	7.03326	7.02596	7.13569
0.149587	7.07567	7.01837	6.94876	6.97746	7.06821	6.96873
0.1507	6.93863	7.02239	6.98606	7.01635	7.07125	7.06493
0.151812	6.96	6.9862	6.99026	6.94877	7.00138	6.98633
0.152925	6.9912	6.99086	6.9779	6.99251	7.0441	7.07234
0.154062	6.96504	7.00717	6.96455	6.9868	7.01447	7.08015
0.1552	6.9679	7.02849	7.0185	6.99928	7.06093	7.02677
0.156337	6.99689	7.0082	6.93462	7.00511	7.00235	7.035
0.1575	7.01055	7.01596	6.92072	6.99633	7.03732	6.95937
0.15865	6.98804	6.98815	6.9461	6.94488	7.06346	7.03142
0.159825	6.9815	6.99292	6.94952	7.00173	7.03676	7.05362
0.161	6.90877	6.99338	6.98824	6.99049	7.05196	7.03796
0.162188	6.9547	6.9776	6.93615	6.9267	7.0294	7.05655
0.163375	6.96734	6.98129	6.97099	7.00954	6.96427	7.00077
0.164587	6.97122	6.98565	6.91045	6.98267	6.97338	6.97485
0.165788	6.9177	6.96311	7.03526	6.92181	6.98698	6.98739
0.167012	6.99091	6.90338	6.93946	6.93522	6.9448	6.93988
0.168238	6.96705	7.00074	6.92323	6.91218	7.01323	6.91553
0.169475	7.03425	6.94764	6.93816	6.928	7.06272	7.08612
0.170713	7.01741	6.89213	6.95755	6.95197	6.96413	6.95269
0.171975	6.94819	6.93155	6.9406	6.99104	6.99756	7.01908
0.173238	6.98182	6.89438	6.86465	6.88414	6.92641	6.92469
0.1745	6.95048	6.99176	6.93052	6.98015	6.95259	6.98518
0.175775	6.9477	6.8896	6.94907	6.96912	6.97685	7.03454
0.177062	6.99453	6.90266	6.9171	6.90445	6.98046	6.99345
0.178363	6.96576	6.925	6.90552	6.91002	6.99182	6.95686
0.179675	6.95185	6.9236	6.90532	7.0013	6.984	6.90591
0.180988	6.94667	6.91489	6.94235	6.95444	6.95337	6.99239
0.182313	6.93914	6.93853	6.78875	6.91961	6.87779	6.91105
0.183637	6.88043	6.90211	6.93751	6.84393	6.96404	6.98168
0.184988	6.93731	6.92845	6.85406	6.91438	6.94326	6.95375
0.186338	6.93838	6.98081	6.91059	6.90508	6.99788	6.92535
0.1877	6.95115	6.86972	6.93009	6.92723	6.93292	6.92795
0.189063	7.01916	6.89049	6.90337	6.93323	6.88947	6.95519
0.19045	6.89748	6.84876	6.93047	6.88522	6.93532	6.9575
0.191838	6.94604	6.88687	6.88422	6.88929	6.94172	6.93865
0.193237	6.95151	6.90369	6.91284	6.9326	6.89368	6.97289
0.19465	6.87461	6.89884	6.91623	6.90102	6.94559	6.86884
0.196063	6.93347	6.87452	6.83662	6.93466	6.92969	6.94984
0.197488	6.89392	6.90665	6.87645	6.84059	6.89223	6.8973
0.198925	6.85858	6.88963	6.91569	6.92864	6.98202	6.89119
0.200375	6.93183	6.89054	6.813	6.88146	6.96948	6.88702
0.201837	6.91164	6.93773	6.81938	6.86648	6.98537	6.93991
0.2033	6.87578	6.92728	6.89039	6.92631	6.94049	6.9913
0.204787	6.88971	6.86477	6.85054	6.84644	6.90457	6.87055
0.206275	6.84146	6.90715	6.88365	6.8432	6.8666	6.89261
0.207775	6.88121	6.83416	6.89789	6.86239	6.87942	6.88933
0.209275	6.88367	6.8788	6.86494	6.87678	6.87768	6.91529
0.2108	6.89163	6.84919	6.88674	6.87976	6.89194	6.90767
0.212325	6.84099	6.88648	6.87632	6.8535	6.87514	6.91255
0.213875	6.94031	6.85082	6.83009	6.84608	6.92699	6.86905
0.215425	6.9032	6.87245	6.81325	6.78845	6.927	6.8943
0.216988	6.82737	6.83166	6.83435	6.89695	6.83304	6.87106
0.218562	6.87078	6.94518	6.80248	6.89365	6.84866	6.92104
0.22015	6.91685	6.77467	6.84642	6.79297	6.90859	6.92861
0.221738	6.83866	6.80108	6.8144	6.83546	6.89608	6.93041
0.22335	6.81164	6.82474	6.83165	6.88889	6.90447	6.86824
0.224963	6.83978	6.90715	6.8499	6.86639	6.91479	6.90885
0.226588	6.87367	6.86997	6.79831	6.83775	6.90016	6.91374
0.228237	6.85322	6.86421	6.77431	6.85143	6.85321	6.7919
0.229888	6.84969	6.86665	6.83753	6.83088	6.85295	6.93759
0.23155	6.85371	6.80781	6.83446	6.77932	6.88435	6.86196
0.233225	6.85085	6.80978	6.79564	6.78755	6.86318	6.86707
0.234912	6.86026	6.86614	6.76685	6.78886	6.88123	6.84256
0.2366	6.84858	6.78311	6.81653	6.80752	6.82722	6.84596
0.238312	6.86064	6.82288	6.78666	6.81946	6.82826	6.81727
0.240038	6.80626	6.83126	6.79347	6.82149	6.86283	6.86105
0.241763	6.85516	6.805	6.83354	6.87409	6.85249	6.89428
0.243512	6.84868	6.83051	6.85207	6.85512	6.84554	6.87228
0.245275	6.85973	6.82495	6.78726	6.87349	6.85043	6.8045
0.247038	6.86652	6.7941	6.7982	6.85019	6.80004	6.91564
0.248825	6.86412	6.80543	6.7681	6.77836	6.8543	6.81566
0.250612	6.82078	6.82071	6.76727	6.76738	6.79714	6.85389
0.252425	6.84024	6.79806	6.83364	6.79276	6.84554	6.84605
0.254238	6.84253	6.82405	6.77256	6.86432	6.84285	6.78713
0.256075	6.80742	6.8095	6.792	6.7914	6.85348	6.83865
0.257912	6.79991	6.79499	6.7755	6.73762	6.8255	6.85653
0.259775	6.83193	6.81067	6.79553	6.75955	6.85826	6.77643
0.26165	6.78516	6.80313	6.83129	6.71693	6.75221	6.84343
0.263525	6.78355	6.77475	6.79024	6.78865	6.80594	6.8203
0.265425	6.79305	6.7413	6.76272	6.74744	6.83213	6.78571
0.267338	6.77247	6.7627	6.74558	6.78871	6.84742	6.89594
0.26925	6.77033	6.80021	6.7603	6.74968	6.76286	6.82444
0.271188	6.76981	6.75632	6.76893	6.7326	6.83729	6.76726
0.273138	6.82666	6.77159	6.72521	6.75978	6.85925	6.75401
0.2751	6.83146	6.78451	6.72968	6.74965	6.81967	6.83804
0.277075	6.81144	6.79264	6.76124	6.76966	6.82941	6.77456
0.279063	6.76896	6.73661	6.75406	6.70927	6.80583	6.78534
0.281075	6.71992	6.74135	6.77087	6.75585	6.80976	6.82334
0.283087	6.77906	6.75273	6.77578	6.74107	6.76606	6.78142
0.285125	6.74381	6.73033	6.80179	6.7148	6.8103	6.87017
0.287163	6.79743	6.8205	6.7461	6.78377	6.79163	6.81955
0.289225	6.78153	6.71189	6.78938	6.72542	6.81391	6.77724
0.2913	6.77233	6.74089	6.68881	6.68301	6.7671	6.77089
0.293388	6.81955	6.79856	6.72915	6.72783	6.81231	6.77539
0.295487	6.80826	6.77992	6.75707	6.72349	6.76281	6.76467
0.297612	6.78302	6.74308	6.7399	6.70818	6.79375	6.79038
0.299738	6.72634	6.71518	6.71733	6.77714	6.77777	6.76639
0.301888	6.79141	6.77569	6.70353	6.83212	6.80613	6.73352
0.30405	6.74284	6.73251	6.7355	6.75107	6.75334	6.77704
0.306225	6.75645	6.69221	6.70334	6.68127	6.7849	6.74099
0.308425	6.73305	6.74839	6.70858	6.69531	6.76903	6.79282
0.310625	6.82262	6.67783	6.71953	6.75843	6.75036	6.74491
0.31285	6.70728	6.76151	6.72328	6.70749	6.74598	6.78302
0.315087	6.71578	6.73111	6.73905	6.73662	6.7865	6.71113
0.317338	6.79878	6.73206	6.71175	6.71147	6.76153	6.78475
0.319613	6.72309	6.73722	6.73759	6.68833	6.70852	6.78263
0.3219	6.76463	6.75772	6.76979	6.70002	6.76015	6.75093
0.3242	6.76066	6.75991	6.67963	6.69351	6.77007	6.78092
0.326512	6.74059	6.69979	6.7241	6.74147	6.78342	6.73851
0.32885	6.76292	6.7193	6.66155	6.73027	6.78317	6.78374
0.331187	6.74784	6.67889	6.67901	6.72248	6.76454	6.78107
0.333562	6.71513	6.71183	6.695	6.72663	6.7124	6.7652
0.335938	6.70108	6.7281	6.70051	6.75509	6.67889	6.75733
0.338338	6.73845	6.71796	6.70956	6.69305	6.74235	6.75591
0.34075	6.67536	6.68764	6.7097	6.66931	6.75037	6.72652
0.343188	6.73184	6.72984	6.6826	6.69996	6.76274	6.78274
0.345638	6.72858	6.71387	6.65037	6.68524	6.75104	6.76935
0.3481	6.73594	6.71482	6.73124	6.72301	6.76459	6.76072
0.350575	6.7408	6.73042	6.67444	6.71415	6.79237	6.73307
0.353075	6.63922	6.75227	6.67858	6.70338	6.71981	6.72141
0.3556	6.71507	6.70912	6.67968	6.70679	6.73007	6.7337
0.358125	6.74215	6.71647	6.7105	6.68667	6.74208	6.72228
0.360675	6.729	6.76699	6.70928	6.67982	6.74147	6.71072
0.36325	6.68816	6.69879	6.70082	6.68151	6.76687	6.73762
0.365838	6.69989	6.6918	6.67617	6.65753	6.7012	6.70148
0.368437	6.68008	6.67656	6.70099	6.69036	6.70246	6.76712
0.371062	6.73403	6.73087	6.63145	6.67349	6.72089	6.78962
0.373713	6.70676	6.72322	6.72558	6.66885	6.73615	6.70327
0.376363	6.66085	6.70961	6.67398	6.6564	6.74369	6.70073
0.37905	6.68276	6.69361	6.67586	6.69249	6.74944	6.75486
0.381738	6.69974	6.64968	6.67005	6.70806	6.73796	6.72494
0.384463	6.77082	6.69584	6.65316	6.67941	6.65659	6.76234
0.387188	6.73742	6.7043	6.69579	6.6472	6.69226	6.72912
0.38995	6.7616	6.67045	6.67954	6.69974	6.69417	6.70797
0.392713	6.71972	6.67971	6.63911	6.65598	6.73347	6.72486
0.395512	6.68554	6.69652	6.64385	6.63602	6.63995	6.74412
0.398325	6.70497	6.68229	6.67625	6.70284	6.68154	6.70764
0.40115	6.69504	6.66342	6.68263	6.67018	6.69485	6.71031
0.404	6.68341	6.65273	6.67599	6.68205	6.70343	6.74708
0.406875	6.71341	6.69224	6.65096	6.67764	6.73935	6.76351
0.409763	6.6926	6.66864	6.67478	6.70427	6.71676	6.72164
0.412663	6.66487	6.6858	6.67007	6.646	6.70668	6.70249
0.4156	6.6901	6.69791	6.67224	6.67624	6.68157	6.78331
0.41855	6.7301	6.67027	6.68415	6.69302	6.69032	6.71562
0.421525	6.71429	6.65684	6.64524	6.6538	6.67439	6.72451
0.424513	6.69875	6.62265	6.62244	6.6423	6.65399	6.69188
0.427525	6.64159	6.67258	6.64444	6.64994	6.69209	6.75395
0.43055	6.66807	6.70357	6.66443	6.67997	6.71669	6.67764
0.433612	6.67083	6.68288	6.65967	6.63159	6.68768	6.68795
0.436687	6.67991	6.68713	6.66679	6.67293	6.71547	6.72341
0.439775	6.67475	6.65104	6.62118	6.69031	6.69959	6.73207
0.4429	6.66827	6.66727	6.644	6.65835	6.69049	6.7043
0.446038	6.70785	6.6634	6.64563	6.6476	6.749	6.73237
0.4492	6.71929	6.61514	6.65171	6.64712	6.69391	6.71458
0.452375	6.65761	6.66124	6.67111	6.65999	6.67482	6.69659
0.455588	6.67304	6.68548	6.63973	6.65918	6.62786	6.74168
0.458813	6.69637	6.65413	6.64773	6.64852	6.73636	6.67709
0.462063	6.68735	6.64162	6.64539	6.68732	6.6585	6.69645
0.465338	6.67591	6.64996	6.63717	6.67054	6.69877	6.69209
0.468625	6.66529	6.64438	6.63407	6.69774	6.69806	6.7065
0.47195	6.68451	6.67708	6.64584	6.65162	6.6879	6.73687
0.475287	6.67918	6.68359	6.63555	6.64475	6.65208	6.7037
0.47865	6.72673	6.68373	6.66231	6.65029	6.67917	6.69524
0.482038	6.66472	6.64292	6.64017	6.64443	6.70553	6.73847
0.48545	6.66437	6.68772	6.62081	6.66886	6.67658	6.69098
0.488887	6.65735	6.64817	6.60048	6.62636	6.66977	6.67248
0.492337	6.65825	6.62959	6.62567	6.66972	6.64409	6.71589
0.495825	6.67019	6.66999	6.61742	6.62296	6.69048	6.72644
0.499325	6.69314	6.67169	6.63321	6.62838	6.69254	6.71967
0.502863	6.6621	6.66819	6.64475	6.68624	6.65527	6.66824
0.506413	6.66384	6.61741	6.62508	6.65254	6.6836	6.71028
0.51	6.64582	6.60548	6.62671	6.65773	6.69806	6.67803
0.5136	6.62692	6.62722	6.66007	6.63745	6.64579	6.70717
0.517225	6.65285	6.63193	6.64019	6.65139	6.68334	6.69093
0.520887	6.6597	6.62155	6.61595	6.62455	6.63106	6.69316
0.524562	6.68282	6.64276	6.64177	6.63127	6.6615	6.73562
0.528275	6.70848	6.62287	6.63249	6.64879	6.6303	6.70395
0.532	6.62288	6.64929	6.673	6.64788	6.65009	6.70954
0.535762	6.60833	6.60834	6.62679	6.63923	6.68492	6.69039
0.539537	6.64393	6.62671	6.62574	6.65401	6.69586	6.68341
0.54335	6.65064	6.63997	6.59563	6.61874	6.66155	6.6732
0.547188	6.66769	6.66108	6.60022	6.60406	6.71103	6.70257
0.55105	6.63235	6.63795	6.63221	6.61277	6.65306	6.69937
0.554937	6.68832	6.63607	6.6031	6.61653	6.68232	6.68085
0.55885	6.66337	6.63844	6.63733	6.62851	6.68184	6.68447
0.5628	6.65919	6.67169	6.59981	6.66298	6.67236	6.69139
0.566763	6.69053	6.59944	6.64459	6.65999	6.68134	6.7054
0.570763	6.65099	6.62606	6.6273	6.65472	6.6319	6.6967
0.574787	6.68527	6.63806	6.64076	6.62934	6.64757	6.68445
0.578838	6.68542	6.67946	6.66407	6.67256	6.64842	6.65904
0.582925	6.66875	6.63837	6.66506	6.64385	6.67646	6.66865
0.587038	6.69372	6.63905	6.66033	6.62912	6.67016	6.68292
0.591175	6.66376	6.65468	6.64725	6.62111	6.64241	6.72182
0.595338	6.63083	6.64792	6.62823	6.62642	6.69894	6.70134
0.599537	6.69292	6.62826	6.6252	6.6599	6.7129	6.71454
0.603763	6.68374	6.63993	6.61147	6.65325	6.64043	6.67351
0.608012	6.65446	6.61437	6.59022	6.6438	6.67999	6.67587
0.6123	6.65762	6.65668	6.62604	6.65652	6.69198	6.66892
0.616612	6.69848	6.6799	6.61475	6.62574	6.68908	6.68481
0.620963	6.6463	6.65232	6.66409	6.65283	6.68199	6.67351
0.625325	6.67656	6.62899	6.64912	6.65449	6.68176	6.68579
0.629737	6.67943	6.64561	6.63276	6.65073	6.69944	6.69275
0.634175	6.6892	6.65026	6.62305	6.63523	6.67358	6.68355
0.638637	6.69399	6.64027	6.645	6.66125	6.66829	6.66657
0.643125	6.66499	6.62754	6.65034	6.61716	6.67977	6.67822
0.647663	6.68797	6.65076	6.64088	6.64833	6.65695	6.7303
0.652213	6.68584	6.62451	6.63688	6.64652	6.685	6.67823
0.656812	6.63158	6.61129	6.6433	6.64196	6.65932	6.71742
0.661425	6.6637	6.67909	6.66802	6.65195	6.70447	6.69714
0.666088	6.677	6.62827	6.65934	6.65134	6.68181	6.69152
0.670775	6.67502	6.63898	6.65056	6.62033	6.66262	6.67494
0.675488	6.68514	6.65332	6.62445	6.63543	6.6593	6.66812
0.680237	6.66549	6.62779	6.63412	6.6626	6.69985	6.67583
0.685025	6.67554	6.66292	6.6447	6.65688	6.6651	6.70045
0.689838	6.68139	6.66615	6.59974	6.69202	6.6885	6.66103
0.694687	6.68589	6.64173	6.60839	6.6471	6.69217	6.65791
0.699575	6.64399	6.64446	6.63161	6.64274	6.67635	6.68651
0.7045	6.65181	6.64345	6.62857	6.6667	6.67972	6.70236
0.70945	6.66168	6.63453	6.65214	6.65157	6.66326	6.63842
0.714437	6.66754	6.65186	6.64041	6.64135	6.67143	6.6788
0.719463	6.66061	6.66019	6.65176	6.64845	6.68593	6.6738
0.724513	6.68801	6.66014	6.65025	6.63346	6.69475	6.66633
0.7296	6.66831	6.64966	6.65917	6.6393	6.66407	6.67838
0.734738	6.66988	6.66051	6.64339	6.66775	6.68421	6.74048
0.7399	6.68763	6.63743	6.61457	6.61074	6.65984	6.69388
0.745088	6.66761	6.62678	6.60504	6.63347	6.69137	6.69307
0.750325	6.70406	6.60116	6.60834	6.64012	6.66362	6.69571
0.7556	6.69504	6.64522	6.6352	6.66061	6.68977	6.70479
0.7609	6.64605	6.62517	6.61034	6.64536	6.66851	6.68037
0.76625	6.657	6.64801	6.611	6.63935	6.69418	6.69164
0.771625	6.6758	6.63473	6.65382	6.6355	6.68584	6.67111
0.77705	6.65502	6.64824	6.65455	6.66048	6.65823	6.6727
0.7825	6.66725	6.63377	6.63671	6.69415	6.68505	6.70675
0.788	6.66287	6.6509	6.65514	6.65254	6.67747	6.70149
0.793525	6.65015	6.6592	6.63759	6.65905	6.70456	6.67818
0.7991	6.6589	6.65397	6.66542	6.66249	6.69421	6.69306
0.8047	6.65226	6.65211	6.62992	6.68422	6.68934	6.70339
0.81035	6.64068	6.66737	6.64482	6.63484	6.70151	6.69287
0.816037	6.6986	6.69805	6.63265	6.63534	6.67339	6.67497
0.821763	6.64523	6.66258	6.66748	6.64531	6.6377	6.67933
0.827525	6.67865	6.65368	6.64188	6.66192	6.68817	6.70952
0.833337	6.66716	6.67225	6.67156	6.65973	6.67667	6.69994
0.839175	6.67025	6.66725	6.65464	6.67323	6.66821	6.70521
0.845062	6.67535	6.66582	6.653	6.66136	6.70948	6.66797
0.851	6.68856	6.62666	6.65009	6.65042	6.6545	6.69582
0.856963	6.6754	6.62336	6.62657	6.6876	6.71814	6.69056
0.862975	6.68377	6.68591	6.6322	6.66756	6.68463	6.69764
0.869025	6.6999	6.66268	6.65417	6.64308	6.68908	6.68264
0.875112	6.67857	6.66738	6.65046	6.66698	6.67701	6.67833
0.88125	6.66607	6.66364	6.63603	6.67845	6.69994	6.70503
0.887425	6.68385	6.64998	6.64301	6.66428	6.70418	6.7181
0.89365	6.70295	6.64347	6.62674	6.65294	6.68951	6.6871
0.899912	6.69946	6.65974	6.65417	6.68233	6.67343	6.65767
0.906225	6.65856	6.68604	6.67232	6.66838	6.68232	6.68398
0.912575	6.67932	6.67272	6.66503	6.67779	6.67604	6.71642
0.918962	6.68635	6.66778	6.66403	6.67521	6.67263	6.70511
0.9254	6.6813	6.66042	6.66218	6.64996	6.70471	6.75093
0.931888	6.69642	6.66474	6.65127	6.68737	6.66668	6.69194
0.938412	6.70233	6.65775	6.67625	6.68009	6.72157	6.70207
0.944987	6.69673	6.68573	6.65452	6.71075	6.7149	6.68476
0.951612	6.7102	6.67291	6.65667	6.70072	6.72182	6.73225
0.958275	6.70295	6.68813	6.70108	6.66021	6.72069	6.70598
0.964988	6.70174	6.66635	6.66211	6.63088	6.71689	6.70747
0.97175	6.70511	6.68465	6.63217	6.69766	6.68796	6.71125
0.97855	6.70494	6.67555	6.66484	6.71364	6.69828	6.70498
0.9854	6.70954	6.67232	6.65105	6.66998	6.70584	6.70157
0.9923	6.69621	6.66688	6.64635	6.67801	6.70086	6.70144
0.99925	6.68876	6.69257	6.65944	6.69403	6.68773	6.69564
1.00625	6.66945	6.68793	6.6619	6.68984	6.70932	6.68857
1.01329	6.70245	6.67018	6.66351	6.70262	6.70111	6.72329
1.02039	6.67847	6.67149	6.65636	6.68381	6.70512	6.7253
1.02752	6.70036	6.68645	6.66643	6.6837	6.7143	6.73685
1.03472	6.71291	6.65959	6.67221	6.70411	6.72603	6.71863
1.04196	6.71884	6.69345	6.684	6.70947	6.71684	6.72283
1.04925	6.70311	6.66366	6.66683	6.67668	6.70514	6.73515
1.0566	6.71665	6.69349	6.67445	6.6928	6.70831	6.7267
1.06399	6.72196	6.68692	6.66842	6.6956	6.69665	6.72919
1.07144	6.67833	6.69249	6.68818	6.68053	6.70087	6.72641
1.07893	6.69359	6.68085	6.68347	6.67987	6.74043	6.72906
1.08648	6.69132	6.69177	6.70713	6.68306	6.72909	6.7384
1.09407	6.71771	6.70652	6.67921	6.7146	6.73959	6.74678
1.10174	6.71885	6.69177	6.65342	6.69739	6.7176	6.70859
1.10944	6.69837	6.65817	6.66047	6.71125	6.71549	6.71461
1.1172	6.69861	6.68317	6.66531	6.71417	6.69527	6.72678
1.12501	6.72685	6.68669	6.67427	6.6951	6.71013	6.75676
1.13287	6.72147	6.70255	6.70124	6.7145	6.69988	6.74076
1.1408	6.72607	6.71067	6.68909	6.72295	6.7112	6.71816
1.14877	6.73258	6.70262	6.68179	6.70163	6.71789	6.76428
1.15681	6.70233	6.69789	6.68392	6.7226	6.71738	6.75091
1.1649	6.68952	6.68248	6.66762	6.71816	6.70955	6.74157
1.17304	6.72465	6.69107	6.71047	6.70318	6.72054	6.748
1.18124	6.73858	6.68816	6.74257	6.72494	6.75847	6.71536
1.1895	6.73011	6.72477	6.6891	6.72068	6.74285	6.71465
1.19781	6.71784	6.69304	6.70653	6.7315	6.69839	6.76935
1.20619	6.71295	6.7174	6.69045	6.71762	6.72992	6.73085
1.21461	6.74639	6.72454	6.69696	6.67183	6.73611	6.73154
1.2231	6.70815	6.69124	6.70056	6.71391	6.72527	6.76418
1.23165	6.71214	6.7015	6.67765	6.70241	6.70261	6.74679
1.24026	6.7429	6.68697	6.71446	6.71065	6.74907	6.75583
1.24892	6.73155	6.69116	6.71359	6.70881	6.72736	6.74759
1.25765	6.73396	6.69291	6.68722	6.7154	6.73243	6.74909
1.26644	6.73371	6.68698	6.69926	6.71388	6.73317	6.73404
1.27529	6.73095	6.66789	6.70457	6.74244	6.71829	6.74049
1.2842	6.71808	6.71248	6.69884	6.71721	6.72589	6.75412
1.29316	6.7347	6.71953	6.71582	6.72011	6.75516	6.74429
1.3022	6.73286	6.70583	6.71781	6.69974	6.71168	6.75403
1.3113	6.7474	6.70925	6.69066	6.73467	6.73943	6.7264
1.32045	6.709	6.71776	6.70412	6.71111	6.72447	6.73672
1.32967	6.73365	6.69417	6.70401	6.7265	6.72515	6.7462
1.33896	6.75883	6.71387	6.71356	6.70313	6.76126	6.73878
1.34831	6.75859	6.72599	6.71318	6.71708	6.74509	6.7714
1.35773	6.7492	6.7139	6.73611	6.73605	6.72973	6.74607
1.36721	6.76299	6.71036	6.71168	6.72142	6.74286	6.74987
1.37675	6.77843	6.73446	6.72369	6.74882	6.73654	6.73609
1.38636	6.75952	6.72701	6.71464	6.70973	6.7526	6.74288
1.39605	6.73264	6.70262	6.74399	6.71696	6.73819	6.75806
1.4058	6.75455	6.70768	6.72564	6.71437	6.74451	6.74037
1.41561	6.76199	6.71259	6.73017	6.7292	6.73536	6.78466
1.42549	6.74764	6.73134	6.71606	6.7335	6.73151	6.74712
1.43544	6.74143	6.69652	6.6998	6.72146	6.75342	6.74327
1.44546	6.74786	6.73707	6.71266	6.74561	6.75501	6.76398
1.45555	6.75602	6.73474	6.73298	6.74276	6.72042	6.76788
1.46571	6.75971	6.72678	6.70998	6.72777	6.7389	6.75769
1.47594	6.74853	6.7336	6.72481	6.71635	6.71686	6.76221
1.48624	6.75755	6.70872	6.72017	6.73001	6.74193	6.77505
1.49661	6.76229	6.70939	6.73736	6.74526	6.73806	6.74764
1.50705	6.7548	6.73159	6.70297	6.75212	6.7426	6.7806
1.51756	6.76263	6.72099	6.71527	6.7543	6.73842	6.74452
1.52815	6.77038	6.75493	6.71894	6.75121	6.74961	6.77388
1.53881	6.76969	6.73593	6.73837	6.77716	6.76771	6.7449
1.54955	6.77467	6.73664	6.74478	6.76735	6.75038	6.76172
1.56036	6.75227	6.73393	6.73299	6.74274	6.74256	6.77596
1.57125	6.78088	6.75589	6.72374	6.75819	6.75189	6.76982
1.58221	6.74395	6.75225	6.7583	6.7399	6.75895	6.77177
1.59325	6.7754	6.73299	6.75364	6.74626	6.76891	6.765
1.60436	6.768	6.73973	6.72878	6.73345	6.75718	6.77304
1.61555	6.78284	6.72955	6.72646	6.75455	6.75226	6.75497
1.62681	6.75364	6.74445	6.74435	6.7765	6.7584	6.77124
1.63816	6.76859	6.74433	6.73703	6.75262	6.76739	6.78922
1.64959	6.79337	6.76005	6.74834	6.72645	6.75887	6.77205
1.66109	6.77754	6.74618	6.72929	6.746	6.77813	6.74252
1.67268	6.76811	6.75121	6.74484	6.74146	6.76823	6.75843
1.68434	6.78112	6.73724	6.74673	6.73899	6.77216	6.76529
1.69609	6.77418	6.76643	6.74105	6.76452	6.78081	6.77359
1.70791	6.78646	6.75448	6.75952	6.76221	6.7807	6.78061
1.71981	6.78714	6.74121	6.74016	6.74993	6.7684	6.78432
1.73181	6.78407	6.75378	6.74608	6.77332	6.78067	6.74676
1.74388	6.78776	6.75294	6.74921	6.75233	6.78327	6.79136
1.75604	6.77297	6.76222	6.75632	6.75304	6.77195	6.79284
1.76828	6.79285	6.74639	6.76706	6.77467	6.77007	6.77728
1.7806	6.77568	6.73759	6.73616	6.77597	6.78452	6.78033
1.79301	6.76356	6.74844	6.72511	6.77343	6.77775	6.77811
1.80551	6.78266	6.75718	6.74574	6.7473	6.76996	6.79461
1.8181	6.78642	6.77428	6.73616	6.78165	6.76764	6.79514
1.83078	6.77034	6.76422	6.76481	6.7773	6.77472	6.77322
1.84354	6.77786	6.76416	6.75991	6.76378	6.77047	6.79856
1.85637	6.78255	6.76509	6.74485	6.77037	6.79551	6.80969
1.86931	6.78682	6.76385	6.76209	6.78753	6.78928	6.78964
1.88234	6.78984	6.76248	6.74508	6.76916	6.7845	6.78858
1.89546	6.77661	6.76098	6.75931	6.7647	6.77791	6.81334
1.90866	6.79243	6.74336	6.74926	6.75668	6.77344	6.80279
1.92196	6.79642	6.77989	6.76569	6.78013	6.76388	6.77987
1.93536	6.79926	6.7678	6.73929	6.76325	6.79925	6.77187
1.94885	6.80489	6.77245	6.77843	6.75697	6.78692	6.80107
1.96242	6.78174	6.77107	6.76057	6.76471	6.79894	6.77793
1.9761	6.79073	6.76743	6.74734	6.78615	6.80025	6.79576
1.98986	6.77752	6.78774	6.75472	6.79928	6.80237	6.82102
2.00373	6.78125	6.75351	6.78432	6.76632	6.78824	6.78047
2.01769	6.81194	6.78487	6.75018	6.7847	6.80907	6.7912
2.03174	6.78928	6.78852	6.75034	6.77116	6.7805	6.81158
2.04589	6.8041	6.76367	6.77891	6.7557	6.78639	6.79817
2.06014	6.7991	6.76697	6.75074	6.77719	6.79753	6.80813
2.07449	6.78539	6.77675	6.76113	6.77008	6.79585	6.80695
2.08894	6.80912	6.79966	6.77504	6.77067	6.8035	6.79689
2.10349	6.81765	6.76783	6.78227	6.76667	6.78349	6.81347
2.11814	6.81854	6.78281	6.75084	6.78257	6.79685	6.81435
2.13289	6.79192	6.78885	6.79072	6.77276	6.80833	6.82062
2.14775	6.80418	6.79185	6.76642	6.78838	6.82155	6.81916
2.1627	6.80442	6.77906	6.78091	6.7864	6.79645	6.81838
2.17776	6.80109	6.78943	6.76326	6.79887	6.80382	6.80561
2.19292	6.82476	6.77809	6.77258	6.79652	6.80128	6.80861
2.2082	6.80427	6.8032	6.78141	6.78776	6.79576	6.82203
2.22358	6.81213	6.78451	6.77751	6.78932	6.80271	6.8163
2.23905	6.82063	6.7968	6.77019	6.80225	6.81803	6.80581
2.25465	6.80156	6.78643	6.77165	6.79154	6.79631	6.81932
2.27034	6.82579	6.80166	6.78801	6.79687	6.81781	6.82372
2.28615	6.80268	6.77975	6.77997	6.78373	6.80444	6.83481
2.30206	6.82455	6.8004	6.78264	6.79964	6.79537	6.82531
2.31809	6.81435	6.77876	6.77223	6.78719	6.82409	6.8284
2.33422	6.80991	6.79119	6.76259	6.78913	6.82592	6.81259
2.35048	6.81329	6.80511	6.78625	6.81526	6.81941	6.8202
2.36684	6.80065	6.79619	6.7702	6.80418	6.82122	6.81673
2.38331	6.81765	6.79725	6.75041	6.80043	6.81744	6.81751
2.3999	6.81137	6.78955	6.77737	6.77985	6.81293	6.83034
2.41661	6.81896	6.81828	6.78461	6.77555	6.82143	6.82661
2.43342	6.80782	6.78749	6.76797	6.79755	6.82414	6.83065
2.45036	6.81334	6.80193	6.78037	6.79562	6.83203	6.83519
2.46743	6.83139	6.78746	6.78884	6.8156	6.81997	6.82419
2.4846	6.80643	6.78928	6.75905	6.79807	6.81687	6.8408
2.50189	6.82125	6.79805	6.77435	6.80335	6.82915	6.83154
2.5193	6.80964	6.81496	6.77587	6.80555	6.80506	6.81757
2.53682	6.82063	6.80521	6.78511	6.82124	6.82213	6.83556
2.55449	6.81576	6.80666	6.76636	6.81234	6.82798	6.83115
2.57226	6.82221	6.79082	6.76762	6.81073	6.8232	6.83917
2.59016	6.82164	6.79901	6.78805	6.8201	6.83102	6.83205
2.60819	6.81627	6.80652	6.77988	6.79833	6.82628	6.85092
2.62634	6.798	6.7927	6.77255	6.81516	6.83816	6.82076
2.6446	6.81968	6.8043	6.78134	6.82416	6.82694	6.83971
2.66301	6.81959	6.7997	6.77098	6.81908	6.82974	6.82537
2.68154	6.82351	6.7964	6.76649	6.81309	6.82589	6.83396
2.70019	6.8353	6.79118	6.78807	6.81242	6.82325	6.83884
2.71898	6.81701	6.81373	6.76537	6.81753	6.82975	6.84585
2.7379	6.8256	6.80515	6.76855	6.83134	6.8269	6.84161
2.75694	6.82523	6.81147	6.78824	6.81186	6.83752	6.84916
2.77612	6.82523	6.8051	6.78451	6.82196	6.84494	6.83179
2.79544	6.82413	6.82933	6.77703	6.82337	6.82904	6.84743
2.81487	6.8316	6.80659	6.7942	6.80617	6.83285	6.84814
2.83446	6.82197	6.81107	6.77641	6.81692	6.84143	6.83045
2.85418	6.82776	6.81239	6.7886	6.81432	6.84154	6.85249
2.87404	6.84137	6.81915	6.7821	6.82136	6.82919	6.84184
2.89403	6.82787	6.79481	6.78022	6.80228	6.8417	6.85266
2.91415	6.83007	6.81918	6.77176	6.81926	6.8409	6.8364
2.93443	6.84053	6.80735	6.78483	6.81881	6.84912	6.84847
2.95484	6.83678	6.80455	6.79124	6.82961	6.83173	6.83849
2.97539	6.82952	6.82208	6.79121	6.83298	6.85353	6.84717
2.99607	6.83232	6.82908	6.77962	6.82401	6.84659	6.84881
3.01691	6.83072	6.82289	6.77749	6.83989	6.83765	6.84611
3.0379	6.84417	6.80896	6.79109	6.83183	6.83671	6.85358
3.05903	6.83801	6.82397	6.78248	6.82833	6.84846	6.84794
3.0803	6.83721	6.82925	6.78406	6.82646	6.85387	6.84862
3.10171	6.84238	6.81586	6.79451	6.85142	6.83513	6.85285
3.12329	6.84643	6.82078	6.79248	6.833	6.85306	6.84133
3.145	6.8414	6.81869	6.8021	6.83463	6.86276	6.84421
3.16687	6.83103	6.83073	6.78478	6.82915	6.83933	6.86003
3.1889	6.83568	6.8164	6.79756	6.8407	6.84466	6.85251
3.21108	6.84592	6.8261	6.80284	6.83866	6.84289	6.84099
3.2334	6.83113	6.82418	6.81163	6.81839	6.84342	6.83856
3.25588	6.83445	6.82649	6.79322	6.81505	6.8589	6.8636
3.27851	6.84681	6.80802	6.80151	6.83641	6.85829	6.86204
3.30131	6.83894	6.80983	6.79406	6.84681	6.83308	6.86982
3.32426	6.8566	6.80386	6.78588	6.84586	6.84562	6.87587
3.34737	6.84045	6.80778	6.79936	6.83585	6.85476	6.86319
3.37065	6.84417	6.81598	6.8123	6.84088	6.8434	6.86347
3.39409	6.82588	6.82186	6.78107	6.84756	6.85345	6.86672
3.41768	6.85919	6.82337	6.81821	6.8349	6.85433	6.86535
3.44144	6.86089	6.8358	6.80652	6.83663	6.86679	6.85485
3.46536	6.84403	6.82681	6.80266	6.83525	6.85316	6.87362
3.48945	6.85177	6.8248	6.79958	6.83691	6.85648	6.85926
3.51371	6.85169	6.80771	6.8142	6.83175	6.85777	6.86543
3.53814	6.84953	6.81582	6.80411	6.83238	6.86491	6.86314
3.56273	6.84207	6.82147	6.79818	6.8455	6.86003	6.86603
3.58749	6.84755	6.82422	6.79993	6.83034	6.86318	6.85843
3.61243	6.84019	6.8285	6.804	6.84833	6.84868	6.86285
3.63754	6.85603	6.81722	6.805	6.83319	6.85941	6.88316
3.66283	6.8402	6.82631	6.81922	6.83103	6.85266	6.86112
3.68829	6.85507	6.81703	6.81443	6.84698	6.85505	6.85727
3.71391	6.861	6.83906	6.81555	6.83145	6.86853	6.86937
3.73973	6.8459	6.83649	6.7941	6.83304	6.87405	6.86614
3.76572	6.86673	6.81813	6.79619	6.83411	6.86831	6.86403
3.7919	6.8446	6.84858	6.80218	6.84172	6.85624	6.86143
3.81825	6.83945	6.81416	6.80441	6.82906	6.86989	6.87845
3.84479	6.86573	6.8279	6.81081	6.83632	6.86558	6.87112
3.8715	6.85732	6.82551	6.83316	6.83427	6.86919	6.87012
3.89841	6.84367	6.83103	6.81185	6.84095	6.88017	6.87368
3.9255	6.84406	6.83956	6.81865	6.83254	6.87262	6.87918
3.95278	6.84095	6.82649	6.79413	6.84348	6.86815	6.86759
3.98025	6.84983	6.83302	6.81566	6.82855	6.86855	6.86536
4.00791	6.85207	6.83912	6.80594	6.84303	6.87119	6.88138
4.03576	6.8485	6.82886	6.80505	6.81874	6.86372	6.89485
4.0638	6.84459	6.83637	6.80338	6.83152	6.86458	6.86792
4.09204	6.84604	6.84019	6.81278	6.84151	6.88283	6.8729
4.12047	6.85818	6.83209	6.79864	6.82972	6.88276	6.87484
4.1491	6.85765	6.83617	6.81368	6.83412	6.87642	6.87307
4.17794	6.84996	6.84638	6.81795	6.83675	6.86849	6.87361
4.20696	6.86021	6.82726	6.81366	6.8396	6.87266	6.87969
4.2362	6.85814	6.8263	6.80774	6.8496	6.86743	6.87569
4.26563	6.84717	6.83451	6.81016	6.83554	6.86466	6.87287
4.29526	6.85414	6.83432	6.8221	6.82924	6.85519	6.89041
4.32511	6.84841	6.84702	6.8205	6.82511	6.8635	6.88229
4.35516	6.85256	6.83524	6.81824	6.82846	6.87016	6.86879
4.38541	6.8386	6.83196	6.81684	6.82705	6.87541	6.88213
4.41589	6.85882	6.82166	6.82523	6.82115	6.87122	6.88105
4.44656	6.86383	6.82795	6.81627	6.83893	6.87503	6.88387
4.47745	6.85044	6.82976	6.83365	6.83375	6.8722	6.87914
4.50856	6.84792	6.83615	6.81112	6.83328	6.86378	6.87812
4.53988	6.84772	6.84563	6.81397	6.82867	6.87091	6.87116
4.57142	6.85904	6.831	6.82064	6.82822	6.86288	6.88013
4.60318	6.85829	6.8302	6.82186	6.83674	6.84984	6.87313
4.63515	6.86467	6.83612	6.81875	6.836	6.87209	6.88553
4.66735	6.84714	6.85307	6.80995	6.83128	6.87741	6.88046
4.69978	6.84653	6.83849	6.82267	6.84045	6.87449	6.88585
4.73243	6.8605	6.83553	6.82043	6.83534	6.85913	6.8743
4.76529	6.86329	6.83199	6.81322	6.83369	6.86114	6.87374
4.79839	6.85289	6.82867	6.81907	6.83687	6.87329	6.88178
4.83173	6.85792	6.83111	6.82103	6.8313	6.87365	6.8777
4.86529	6.8726	6.83645	6.81198	6.84156	6.86209	6.86358
4.89908	6.85975	6.83974	6.8138	6.8237	6.87406	6.88738
4.93311	6.84572	6.83493	6.82338	6.83857	6.86819	6.87641
4.96737	6.85314	6.83585	6.81757	6.83498	6.866	6.87076
5.00187	6.85527	6.84577	6.82134	6.83487	6.84955	6.88327
5.03661	6.86882	6.8432	6.80353	6.83054	6.85671	6.88414
5.0716	6.86735	6.84719	6.81832	6.83875	6.86473	6.87885
5.10681	6.85476	6.8483	6.81507	6.83254	6.87151	6.8828
5.14229	6.86776	6.83869	6.82919	6.83614	6.86182	6.87362
5.178	6.86235	6.83016	6.82234	6.82809	6.86662	6.87554
5.21396	6.86083	6.84506	6.82696	6.83592	6.88738	6.86856
5.25017	6.87172	6.83038	6.83267	6.82835	6.87364	6.87735
5.28664	6.86456	6.8401	6.83367	6.84369	6.87215	6.87294
5.32335	6.8581	6.85322	6.81508	6.84018	6.88041	6.8735
5.36031	6.86488	6.849	6.81528	6.84024	6.8849	6.86947
5.39754	6.85565	6.83929	6.81642	6.8429	6.87654	6.8827
5.43503	6.86406	6.8339	6.82633	6.84552	6.87764	6.86272
5.47277	6.87309	6.86031	6.83121	6.85116	6.87976	6.87835
5.51078	6.86842	6.84096	6.82789	6.84829	6.88263	6.87589
5.54904	6.86194	6.84332	6.82629	6.84108	6.88269	6.89361
5.58757	6.86429	6.84751	6.82663	6.8505	6.86827	6.88646
5.62638	6.86937	6.85434	6.82176	6.85555	6.86902	6.89348
5.66545	6.88313	6.85699	6.83094	6.85516	6.87906	6.87962
5.70479	6.87134	6.85248	6.83138	6.85187	6.89302	6.87108
5.7444	6.86606	6.84507	6.8309	6.83819	6.88173	6.88319
5.78429	6.85943	6.844	6.81698	6.84712	6.86855	6.87925
5.82445	6.87788	6.83587	6.83055	6.83998	6.87072	6.89599
5.86489	6.869	6.84722	6.83378	6.84505	6.88629	6.87241
5.90561	6.88116	6.84259	6.8364	6.85241	6.86881	6.89426
5.94663	6.87457	6.83735	6.83606	6.84113	6.87185	6.87509
5.98791	6.8716	6.85563	6.84853	6.84798	6.87961	6.88176
6.02949	6.87879	6.84115	6.84043	6.84522	6.87657	6.87525
6.07135	6.8716	6.83826	6.8338	6.83651	6.87713	6.88779
6.1135	6.87674	6.831	6.84233	6.84522	6.8751	6.86967
6.15595	6.88717	6.8333	6.84603	6.8453	6.86722	6.88714
6.19869	6.86977	6.83672	6.84212	6.84333	6.87643	6.88194
6.24172	6.87002	6.84104	6.82637	6.84217	6.87654	6.87865
6.28506	6.86335	6.83213	6.83051	6.85314	6.87697	6.86746
6.3287	6.86846	6.83765	6.84422	6.85147	6.87655	6.88449
6.37264	6.87113	6.84208	6.84436	6.84873	6.87437	6.88567
6.41687	6.87582	6.83769	6.84052	6.84862	6.88265	6.87458
6.46142	6.86938	6.84592	6.83805	6.85025	6.87648	6.88061
6.50629	6.8823	6.84572	6.84522	6.84535	6.87076	6.87474
6.55145	6.88268	6.84678	6.84146	6.84807	6.87033	6.88421
6.59694	6.8779	6.84612	6.84516	6.86108	6.88259	6.89024
6.64274	6.88208	6.84264	6.83987	6.8506	6.86999	6.88409
6.68885	6.88014	6.84439	6.84627	6.85521	6.87514	6.86695
6.73527	6.87388	6.85671	6.84184	6.86433	6.87671	6.88857
6.78204	6.88371	6.8504	6.83678	6.85695	6.87628	6.87946
6.82911	6.87425	6.85708	6.84086	6.8541	6.88642	6.87752
6.87652	6.8892	6.85793	6.84478	6.85227	6.88712	6.88396
6.92426	6.88516	6.85343	6.83393	6.84024	6.88302	6.88579
6.97232	6.87774	6.84916	6.83779	6.86407	6.88423	6.88332
7.02072	6.88146	6.84672	6.83111	6.85749	6.87292	6.87084
7.06946	6.88278	6.85775	6.83969	6.85431	6.88385	6.88803
7.11853	6.87643	6.85096	6.82926	6.86467	6.87683	6.87447
7.16794	6.8918	6.85167	6.83768	6.85524	6.88499	6.87634
7.2177	6.87206	6.843	6.83268	6.86179	6.878	6.88278
7.2678	6.88198	6.85194	6.83181	6.86816	6.87038	6.87574
7.31825	6.8884	6.84963	6.83266	6.85836	6.87814	6.87864
7.36904	6.87506	6.85035	6.82981	6.8559	6.88166	6.87515
7.42019	6.87554	6.85343	6.83939	6.84831	6.88638	6.89827
7.4717	6.88652	6.85906	6.837	6.86356	6.88758	6.87823
7.52355	6.89334	6.85076	6.82724	6.8475	6.88271	6.87742
7.57578	6.86796	6.84534	6.83476	6.85055	6.8791	6.88692
7.62836	6.87984	6.85348	6.83878	6.8558	6.88736	6.88397
7.6813	6.87635	6.85294	6.84413	6.85564	6.89036	6.88183
7.73461	6.88043	6.85084	6.84581	6.85728	6.88556	6.8857
7.7883	6.87325	6.85386	6.83805	6.86002	6.88881	6.87237
7.84236	6.88012	6.8516	6.84473	6.85676	6.90016	6.87903
7.89679	6.87035	6.85043	6.84922	6.85212	6.89458	6.89635
7.95159	6.87194	6.86292	6.84368	6.85557	6.89883	6.88121
8.00677	6.87493	6.86553	6.84779	6.85435	6.89151	6.88523
8.06235	6.87563	6.86447	6.84118	6.86005	6.89145	6.88251
8.1183	6.87473	6.86664	6.84183	6.8599	6.886	6.88274
8.17465	6.87384	6.86779	6.84194	6.85909	6.8968	6.88291
8.23137	6.88727	6.86572	6.84105	6.86019	6.88282	6.89019
8.28851	6.87441	6.86952	6.84856	6.86556	6.88732	6.88863
8.34603	6.87799	6.86122	6.8428	6.84935	6.88707	6.89235
8.40395	6.88221	6.8643	6.84742	6.86398	6.88362	6.9055
8.46227	6.87679	6.86574	6.84228	6.8559	6.8929	6.90526
8.521	6.87474	6.86329	6.84463	6.85915	6.89429	6.90304
8.58014	6.88114	6.86592	6.84245	6.8647	6.89125	6.90568
8.63968	6.86974	6.85279	6.84547	6.85886	6.89418	6.90112
8.69964	6.87922	6.86527	6.8491	6.86832	6.89525	6.89783
8.76001	6.87378	6.86095	6.8471	6.85885	6.90404	6.90081
8.8208	6.87901	6.86284	6.84139	6.86788	6.89445	6.91147
8.88201	6.87775	6.85703	6.84831	6.87068	6.89706	6.90192
8.94365	6.87734	6.85762	6.85134	6.86424	6.91372	6.90687
9.00571	6.89783	6.85168	6.8514	6.84981	6.90709	6.8886
9.0682	6.88257	6.86193	6.8477	6.85143	6.9087	6.8951
9.13114	6.88115	6.8537	6.84248	6.86072	6.90486	6.90646
9.1945	6.88252	6.85916	6.84298	6.86206	6.90792	6.90257
9.2583	6.88496	6.8498	6.8429	6.86409	6.91834	6.88556
9.32254	6.86992	6.85897	6.82968	6.86219	6.89763	6.8978
9.38724	6.88031	6.85268	6.84483	6.8493	6.90426	6.89597
9.45238	6.87922	6.85069	6.83334	6.85757	6.90486	6.90296
9.51796	6.88908	6.84768	6.82553	6.85324	6.89429	6.89876
9.58401	6.87573	6.85521	6.83575	6.85438	6.90292	6.89735
9.65051	6.87557	6.8615	6.83749	6.8595	6.89027	6.8996
9.71747	6.87843	6.86036	6.85353	6.8598	6.89243	6.89196
9.7849	6.86924	6.85152	6.84834	6.85575	6.89662	6.90012
9.8528	6.87586	6.85012	6.84816	6.84888	6.8969	6.90319
9.92116	6.87919	6.85219	6.84567	6.85688	6.90537	6.89834
10	6.87509	6.85895	6.8464	6.84917	6.89398	6.88747
