0.0002125	8.58818	8.4374	7.70566	8.29838	8.15384	8.25449	7.79495	8.29251	8.12428
0.0004125	8.53859	7.92278	8.31409	7.99546	7.77767	8.33181	8.23635	8.1881	8.05802
0.000625	8.60341	8.11693	8.29403	8.10993	7.94498	8.11075	8.27312	8.18873	8.29218
0.0008375	8.55908	8.10601	7.9109	8.23836	8.00195	8.05064	8.12266	8.37871	8.31656
0.00105	8.36698	8.71202	7.99284	7.8763	7.93833	7.7567	8.11136	8.32593	8.69799
0.001275	8.12079	8.40291	7.90722	7.92973	8.10609	8.13911	8.42443	8.14961	8.60811
0.0014875	8.17211	8.15603	7.97503	8.14036	8.23577	7.78524	8.78448	7.77853	8.15999
0.0017	7.58179	8.22304	8.02561	8.25286	8.02576	7.92995	8.04924	7.95066	8.01557
0.001925	8.15767	8.02562	8.52521	7.95559	8.41819	8.28447	8.38773	8.01128	8.02483
0.00215	8.04704	7.77895	8.07801	8.21012	8.30461	8.07328	8.03424	7.89701	8.06078
0.0023625	8.1452	8.03381	8.21338	7.88512	8.56956	8.08126	8.45449	8.07488	8.18661
0.0025875	7.99131	8.64177	8.22211	8.2367	8.0928	8.00344	8.31681	8.04611	8.05373
0.0028125	8.03438	8.46817	8.27927	8.12837	8.09896	8.3456	8.34334	8.29095	7.84993
0.00305	8.01749	8.08292	8.06275	8.18083	8.2048	7.96044	8.44983	8.40778	8.05397
0.003275	7.89641	8.3307	8.13576	7.96153	8.11437	8.47136	8.36342	7.81236	8.10096
0.0035	8.16701	8.30203	7.98548	8.11995	8.61779	8.17488	8.51271	7.90934	8.54289
0.0037375	7.94631	8.08715	8.00677	8.2115	8.17318	8.02916	8.29197	8.11086	8.24499
0.003975	7.92599	8.20323	7.95376	8.19921	7.83874	8.36967	8.10182	8.11455	8.26363
0.0042125	8.36941	8.23505	7.92398	7.95681	8.30185	8.55349	8.1256	7.7685	7.76728
0.00445	8.19672	8.23404	8.05698	7.97776	7.99822	7.93174	8.06135	7.91536	7.72666
0.0046875	8.34992	8.07973	7.92665	8.11405	7.86743	8.45816	8.50499	7.96551	7.85444
0.004925	8.04535	8.3649	8.03548	7.80568	8.14276	8.03355	8.59416	7.78067	8.27871
0.0051625	8.3945	8.33421	8.02094	8.14779	8.17064	8.09033	8.3157	7.94605	8.19691
0.0054125	8.10727	8.02098	7.97429	8.00591	8.3269	8.24228	7.98746	8.05856	8.54444
0.00565	7.85058	8.33459	7.80008	8.51357	8.10567	7.86419	8.338	8.57698	8.11212
0.0059	7.8574	8.01791	8.10569	8.24646	8.19947	8.23541	8.4945	8.24761	8.08061
0.00615	8.5771	8.16499	8.32003	8.15501	8.01909	8.03343	8.52671	8.22874	8.46676
0.0064	8.4052	8.36376	8.22283	8.27221	8.23406	8.20199	8.30401	7.9116	8.04886
0.00665	8.32413	8.59828	8.38256	8.22006	8.14472	7.92364	8.13174	8.28841	8.28027
0.0069125	8.03252	8.42421	8.04422	8.2297	8.1396	8.02248	8.52203	8.00741	8.50344
0.0071625	8.30114	8.13084	8.10722	7.88986	7.96688	8.22657	8.1049	8.59054	7.86561
0.007425	8.42398	8.44925	8.05772	8.09137	8.40929	8.0106	8.19667	8.02361	8.09243
0.007675	8.06357	8.19398	8.2136	7.96176	8.53849	7.77421	7.76399	7.96217	8.55903
0.0079375	7.95903	8.00766	8.25321	7.74614	8.43471	8.02543	7.88735	8.12151	7.84133
0.0082	8.01282	8.12045	8.35822	8.06459	8.14161	7.90084	8.16354	7.99113	7.85493
0.008475	8.18353	7.93935	8.1948	8.23967	7.72794	8.22324	8.0987	7.83544	8.19731
0.0087375	8.29762	8.30688	8.30272	8.24479	8.08444	8.34432	8.52208	8.059	7.91255
0.009	8.01846	8.33294	8.13296	8.08459	8.21757	8.20121	8.49367	7.92331	8.08102
0.009275	8.20132	8.53691	7.94159	8.14543	8.39729	7.9328	8.02783	8.10912	7.96246
0.00955	8.04578	8.06476	7.89635	8.17668	7.98278	7.91157	8.15698	7.95434	8.12736
0.009825	8.25261	7.85476	8.02995	8.15879	8.0259	7.99709	8.23368	8.49366	8.28363
0.0101	8.37098	8.31769	7.71793	8.02981	8.47198	7.87137	8.06563	8.02061	8.58523
0.010375	7.99928	8.43002	7.95078	8.19543	8.13625	8.07816	8.15962	7.74211	8.46518
0.01065	8.27692	8.28804	8.2232	8.41814	7.96832	8.22652	8.18417	7.75896	8.50561
0.0109375	8.14268	8.11588	7.92417	8.5283	8.2618	7.71097	7.99937	8.13165	8.37641
0.011225	8.12128	8.64977	7.89555	8.32427	8.30461	8.08444	8.29937	8.01643	8.19413
0.0115125	8.28619	8.1905	8.34863	8.19041	8.27571	8.18686	8.26715	8.11483	8.09821
0.0118	7.93314	7.78512	8.05679	7.7936	8.08418	8.04901	8.18514	7.86169	8.12061
0.0120875	8.23452	8.0122	8.4437	7.78014	8.01925	8.02663	8.08219	7.86401	8.27386
0.012375	8.03764	8.58552	8.29566	8.11283	8.34116	8.33907	8.09021	7.9199	8.29888
0.012675	8.20848	8.46803	7.67274	8.28742	8.3741	7.84262	8.05127	8.34388	8.18192
0.0129625	7.88605	8.16629	8.04955	8.68397	8.29486	8.24476	8.12152	8.04357	8.2998
0.0132625	7.94976	8.06524	7.83525	8.37882	8.20435	8.06445	8.1901	8.01277	8.12076
0.0135625	8.34114	8.19178	8.4077	8.16647	8.03405	7.68528	8.13959	8.20636	7.87374
0.0138625	8.40896	8.34743	8.25444	7.95873	8.0645	7.95524	7.88101	8.10716	7.96129
0.014175	8.13853	7.96299	8.19086	8.03401	8.20607	8.00179	8.09213	8.07965	8.08464
0.014475	8.1801	7.90431	8.03198	7.80195	8.09546	7.97973	7.85661	8.13184	8.14928
0.0147875	7.85841	8.07853	7.88975	8.27727	8.1683	7.97991	8.4614	7.89558	8.56771
0.0151	8.47576	8.33953	7.85923	8.25203	8.14306	7.88745	8.47108	7.76424	8.00086
0.0154125	8.31842	8.20108	7.88603	8.14989	8.19603	8.19675	8.67671	7.94476	8.15262
0.015725	8.08128	8.23299	8.00912	8.23129	8.24028	8.34074	8.20447	7.96043	8.36239
0.0160375	8.41839	8.04216	8.12489	8.07646	8.37878	7.90362	8.37103	8.24613	8.31166
0.0163625	8.15365	8.07543	7.96975	8.04625	8.3671	8.15021	8.35026	7.96445	8.32784
0.016675	8.10433	8.62799	7.82259	8.00599	8.45821	8.02957	7.99321	8.00097	8.28659
0.017	7.80567	7.96924	8.0171	7.92619	8.23981	8.43269	8.15916	8.17019	8.17763
0.017325	7.97092	8.31597	8.23442	8.05409	8.34119	8.06923	8.34488	7.87811	8.13535
0.0176625	8.48743	8.30347	8.1344	8.09312	8.50807	7.71986	7.74684	7.96545	8.89422
0.0179875	8.22943	8.12578	8.01873	8.3604	8.21114	8.08174	8.1125	8.05905	8.65444
0.018325	7.85401	8.21628	8.05638	8.23697	8.15418	8.47129	7.89654	7.99499	8.02202
0.01865	8.35797	8.31749	8.07469	8.23992	8.13365	8.15126	7.93017	8.04618	7.88672
0.0189875	8.28555	8.40679	7.92279	7.98603	8.04182	8.15606	8.16054	7.99062	8.48683
0.019325	8.13391	7.97931	8.13353	7.67651	7.86765	8.11761	8.51525	8.04062	8.24916
0.019675	7.87732	8.12166	8.00868	8.27982	8.18912	8.2549	8.4606	7.96529	8.21142
0.0200125	8.11113	8.46556	7.94507	8.33515	8.16499	8.08077	7.99965	7.96361	8.05606
0.0203625	8.33812	8.07796	8.07863	8.22689	8.18256	8.26299	8.10503	7.90016	8.38209
0.0207125	8.19372	8.31893	8.0429	8.32351	8.33898	8.01575	8.33969	8.06615	8.23497
0.0210625	8.02505	8.1177	8.06075	7.64065	8.43236	8.15486	8.10358	8.67501	8.18703
0.0214125	8.14553	8.08001	7.90647	8.20041	8.20817	7.89543	8.18507	8.19824	8.08395
0.021775	7.99217	7.81521	7.95619	8.15818	7.71296	8.28923	8.54473	8.07366	8.26909
0.0221375	8.30064	8.26648	8.17717	8.21806	7.99614	8.13643	8.02662	8.14997	8.23316
0.0225	8.15305	8.07166	8.09521	7.86096	8.0741	8.16203	8.20522	7.95894	8.04131
0.0228625	8.16924	8.19672	7.96278	8.31515	8.31119	8.18555	8.10348	7.94944	8.05701
0.023225	8.13954	8.07214	8.10423	8.03745	8.23972	8.0016	8.02454	8.14036	8.11636
0.0236	8.02298	8.06296	8.22861	7.91223	8.07016	8.104	8.11735	7.9998	8.18112
0.0239625	8.05187	8.14328	8.26087	8.05142	8.05374	8.02422	8.10031	7.99394	8.3154
0.0243375	8.08802	8.18785	8.10939	7.7731	8.03637	8.04519	8.19882	8.26051	8.08097
0.0247125	7.86602	8.16428	8.12443	7.90089	8.2773	7.92349	8.21324	7.96004	8.09932
0.0251	7.87612	8.73763	7.98851	8.27149	7.89955	7.91973	8.07624	8.01883	8.22975
0.025475	7.98811	7.91231	8.27772	8.09783	8.01468	8.0713	7.92124	8.07167	8.14959
0.0258625	8.36307	8.1945	8.07249	7.96754	8.00547	7.87858	8.11855	7.99082	8.17649
0.02625	8.06991	8.30744	7.8888	8.02233	8.0778	8.10218	8.05377	8.01882	8.30002
0.0266375	8.51159	8.15602	8.32277	8.20383	8.05315	7.88552	8.50761	8.18795	8.25117
0.0270375	7.62886	7.82527	8.17098	8.0101	8.23964	8.00737	8.02482	7.94342	7.7874
0.027425	8.15693	8.1925	7.81662	8.36427	8.07079	7.78037	8.32466	7.95727	8.30491
0.027825	8.32178	7.66487	8.04588	8.20335	8.15853	8.0334	7.93568	7.81781	7.9611
0.028225	7.99943	8.03194	7.81451	8.24621	8.44811	7.92414	8.16487	8.00652	7.86083
0.028625	8.30723	8.5058	7.88116	8.05992	8.69881	8.18103	8.42634	7.78679	8.01072
0.0290375	7.84299	8.06003	7.95364	8.06093	8.12846	8.2465	8.04403	7.88295	8.29375
0.02945	7.9164	8.22253	8.15603	7.87766	7.97619	8.11135	7.9936	7.84581	8.18345
0.0298625	8.23332	8.27161	8.05546	7.93757	8.22956	8.2446	8.42277	7.99737	8.10095
0.030275	8.34947	8.32757	8.07538	8.2393	8.24743	8.04977	8.44818	8.30246	8.25742
0.0306875	8.00833	7.9513	7.90416	8.03208	7.89686	8.03061	8.25025	7.9719	8.07523
0.0311125	8.43224	8.25703	7.91267	7.84932	8.3043	8.08479	8.26443	7.95844	8.2967
0.0315375	8.06243	8.0148	8.08114	8.07383	8.02459	7.94616	8.27803	7.88572	8.37101
0.0319625	8.13896	8.25474	8.05043	8.04637	8.21728	8.04635	8.30994	8.21475	8.17848
0.0323875	8.14288	8.06353	7.82527	8.10857	8.33161	8.18899	8.18394	8.00612	8.07829
0.032825	8.01982	8.16091	8.15593	7.82028	8.31768	8.24856	7.9544	8.15093	7.99747
0.0332625	8.1398	7.89808	7.97425	7.80698	8.04623	8.20802	7.97835	8.22117	8.31998
0.0337	8.31843	8.3107	8.08214	8.24399	8.19227	8.12924	8.16018	8.08543	7.95563
0.0341375	8.42072	8.23837	8.06662	8.18857	8.2148	8.02981	8.59994	7.88833	8.57572
0.0345875	8.25678	8.41534	8.26639	8.281	8.19792	8.14632	8.2913	8.09896	8.636
0.035025	8.38453	8.38488	8.18686	8.12819	8.17414	7.8493	8.67016	8.06367	8.60457
0.0354875	8.22918	8.40682	7.90771	8.06386	8.3828	7.95954	8.18487	7.80708	7.90306
0.0359375	8.25005	8.22218	8.12882	8.24364	8.34363	7.90052	8.19514	7.92439	8.01818
0.0363875	8.24267	8.22762	8.13851	8.18468	7.97019	8.13153	8.08977	8.15937	7.89357
0.03685	8.11342	8.14488	8.17364	7.82248	8.24552	8.01708	8.33463	8.20821	8.37486
0.0373125	8.06632	8.22501	8.1216	8.0739	7.92003	8.54125	8.13079	7.94872	8.04856
0.0377875	8.21966	8.19205	7.84035	8.26264	8.36867	8.19802	8.19123	8.05136	8.19076
0.03825	7.99252	8.26115	8.01377	8.00132	8.35967	8.14951	8.1455	8.08427	8.13013
0.038725	8.15199	8.46535	8.22273	8.25299	7.91136	8.23223	8.2031	7.93602	7.77888
0.0392	7.98979	8.23394	7.93638	8.25687	8.20833	8.22666	8.45695	8.23205	8.19623
0.0396875	8.07487	8.44551	7.90238	8.25815	8.0376	7.95954	8.33911	8.09668	8.22216
0.0401625	8.37109	8.22731	8.08987	7.90691	8.26386	7.75027	7.89052	8.15405	8.04661
0.04065	8.02495	8.186	8.21523	8.1053	8.19856	8.26459	8.13017	8.03678	8.003
0.0411375	8.0752	8.20662	7.9039	8.27443	8.23071	8.24779	7.99361	8.17935	8.09231
0.0416375	8.17847	8.22649	8.23164	8.44674	8.16674	8.29749	8.65206	7.97136	8.11227
0.042125	8.17581	8.2394	7.87033	7.98878	8.20408	7.8506	8.42577	7.89903	7.92816
0.042625	8.36304	7.91005	8.18702	8.08197	7.96704	7.9146	8.16971	8.09327	8.01816
0.0431375	8.35277	8.15716	8.13168	8.12908	8.09664	8.09079	8.24714	8.07556	8.27044
0.0436375	8.15243	8.05981	7.98331	8.16464	8.12163	8.23576	8.01374	8.07146	8.07566
0.04415	8.21818	8.28924	8.00433	8.09187	8.20163	7.99741	8.21162	8.00972	8.13804
0.0446625	8.2281	8.10776	8.23683	8.15876	8.18554	8.13891	8.07582	8.14433	8.55834
0.0451875	8.2557	8.07457	7.93096	8.32936	7.92249	7.97254	8.14777	8.11373	8.15268
0.0457	8.60508	8.34456	8.16189	8.16407	7.96675	8.25414	8.40317	8.62038	8.33223
0.046225	8.22499	8.26495	7.83283	8.34856	7.97564	8.28755	8.09966	7.95037	8.15415
0.0467625	8.4115	8.38853	8.09394	8.20401	8.12605	8.13973	8.17689	7.9543	8.21773
0.0472875	8.11552	8.00713	8.07831	8.01858	8.16946	8.03347	8.02862	8.18388	8.17842
0.047825	8.04632	7.9399	8.09119	7.66122	8.1313	8.08982	8.15435	8.14435	8.05292
0.0483625	8.52184	7.99951	8.04896	8.02446	7.88501	8.20506	8.01968	7.93602	8.22821
0.0489125	8.25755	8.33375	8.09655	8.05093	8.04151	8.0915	8.28828	8.01927	8.0005
0.04945	8.7198	8.12725	8.3302	8.2863	8.09138	8.17216	7.9659	8.25244	8.18761
0.05	8.67965	8.07415	7.90647	8.12199	8.02814	7.78987	8.07121	8.14987	8.25645
0.0505625	8.25307	8.42509	8.0493	8.16566	8.17604	7.97901	8.11302	8.12018	8.30678
0.051125	8.17946	8.23493	8.07987	8.08086	7.95035	8.00425	7.95487	8.10379	8.05987
0.051675	8.61559	8.0047	7.75609	8.10137	8.17037	7.95625	7.96385	7.93509	7.97475
0.05225	8.35558	8.2883	7.97377	7.8108	7.99225	7.96414	7.97633	8.1503	8.00535
0.0528125	8.56331	8.03873	8.08636	8.3681	8.21395	8.09109	8.20931	8.08792	8.50148
0.0533875	8.35664	8.10512	8.15152	8.15906	8.25126	8.53851	8.14679	7.99012	8.28243
0.053975	8.20879	8.22755	8.06412	8.25409	8.00444	8.14537	8.00287	8.06375	8.36821
0.05455	8.26922	8.38596	7.76846	8.10899	8.13011	7.87504	8.25595	8.10417	8.24137
0.0551375	8.28208	8.22583	8.18092	8.12997	8.11492	8.04515	8.16397	7.99059	8.29169
0.055725	8.13279	7.96795	8.01386	8.33115	7.97203	8.07797	7.94466	8.23157	8.17384
0.056325	8.64338	7.93668	7.88646	7.9262	8.22781	7.89333	7.98633	8.22793	8.19188
0.056925	8.35983	8.05835	8.19033	8.12252	8.00411	8.39009	7.92258	7.96069	8.19486
0.057525	8.15385	8.28132	7.89011	8.2337	7.99223	7.90923	8.05086	8.04829	8.24244
0.058125	8.05628	8.0356	8.12975	8.17189	8.04825	8.32104	8.17424	7.84295	8.37129
0.0587375	8.3672	8.09177	7.93921	8.15646	8.1554	8.12598	8.13822	8.04941	8.04106
0.05935	8.47347	7.93358	8.06932	8.0023	8.11838	7.99992	8.11373	7.97531	8.15096
0.059975	8.1788	8.0455	7.8046	8.05894	7.86299	8.13979	7.91641	8.30623	7.96211
0.0606	8.13313	8.3066	8.19458	7.94401	8.10837	8.22018	8.21434	7.94366	8.17138
0.061225	8.41887	7.99572	7.90754	8.38822	8.25214	8.03864	8.04082	7.84793	8.16591
0.0618625	8.07873	8.05801	7.9878	8.08321	8.08881	7.97456	8.12316	7.96046	8.1285
0.0625	8.24959	8.37183	7.90055	7.96051	8.03353	7.99608	8.16133	7.98644	8.24757
0.0631375	8.39592	8.1192	8.032	8.4994	8.12398	7.69029	8.07937	8.07039	8.10126
0.0637875	8.29174	8.09537	7.92733	8.06865	7.88027	7.8055	8.46526	8.18924	8.12293
0.0644375	8.16107	7.91929	7.99212	8.13644	8.40328	8.03284	8.11073	8.07927	8.22236
0.0650875	8.13062	8.44077	7.76077	7.81596	8.04362	7.85311	8.25816	8.20757	8.10373
0.06575	8.43291	8.40654	7.92531	8.20304	7.66684	8.06635	8.1741	8.07548	8.18081
0.0664125	8.24396	8.20922	7.76174	8.06829	8.27283	8.15008	8.24742	8.04907	8.16568
0.067075	8.42721	8.24911	8.00262	8.26128	8.03525	7.743	7.90377	8.32571	8.24677
0.06775	8.42452	8.3115	8.07363	8.0117	8.20579	8.10156	8.02049	7.91698	8.28648
0.068425	8.06271	8.03485	8.12753	8.13668	8.11425	8.12909	8.08191	7.80354	8.04903
0.0691125	8.39822	8.35003	8.06176	8.1588	7.91943	7.93055	8.05673	8.19101	8.07503
0.0698	8.01925	8.1043	8.26587	8.0242	8.18623	8.03612	7.94456	8.10227	8.02484
0.0704875	8.30993	8.04624	7.90177	8.04356	8.01789	8.03299	8.18564	7.97011	7.92619
0.0711875	8.30978	8.21691	7.68618	8.16691	8.09681	8.24922	7.99732	8.11951	8.2337
0.0718875	8.12412	8.30879	8.07945	8.06711	7.98746	8.17227	7.98459	8.24915	7.911
0.0726	8.37846	8.17483	8.19452	8.00723	8.06387	7.98519	8.1684	7.93226	7.99532
0.0733	8.1582	8.3695	7.82621	8.08144	8.01048	8.09642	8.25573	8.22696	8.20452
0.074025	8.38504	7.99101	8.0134	7.86664	8.10093	7.8336	8.22199	8.1145	8.13288
0.0747375	8.05238	8.0883	8.04878	7.96662	8.18937	8.05432	8.00435	8.18111	8.28842
0.0754625	7.99462	8.07503	8.00938	8.13396	8.16949	7.78508	8.0914	7.90041	8.07814
0.0762	8.26731	7.79219	8.02145	7.94112	8.06075	7.98832	8.01257	8.0076	7.94261
0.0769375	8.24777	8.08122	8.12256	8.12779	8.19259	8.11148	8.25571	8.11287	8.14792
0.077675	8.3398	8.13545	8.04699	7.82915	8.13216	8.12675	8.13973	7.88297	7.91003
0.078425	8.12288	8.08305	8.18586	8.01341	7.91722	7.92081	7.96692	8.0032	8.1078
0.079175	8.43815	8.24432	7.91993	8.1725	8.26269	8.02842	8.24786	8.14097	7.96885
0.0799375	8.09009	8.0923	8.12814	7.95206	8.18496	8.34638	7.95316	8.31537	8.00441
0.0806875	8.04917	8.02943	8.09201	8.08618	8.09117	7.85509	8.1864	8.04032	8.11641
0.0814625	8.24908	8.07337	7.88188	7.69463	8.02052	8.11904	8.03653	8.1883	8.1922
0.0822375	8.16355	8.00439	7.6821	8.04157	7.77439	8.20439	7.87582	7.86704	8.15691
0.0830125	8.43783	8.01617	8.10486	7.95208	8.03246	8.09135	8.06049	8.00817	8.2597
0.0838	8.2033	8.26737	7.96326	7.84322	8.0148	8.25809	8.19014	7.87907	8.12105
0.0845875	8.24291	8.12838	8.0146	8.05953	8.07327	7.93166	8.1239	8.10878	8.10822
0.085375	7.87597	8.14274	7.92957	7.88541	8.17112	8.03202	7.99602	8.19924	8.19611
0.086175	7.91933	8.25748	8.22355	8.2612	8.15638	8.05199	8.16047	8.10779	8.11457
0.0869875	8.26318	8.26092	7.86671	8.22889	7.84846	8.0494	8.08251	7.96865	8.07302
0.0877875	8.29726	7.93047	8.01651	8.09895	7.97701	8.01376	7.93303	8.17027	8.0752
0.0886125	8.13492	8.11992	8.08731	8.22238	7.96434	7.96213	8.15038	8.07622	8.13654
0.0894375	8.3163	8.0352	7.79209	7.84908	7.90478	8.19795	8.07874	7.85845	8.17477
0.0902625	8.23187	8.16632	8.25057	8.12237	8.04004	8.22927	7.99453	7.95937	8.13215
0.0910875	8.08473	8.03997	7.98188	7.90989	8.06787	8.15712	8.01363	8.14829	7.95266
0.0919375	8.35602	8.21283	7.90128	8.00168	7.95618	7.78112	8.04861	8.01554	8.10331
0.092775	8.31111	7.82495	8.02003	7.88544	7.95818	7.97802	8.1433	7.89944	7.79595
0.093625	8.43258	8.11021	8.17452	7.97253	8.13292	8.26084	8.08413	7.89364	8.04533
0.0944875	8.41988	8.06099	7.95639	8.12728	8.09515	8.11376	8.1982	8.0818	7.8674
0.09535	8.0537	7.94925	8.00146	8.02476	8.17385	8.0503	7.85584	8.08428	8.27796
0.0962125	8.10646	8.03174	8.02213	8.06056	8.31645	8.01767	7.9196	8.02368	8.06538
0.0970875	8.40616	7.997	8.22542	8.10048	8.16318	8.01374	7.99787	7.99773	7.99238
0.097975	8.04673	8.04105	8.05671	7.95306	8.10532	8.01201	8.17519	7.84305	8.25891
0.0988625	8.38506	8.27727	8.10245	8.01041	7.95615	7.8803	7.9917	7.95614	7.93186
0.09975	8.35375	8.18849	7.88985	7.98374	8.11259	7.95583	8.14405	7.86152	8.16756
0.10065	8.21393	8.16402	8.07761	8.04019	8.04892	8.19	8.19875	8.09891	7.93161
0.101563	8.1897	8.29032	8.20054	8.01997	8.08681	7.98971	8.02086	7.96952	8.01882
0.102475	8.06963	8.02195	7.88602	8.02484	8.11333	8.04355	8.27172	8.09472	8.27911
0.103387	8.08876	7.86583	8.08109	7.92249	8.17647	7.90771	8.00463	7.97271	7.91552
0.104313	8.05533	8.05392	8.04106	8.09761	8.12108	8.04138	8.07286	7.91924	8.00433
0.10525	8.12802	8.03575	7.96283	7.94728	8.19262	7.87576	8.00801	8.00749	7.99886
0.106188	8.20236	8.10199	8.09639	8.00175	8.06631	8.0184	7.92162	8.04795	8.01027
0.107125	8.21481	8.21675	7.86887	8.07853	8.25059	7.86524	8.01993	7.79387	8.20081
0.108075	8.06742	8.12132	8.14088	8.08168	8.10962	7.8637	8.17846	8.20621	7.96172
0.109038	8.1384	8.22948	7.9501	8.21506	8.03739	8.11167	7.94248	7.89709	8.10344
0.11	8.22216	8.24145	7.83375	8.00287	8.28208	8.28659	8.10313	8.0753	8.10116
0.110963	8.08982	8.21082	7.93017	8.0628	8.018	7.99063	8.19767	8.03898	8.24792
0.11195	8.28895	7.98445	7.80386	8.05646	8.22393	8.00057	7.90469	7.99494	8.08418
0.112925	8.10214	8.37482	8.00064	7.91302	8.02776	7.99907	7.99191	7.86878	8.13994
0.113925	8.19926	8.07896	8.05168	7.84181	8.05044	8.11199	8.11628	8.05965	7.98599
0.114913	8.31532	7.83158	8.06964	8.07454	8.16186	8.09441	7.92371	7.94294	8.08156
0.115925	8.13486	8.18035	7.91232	8.01149	8.09628	8.01764	7.88626	8.09748	7.91312
0.116938	8.1533	8.12162	7.95181	8.14207	8.12878	8.00531	8.12403	8.121	8.02999
0.11795	8.17844	8.07927	7.84316	7.9728	8.06181	7.96962	8.12657	7.9042	8.21792
0.118975	8.04568	8.05903	8.02201	7.8932	8.2471	8.00127	8.21096	7.97832	8.0654
0.120012	8.42099	8.08306	7.83094	7.65648	7.96087	7.9188	7.9767	7.92924	8.16804
0.12105	8.26481	8.113	7.98161	8.26182	7.98105	8.01855	8.15044	7.82344	7.81665
0.1221	8.2427	8.32189	8.11624	8.08098	7.98224	8.08019	7.83548	7.98164	8.20963
0.12315	8.21497	8.13063	7.83566	8.059	8.16751	8.07684	7.84832	8.00786	8.18329
0.124213	8.19452	8.21836	7.9623	8.07876	8.05418	8.0245	8.07762	8.32169	7.88298
0.125288	8.19676	8.22412	7.94614	7.93683	8.11214	7.86222	8.26431	7.9869	8.09971
0.126363	8.14398	8.24886	8.01987	8.15648	7.98244	8.0901	8.14386	8.13783	8.11351
0.127438	8.11628	8.07675	7.99752	7.96012	7.75136	7.91137	8.20421	8.12205	7.88682
0.128538	8.29222	8.12535	7.83702	7.9556	7.96654	8.15554	8.12044	8.14606	7.9493
0.129637	8.03453	7.92677	8.07013	7.98773	8.13859	8.11235	8.12997	8.08089	8.01321
0.130737	8.26016	8.16387	8.04074	8.17085	7.98706	7.8325	7.90618	8.04419	7.87765
0.13185	8.11722	8.07627	7.94305	7.88232	7.96686	8.21003	8.05305	7.98048	8.09201
0.132975	8.21222	8.13568	7.945	8.18993	8.16321	7.86544	7.81714	7.91031	8.09829
0.1341	8.38267	7.99564	7.97578	7.99079	7.98559	8.16472	8.09487	8.09769	7.86916
0.135238	8.10549	8.01088	7.98594	8.1173	8.13789	8.08484	7.90467	8.06405	8.21672
0.136387	8.35014	8.01687	7.992	7.94735	8.00279	7.97637	7.91172	7.90227	8.0171
0.137537	8.02366	8.03983	7.77242	7.96351	8.08751	8.01591	8.03966	8.06175	8.02938
0.1387	8.28541	8.25928	7.81714	8.11621	8.18514	7.99639	8.1076	8.07563	7.97744
0.139875	8.28044	7.9238	7.77325	8.25468	7.98513	8.1298	8.09675	8.00403	8.06474
0.14105	8.09472	8.08563	7.75345	7.93715	8.163	7.83143	7.93457	7.97408	7.98924
0.142237	8.19124	8.20408	8.00351	8.27126	7.97915	8.08489	8.24001	8.02506	8.0909
0.143425	8.04513	8.17224	7.8124	7.71024	8.00156	8.14699	8.18164	8.118	8.10964
0.144625	8.45654	8.05152	7.88708	7.86209	8.14807	8.10865	8.01126	7.84917	8.29825
0.145838	8.43599	8.15113	8.01345	8.09658	7.96357	7.99368	7.84332	7.91926	7.98784
0.147062	8.1712	8.13647	7.89966	7.99905	8.02214	8.02658	7.97437	7.74902	8.23681
0.148288	8.24088	7.85118	7.90439	8.08393	8.10402	8.05597	7.94605	8.13522	8.0086
0.149525	8.34443	7.95031	8.14326	7.9796	8.22309	7.87575	7.91173	7.97611	7.87516
0.150762	8.142	8.01201	7.86834	7.85166	8.16444	7.80623	8.06965	8.0645	8.09135
0.152025	8.16705	7.91755	8.02066	8.00597	7.95594	7.96256	8.02594	8.04611	7.97218
0.153288	8.20231	8.04744	7.89692	7.82334	8.07784	7.98147	7.78727	7.81413	8.04658
0.15455	8.14836	8.05518	7.75864	8.11817	7.99006	8.10321	8.10376	7.98513	8.04541
0.155838	8.21943	8.04645	7.78695	7.95333	8.08486	7.89326	8.0077	7.9849	7.96451
0.157125	8.23911	8.18158	7.85106	8.11034	8.00055	7.93981	7.97059	7.96989	7.77302
0.158413	8.09475	8.00352	7.96828	7.97928	7.82753	7.94562	8.08667	7.94856	8.10789
0.159725	8.17239	7.94642	7.79684	7.75353	7.86577	7.80803	7.99183	8.08861	7.94822
0.161038	8.12937	8.14645	7.92541	8.00652	8.17112	7.98727	7.8325	8.21049	8.00651
0.162363	8.26996	8.13181	7.90355	7.84203	8.01871	7.88936	8.00015	7.97373	7.98901
0.1637	8.13101	8.09467	7.83638	7.96225	7.8934	7.90063	8.05491	7.99992	8.03802
0.165037	8.23678	8.07958	7.97838	8.03544	8.10632	8.04295	8.05639	7.88827	8.07255
0.166387	8.22895	8.0427	7.82294	7.93893	8.09299	7.91355	8.04743	7.98438	7.97681
0.16775	8.21362	8.10384	7.84054	7.99089	7.91609	7.89901	7.95585	8.05111	7.90363
0.169125	8.16174	8.05737	7.93798	8.12032	7.90781	7.97623	7.94581	7.84897	7.90294
0.1705	8.14292	8.05785	8.03106	8.0398	7.9363	7.91243	8.06777	7.92213	8.0475
0.171888	8.26498	7.88389	7.84522	8.17909	7.91687	8.00189	7.94503	7.93727	8.03854
0.173287	8.22892	8.21939	7.90547	8.00741	7.81106	7.91042	7.97126	7.94393	7.81016
0.1747	8.25516	8.00725	8.01295	7.98879	8.11013	8.00247	7.99949	7.88594	7.86309
0.176125	8.21113	8.15816	7.95849	8.169	8.0351	7.96384	7.92199	7.9899	8.11391
0.17755	8.19386	8.06532	7.89789	7.90925	8.06945	7.88391	7.91198	8.16342	7.95988
0.178988	8.086	7.93023	7.80136	7.92079	7.97671	7.93712	7.98069	8.01729	8.05357
0.180438	8.26581	7.96465	7.87122	7.8164	7.99741	7.98439	8.07154	7.95768	7.98674
0.1819	8.2387	7.98352	8.09804	8.05745	7.9854	7.95556	7.9623	7.82313	8.03059
0.183362	8.11332	8.02032	7.7189	7.86881	7.96991	7.90258	7.97794	7.81796	7.9824
0.184838	8.17075	8.03061	7.84975	8.01243	7.93207	7.95707	7.92502	8.02792	8.02742
0.186338	8.14314	8.05383	7.90296	7.92287	8.01812	8.05038	7.97075	8.03139	8.0012
0.187837	8.03255	7.915	7.75195	7.83461	8.03051	8.03601	8.13145	7.89456	8.04233
0.189338	8.25906	8.00743	7.93301	8.0716	7.86912	7.98656	7.94873	7.99357	7.94445
0.190863	8.05022	8.17778	7.92836	8.07332	7.93989	7.84858	8.12847	7.91853	8.03736
0.192388	8.22989	7.95941	8.02048	7.93368	8.10244	7.73976	7.94069	7.94575	7.93028
0.193937	8.06117	7.95369	7.81645	7.97184	8.04368	7.98606	8.09228	7.82188	7.98026
0.195487	8.10626	8.02995	7.8833	8.10318	7.90447	7.81185	7.90848	8.00574	8.19682
0.19705	8.11966	7.95295	7.97542	7.85397	8.12793	7.87576	8.00922	7.89475	8.01305
0.198625	8.23194	8.09592	7.96057	8.03568	7.95222	7.89529	7.8231	7.91867	8.03247
0.200212	8.1106	8.01282	7.75617	7.9621	8.02289	7.9238	7.87637	8.04859	7.95731
0.2018	8.04075	7.9096	7.92383	8.07641	8.00513	7.99642	8.20006	7.89561	7.87907
0.203413	8.22177	8.05688	8.04408	8.09576	8.16334	8.13653	7.88431	7.90718	7.90554
0.205025	8.18485	8.2368	7.79944	7.86042	8.01429	7.9326	7.95965	7.90555	8.09494
0.206663	8.23261	7.98457	7.92303	7.99602	8.02052	8.00879	8.11954	7.88252	7.97508
0.2083	8.16274	7.92448	7.77354	8.07126	7.75116	7.95551	8.10345	7.80013	7.88873
0.20995	8.20369	7.8851	8.00253	7.91864	7.98682	7.97271	8.08542	7.75881	7.92551
0.211612	8.05466	8.00129	7.98126	8.09967	7.96456	7.93595	8.00214	7.82032	7.91719
0.213288	8.18162	8.00051	7.79644	7.95683	8.05267	7.99227	7.87673	8.07655	7.99866
0.214975	7.97839	7.88043	7.97236	7.87824	7.96804	7.91051	8.03748	7.93044	7.98005
0.216675	8.08599	7.94987	7.81336	8.12517	8.02063	8.01194	8.05959	7.95149	7.99863
0.218387	8.16782	8.0368	8.01412	7.94	7.99029	7.79855	8.20545	7.88766	7.98779
0.2201	7.93314	8.03778	7.83594	8.08412	7.93706	7.85243	7.94397	7.96665	7.95815
0.221838	7.99078	8.01164	7.88138	7.94105	7.78547	7.96086	7.93974	8.06514	8.04868
0.223587	8.32345	8.03071	7.88592	7.99079	7.9002	7.82806	7.87373	7.94423	7.96924
0.225338	8.09058	7.91978	7.96045	8.00854	7.96453	7.97423	7.94108	7.90302	7.90153
0.227113	7.9727	7.91343	7.81766	7.92526	8.02691	7.90496	8.00366	7.81646	7.95079
0.228887	8.06335	7.92942	7.87991	7.92711	7.84115	8.03384	7.96745	7.84527	7.9028
0.230687	8.13995	8.02404	7.8203	7.79108	7.99151	7.92689	7.8549	7.83869	7.81315
0.2325	8.09194	7.87888	7.95721	7.94336	7.84963	7.84188	8.01023	7.86205	7.9553
0.234313	8.11711	7.89153	7.87362	7.82493	7.97952	7.79609	7.88361	7.95325	8.04961
0.23615	8.07352	8.09758	7.96931	8.0263	7.88331	7.77749	8.00698	7.80563	7.95129
0.237988	8.1221	7.88828	7.86787	7.95189	7.95491	8.00151	7.84988	8.09776	7.91523
0.23985	7.99802	8.03314	7.81752	8.02176	7.87768	7.96916	7.95105	8.03991	7.87859
0.241725	8.06514	8.14406	7.81634	7.96092	7.98369	7.86973	7.97591	7.78954	7.96367
0.2436	8.0375	7.75345	7.79555	7.93499	7.95048	7.80161	7.94301	7.99352	8.0392
0.2455	8.24709	8.04376	7.8877	8.00025	8.05426	7.78228	7.98168	7.96741	7.90968
0.247413	8.10458	7.93997	7.8947	8.02535	7.97074	8.01073	7.90887	7.79304	8.06564
0.249337	8.09983	7.9399	7.82786	7.89411	7.94979	7.89221	7.90086	8.02706	7.93841
0.251262	8.02179	7.9251	7.71878	7.94902	7.93736	7.81532	7.99674	7.82313	8.01066
0.253213	8.10038	7.90432	7.89913	7.74911	7.9572	7.85162	7.97948	7.93017	7.96259
0.255188	8.09847	7.94644	7.76047	7.87014	8.02022	7.97254	7.90309	7.94178	7.95627
0.257163	8.0423	8.02523	7.68149	7.82476	7.90855	7.89869	8.00365	7.96941	8.09149
0.25915	7.99884	8.00094	7.93874	8.05134	8.03249	7.89328	8.03589	7.78961	7.82913
0.26115	8.11302	8.05629	7.79274	7.88367	8.01962	7.7664	7.95171	7.93818	7.99481
0.263175	8.00625	7.89186	7.89387	7.97517	7.8802	7.8968	7.81505	7.92713	8.12926
0.2652	8.12072	7.92604	7.86307	7.88966	7.93612	7.82808	7.88972	7.86911	7.95619
0.26725	8.09664	8.04336	7.76046	7.90831	7.88306	7.80606	7.9492	7.84446	7.87071
0.269313	8.12817	7.93135	7.84379	7.96305	7.778	7.88635	7.88773	7.90335	7.95741
0.271387	8.10475	8.02317	7.79431	7.86766	8.00798	7.91334	7.95206	7.96372	7.90959
0.273475	8.11752	8.11654	7.93144	7.87068	8.0093	7.85264	7.98819	7.92799	7.86904
0.275575	8.09059	7.94156	7.86186	7.99636	7.94732	7.82129	8.05663	7.92928	7.94902
0.2777	8.02412	7.98518	7.87093	7.949	7.90534	7.86051	7.72086	7.9739	8.04924
0.279825	8.10684	7.93766	7.76116	8.01078	7.94527	7.92239	7.88748	7.90504	8.03596
0.281975	8.0496	7.8743	7.7909	7.81708	7.86269	7.9228	7.87744	7.87345	7.98833
0.284137	8.1684	7.8754	7.86878	7.88521	7.81202	7.90042	7.87472	7.93768	7.85059
0.286312	7.99854	7.95605	7.79803	7.95028	7.85383	7.9195	7.87978	7.94829	7.93181
0.288512	7.99175	7.93614	7.75184	7.96548	7.8632	7.77847	8.00379	8.00272	7.88572
0.290713	8.04408	8.02964	7.76158	7.67286	7.91756	7.902	7.99958	7.90601	7.81524
0.292937	8.19673	7.9775	7.94508	7.91399	8.00031	7.87106	7.96093	7.70909	8.15656
0.295175	7.96633	7.93966	7.90326	7.94822	8.06298	8.00259	7.86346	7.83627	7.91511
0.297437	8.14408	7.97216	7.94883	7.86936	7.88886	7.90681	7.98532	7.90306	8.07129
0.2997	7.86904	7.99152	7.98572	7.90418	7.78743	7.82579	8.00517	7.93544	7.76811
0.301987	8.02144	7.92826	7.73113	7.99744	7.91268	7.87953	7.95164	7.82802	7.8989
0.304287	7.92565	7.84926	7.80739	7.80036	8.04021	7.90159	7.99385	7.82902	7.98004
0.3066	8.01104	7.98429	7.81335	7.9472	7.89491	7.71701	7.98164	7.87842	7.83112
0.308937	8.07609	7.89152	7.69083	7.91275	7.78096	7.86634	7.98071	7.92789	7.96908
0.311287	8.00464	7.92658	7.72788	7.92653	7.89239	7.80037	7.79953	7.87441	7.78595
0.31365	7.97931	7.88004	7.72532	7.97179	7.8706	7.84788	7.91268	7.94468	7.93013
0.316038	8.17046	7.89442	7.89138	7.89922	7.8064	7.71356	7.8797	7.84986	7.93
0.318437	7.89385	7.94168	7.78899	8.02251	7.89132	7.83488	7.91484	7.96055	8.0226
0.32085	8.09377	7.8859	7.88275	7.88995	7.86995	7.79477	7.89191	7.73356	7.80902
0.323287	7.86066	7.76859	7.93617	7.8126	7.77789	7.96792	7.89544	7.88568	7.86858
0.325725	8.0553	7.75577	7.80646	7.91375	7.82662	7.88279	7.90451	7.90883	7.78827
0.3282	8.03488	7.85745	7.82257	7.63809	7.85384	7.84203	7.84439	7.82574	7.92999
0.330675	7.92373	7.83998	7.79234	7.84375	7.92842	7.84868	7.75759	7.95078	7.96577
0.333175	8.09265	7.9203	7.8231	7.79484	7.92936	7.77791	7.88497	7.7792	7.85869
0.3357	8.00863	7.89782	7.85102	7.92492	7.94949	7.85631	7.93848	7.8016	7.81909
0.338237	8.05872	8.01326	7.84569	7.98404	7.77741	7.99259	7.84732	7.87979	7.73368
0.340788	8.09561	8.01604	7.78781	7.91157	7.80893	7.87059	7.72738	7.71203	7.94513
0.34335	8.08795	7.93448	7.82314	7.85491	7.82974	7.96673	7.86808	7.93071	7.95827
0.345937	7.96709	7.87267	7.75276	7.90693	7.92289	7.93835	7.85649	7.85105	7.80934
0.34855	8.02023	8.02445	7.7359	7.95132	7.83382	7.91932	7.93557	7.85473	7.79252
0.351175	7.89418	7.77702	7.84991	7.89166	7.89926	7.85262	7.88142	7.96497	7.92462
0.353812	8.10785	7.76543	7.82869	7.85544	7.81114	7.80577	7.94895	7.84028	7.85639
0.356475	7.98522	7.88162	7.87276	7.83929	7.79333	7.85045	7.93033	7.8233	7.90983
0.35915	8.02511	7.94867	7.80483	7.95929	7.8839	7.77177	8.02011	7.96407	7.87652
0.36185	8.10114	7.96439	7.86191	7.78019	7.82304	7.87338	7.9053	7.81459	7.73369
0.364563	8.05288	8.02622	7.8389	7.79567	7.80132	7.74908	7.81373	7.70665	7.92235
0.3673	7.97884	7.86201	7.73079	7.97333	7.88989	7.76344	7.84734	7.8442	7.79666
0.370063	8.02726	7.88405	7.68823	7.88591	7.92551	7.77359	7.80485	7.90092	7.92351
0.372825	7.93079	7.85839	7.76103	7.98601	8.02842	7.89314	7.82087	7.86094	7.84244
0.375625	8.01972	7.85509	7.76234	7.87097	7.85401	7.98377	7.80254	7.8286	7.86219
0.378437	8.04929	7.89819	7.82661	7.80885	7.82656	7.86378	7.85177	7.89149	7.84572
0.381263	7.95923	7.78777	7.71986	7.8149	7.87351	7.86636	7.88606	7.78292	7.93322
0.384113	7.96463	7.85996	7.72794	7.74009	7.73612	7.77742	7.76861	7.74554	7.88752
0.386988	7.91591	7.86929	7.84239	7.70701	7.912	7.83153	7.81762	7.81779	7.75636
0.389875	8.03297	7.90583	7.82332	7.81683	7.77716	7.7132	7.85072	7.88653	7.74145
0.392787	8.12897	7.89622	7.81025	7.83549	7.95505	7.92335	7.92051	7.73102	7.80142
0.395712	7.95072	7.83664	7.78236	7.84825	7.71328	7.9595	7.8267	7.81522	7.92495
0.398663	7.9353	7.94924	7.87803	7.87827	7.91147	7.88068	7.81845	7.80382	7.87222
0.401637	8.02519	7.86214	7.81787	7.82996	7.9125	7.86671	7.86484	7.89513	7.90283
0.404637	8.03821	7.84608	7.74043	7.82315	7.79818	7.86734	7.82534	7.80525	7.94227
0.40765	8.02512	7.85027	7.76944	7.92867	7.86247	7.74812	7.89756	7.85318	7.8448
0.410675	8.00853	7.73822	7.82469	7.70686	7.91807	7.83187	7.649	7.75002	7.87569
0.413738	7.97008	7.81685	7.74307	7.84211	7.79673	7.86125	7.85833	7.82606	7.79347
0.416813	7.96953	7.76782	7.78604	7.94069	7.82057	7.83687	7.95458	7.80562	7.82299
0.4199	8.06125	7.81234	7.78369	7.86835	7.89603	7.57826	7.84178	7.73863	7.90579
0.423025	7.92609	7.84239	7.77097	7.86364	7.93363	7.76852	7.83844	7.74327	7.88969
0.426163	7.98728	7.95446	7.73994	7.77626	7.86566	7.88991	7.81524	7.72392	7.92542
0.429325	8.05493	8.06557	7.89831	7.85205	7.76184	7.73559	8.00004	7.81003	7.95842
0.432512	8.05906	7.8117	7.78905	7.88379	7.72711	7.90596	7.85154	7.74871	7.8163
0.435712	7.93978	7.76925	7.80143	7.84141	7.81657	7.84969	7.77754	7.9158	7.84209
0.43895	7.98166	7.78701	7.8188	7.75835	7.87383	7.86879	8.00048	7.77419	7.77799
0.4422	8.0529	7.80384	7.77133	7.85261	7.89439	7.71752	7.84086	7.91056	7.93441
0.445462	7.94085	7.93414	7.67716	7.90337	7.82367	7.917	7.86323	7.8011	7.88749
0.448763	7.91314	7.90133	7.74621	7.81665	7.81191	7.83228	7.83909	7.74982	7.84382
0.452087	7.92127	7.80245	7.68824	7.80531	7.88342	7.95916	7.93085	7.7952	8.00122
0.455425	7.93982	7.92473	7.78028	7.77712	7.82054	7.844	7.82575	7.81643	7.80053
0.458788	7.98053	7.88773	7.73219	7.93838	7.91038	7.89958	7.74898	7.84248	7.86923
0.462175	8.02687	7.74865	7.70927	7.80243	7.86388	7.84592	7.77178	7.76576	7.88675
0.465587	8.05731	7.78983	7.74762	7.74893	7.91389	7.80117	7.93868	7.86309	7.80313
0.469025	7.96328	7.82816	7.65502	7.81227	7.85825	7.81347	7.8152	7.7244	7.81544
0.472488	7.98943	7.77732	7.81729	7.75935	7.87258	7.82899	7.83677	7.79604	7.85005
0.475962	7.99178	7.77946	7.7784	7.77088	7.73962	7.90892	7.76084	7.79253	7.72362
0.479475	7.99682	7.81176	7.72702	7.78675	7.85566	7.85637	7.84616	7.8199	7.71895
0.483	7.90703	7.91907	7.78541	7.87654	7.91404	7.72885	7.86955	7.76954	7.84149
0.486562	7.94138	7.94309	7.78207	7.79143	7.85893	7.86381	7.77694	7.87004	7.83983
0.490137	7.87606	7.80216	7.74567	7.72207	7.76015	7.71848	7.83659	7.77113	7.80882
0.49375	7.89226	7.82544	7.72619	7.68601	7.77062	7.7693	7.81806	7.81831	7.87521
0.497375	7.82157	7.79163	7.67638	7.86427	7.79833	7.84626	7.75304	7.71816	7.81708
0.501037	7.87007	7.73688	7.71074	7.88004	7.78151	7.80852	7.87399	7.79879	7.75164
0.504713	7.91011	7.81886	7.80923	7.7267	7.91197	7.73249	7.87506	7.79159	7.7463
0.508425	7.90988	7.84362	7.58052	7.75728	7.74951	7.8428	7.83495	7.76624	7.90122
0.51215	8.03586	7.77359	7.75261	7.84384	7.75848	7.7742	7.83755	7.79989	7.83163
0.515912	7.97489	7.73454	7.73471	7.87495	7.8107	7.80393	7.8172	7.69235	7.75669
0.5197	7.98273	7.84707	7.77759	7.71912	7.86462	7.8206	7.87811	7.79811	7.78435
0.5235	7.90627	7.84404	7.80128	7.74733	7.85094	7.84858	7.81008	7.83693	7.84251
0.527337	7.87404	7.8568	7.74479	7.79639	7.79392	7.84684	7.76604	7.8868	7.8598
0.5312	7.8459	7.83311	7.80528	7.83644	7.78172	7.7384	7.82414	7.87561	7.79016
0.5351	7.90763	7.702	7.74038	7.83775	7.77032	7.79408	7.86561	7.84104	7.79397
0.539012	7.85238	7.79733	7.73356	7.83829	7.90088	7.8322	7.89052	7.795	7.78378
0.54295	7.90378	7.88969	7.71809	7.81203	7.72718	7.84724	7.89334	7.78332	7.83715
0.546925	7.90792	7.82875	7.6642	7.73756	7.75836	7.76369	7.82503	7.90279	7.81907
0.550925	7.9491	7.84774	7.65367	7.82761	7.79494	7.71492	7.7934	7.77389	7.88333
0.55495	7.8281	7.94081	7.78475	7.72327	7.78396	7.82557	7.79288	7.84148	7.88459
0.559012	7.82777	7.80107	7.72717	7.78542	7.73126	7.71333	7.83956	7.68976	7.79521
0.563088	7.83837	7.79561	7.62431	7.77755	7.8399	7.69217	7.77212	7.76617	7.86266
0.5672	7.96057	7.82141	7.82237	7.78545	7.79295	7.85941	7.72907	7.86943	7.79364
0.571338	7.95032	7.76652	7.6192	7.83825	7.8017	7.67526	7.79126	7.76614	7.8863
0.575513	7.90473	7.79553	7.65009	7.80614	7.81479	7.82719	7.79947	7.76938	7.78959
0.579713	7.93201	7.72007	7.78565	7.80163	7.80806	7.69066	7.7991	7.75689	7.84832
0.583938	7.96954	7.88789	7.7503	7.86936	7.85673	7.74619	7.75389	7.79849	7.87077
0.588188	7.8142	7.83258	7.66211	7.82658	7.74741	7.75558	7.79976	7.75311	7.8143
0.592475	7.8133	7.76146	7.74488	7.76696	7.86656	7.84583	7.76355	7.76927	7.70239
0.596788	7.88734	7.75321	7.77514	7.82692	7.73992	7.79065	7.77649	7.70236	7.84089
0.601138	7.84368	7.79276	7.62293	7.86841	7.73537	7.66773	7.76477	7.8007	7.85202
0.605512	7.92025	7.84988	7.73874	7.81286	7.69784	7.70355	7.78388	7.64253	7.76763
0.609913	7.78347	7.78336	7.67437	7.80611	7.78415	7.80949	7.84003	7.71549	7.81725
0.61435	7.88789	7.75893	7.71229	7.80221	7.72862	7.73568	7.85677	7.68627	7.78483
0.618813	7.87057	7.81671	7.63082	7.84783	7.66587	7.71472	7.97119	7.86118	7.76729
0.623312	7.75269	7.7685	7.67306	7.76464	7.77614	7.65079	7.76442	7.77901	7.85209
0.627837	7.87454	7.78666	7.7133	7.83251	7.76341	7.84269	7.78932	7.75957	7.74273
0.6324	7.7519	7.87097	7.676	7.74497	7.74575	7.73547	7.81404	7.7467	7.7751
0.636988	7.8993	7.82902	7.75136	7.79646	7.73293	7.71546	7.77893	7.78879	7.91121
0.641613	7.95246	7.71422	7.70132	7.826	7.73007	7.69565	7.72955	7.67415	7.71579
0.646275	7.86428	7.67091	7.62011	7.66829	7.76041	7.74045	7.78932	7.75024	7.88329
0.650962	7.8562	7.84953	7.72798	7.79788	7.73518	7.68412	7.67541	7.64572	7.87848
0.655675	7.83236	7.81065	7.77094	7.81951	7.77676	7.74445	7.76408	7.80353	7.7834
0.660438	7.8715	7.76978	7.65411	7.84806	7.71065	7.7277	7.81789	7.74243	7.82146
0.665213	7.82274	7.77954	7.50674	7.76611	7.86757	7.73543	7.82449	7.78221	7.68052
0.670038	7.90668	7.77941	7.74695	7.72838	7.70277	7.78034	7.66732	7.77852	7.79674
0.674887	7.83502	7.78828	7.661	7.80698	7.68371	7.63782	7.79153	7.69471	7.7672
0.679775	7.83182	7.69947	7.63951	7.71004	7.80305	7.87274	7.77197	7.78466	7.80926
0.6847	7.89562	7.83073	7.62289	7.74826	7.6825	7.68649	7.82899	7.72111	7.71707
0.68965	7.82247	7.71509	7.70322	7.76764	7.71241	7.65241	7.81263	7.76256	7.74186
0.694637	7.78229	7.73368	7.62749	7.72892	7.75273	7.85911	7.837	7.72261	7.72018
0.699663	7.82017	7.80543	7.73475	7.72621	7.76436	7.67215	7.85731	7.88327	7.82691
0.704725	7.76875	7.85051	7.64784	7.76129	7.84212	7.7092	7.81646	7.73338	7.83863
0.709813	7.88606	7.76747	7.66174	7.74505	7.7504	7.66491	7.77558	7.81175	7.72344
0.714938	7.85213	7.76741	7.74162	7.76767	7.81793	7.75438	7.76511	7.76845	7.70473
0.7201	7.81328	7.79967	7.60124	7.80646	7.85258	7.74877	7.78157	7.7701	7.76196
0.7253	7.82644	7.79738	7.72295	7.79539	7.71641	7.72593	7.77043	7.78823	7.73465
0.730537	7.841	7.75705	7.77615	7.76607	7.71042	7.70418	7.74532	7.75972	7.81694
0.735812	7.87952	7.79844	7.80999	7.74503	7.81902	7.71296	7.75784	7.73269	7.8317
0.741112	7.84834	7.77901	7.65776	7.74013	7.762	7.7535	7.76964	7.69223	7.82739
0.746463	7.80538	7.80111	7.73512	7.63467	7.71499	7.69219	7.77261	7.76564	7.75537
0.75185	7.78174	7.78747	7.64469	7.75066	7.81104	7.74583	7.76896	7.68636	7.79652
0.757263	7.84829	7.80737	7.72575	7.7789	7.70328	7.77254	7.78391	7.68218	7.71446
0.762725	7.7946	7.80646	7.59548	7.77009	7.71934	7.70374	7.76128	7.70725	7.76986
0.768212	7.83036	7.70995	7.60988	7.79367	7.84039	7.72145	7.71905	7.69849	7.76394
0.77375	7.7631	7.80282	7.71198	7.7371	7.69149	7.67619	7.62167	7.70683	7.67884
0.779325	7.82895	7.72542	7.74442	7.78019	7.79475	7.76584	7.7264	7.78585	7.72791
0.784938	7.87276	7.81967	7.6828	7.8206	7.6616	7.72038	7.88562	7.78377	7.74448
0.790575	7.85647	7.81134	7.74747	7.70573	7.63312	7.67092	7.71483	7.68541	7.77101
0.796263	7.78129	7.73088	7.72298	7.64074	7.77792	7.73736	7.68735	7.7106	7.71458
0.802	7.87584	7.69475	7.69112	7.7812	7.71468	7.70859	7.81168	7.703	7.72283
0.807763	7.78271	7.74361	7.64164	7.74215	7.73646	7.64883	7.8406	7.67076	7.73945
0.813575	7.79119	7.77268	7.54021	7.80461	7.57486	7.67113	7.73971	7.68627	7.66363
0.819413	7.77553	7.74967	7.6202	7.78004	7.78058	7.67531	7.77223	7.71729	7.7646
0.8253	7.75618	7.77534	7.71357	7.73556	7.76885	7.63998	7.84726	7.69893	7.85838
0.831237	7.79689	7.69954	7.62183	7.67371	7.76218	7.65855	7.73217	7.70904	7.74958
0.8372	7.75951	7.7228	7.58364	7.78497	7.75008	7.8483	7.74441	7.70253	7.75446
0.843212	7.70891	7.79714	7.65432	7.73408	7.79117	7.67366	7.82656	7.78796	7.76166
0.849262	7.83336	7.74703	7.7745	7.74289	7.74485	7.6716	7.75561	7.72745	7.71592
0.855362	7.74776	7.68107	7.65274	7.68766	7.65899	7.7428	7.7442	7.68347	7.80754
0.8615	7.75996	7.74711	7.72678	7.73137	7.73536	7.7412	7.69565	7.69333	7.69543
0.867675	7.74775	7.76339	7.72394	7.71092	7.71715	7.70613	7.77942	7.70515	7.7299
0.8739	7.80615	7.70739	7.72938	7.54893	7.71159	7.59672	7.87732	7.69194	7.78985
0.880162	7.82686	7.76923	7.69872	7.73148	7.7113	7.58186	7.75084	7.78732	7.63234
0.886475	7.73766	7.73403	7.66527	7.70537	7.65223	7.71768	7.75783	7.69455	7.77234
0.892825	7.63848	7.84728	7.78434	7.73385	7.71064	7.66747	7.81566	7.66178	7.72751
0.899225	7.75759	7.70854	7.62463	7.71134	7.67718	7.5929	7.79929	7.69881	7.79888
0.905662	7.7581	7.76467	7.60806	7.75515	7.7742	7.6777	7.69966	7.78738	7.77602
0.91215	7.86312	7.78163	7.66794	7.71881	7.78849	7.63484	7.72772	7.66491	7.76107
0.918688	7.78941	7.72098	7.57501	7.74741	7.70553	7.64708	7.77097	7.6684	7.7554
0.925263	7.7012	7.78017	7.61068	7.82333	7.7573	7.77125	7.77117	7.74444	7.73335
0.931875	7.87099	7.72079	7.60794	7.74582	7.71255	7.68289	7.74456	7.70262	7.74898
0.93855	7.81988	7.81359	7.59454	7.6885	7.77403	7.61053	7.69018	7.82043	7.7126
0.945262	7.75604	7.69735	7.67491	7.77321	7.72619	7.75532	7.82543	7.65461	7.77425
0.952025	7.82887	7.80318	7.7149	7.58841	7.68607	7.65485	7.74815	7.68493	7.76667
0.958825	7.81452	7.76091	7.59466	7.68171	7.6757	7.70274	7.74448	7.71464	7.75148
0.965688	7.83098	7.72007	7.63176	7.64559	7.69964	7.69778	7.70233	7.66776	7.72589
0.972588	7.79817	7.77759	7.54101	7.6592	7.82306	7.63899	7.71287	7.77327	7.72798
0.979537	7.7789	7.65569	7.62015	7.73749	7.70199	7.63238	7.74952	7.73288	7.7075
0.986538	7.72113	7.73795	7.62274	7.67558	7.68963	7.58408	7.72533	7.66741	7.66357
0.993575	7.78643	7.69151	7.62049	7.72943	7.69896	7.71525	7.73301	7.70222	7.68915
1.00067	7.79433	7.71692	7.58673	7.79093	7.71844	7.59782	7.71327	7.72205	7.7464
1.00781	7.79586	7.78381	7.67247	7.74344	7.71675	7.70679	7.73727	7.75581	7.75566
1.01501	7.7034	7.77487	7.59698	7.73726	7.75812	7.61267	7.73648	7.77518	7.74387
1.02225	7.84229	7.76921	7.69109	7.66291	7.75249	7.67097	7.76003	7.61829	7.70449
1.02955	7.72278	7.77871	7.66292	7.6679	7.68899	7.6825	7.75184	7.63496	7.69917
1.0369	7.78327	7.75082	7.73702	7.6463	7.7623	7.67161	7.76729	7.75054	7.66514
1.04429	7.72253	7.7659	7.60906	7.7673	7.76727	7.68456	7.75707	7.66207	7.72961
1.05174	7.74132	7.78221	7.60483	7.7924	7.74978	7.7238	7.72195	7.7636	7.67324
1.05924	7.76407	7.71176	7.65916	7.73298	7.77052	7.64607	7.71186	7.7182	7.76431
1.06679	7.76597	7.69192	7.64344	7.71209	7.67663	7.76759	7.72562	7.62418	7.77163
1.07439	7.81218	7.75991	7.66989	7.71253	7.70749	7.6913	7.68329	7.69397	7.71969
1.08204	7.73682	7.74783	7.57003	7.71242	7.61002	7.61877	7.81101	7.7117	7.74133
1.08975	7.78768	7.72645	7.62214	7.71163	7.71679	7.69891	7.72348	7.74549	7.70545
1.09751	7.75496	7.79602	7.61589	7.72078	7.66482	7.6439	7.77477	7.70891	7.75955
1.10532	7.70538	7.73501	7.56587	7.67774	7.76251	7.65787	7.73522	7.67419	7.76232
1.1132	7.70491	7.76102	7.6162	7.70917	7.6746	7.62432	7.6696	7.6306	7.73036
1.12112	7.79019	7.68832	7.59165	7.70049	7.71677	7.70517	7.69412	7.74303	7.63848
1.1291	7.76712	7.68716	7.62818	7.68162	7.62468	7.7124	7.76719	7.65247	7.70287
1.13714	7.66705	7.77558	7.64294	7.79238	7.73132	7.70344	7.626	7.73899	7.73953
1.14523	7.68559	7.75328	7.66145	7.7434	7.68335	7.66195	7.71035	7.68612	7.65531
1.15338	7.70231	7.72877	7.68147	7.69837	7.67631	7.63025	7.72774	7.75218	7.75519
1.16157	7.75995	7.80857	7.66423	7.72616	7.62331	7.6429	7.74426	7.68505	7.68103
1.16984	7.7439	7.7529	7.71777	7.6903	7.72892	7.57515	7.69974	7.68113	7.72431
1.17815	7.70903	7.75303	7.57383	7.68354	7.66815	7.72653	7.70925	7.72594	7.68825
1.18652	7.76335	7.75084	7.63081	7.67493	7.68096	7.67349	7.74078	7.6984	7.73983
1.19496	7.72095	7.78467	7.6704	7.75245	7.68011	7.66753	7.75448	7.65742	7.74427
1.20345	7.72015	7.6924	7.60126	7.69897	7.65948	7.69175	7.6857	7.71718	7.69424
1.212	7.65886	7.80577	7.58231	7.6813	7.6733	7.69596	7.71719	7.64881	7.67587
1.22061	7.7833	7.72227	7.60031	7.76193	7.65522	7.6168	7.67957	7.67621	7.708
1.22927	7.74464	7.79131	7.56597	7.69982	7.73529	7.62077	7.70693	7.75262	7.68761
1.238	7.76146	7.76607	7.62757	7.65545	7.67652	7.64671	7.8097	7.70496	7.72077
1.2468	7.78616	7.67598	7.56572	7.72614	7.74064	7.70974	7.78425	7.68838	7.69361
1.25565	7.67763	7.65571	7.6247	7.75822	7.65674	7.63737	7.74198	7.64969	7.69842
1.26456	7.70973	7.79385	7.58615	7.64426	7.73414	7.61344	7.67389	7.73167	7.72006
1.27352	7.77056	7.78047	7.5448	7.71234	7.64078	7.682	7.73704	7.61679	7.70633
1.28256	7.66116	7.72142	7.67575	7.7346	7.73473	7.63991	7.69484	7.64311	7.77451
1.29166	7.68359	7.72927	7.67242	7.75507	7.73954	7.65081	7.78431	7.71852	7.74422
1.30082	7.74779	7.72275	7.66259	7.68321	7.72402	7.66424	7.64444	7.74744	7.72017
1.31005	7.79814	7.72641	7.68641	7.72232	7.72588	7.63244	7.69104	7.68389	7.73602
1.31934	7.66535	7.76786	7.64638	7.686	7.70622	7.68148	7.74834	7.65238	7.71242
1.32869	7.74913	7.80662	7.6283	7.72588	7.72672	7.64687	7.74248	7.63322	7.69933
1.33811	7.7689	7.71355	7.6002	7.71765	7.72318	7.63469	7.71329	7.69862	7.71509
1.3476	7.73639	7.68436	7.63107	7.62767	7.58944	7.68857	7.74189	7.69888	7.75536
1.35714	7.70003	7.6796	7.61429	7.67851	7.71387	7.65345	7.79483	7.68456	7.72406
1.36676	7.72972	7.7447	7.71414	7.74451	7.76453	7.62641	7.70807	7.68296	7.6654
1.37644	7.65803	7.7846	7.61961	7.68549	7.71458	7.61675	7.72829	7.72471	7.72412
1.38619	7.69996	7.72185	7.63487	7.62589	7.71239	7.66456	7.73019	7.76155	7.6424
1.396	7.71462	7.71894	7.64085	7.76445	7.72392	7.60767	7.73428	7.71524	7.71255
1.40589	7.7059	7.75371	7.72718	7.72541	7.71851	7.59966	7.71985	7.77305	7.74869
1.41584	7.68746	7.71946	7.69405	7.70623	7.72173	7.67103	7.73859	7.60269	7.73601
1.42586	7.71985	7.68357	7.64306	7.73926	7.70133	7.6989	7.76028	7.65309	7.69921
1.43596	7.69027	7.70735	7.70575	7.6967	7.69181	7.64919	7.69645	7.74433	7.64883
1.44611	7.70086	7.70968	7.63515	7.71504	7.64664	7.65738	7.7209	7.71786	7.73412
1.45635	7.71261	7.69981	7.59568	7.72481	7.71942	7.69071	7.72507	7.67621	7.73771
1.46665	7.71404	7.72992	7.63931	7.74715	7.71004	7.6899	7.71155	7.65658	7.72043
1.47703	7.73874	7.6863	7.59513	7.70927	7.71649	7.62538	7.76464	7.6509	7.75447
1.48748	7.68922	7.76447	7.66597	7.75245	7.67102	7.65518	7.71211	7.63698	7.71452
1.49799	7.68124	7.75312	7.66868	7.71554	7.71679	7.66457	7.71129	7.66215	7.73643
1.50859	7.74255	7.74038	7.57804	7.6482	7.75448	7.70936	7.67239	7.71532	7.68165
1.51925	7.63092	7.67668	7.60688	7.60568	7.65676	7.6272	7.78903	7.73184	7.76628
1.52999	7.72879	7.73299	7.62574	7.69853	7.74717	7.67242	7.71163	7.70222	7.70263
1.5408	7.67917	7.74903	7.60779	7.71949	7.71125	7.7146	7.71188	7.70374	7.7508
1.55169	7.71366	7.76857	7.59524	7.73425	7.69564	7.63244	7.69133	7.67627	7.71951
1.56265	7.71865	7.78951	7.61508	7.77356	7.69659	7.69642	7.65362	7.63006	7.69993
1.57369	7.67552	7.78315	7.62897	7.67911	7.69969	7.69672	7.74143	7.70445	7.74076
1.58481	7.70401	7.69715	7.62646	7.69695	7.73616	7.75314	7.6952	7.6706	7.68277
1.596	7.68653	7.72122	7.58957	7.70109	7.70053	7.68543	7.6896	7.71127	7.61889
1.60728	7.6356	7.7662	7.65096	7.72017	7.73189	7.58337	7.7699	7.7	7.75048
1.61863	7.70021	7.73915	7.62476	7.67484	7.74867	7.69617	7.72856	7.76204	7.75724
1.63005	7.71323	7.71308	7.66753	7.72614	7.69433	7.65507	7.76986	7.66853	7.70965
1.64156	7.71285	7.71558	7.64549	7.62702	7.69811	7.62275	7.72297	7.68429	7.7115
1.65315	7.64367	7.68881	7.5705	7.68965	7.6916	7.74455	7.7249	7.64629	7.67115
1.66481	7.69372	7.75492	7.64547	7.71897	7.68524	7.68273	7.74279	7.66276	7.75246
1.67656	7.66985	7.66162	7.63049	7.71747	7.77021	7.61425	7.77348	7.65624	7.755
1.68839	7.72568	7.75246	7.59687	7.67557	7.66036	7.67787	7.75393	7.71259	7.74285
1.7003	7.70263	7.73044	7.61448	7.69307	7.75886	7.67488	7.71444	7.74182	7.693
1.71229	7.71083	7.76043	7.64263	7.71162	7.73049	7.72609	7.76595	7.6244	7.77172
1.72438	7.64685	7.75546	7.67179	7.6864	7.69464	7.66284	7.7646	7.69036	7.73995
1.73653	7.68657	7.69024	7.56127	7.71493	7.76294	7.6221	7.716	7.71813	7.74547
1.74878	7.69182	7.7489	7.58313	7.70922	7.71163	7.67273	7.77317	7.72734	7.74299
1.7611	7.70699	7.7264	7.62465	7.7425	7.64128	7.70198	7.70395	7.73088	7.76566
1.77352	7.67918	7.67226	7.6247	7.78044	7.69974	7.65903	7.73443	7.65942	7.76231
1.78603	7.70213	7.6901	7.58168	7.73487	7.64372	7.65654	7.64636	7.64476	7.73004
1.79861	7.69481	7.76072	7.59266	7.73994	7.69017	7.6452	7.74967	7.74173	7.80259
1.81129	7.70913	7.7317	7.64302	7.71356	7.73221	7.64824	7.79207	7.64631	7.7725
1.82405	7.69683	7.75375	7.62562	7.7042	7.59976	7.7062	7.75388	7.67354	7.73913
1.8369	7.68995	7.75721	7.63022	7.69656	7.69741	7.7215	7.67832	7.68711	7.74132
1.84984	7.65702	7.71673	7.58612	7.72235	7.6581	7.68675	7.704	7.70361	7.71824
1.86287	7.61737	7.69263	7.58195	7.76062	7.68579	7.66064	7.70774	7.66931	7.74884
1.87599	7.65564	7.72098	7.61781	7.67578	7.72173	7.66648	7.76396	7.72121	7.73982
1.8892	7.6682	7.69327	7.5753	7.77585	7.77204	7.63044	7.72926	7.69833	7.74361
1.90251	7.69229	7.68369	7.60866	7.72303	7.72439	7.67231	7.76811	7.71137	7.73124
1.9159	7.64299	7.76109	7.62703	7.71548	7.69073	7.70382	7.67704	7.68925	7.70798
1.92939	7.72555	7.70217	7.62973	7.70305	7.69834	7.66029	7.76876	7.68672	7.67537
1.94298	7.67441	7.71706	7.63394	7.72715	7.62671	7.69289	7.78346	7.73428	7.68816
1.95665	7.66802	7.69921	7.63261	7.67651	7.68143	7.69416	7.70197	7.73502	7.71134
1.97043	7.70177	7.72935	7.61692	7.69295	7.6742	7.68061	7.723	7.70484	7.70246
1.98429	7.69254	7.73252	7.62058	7.70614	7.72148	7.67225	7.72219	7.76355	7.71715
1.99825	7.71851	7.69966	7.56145	7.69542	7.73183	7.69417	7.71948	7.71361	7.72573
2.01231	7.73315	7.69081	7.60327	7.71544	7.754	7.63693	7.75025	7.72743	7.69979
2.02646	7.74664	7.72615	7.64214	7.70134	7.68846	7.63524	7.74225	7.68576	7.74281
2.04072	7.64436	7.72503	7.60778	7.73119	7.68431	7.6564	7.73209	7.71262	7.70035
2.05507	7.65865	7.69939	7.5892	7.68876	7.71034	7.70624	7.71645	7.65525	7.69858
2.06953	7.69722	7.71896	7.6235	7.72029	7.72896	7.72439	7.75607	7.68887	7.67017
2.08407	7.73634	7.73091	7.62316	7.67428	7.67952	7.65478	7.74863	7.73443	7.71807
2.09874	7.64483	7.68301	7.62551	7.70772	7.68911	7.67111	7.70725	7.75513	7.72751
2.11349	7.69237	7.76146	7.62195	7.77836	7.71153	7.68501	7.75527	7.7424	7.73765
2.12835	7.6956	7.70217	7.61906	7.71113	7.68836	7.64068	7.7065	7.75862	7.74851
2.14331	7.66006	7.73881	7.60008	7.67365	7.69687	7.69253	7.72197	7.70391	7.71012
2.15838	7.71044	7.78186	7.6617	7.72319	7.70213	7.75553	7.76627	7.74923	7.71075
2.17354	7.62268	7.73197	7.65955	7.70579	7.74617	7.68678	7.72996	7.6935	7.72741
2.18881	7.6762	7.74712	7.58856	7.73568	7.73668	7.65915	7.72117	7.72691	7.70221
2.2042	7.69096	7.68795	7.65196	7.77653	7.71323	7.69092	7.74307	7.72121	7.76733
2.21969	7.71648	7.74491	7.63385	7.69614	7.69934	7.69622	7.69525	7.70511	7.73388
2.23528	7.71636	7.73675	7.64778	7.7356	7.71495	7.71093	7.76979	7.64502	7.7712
2.25097	7.71661	7.75192	7.61066	7.7651	7.6963	7.66658	7.77382	7.71483	7.73077
2.26679	7.64926	7.73373	7.64023	7.68377	7.68939	7.67167	7.7661	7.7117	7.72865
2.28271	7.73098	7.7573	7.61148	7.78573	7.7464	7.67098	7.74619	7.69454	7.70546
2.29874	7.7205	7.71992	7.64515	7.72511	7.70175	7.61358	7.73152	7.69362	7.71876
2.31489	7.69354	7.75892	7.63393	7.69485	7.75373	7.69225	7.73938	7.71845	7.6976
2.33114	7.71344	7.6712	7.59977	7.73569	7.74121	7.63135	7.69067	7.68722	7.69794
2.3475	7.69247	7.74806	7.63334	7.67892	7.75348	7.68384	7.71239	7.66486	7.77606
2.36399	7.73267	7.73438	7.64948	7.73559	7.72925	7.67232	7.68926	7.68619	7.76454
2.38057	7.7196	7.73547	7.60916	7.69052	7.71539	7.6934	7.7571	7.71871	7.78023
2.39729	7.70762	7.74247	7.67247	7.70226	7.67113	7.6814	7.76809	7.71913	7.66874
2.41411	7.73618	7.73548	7.63765	7.79412	7.72393	7.71477	7.75043	7.70901	7.77796
2.43105	7.69707	7.75444	7.62809	7.71863	7.7092	7.67583	7.76834	7.73795	7.74524
2.44811	7.67654	7.74381	7.6522	7.68804	7.68895	7.66486	7.71968	7.75351	7.70349
2.46529	7.71342	7.73945	7.60611	7.69936	7.75401	7.71484	7.79209	7.77581	7.73546
2.48259	7.71123	7.74638	7.65784	7.75776	7.72601	7.70272	7.77622	7.71257	7.74946
2.5	7.71765	7.75076	7.66187	7.74973	7.70556	7.7115	7.76056	7.65691	7.71613
2.51754	7.77867	7.76453	7.67916	7.73192	7.70814	7.71542	7.71164	7.71022	7.74658
2.5352	7.70649	7.74683	7.67414	7.79524	7.74209	7.71481	7.78638	7.75778	7.81821
2.55299	7.74933	7.71519	7.66278	7.72791	7.74153	7.66902	7.72209	7.72742	7.72095
2.57089	7.72184	7.72712	7.59403	7.72563	7.73919	7.70226	7.74129	7.71434	7.80114
2.58891	7.72676	7.75984	7.6581	7.73083	7.73965	7.69117	7.77478	7.73874	7.76325
2.60706	7.70691	7.80075	7.684	7.72389	7.803	7.71733	7.78379	7.74317	7.73704
2.62535	7.72143	7.77763	7.67654	7.70814	7.71116	7.66568	7.76432	7.69922	7.81946
2.64375	7.74579	7.79788	7.66406	7.74819	7.76774	7.67843	7.78868	7.70266	7.75817
2.66229	7.72954	7.76605	7.66741	7.69997	7.72755	7.6777	7.75383	7.72398	7.80237
2.68095	7.70358	7.75945	7.68016	7.74793	7.69978	7.66638	7.78971	7.71658	7.72402
2.69974	7.7411	7.82274	7.65224	7.73549	7.73488	7.70579	7.75656	7.71662	7.75126
2.71866	7.72142	7.73562	7.6887	7.72994	7.72275	7.72915	7.74454	7.67642	7.79284
2.73771	7.72802	7.71719	7.62195	7.75084	7.7118	7.73273	7.74286	7.74198	7.75421
2.7569	7.67509	7.73636	7.64776	7.76441	7.73638	7.78225	7.75018	7.72135	7.77012
2.77621	7.67769	7.7744	7.69992	7.74261	7.73774	7.67397	7.78269	7.72047	7.75005
2.79568	7.74014	7.78942	7.66124	7.73428	7.70433	7.69289	7.76855	7.70063	7.77794
2.81525	7.72356	7.74435	7.64804	7.74916	7.72586	7.72509	7.76211	7.73417	7.73743
2.83498	7.72991	7.78506	7.63974	7.76356	7.75478	7.67598	7.71767	7.7582	7.76308
2.85484	7.73962	7.79446	7.67593	7.72434	7.76598	7.6861	7.83818	7.70437	7.77157
2.87484	7.75211	7.76307	7.68152	7.73254	7.70526	7.74739	7.80066	7.72233	7.77196
2.89497	7.69063	7.766	7.68291	7.7966	7.80517	7.67334	7.75735	7.73203	7.77727
2.91525	7.71096	7.72433	7.72262	7.70256	7.75799	7.72152	7.79269	7.73547	7.76269
2.93566	7.70183	7.76349	7.67732	7.7912	7.75039	7.6815	7.76496	7.7699	7.74456
2.95621	7.78192	7.77146	7.63315	7.7379	7.71883	7.7377	7.77781	7.69343	7.76158
2.97691	7.72536	7.81439	7.69154	7.72534	7.74843	7.71688	7.77391	7.72507	7.7515
2.99776	7.7271	7.78574	7.66437	7.73009	7.75162	7.69356	7.73347	7.76833	7.72205
3.01875	7.69481	7.77127	7.73273	7.73202	7.77699	7.73934	7.75716	7.76011	7.78533
3.03988	7.7696	7.76646	7.70265	7.76032	7.73688	7.77134	7.80584	7.69061	7.80805
3.06116	7.76884	7.79299	7.68925	7.75056	7.75235	7.69914	7.79037	7.73886	7.7315
3.08259	7.73693	7.80844	7.65951	7.72252	7.75364	7.69301	7.78007	7.75202	7.74997
3.10416	7.79036	7.7733	7.6635	7.7665	7.76309	7.71796	7.80701	7.7928	7.7448
3.12589	7.75349	7.78193	7.67553	7.76012	7.73742	7.70357	7.77583	7.76872	7.75094
3.14776	7.76086	7.75774	7.66249	7.77319	7.78265	7.73903	7.7747	7.723	7.73357
3.16979	7.76428	7.81398	7.68124	7.73891	7.74724	7.69709	7.78221	7.79155	7.77145
3.19196	7.75346	7.8205	7.68946	7.76418	7.72045	7.7406	7.76747	7.73062	7.76637
3.2143	7.71902	7.80963	7.71027	7.73008	7.80857	7.77801	7.78965	7.73079	7.74813
3.23679	7.75231	7.77803	7.67827	7.79656	7.81102	7.71288	7.78207	7.75281	7.71141
3.25944	7.79305	7.78754	7.71597	7.75676	7.80024	7.74945	7.82733	7.79581	7.78695
3.28224	7.74235	7.82982	7.67819	7.75459	7.78532	7.72459	7.81448	7.75942	7.73627
3.3052	7.74435	7.7983	7.65071	7.75901	7.78054	7.74525	7.79815	7.75205	7.75574
3.32831	7.72921	7.82411	7.6898	7.76127	7.79296	7.73102	7.75297	7.77105	7.75243
3.35159	7.76106	7.80506	7.693	7.74191	7.75505	7.7123	7.77282	7.74887	7.76168
3.37504	7.74383	7.78583	7.68644	7.78404	7.75836	7.7618	7.80094	7.75289	7.72471
3.39864	7.76788	7.80217	7.64627	7.7469	7.73412	7.72212	7.78235	7.75479	7.71697
3.4224	7.76701	7.84503	7.66	7.78116	7.77981	7.73613	7.76847	7.74167	7.74753
3.44634	7.75269	7.79802	7.6487	7.75118	7.74953	7.72604	7.79903	7.75933	7.75654
3.47042	7.76713	7.81045	7.71319	7.79045	7.79795	7.75249	7.82595	7.74954	7.73752
3.49469	7.75692	7.83915	7.67323	7.74538	7.76917	7.75926	7.82168	7.79392	7.72906
3.51912	7.74585	7.77981	7.70241	7.76237	7.75224	7.74693	7.78696	7.78443	7.78018
3.54373	7.71439	7.78486	7.7148	7.82936	7.78179	7.72704	7.85586	7.78839	7.78744
3.5685	7.73533	7.81832	7.70276	7.74179	7.79369	7.72281	7.8028	7.77808	7.76518
3.59344	7.79075	7.79464	7.68339	7.76989	7.78209	7.73425	7.77834	7.7368	7.75691
3.61856	7.71065	7.84466	7.6414	7.77532	7.75929	7.7032	7.77601	7.79497	7.7093
3.64385	7.79258	7.771	7.72785	7.77191	7.78974	7.75094	7.80435	7.76288	7.74016
3.66931	7.7735	7.81419	7.68002	7.75378	7.78248	7.74196	7.7694	7.6941	7.73076
3.69496	7.73343	7.80018	7.6715	7.79392	7.78351	7.74568	7.8043	7.74938	7.73504
3.72077	7.76839	7.82186	7.68481	7.76948	7.75945	7.76153	7.83925	7.80567	7.75568
3.74677	7.78246	7.79296	7.71163	7.76776	7.75838	7.74593	7.79982	7.74967	7.79787
3.77295	7.7818	7.81789	7.73138	7.73052	7.76147	7.77483	7.83477	7.76577	7.77451
3.79931	7.72786	7.79979	7.72079	7.79761	7.77304	7.78457	7.77476	7.77992	7.74405
3.82586	7.75875	7.82044	7.73714	7.80034	7.78767	7.75615	7.79424	7.7665	7.71836
3.85259	7.74142	7.85061	7.71744	7.75903	7.8184	7.78615	7.80118	7.79006	7.74531
3.8795	7.76645	7.82064	7.68034	7.798	7.77272	7.77075	7.83504	7.74627	7.73322
3.9066	7.78644	7.7931	7.67237	7.78002	7.7635	7.74412	7.79401	7.7757	7.74748
3.93389	7.75172	7.84148	7.6825	7.79539	7.7691	7.78635	7.85833	7.75487	7.76923
3.96136	7.77469	7.82476	7.7146	7.74234	7.7853	7.78274	7.78557	7.81356	7.75193
3.98903	7.77097	7.83086	7.73793	7.72704	7.78815	7.77557	7.81521	7.76756	7.74783
4.01689	7.74756	7.8663	7.6822	7.77222	7.75557	7.76722	7.80565	7.76067	7.78557
4.04494	7.81895	7.86338	7.69492	7.79276	7.78252	7.76114	7.81493	7.78337	7.78799
4.07319	7.742	7.82064	7.74566	7.78129	7.77328	7.7688	7.81222	7.79908	7.80776
4.10162	7.80322	7.84596	7.74185	7.79938	7.79159	7.77061	7.819	7.76222	7.78716
4.13026	7.74463	7.85321	7.74521	7.76473	7.79731	7.73644	7.81549	7.78555	7.78681
4.1591	7.74572	7.79741	7.7166	7.76821	7.7834	7.79583	7.80286	7.7713	7.75035
4.18814	7.7663	7.82588	7.74607	7.76471	7.80858	7.75988	7.79945	7.81216	7.81832
4.21739	7.75067	7.83933	7.69049	7.80802	7.81854	7.75243	7.82488	7.78414	7.76966
4.24683	7.74173	7.78222	7.73185	7.78523	7.79682	7.73955	7.78127	7.76459	7.80308
4.27646	7.77354	7.82597	7.72462	7.77427	7.82384	7.78267	7.81218	7.81417	7.77918
4.30632	7.76333	7.80586	7.71251	7.78847	7.77392	7.75048	7.82584	7.78994	7.84133
4.33638	7.7421	7.82545	7.67918	7.77545	7.78669	7.75613	7.81649	7.76106	7.82867
4.36664	7.77244	7.84327	7.71782	7.76117	7.76477	7.7376	7.8248	7.76139	7.83176
4.39712	7.78272	7.81189	7.72003	7.8255	7.79823	7.73888	7.7935	7.82406	7.79237
4.42781	7.76175	7.82235	7.74653	7.79038	7.81276	7.77849	7.79248	7.80493	7.77863
4.45871	7.79876	7.81365	7.74707	7.79369	7.7977	7.74766	7.83354	7.80473	7.81132
4.48982	7.77633	7.82507	7.75077	7.81241	7.79517	7.79307	7.77567	7.79028	7.77994
4.52115	7.75282	7.83127	7.70417	7.80663	7.82473	7.82239	7.79289	7.80751	7.82188
4.5527	7.7728	7.84903	7.7235	7.79802	7.83118	7.75602	7.7998	7.79883	7.79791
4.58446	7.77751	7.82026	7.71506	7.81648	7.81534	7.75696	7.80056	7.76531	7.80138
4.61645	7.77983	7.82675	7.70519	7.82472	7.81474	7.78274	7.82981	7.81197	7.7839
4.64866	7.77499	7.8391	7.73385	7.79794	7.77776	7.79308	7.83602	7.79442	7.79297
4.68109	7.79174	7.80887	7.70645	7.79355	7.81282	7.78299	7.81839	7.84318	7.80944
4.71375	7.7904	7.82247	7.73901	7.79689	7.79473	7.76456	7.83661	7.77647	7.83425
4.74662	7.81151	7.85968	7.6879	7.76842	7.78382	7.83044	7.81683	7.8124	7.81303
4.77974	7.75806	7.81653	7.74793	7.80401	7.80863	7.77089	7.84013	7.82573	7.82582
4.81308	7.7866	7.85581	7.77674	7.82568	7.755	7.81044	7.85978	7.80051	7.82691
4.84665	7.80154	7.84614	7.72085	7.79856	7.80099	7.78278	7.79683	7.83756	7.80088
4.88045	7.78447	7.86194	7.76313	7.8084	7.79022	7.77853	7.81165	7.80607	7.83186
4.91449	7.80984	7.84515	7.76367	7.86667	7.80343	7.77342	7.80934	7.85996	7.82268
4.94876	7.823	7.82663	7.74123	7.81071	7.84039	7.79613	7.82871	7.8299	7.83363
4.98327	7.80814	7.87394	7.74404	7.80032	7.83429	7.80222	7.82866	7.82059	7.82219
5.01802	7.76948	7.86871	7.76138	7.83334	7.85323	7.79134	7.79609	7.83467	7.83384
5.05301	7.81172	7.88831	7.75729	7.81109	7.80651	7.7698	7.84313	7.81891	7.84461
5.08825	7.77697	7.85305	7.71945	7.81333	7.82171	7.77591	7.83482	7.81259	7.86551
5.12372	7.82105	7.84083	7.74137	7.8436	7.80969	7.79266	7.86008	7.82043	7.85735
5.15945	7.82568	7.86659	7.81116	7.85123	7.80981	7.81981	7.82771	7.85446	7.86944
5.19543	7.81821	7.82588	7.77728	7.83722	7.84067	7.8144	7.8693	7.84521	7.8422
5.23164	7.79279	7.86561	7.74301	7.8045	7.80632	7.74467	7.83301	7.80833	7.85376
5.26811	7.8131	7.85518	7.76491	7.81476	7.83601	7.8168	7.86046	7.82223	7.84809
5.30484	7.78533	7.85135	7.75265	7.84621	7.84073	7.85081	7.83046	7.81068	7.84614
5.34181	7.79157	7.87649	7.72799	7.8465	7.80561	7.84569	7.82356	7.82826	7.87746
5.37905	7.80217	7.8431	7.76965	7.84957	7.83917	7.83857	7.84187	7.8433	7.82602
5.41655	7.77961	7.86172	7.78522	7.83022	7.82434	7.7989	7.83757	7.83578	7.86821
5.4543	7.82611	7.88113	7.75108	7.86226	7.84464	7.80572	7.81199	7.82137	7.87239
5.49231	7.80735	7.91146	7.7784	7.86093	7.8247	7.80454	7.8369	7.82776	7.89668
5.5306	7.80925	7.87999	7.76715	7.8469	7.84377	7.82969	7.82275	7.83861	7.89053
5.56914	7.82164	7.83278	7.73626	7.88076	7.84656	7.79201	7.84531	7.84996	7.8737
5.60795	7.81344	7.84281	7.78288	7.81296	7.84565	7.79887	7.8567	7.83612	7.87626
5.64703	7.79402	7.87086	7.75951	7.82696	7.81121	7.79613	7.82182	7.83624	7.88126
5.68639	7.80091	7.84594	7.7636	7.82289	7.80958	7.79159	7.82508	7.83177	7.87488
5.726	7.83425	7.83907	7.74603	7.81482	7.83684	7.79616	7.82574	7.83012	7.83046
5.7659	7.81637	7.88071	7.74103	7.84293	7.84563	7.79627	7.8528	7.82996	7.84806
5.80608	7.84535	7.88976	7.7505	7.82598	7.84238	7.78312	7.82977	7.85508	7.82343
5.84654	7.85248	7.8819	7.76291	7.85691	7.88367	7.76342	7.84003	7.84134	7.81517
5.88726	7.82878	7.85859	7.77793	7.86302	7.84474	7.78269	7.86415	7.8352	7.84196
5.92829	7.80721	7.8559	7.78773	7.86701	7.85146	7.80466	7.89244	7.83951	7.83027
5.96959	7.83752	7.858	7.7533	7.83252	7.83857	7.81078	7.83295	7.82243	7.82259
6.01118	7.81146	7.88212	7.76486	7.85353	7.82447	7.80079	7.86259	7.8358	7.84263
6.05305	7.80587	7.87442	7.76503	7.86873	7.79273	7.8002	7.88871	7.81224	7.80322
6.09521	7.819	7.87866	7.78901	7.82261	7.86956	7.8087	7.89037	7.82853	7.85513
6.13767	7.80374	7.89044	7.79616	7.888	7.82946	7.80686	7.85548	7.84894	7.83162
6.18043	7.80678	7.87846	7.75582	7.84827	7.85396	7.80776	7.8379	7.7844	7.82833
6.22347	7.82413	7.87101	7.76825	7.84068	7.85868	7.78206	7.85746	7.83106	7.81742
6.26683	7.83632	7.87176	7.77958	7.86356	7.82838	7.84087	7.87856	7.83739	7.81851
6.31046	7.79357	7.89497	7.7925	7.8465	7.83583	7.79753	7.90115	7.83604	7.82496
6.35441	7.8142	7.87639	7.7746	7.82246	7.86829	7.81013	7.86798	7.83208	7.85213
6.39867	7.8001	7.90545	7.77156	7.86478	7.85042	7.82699	7.87693	7.82294	7.82957
6.44324	7.82842	7.88406	7.76722	7.83829	7.83731	7.7847	7.86305	7.85492	7.86143
6.4881	7.82808	7.90471	7.80868	7.86278	7.85693	7.81064	7.87686	7.85577	7.84353
6.53329	7.8109	7.86971	7.76213	7.84381	7.85332	7.81744	7.89862	7.84295	7.8585
6.57877	7.83357	7.88251	7.80233	7.87776	7.84779	7.80544	7.87967	7.82902	7.84937
6.62459	7.84628	7.87932	7.79268	7.82056	7.86123	7.79636	7.86367	7.83829	7.87363
6.67071	7.82049	7.87365	7.80418	7.86279	7.86132	7.83768	7.90169	7.83908	7.87565
6.71716	7.84423	7.89163	7.80517	7.86115	7.90084	7.80616	7.89631	7.80977	7.84716
6.76394	7.82318	7.90161	7.78028	7.86419	7.85364	7.82133	7.89429	7.84041	7.83748
6.81103	7.8102	7.88552	7.81842	7.88426	7.82984	7.78913	7.90292	7.85645	7.87988
6.85845	7.8176	7.89778	7.78805	7.88291	7.87916	7.81806	7.87072	7.84773	7.87545
6.9062	7.80467	7.87889	7.8049	7.86329	7.87089	7.83121	7.89463	7.82397	7.8803
6.95428	7.86528	7.88562	7.81899	7.83732	7.86567	7.79438	7.9043	7.85367	7.88518
7.00269	7.83554	7.88764	7.7899	7.84799	7.8658	7.8384	7.86779	7.8576	7.87437
7.05144	7.80719	7.87639	7.77798	7.87665	7.87139	7.79832	7.88976	7.85538	7.84792
7.10052	7.82445	7.89371	7.80525	7.84739	7.84203	7.81047	7.88962	7.84532	7.87686
7.14995	7.83875	7.89293	7.78687	7.86724	7.86422	7.83773	7.88186	7.86083	7.86208
7.19971	7.82692	7.89478	7.79679	7.86185	7.88686	7.83595	7.87838	7.84101	7.91214
7.24983	7.83586	7.90337	7.78068	7.84743	7.86657	7.81241	7.87816	7.84788	7.86439
7.30029	7.81848	7.89219	7.80364	7.84776	7.89441	7.79149	7.87384	7.86602	7.88236
7.3511	7.8174	7.87526	7.75366	7.84488	7.8712	7.84371	7.87777	7.83221	7.90121
7.40226	7.86334	7.89605	7.79478	7.85525	7.86204	7.80604	7.89307	7.82911	7.88314
7.45379	7.81427	7.91284	7.79031	7.8539	7.86226	7.83626	7.86515	7.8486	7.87687
7.50566	7.83607	7.89423	7.79857	7.8791	7.84428	7.81764	7.90894	7.85174	7.89053
7.5579	7.86782	7.90219	7.78844	7.86251	7.85978	7.84128	7.89502	7.87332	7.90553
7.61049	7.84893	7.92232	7.79229	7.85657	7.87127	7.81209	7.89808	7.85474	7.92542
7.66345	7.83711	7.88239	7.7977	7.85491	7.87466	7.83618	7.87623	7.86455	7.88615
7.71677	7.81855	7.91481	7.77377	7.84291	7.85208	7.84936	7.86738	7.88633	7.91992
7.77047	7.84121	7.90814	7.77274	7.86105	7.89362	7.82872	7.85769	7.85757	7.89439
7.82455	7.82511	7.895	7.77231	7.89684	7.86053	7.86844	7.84767	7.86353	7.93597
7.879	7.83476	7.90907	7.81114	7.86086	7.8423	7.83859	7.86607	7.86416	7.9407
7.93381	7.85205	7.89534	7.81307	7.88325	7.89647	7.83541	7.87032	7.8759	7.93517
7.98903	7.88141	7.9039	7.80777	7.88284	7.8675	7.8463	7.89316	7.87842	7.9092
8.0446	7.84263	7.91635	7.77457	7.85258	7.88499	7.84742	7.89026	7.87087	7.91004
8.10058	7.86687	7.92258	7.77446	7.88371	7.87266	7.83315	7.88817	7.86761	7.90469
8.15694	7.85307	7.89698	7.78131	7.89312	7.85419	7.85189	7.9015	7.89194	7.92069
8.21369	7.84867	7.90377	7.80393	7.86781	7.8587	7.82858	7.88861	7.87319	7.88553
8.27083	7.85524	7.90593	7.80555	7.87471	7.87517	7.84338	7.90033	7.8547	7.91788
8.32836	7.85872	7.89917	7.81922	7.85771	7.87424	7.83643	7.8823	7.86768	7.90617
8.3863	7.83705	7.93206	7.81798	7.87603	7.89187	7.84046	7.87328	7.85991	7.93287
8.44464	7.87686	7.90334	7.76697	7.89002	7.90303	7.84477	7.90834	7.88537	7.91276
8.50339	7.87932	7.91131	7.83289	7.86873	7.86732	7.85455	7.89233	7.89249	7.91012
8.56254	7.87567	7.90089	7.81657	7.87784	7.88312	7.84479	7.89949	7.90165	7.90681
8.6221	7.88444	7.92117	7.84162	7.88215	7.86921	7.84578	7.92809	7.9038	7.90614
8.68206	7.86882	7.91576	7.79484	7.881	7.88738	7.85866	7.90414	7.87386	7.89858
8.74246	7.84932	7.92256	7.81867	7.8868	7.88647	7.84537	7.92889	7.89793	7.91479
8.80326	7.88483	7.9222	7.84859	7.86152	7.88022	7.84548	7.8935	7.86539	7.91883
8.8645	7.85556	7.9318	7.812	7.88388	7.89001	7.84268	7.88021	7.84302	7.93986
8.92615	7.84223	7.91766	7.80772	7.89131	7.89691	7.8578	7.89733	7.87825	7.90794
8.98822	7.85698	7.92904	7.82487	7.90519	7.91101	7.86163	7.91571	7.86443	7.91744
9.05074	7.85222	7.91492	7.81133	7.88894	7.88994	7.82346	7.89695	7.88784	7.93617
9.11369	7.89386	7.8899	7.82645	7.88456	7.87591	7.86562	7.91942	7.85431	7.90602
9.17706	7.88284	7.92956	7.80566	7.88911	7.91797	7.86503	7.87356	7.90549	7.94227
9.24089	7.86691	7.93696	7.8258	7.88163	7.88693	7.87991	7.91157	7.86831	7.93632
9.30515	7.84928	7.91235	7.83238	7.88028	7.92085	7.85006	7.89697	7.86966	7.92778
9.36986	7.86635	7.91259	7.86131	7.87235	7.89329	7.87046	7.90741	7.89769	7.92976
9.43501	7.85807	7.90109	7.82037	7.88746	7.89902	7.87911	7.8884	7.92361	7.93072
9.50062	7.87398	7.93239	7.84753	7.87895	7.87614	7.86952	7.90453	7.87733	7.92918
9.56669	7.88041	7.91795	7.82839	7.88759	7.90065	7.86463	7.88369	7.88677	7.91411
9.63321	7.85098	7.93221	7.81798	7.89302	7.89912	7.87261	7.92318	7.9121	7.92964
9.70019	7.87458	7.91869	7.82765	7.89999	7.92612	7.85608	7.91118	7.8884	7.91526
9.76764	7.88226	7.91211	7.82073	7.88679	7.86756	7.86433	7.90085	7.8722	7.91449
9.83555	7.85351	7.92347	7.83259	7.89528	7.91086	7.87488	7.92242	7.85347	7.92046
9.90394	7.8663	7.94755	7.80854	7.92653	7.88907	7.87721	7.91411	7.87797	7.9465
9.97279	7.88165	7.95737	7.83723	7.90259	7.91973	7.86366	7.91844	7.87074	7.91937
10.0421	7.88414	7.9326	7.82391	7.8993	7.89685	7.88472	7.92497	7.90832	7.9194
10.1119	7.8601	7.9264	7.82093	7.91202	7.90533	7.8634	7.93143	7.88701	7.94412
10.1823	7.87386	7.93492	7.82928	7.91759	7.88872	7.86268	7.91391	7.91401	7.92551
10.253	7.8386	7.9256	7.8211	7.90586	7.89833	7.85088	7.92459	7.89466	7.93163
10.3243	7.86697	7.93138	7.80307	7.89826	7.88656	7.87971	7.90972	7.89398	7.93228
10.3961	7.8831	7.89974	7.79235	7.89596	7.89749	7.86532	7.90188	7.90354	7.92956
10.4684	7.89296	7.92695	7.80556	7.89202	7.89489	7.85352	7.90156	7.90564	7.95378
10.5411	7.87804	7.90816	7.8145	7.91627	7.88972	7.87935	7.92198	7.90387	7.93931
10.6144	7.86762	7.93653	7.84383	7.92851	7.89139	7.86571	7.91965	7.89802	7.93166
10.6882	7.88408	7.94456	7.81595	7.90635	7.90507	7.85085	7.92115	7.87304	7.91782
10.7625	7.8919	7.94384	7.84017	7.90261	7.86429	7.882	7.90035	7.89566	7.91389
10.8373	7.87614	7.93467	7.81919	7.89778	7.89023	7.90245	7.94148	7.88964	7.93366
10.9126	7.88298	7.92644	7.82137	7.91349	7.88283	7.8862	7.91495	7.89337	7.96223
10.9885	7.86131	7.92992	7.80461	7.92681	7.91135	7.8844	7.90663	7.89352	7.92537
11.0648	7.87278	7.93051	7.82126	7.90118	7.87318	7.88891	7.92123	7.89805	7.92002
11.1418	7.8685	7.92494	7.80591	7.89342	7.8916	7.86687	7.92548	7.89066	7.93457
11.2192	7.90143	7.93576	7.83157	7.9249	7.89668	7.86817	7.92661	7.86332	7.94603
11.2972	7.87489	7.94899	7.82375	7.93171	7.8683	7.91023	7.90112	7.8914	7.9379
11.3757	7.86827	7.94896	7.8321	7.89973	7.88359	7.89217	7.91429	7.89284	7.96533
11.4547	7.86387	7.91529	7.83299	7.89917	7.87296	7.89275	7.90317	7.88587	7.94086
11.5344	7.88659	7.95698	7.83029	7.93618	7.90706	7.87937	7.93285	7.92192	7.92776
11.6145	7.87548	7.9059	7.83579	7.89657	7.88436	7.88903	7.92818	7.89416	7.94672
11.6952	7.87761	7.92689	7.83896	7.91823	7.90542	7.88046	7.92847	7.87252	7.93151
11.7765	7.84639	7.91461	7.84943	7.91449	7.90805	7.88538	7.92087	7.90138	7.93196
11.8583	7.86646	7.94704	7.82234	7.90847	7.91165	7.88505	7.93299	7.89601	7.92146
11.9408	7.86722	7.94842	7.84082	7.93367	7.89127	7.86817	7.93704	7.90518	7.94787
12.0237	7.8674	7.94206	7.8522	7.92754	7.90168	7.86866	7.93432	7.90411	7.93324
12.1073	7.88516	7.91636	7.83661	7.90173	7.92482	7.86396	7.91888	7.90103	7.93578
12.1914	7.87399	7.92981	7.85085	7.8931	7.90899	7.8794	7.93648	7.90611	7.94672
12.2761	7.8765	7.94118	7.8296	7.91865	7.92034	7.90223	7.93381	7.89108	7.90837
12.3614	7.88815	7.93447	7.84247	7.92467	7.91505	7.89468	7.93089	7.8849	7.91637
12.4473	7.89915	7.94293	7.84057	7.91847	7.93186	7.87707	7.92384	7.88312	7.94343
12.5338	7.88877	7.9399	7.8558	7.90917	7.89832	7.89082	7.93856	7.88671	7.95887
12.6209	7.9057	7.92431	7.82015	7.93394	7.8974	7.86426	7.93797	7.8912	7.94009
12.7086	7.8847	7.93529	7.83878	7.91648	7.89336	7.88035	7.9145	7.88916	7.93744
12.7969	7.87023	7.94647	7.82619	7.90452	7.88717	7.86064	7.91752	7.89059	7.94977
12.8858	7.87048	7.93933	7.81792	7.91077	7.89223	7.8619	7.92819	7.88809	7.93591
12.9753	7.88911	7.96246	7.85064	7.92445	7.88718	7.9	7.94065	7.90607	7.93371
13.0655	7.88686	7.93169	7.84906	7.91424	7.89227	7.91455	7.91114	7.90446	7.9265
13.1563	7.88871	7.96064	7.85832	7.91415	7.92577	7.87606	7.92063	7.90764	7.96835
13.2477	7.89933	7.94031	7.84219	7.90573	7.89	7.89503	7.903	7.89299	7.92787
13.3397	7.86543	7.95125	7.85368	7.90734	7.91147	7.86803	7.9241	7.90869	7.93664
13.4324	7.88318	7.93593	7.83972	7.90563	7.9318	7.89569	7.90944	7.91124	7.93154
13.5257	7.88358	7.93662	7.81979	7.92196	7.89892	7.90332	7.91208	7.92811	7.93029
13.6196	7.88148	7.92934	7.83334	7.91881	7.90865	7.89124	7.91234	7.91667	7.94212
13.7143	7.90098	7.931	7.87179	7.90381	7.9159	7.92005	7.92703	7.90378	7.93972
13.8095	7.88756	7.94101	7.85102	7.91759	7.90533	7.8881	7.92052	7.91943	7.95673
13.9055	7.89194	7.92694	7.86121	7.93179	7.93664	7.88445	7.92402	7.93036	7.92726
14.0021	7.89839	7.92627	7.85376	7.92383	7.92231	7.89755	7.92948	7.9218	7.95067
14.0993	7.92206	7.91051	7.84862	7.90344	7.9282	7.88865	7.9153	7.9076	7.97309
14.1973	7.9192	7.93751	7.84185	7.92096	7.91825	7.87513	7.91417	7.8988	7.95003
14.2959	7.8805	7.93704	7.84599	7.92497	7.92201	7.89818	7.94446	7.90909	7.9318
14.3952	7.90286	7.92699	7.84802	7.9168	7.93958	7.8846	7.952	7.91347	7.96039
14.4952	7.89678	7.93346	7.83618	7.91157	7.92724	7.87821	7.948	7.89958	7.96142
14.5958	7.88685	7.93689	7.86162	7.92192	7.92017	7.90708	7.91694	7.87817	7.94473
14.6972	7.89701	7.94747	7.83913	7.92656	7.921	7.88245	7.92574	7.90534	7.95866
14.7993	7.90132	7.96004	7.86394	7.93903	7.91233	7.88206	7.93196	7.90758	7.95996
14.9021	7.9022	7.98484	7.8546	7.92595	7.90494	7.89593	7.93352	7.91384	7.92412
15.0056	7.90139	7.95701	7.85058	7.93561	7.91937	7.87606	7.91603	7.92854	7.96436
15.1098	7.90301	7.93946	7.84849	7.9258	7.92153	7.89088	7.94012	7.89064	7.94473
15.2148	7.91076	7.95873	7.8572	7.93974	7.92774	7.888	7.93008	7.90713	7.95974
15.3204	7.91517	7.96764	7.84287	7.9302	7.92564	7.88187	7.93027	7.89164	7.95852
15.4269	7.90222	7.96388	7.86091	7.95843	7.91681	7.89898	7.92962	7.91334	7.95741
15.534	7.91178	7.95426	7.83164	7.94593	7.92311	7.88397	7.93134	7.91378	7.93957
15.6419	7.89669	7.95386	7.85338	7.91268	7.91238	7.90118	7.92967	7.91243	7.95523
15.7505	7.90357	7.97871	7.84178	7.93965	7.936	7.91372	7.97103	7.90888	7.94518
15.8599	7.8936	7.97277	7.85465	7.94526	7.93184	7.89948	7.94425	7.91199	7.94297
15.97	7.89195	7.95401	7.85398	7.93849	7.95294	7.88472	7.9652	7.90338	7.92787
16.0809	7.90811	7.98802	7.86934	7.9275	7.91021	7.9149	7.93317	7.91338	7.92532
16.1926	7.89219	7.95383	7.85122	7.9508	7.92776	7.88951	7.93	7.93171	7.95948
16.3051	7.8999	7.97626	7.85328	7.92673	7.91486	7.90429	7.93818	7.90512	7.96097
16.4183	7.87795	7.97174	7.85682	7.93236	7.91272	7.90714	7.94216	7.90507	7.95357
16.5323	7.89083	7.95983	7.84184	7.92837	7.93628	7.91951	7.92438	7.90083	7.95735
16.6471	7.89089	7.94094	7.84648	7.94008	7.93063	7.91296	7.95271	7.89256	7.93541
16.7627	7.88137	7.9529	7.8654	7.9088	7.94484	7.91978	7.94849	7.9213	7.95776
16.8791	7.87867	7.97249	7.84765	7.92978	7.93563	7.89792	7.93159	7.91465	7.94775
16.9963	7.88287	7.95707	7.83	7.92539	7.91482	7.89951	7.94674	7.9161	7.97097
17.1144	7.91656	7.96463	7.83408	7.91876	7.94245	7.90866	7.93117	7.92206	7.93994
17.2332	7.88855	7.96697	7.82377	7.93571	7.9239	7.91007	7.94614	7.90737	7.9335
17.3529	7.90598	7.98009	7.84402	7.92635	7.93145	7.90447	7.94443	7.93071	7.94947
17.4734	7.92195	7.98393	7.8342	7.94526	7.91643	7.90818	7.93498	7.91871	7.93789
17.5947	7.90635	7.96565	7.83667	7.93903	7.93048	7.91	7.94927	7.92902	7.94562
17.7169	7.90244	7.96196	7.8272	7.93813	7.933	7.91754	7.95134	7.91922	7.94803
17.8399	7.90864	7.97422	7.85958	7.9192	7.93308	7.90873	7.9444	7.9177	7.94275
17.9637	7.91449	7.96514	7.84157	7.93913	7.9148	7.90545	7.94561	7.9172	7.93548
18.0885	7.88738	7.97711	7.85602	7.92545	7.93337	7.89341	7.96072	7.9224	7.94416
18.2141	7.90211	7.97592	7.88602	7.93	7.92589	7.90674	7.96944	7.9177	7.94622
18.3405	7.89805	7.97396	7.85903	7.92902	7.92408	7.91651	7.94331	7.93537	7.95348
18.4678	7.89257	7.96213	7.8618	7.92091	7.93103	7.89474	7.94383	7.93236	7.92896
18.5961	7.89684	7.97013	7.87158	7.92456	7.91724	7.89973	7.94175	7.90314	7.94433
18.7252	7.88723	7.99377	7.88264	7.93537	7.94456	7.9038	7.93721	7.91906	7.93998
18.8552	7.90339	7.97185	7.84017	7.93622	7.94188	7.92263	7.94717	7.93459	7.94494
18.9861	7.89402	7.98377	7.8467	7.92883	7.93975	7.89862	7.9466	7.91822	7.94369
19.1179	7.89568	7.98299	7.85712	7.93077	7.93324	7.9027	7.94171	7.92884	7.95636
19.2506	7.8869	7.95914	7.85295	7.92948	7.94051	7.88052	7.94213	7.92149	7.95692
19.3843	7.88367	7.98168	7.84868	7.92475	7.93564	7.90601	7.94252	7.91928	7.93783
19.5189	7.8857	7.97803	7.8446	7.9359	7.93453	7.90319	7.95751	7.90425	7.93204
19.6544	7.90648	7.98865	7.83186	7.93179	7.94986	7.87614	7.94309	7.92913	7.94839
19.7908	7.91471	7.97859	7.84074	7.93282	7.9395	7.91032	7.95161	7.91884	7.95218
19.9282	7.90457	8.00239	7.847	7.94678	7.93732	7.89111	7.94299	7.92675	7.9615
20.0665	7.89601	7.99617	7.83252	7.94068	7.93514	7.89147	7.95591	7.91567	7.9611
20.2058	7.89714	8.00016	7.84546	7.92604	7.94507	7.90066	7.94997	7.9409	7.96735
20.3461	7.90258	8.00272	7.84049	7.93657	7.92402	7.89665	7.94287	7.92409	7.95803
20.4874	7.90713	7.98027	7.84804	7.94596	7.92629	7.88591	7.96232	7.93859	7.95233
20.6296	7.9109	7.96046	7.85131	7.93209	7.92699	7.88826	7.94855	7.933	7.95646
20.7728	7.90055	7.98877	7.85672	7.92449	7.9313	7.90662	7.9369	7.91393	7.9673
20.917	7.90656	7.96181	7.84927	7.9283	7.93038	7.91694	7.93182	7.91193	7.94806
21.0622	7.90923	7.9707	7.85593	7.93305	7.93792	7.9045	7.95634	7.90463	7.95141
21.2084	7.89523	7.94673	7.86968	7.95939	7.93688	7.90919	7.95351	7.90405	7.95511
21.3556	7.89499	7.96124	7.87368	7.93812	7.94784	7.91321	7.94599	7.90266	7.94516
21.5038	7.89618	7.96084	7.87038	7.92666	7.95213	7.91016	7.95125	7.91677	7.94524
21.6531	7.89862	7.96458	7.87782	7.91667	7.95287	7.90558	7.94871	7.92462	7.94382
21.8034	7.89988	7.99397	7.85168	7.92078	7.94971	7.92014	7.94872	7.91907	7.95333
21.9547	7.8861	7.97638	7.86802	7.92902	7.94618	7.8908	7.96459	7.92823	7.94592
22.1071	7.89011	7.97917	7.84343	7.92739	7.93157	7.91652	7.94762	7.92662	7.93838
22.2606	7.88623	7.97137	7.85691	7.92392	7.94564	7.9152	7.94645	7.93308	7.94853
22.4151	7.91848	7.96654	7.86466	7.92535	7.92787	7.89938	7.95952	7.91331	7.95647
22.5707	7.92173	7.98793	7.84931	7.93758	7.91496	7.90651	7.94944	7.92235	7.94451
22.7273	7.91563	7.97788	7.83945	7.92984	7.93527	7.89637	7.96183	7.94707	7.95206
22.8851	7.90502	7.9927	7.85879	7.92517	7.92375	7.91006	7.96773	7.95013	7.95011
23.0439	7.89417	7.97239	7.85395	7.94109	7.91159	7.90969	7.96906	7.92522	7.96128
23.2038	7.93134	7.97702	7.86448	7.94061	7.91111	7.9077	7.95915	7.94314	7.94952
23.3649	7.91775	7.96354	7.85598	7.94418	7.92231	7.90184	7.96527	7.92697	7.96869
23.5271	7.90068	7.96676	7.86802	7.93268	7.91082	7.89406	7.95424	7.92173	7.95912
23.6904	7.90132	7.99259	7.87571	7.92941	7.92508	7.90236	7.96278	7.91479	7.96121
23.8548	7.88624	7.96976	7.87578	7.92692	7.92774	7.90648	7.96702	7.91098	7.96253
24.0203	7.89778	7.97377	7.8756	7.91375	7.93264	7.88786	7.94983	7.90852	7.95446
24.187	7.90396	7.99087	7.87896	7.90613	7.95158	7.89918	7.9594	7.93259	7.96055
24.3549	7.89479	7.96375	7.88448	7.92463	7.92162	7.91046	7.94755	7.89738	7.95879
24.5239	7.90746	7.97125	7.8583	7.92737	7.925	7.89633	7.94683	7.92088	7.95935
24.6941	7.91434	7.97591	7.8679	7.91384	7.9364	7.90184	7.96386	7.92573	7.97848
24.8655	7.91322	7.97066	7.87208	7.91567	7.93041	7.89891	7.94689	7.91716	7.95466
25.0381	7.90303	7.97023	7.85582	7.92692	7.94024	7.91928	7.9407	7.93171	7.97071
25.2118	7.90465	7.96618	7.87474	7.94135	7.9392	7.91344	7.95624	7.9373	7.96359
25.3868	7.90263	7.97402	7.86183	7.94884	7.92632	7.91584	7.94222	7.94568	7.95098
25.563	7.89659	7.98438	7.86469	7.93806	7.94122	7.9064	7.96064	7.92994	7.95849
25.7404	7.89627	7.97097	7.87633	7.93336	7.92747	7.92387	7.95429	7.94474	7.95531
25.919	7.89584	7.9563	7.86473	7.93627	7.9239	7.91315	7.95319	7.92483	7.95449
26.0989	7.89183	7.96044	7.86121	7.93572	7.92756	7.90252	7.97243	7.9242	7.95724
26.28	7.88479	7.96197	7.87899	7.93659	7.92473	7.90669	7.95686	7.91515	7.95994
26.4624	7.89845	7.95997	7.87229	7.92863	7.93848	7.91196	7.98095	7.92912	7.95309
26.646	7.92207	7.96177	7.86372	7.93191	7.93402	7.91217	7.97503	7.92735	7.94887
26.8309	7.90078	7.96733	7.86716	7.93766	7.91754	7.90055	7.96946	7.922	7.97843
27.0171	7.91873	7.98644	7.86708	7.94097	7.92352	7.89985	7.96217	7.94176	7.95007
27.2046	7.90234	7.96499	7.85887	7.9488	7.93719	7.91103	7.97701	7.93179	7.95928
27.3934	7.89718	7.9614	7.87913	7.92584	7.92902	7.90181	7.96654	7.94088	7.96815
27.5835	7.916	7.95727	7.87282	7.93036	7.93355	7.90528	7.95458	7.93218	7.94517
27.7749	7.91697	7.96257	7.86008	7.93412	7.93574	7.90434	7.93931	7.93851	7.95031
27.9676	7.9088	7.98086	7.86262	7.93532	7.94839	7.91298	7.9654	7.9412	7.9681
28.1617	7.90721	7.96432	7.86294	7.94612	7.94071	7.91333	7.96956	7.93278	7.94886
28.3571	7.92253	7.96539	7.86825	7.92657	7.93178	7.91283	7.97964	7.93669	7.93183
28.5539	7.89965	7.96412	7.86793	7.9273	7.94056	7.90759	7.96722	7.9397	7.94869
28.752	7.91147	7.96902	7.86582	7.93821	7.92605	7.92647	7.97155	7.93689	7.93176
28.9515	7.89729	7.95212	7.87563	7.93933	7.9304	7.90895	7.97032	7.94136	7.91945
29.1524	7.90306	7.97807	7.86552	7.9451	7.95434	7.90374	7.97915	7.93748	7.92814
29.3547	7.89863	7.97292	7.85883	7.94601	7.95235	7.90395	7.97857	7.91848	7.9256
29.5584	7.90738	7.97815	7.85431	7.95381	7.93051	7.90146	7.98419	7.93366	7.93358
29.7635	7.9201	7.96849	7.86126	7.93142	7.93122	7.9201	7.97541	7.9128	7.9388
30	7.90552	7.97066	7.85955	7.93044	7.9345	7.91672	7.97176	7.92246	7.93197