0.0001	7.96302	7.41586	7.63296	7.11321	7.12798	7.39841
0.0002125	7.98471	7.37626	7.8195	7.12103	7.24471	7.26718
0.0003125	7.92828	7.63727	7.75913	7.17177	7.31951	7.4472
0.000425	7.99986	7.79514	7.69338	7.53719	7.43123	7.53176
0.000525	7.88572	7.99371	7.5175	7.51834	7.28219	7.42968
0.0006375	7.98851	7.7974	7.58635	7.68451	7.34305	7.56626
0.0007375	7.98344	7.66365	7.48579	7.54283	7.58003	7.70504
0.00085	7.82497	7.80318	7.43307	7.3247	7.92089	7.54892
0.0009625	7.86794	7.82953	7.76305	7.3069	7.79933	7.63803
0.001075	8.09325	7.65843	7.66511	7.45881	7.96933	7.74738
0.0011875	7.76313	7.84613	7.89069	7.37105	7.89962	7.80993
0.0013	7.79134	7.76989	7.56042	7.53474	7.7517	7.82151
0.0014125	7.98701	7.91767	7.77495	7.4197	7.78309	7.93712
0.001525	7.7543	7.85811	7.67472	7.59569	7.87106	7.71786
0.0016375	7.81278	7.59481	7.7618	7.5725	7.80907	7.60464
0.00175	7.88637	7.88922	7.86419	7.71129	7.73201	7.95918
0.001875	7.66329	7.83602	7.7335	7.51857	7.58866	8.00121
0.0019875	7.67567	7.80278	7.73022	7.5724	7.77852	8.02116
0.0021	7.76526	8.10985	7.74899	7.60757	7.74498	7.80406
0.002225	7.93404	7.70334	7.7626	7.57955	7.66736	7.55273
0.0023375	7.89751	7.58057	7.76322	7.79246	7.69444	7.72346
0.0024625	7.99347	7.67949	7.85765	7.58658	7.78117	7.52427
0.0025875	7.82323	8.00025	7.672	7.64339	7.69509	7.5501
0.0027	7.78436	8.09844	7.84875	7.69682	7.8474	8.11383
0.002825	7.61299	7.68353	7.77636	7.77769	8.05605	7.94019
0.00295	7.61218	7.61693	7.92989	7.73391	7.69075	7.74657
0.003075	7.97528	7.85217	7.7693	7.64764	7.59379	7.70458
0.0032	8.01959	7.68016	7.85227	7.6211	7.69411	7.96297
0.003325	7.92134	7.8352	7.88912	7.66041	7.76298	7.88491
0.00345	8.09242	7.85561	7.63551	7.60279	7.87551	7.81936
0.0035875	7.73202	7.81237	7.84353	7.6933	7.52474	7.89491
0.0037125	7.67844	7.63781	7.99253	7.60003	7.81897	7.70304
0.0038375	7.7394	7.77946	7.61663	7.64996	7.92371	7.7367
0.003975	7.84121	8.06523	7.53443	7.49411	7.95049	7.69101
0.0041	7.85279	7.93465	7.63206	7.38431	7.67107	7.57434
0.0042375	7.67687	7.78268	7.41905	7.60235	7.55177	7.60791
0.0043625	7.72772	7.61624	7.69519	7.55079	7.56505	7.5894
0.0045	7.63035	7.7306	7.96514	7.39161	7.92772	7.54123
0.0046375	7.87403	7.83266	7.72225	7.50486	7.60556	7.66065
0.004775	7.79682	7.80651	7.53537	7.57176	7.4052	7.84664
0.0049125	7.66019	7.90577	7.70258	7.6023	7.4983	7.67487
0.00505	7.61215	7.62169	7.57659	7.83024	7.6408	7.5591
0.0051875	7.93964	7.71114	7.65709	7.89549	7.84739	7.74091
0.005325	7.9931	7.60225	7.67755	7.53799	7.80135	7.56171
0.0054625	8.03625	7.7116	7.68653	7.71053	7.5509	7.8275
0.0056125	8.1063	7.76571	7.92489	7.63232	7.2577	7.36187
0.00575	7.98626	7.63025	7.74076	7.57999	7.36179	7.48382
0.0059	7.82168	7.80667	7.57928	7.66673	7.4601	7.55134
0.0060375	7.63658	7.74637	7.64611	7.72616	7.65602	7.66075
0.0061875	7.85317	7.55628	7.91274	7.46069	7.77878	7.51054
0.0063375	7.85969	7.56722	7.56586	7.5601	7.65342	7.48532
0.0064875	7.74316	7.66594	7.90153	7.74724	7.70693	7.54835
0.0066375	7.87072	7.49989	7.91044	7.64721	7.63449	7.42021
0.0067875	7.87485	7.70715	7.94572	7.44331	7.73249	7.43
0.0069375	7.76984	7.64842	7.52525	7.61049	7.61229	7.44568
0.0070875	8.0187	7.87583	7.92287	7.81986	7.62398	7.34194
0.0072375	7.57027	7.72502	7.84233	7.61508	7.75208	7.53963
0.0073875	7.86478	7.8343	7.86835	7.49883	7.34611	7.71805
0.00755	7.90413	7.62373	7.63693	7.32746	7.55246	7.60297
0.0077	7.85428	7.63885	7.63502	7.6155	7.84721	7.80988
0.0078625	7.87091	7.60882	7.62759	7.67187	7.67496	7.5343
0.008025	7.87735	7.70483	7.63563	7.63121	7.77913	7.74319
0.008175	8.0202	7.76443	7.50767	7.49531	7.64807	7.80119
0.0083375	8.09693	8.05174	7.80554	7.6632	7.73837	7.65113
0.0085	7.80005	8.03346	7.82027	7.49482	7.79845	7.59976
0.0086625	7.54348	7.77367	7.71506	7.62639	8.03347	7.60121
0.008825	7.5831	7.86551	7.88117	7.65652	7.8166	7.47943
0.0089875	7.71733	7.44322	7.7957	7.68028	7.48087	7.58934
0.0091625	7.7261	7.76213	7.806	7.5858	7.57725	7.52023
0.009325	7.87391	7.36284	7.55707	7.45765	7.67535	7.58632
0.0095	7.81388	7.64676	7.70661	7.77663	7.55744	7.72395
0.0096625	7.65479	7.92141	7.50518	7.62905	7.78282	7.82006
0.0098375	7.68131	7.69387	7.64294	7.66213	7.58911	7.56751
0.0100125	7.97371	7.73713	7.72602	7.60945	7.61744	7.72498
0.0101875	7.67433	8.03678	7.8488	7.64738	7.67078	7.71589
0.0103625	7.77627	7.87699	7.33213	7.8323	7.57355	7.56803
0.0105375	7.71067	7.83968	7.78791	7.66015	7.75969	7.50416
0.0107125	7.66514	7.51112	7.6808	7.52598	7.78858	7.68982
0.0108875	7.79485	7.73135	7.93211	7.36843	7.52806	7.86649
0.0110625	7.81216	7.81814	7.69624	7.57321	7.61831	7.67074
0.01125	7.60726	7.83825	7.67481	7.41502	7.68416	7.75628
0.011425	7.93761	7.73906	7.67719	7.65574	7.797	7.57588
0.0116125	7.85149	7.4941	7.63386	7.72877	7.49042	7.47558
0.0118	7.60669	7.65621	7.59801	7.5953	7.9236	7.46975
0.0119875	7.59249	8.02203	7.63655	7.42053	7.62301	7.65581
0.012175	7.67873	7.75338	7.50963	7.62918	7.60314	7.38817
0.0123625	7.658	7.73368	7.62973	7.64489	7.75795	7.50361
0.01255	7.86442	7.57962	7.8564	7.31644	7.91609	7.78663
0.0127375	7.89197	8.04715	7.67263	7.39441	7.58015	7.69891
0.0129375	7.90153	7.7579	7.86391	7.53604	7.64121	7.55043
0.013125	7.90965	7.7377	7.94779	7.6734	7.71659	7.60473
0.013325	7.94711	7.63935	7.73496	7.46636	7.75813	7.57414
0.0135125	7.95709	7.85374	7.45916	7.49809	7.73392	7.50898
0.0137125	7.69354	7.48901	7.44763	7.5682	7.59287	7.60581
0.0139125	7.92564	7.62493	7.46304	7.84689	7.87098	7.55781
0.0141125	7.84146	7.53304	7.66789	7.31398	7.39935	7.76713
0.0143125	7.92148	7.67682	7.85424	7.57217	7.34593	7.66211
0.0145125	7.76222	7.9045	7.64556	7.47385	7.65894	7.81063
0.014725	7.60741	7.68758	7.72492	7.68754	7.59748	7.56298
0.014925	7.53548	7.79042	7.49037	7.66049	7.4846	7.49957
0.0151375	7.67456	7.74263	7.66166	7.61774	7.5657	7.75808
0.01535	7.85125	7.68705	7.8092	7.708	7.74099	7.67792
0.01555	7.72272	7.49654	7.67438	7.72127	7.56474	7.6189
0.0157625	7.74323	7.80411	7.71394	7.49317	7.51684	7.37172
0.015975	7.7621	7.846	7.73327	7.5882	7.47267	7.3211
0.0162	7.67344	7.74368	7.78165	7.4798	7.51656	7.61416
0.0164125	7.85314	7.74444	7.6827	7.48611	7.53722	7.75484
0.016625	7.85967	7.67586	7.69157	7.86475	7.58245	7.61627
0.01685	7.79848	7.49478	7.8062	7.55293	7.50517	7.54638
0.017075	7.80456	7.85187	7.80329	7.62208	7.79419	7.63288
0.0172875	7.68837	7.5451	7.64349	7.71391	7.48323	7.42303
0.0175125	7.79989	7.55516	7.60917	7.62181	7.64383	7.56763
0.0177375	7.65927	7.68658	7.5857	7.58628	7.54787	7.48326
0.0179625	7.76268	7.66916	7.3086	7.56222	7.4581	7.34472
0.0182	7.75161	7.66434	7.65282	7.5184	7.34667	7.83187
0.018425	7.5849	7.35713	7.69132	7.7369	7.60943	7.53026
0.0186625	7.79123	7.5845	7.83232	7.61049	7.67318	7.57835
0.0188875	7.93161	7.70026	7.65677	7.80637	7.73096	7.61029
0.019125	7.77792	7.70763	7.57394	7.779	7.82367	7.52061
0.0193625	7.64159	7.52611	7.69547	7.50301	7.53605	7.51555
0.0196	7.90435	7.76144	7.61122	7.61761	7.56592	7.59667
0.0198375	7.82416	7.69915	7.5859	7.58603	7.41405	7.44363
0.0200875	7.95282	7.60361	7.55652	7.40164	7.70597	7.37297
0.020325	7.75532	7.67391	7.5299	7.30173	7.84677	7.58722
0.020575	7.59886	7.70203	7.51621	7.55765	7.53804	7.62727
0.0208125	7.70263	7.7514	7.25559	7.6788	7.66799	7.64409
0.0210625	7.58339	7.46857	7.47603	7.4583	7.56609	7.48923
0.0213125	7.44194	7.50651	7.54977	7.68434	7.67257	7.59077
0.0215625	7.69697	7.61775	7.68506	7.26255	7.53742	7.59106
0.021825	7.64414	7.56826	7.59258	7.31695	7.63964	7.32768
0.022075	7.68208	7.56026	7.45397	7.4908	7.40431	7.49779
0.0223375	7.53713	7.81857	7.62106	7.50175	7.58832	7.58146
0.0225875	7.60807	7.77728	7.68511	7.87007	7.63725	7.73684
0.02285	7.64626	7.61022	7.55459	7.66242	7.61931	7.64899
0.0231125	7.52023	7.86761	7.5916	7.73304	7.42151	7.5698
0.023375	7.66273	7.72826	7.5933	7.73782	7.51216	7.45066
0.02365	7.86648	7.72666	7.81348	7.73268	7.59757	7.61204
0.0239125	7.77341	7.56671	7.90521	7.58606	7.64541	7.62135
0.0241875	7.62464	7.67823	7.78453	7.48232	7.61743	7.66668
0.02445	7.63012	7.64487	7.60342	7.60666	7.66544	7.53344
0.024725	7.75208	7.78513	7.26911	7.70668	7.40025	7.53851
0.025	7.71363	7.62785	7.53922	7.51309	7.65587	7.64145
0.025275	7.75656	7.83259	7.63112	7.47397	7.55295	7.48483
0.0255625	7.55728	7.62179	7.4658	7.53126	7.57167	7.53785
0.0258375	7.59691	7.63843	7.77649	7.68766	7.57559	7.34432
0.026125	7.72043	7.3956	7.75543	7.67363	7.54688	7.41469
0.0264125	7.80325	7.55142	7.95244	7.65665	7.6189	7.69432
0.0267	7.77378	7.67455	7.62971	7.59374	7.54195	7.40015
0.0269875	7.83201	7.61935	7.52286	7.4222	7.70296	7.54099
0.027275	7.73166	7.66282	7.78452	7.54952	7.56571	7.44481
0.027575	7.58349	7.52674	7.66946	7.56082	7.60068	7.54957
0.0278625	7.46457	7.90151	7.60008	7.57882	7.43418	7.55242
0.0281625	7.6655	7.61781	7.51067	7.56836	7.45547	7.57425
0.0284625	7.68575	7.74332	7.6336	7.77263	7.39967	7.61015
0.0287625	7.65788	7.83916	7.89646	7.77486	7.60151	7.54961
0.0290625	7.48446	7.56067	7.79669	7.58726	7.40371	7.4129
0.029375	7.57122	7.54526	7.68009	7.49941	7.51049	7.58925
0.029675	7.63897	7.54534	7.72604	7.70406	7.5896	7.40518
0.0299875	7.61024	7.52694	7.62844	7.66891	7.59319	7.5631
0.0303	7.72394	7.8121	7.61111	7.73472	7.62172	7.44397
0.0306125	7.84808	7.7183	7.7183	7.68244	7.47264	7.64234
0.030925	7.76109	7.63345	7.62876	7.52826	7.39309	7.55543
0.03125	7.6767	7.67087	7.58389	7.63635	7.56085	7.7035
0.0315625	7.64823	7.49773	7.66801	7.39949	7.41909	7.63462
0.0318875	7.71955	7.68474	7.4886	7.35407	7.46962	7.68695
0.0322125	7.64524	7.42644	7.64633	7.38477	7.54417	7.65319
0.0325375	7.56735	7.61194	7.55931	7.45233	7.60369	7.39048
0.032875	7.63378	7.66099	7.68659	7.50095	7.66923	7.4259
0.0332	7.57435	7.62774	7.5558	7.63654	7.46635	7.4774
0.0335375	7.58658	7.49675	7.53455	7.553	7.58774	7.45351
0.033875	7.7289	7.6228	7.65544	7.48138	7.58029	7.48741
0.0342125	7.76718	7.60529	7.6418	7.4724	7.59868	7.50353
0.03455	7.86872	7.49767	7.74049	7.30418	7.55582	7.68344
0.0349	7.5454	7.67191	7.60047	7.42253	7.5536	7.49554
0.03525	7.60029	7.70265	7.63166	7.52179	7.69518	7.58023
0.0355875	7.68624	7.76647	7.50586	7.5477	7.55308	7.5987
0.03595	7.63471	7.56497	7.36958	7.51298	7.58651	7.6448
0.0363	7.53944	7.6366	7.44883	7.46646	7.32327	7.42115
0.03665	7.57779	7.65493	7.6095	7.58854	7.56443	7.54913
0.0370125	7.53484	7.53384	7.64934	7.43356	7.39284	7.61803
0.037375	7.66073	7.6995	7.54751	7.43525	7.39867	7.44099
0.0377375	7.71159	7.61792	7.53643	7.20285	7.4978	7.70886
0.0381	7.87995	7.81143	7.57607	7.41198	7.44328	7.36526
0.0384625	7.68743	7.41589	7.62519	7.42887	7.44959	7.54759
0.0388375	7.54055	7.37401	7.49476	7.47806	7.53543	7.36549
0.0392125	7.61532	7.50806	7.52891	7.3856	7.33924	7.50092
0.0395875	7.5622	7.65512	7.43905	7.53362	7.35752	7.37892
0.0399625	7.45149	7.47111	7.50816	7.50783	7.46551	7.47795
0.04035	7.47141	7.40156	7.53419	7.36959	7.29036	7.53807
0.040725	7.64681	7.51432	7.531	7.67126	7.4712	7.41822
0.0411125	7.5647	7.46248	7.53749	7.32888	7.6617	7.33819
0.0415	7.66758	7.5593	7.58357	7.38114	7.48687	7.41703
0.0419	7.66609	7.67858	7.45086	7.47887	7.37665	7.27643
0.0422875	7.74334	7.5652	7.36966	7.43418	7.42927	7.40663
0.0426875	7.95373	7.55702	7.34841	7.29174	7.698	7.47643
0.0430875	7.84765	7.60331	7.48894	7.40112	7.36451	7.47507
0.0434875	7.66993	7.34211	7.44388	7.46742	7.36499	7.2773
0.0439	7.64881	7.60276	7.41057	7.39997	7.44382	7.5262
0.0443	7.71168	7.67005	7.58076	7.36776	7.66028	7.37605
0.0447125	7.6896	7.55623	7.75153	7.54697	7.56311	7.27174
0.045125	7.69736	7.47058	7.23694	7.48063	7.38022	7.39115
0.04555	7.75014	7.55606	7.53342	7.20055	7.35543	7.49
0.0459625	7.49747	7.50014	7.35029	7.26032	7.50469	7.42337
0.0463875	7.60976	7.4566	7.29058	7.37542	7.29032	7.45512
0.0468125	7.73653	7.50621	7.28787	7.39493	7.40596	7.50813
0.0472375	7.83512	7.56036	7.45138	7.43506	7.40014	7.5109
0.047675	7.66621	7.56444	7.33251	7.31068	7.41597	7.4204
0.0481125	7.77548	7.48715	7.53511	7.25938	7.55521	7.38569
0.04855	7.77208	7.31648	7.6873	7.4827	7.54178	7.31711
0.0489875	7.66507	7.54584	7.41109	7.27356	7.48172	7.4012
0.049425	7.87148	7.51339	7.38376	7.43365	7.41563	7.39805
0.049875	7.64949	7.33007	7.53389	7.31586	7.58838	7.49714
0.050325	7.66694	7.49725	7.67049	7.51124	7.33054	7.26649
0.050775	7.62353	7.39851	7.46235	7.40656	7.37024	7.31831
0.0512375	7.6411	7.43839	7.35759	7.29307	7.44549	7.3876
0.0517	7.68364	7.50377	7.3724	7.28788	7.40962	7.40502
0.0521625	7.60802	7.46739	7.45949	7.23985	7.2369	7.41966
0.052625	7.90812	7.42884	7.33644	7.43504	7.4562	7.36666
0.0530875	7.67325	7.48849	7.31637	7.37121	7.45907	7.48876
0.0535625	7.74545	7.40678	7.49519	7.38153	7.52207	7.44616
0.0540375	7.777	7.60115	7.47242	7.33962	7.40464	7.44842
0.0545125	7.60546	7.30407	7.44918	7.29861	7.27298	7.20641
0.055	7.88605	7.3816	7.43229	7.2724	7.41839	7.42582
0.0554875	7.61854	7.29497	7.33597	7.32524	7.43847	7.43457
0.055975	7.92458	7.49539	7.23376	7.1804	7.39622	7.40321
0.0564625	7.63496	7.45244	7.40151	7.34763	7.43505	7.44207
0.0569625	7.7644	7.48837	7.54442	7.18292	7.46814	7.20483
0.0574625	7.87562	7.49677	7.40861	7.33521	7.47591	7.29494
0.0579625	7.88299	7.24851	7.47443	7.27639	7.35946	7.34673
0.0584625	7.64362	7.38079	7.35953	7.31649	7.36837	7.35345
0.058975	7.72993	7.43142	7.32045	7.20807	7.26285	7.4593
0.0594875	7.76321	7.46381	7.22131	7.24581	7.21807	7.41626
0.06	7.58994	7.36353	7.4222	7.38458	7.31583	7.39499
0.060525	7.59045	7.38764	7.40946	7.12531	7.34448	7.37207
0.06105	7.65876	7.5257	7.31515	7.0853	7.33282	7.39155
0.061575	7.62842	7.50508	7.3553	7.32369	7.36324	7.38128
0.0621125	7.61867	7.53971	7.36143	7.39477	7.42854	7.28373
0.0626375	7.72071	7.43872	7.41694	7.56846	7.38851	7.1645
0.063175	7.5413	7.51689	7.41162	7.26181	7.40976	7.5196
0.063725	7.73563	7.41739	7.24396	7.2538	7.23072	7.25948
0.0642625	7.79403	7.37792	7.34694	7.35115	7.24307	7.3071
0.0648125	7.79271	7.40017	7.44594	7.23121	7.32628	7.26319
0.065375	7.73202	7.37158	7.30946	7.25506	7.22938	7.36666
0.065925	7.81626	7.3884	7.31697	7.24657	7.35601	7.42309
0.0664875	7.7931	7.47276	7.27087	7.35187	7.21788	7.3322
0.06705	7.85688	7.50304	7.23229	7.42627	7.46906	7.30842
0.067625	7.59159	7.25511	7.35503	7.33148	7.29595	7.32009
0.0682	7.78379	7.51511	7.46666	7.2641	7.19806	7.29827
0.068775	7.60626	7.4454	7.27273	7.3553	7.03163	7.369
0.06935	7.67315	7.48323	7.24832	7.39172	7.35781	7.36137
0.0699375	7.74377	7.41293	7.47389	7.2653	7.2592	7.17493
0.070525	7.73034	7.58079	7.24105	7.11908	7.47267	7.32607
0.0711125	7.79513	7.34314	7.28773	7.23798	7.27922	7.26832
0.0717125	7.74669	7.48566	7.4607	7.24956	7.16694	7.24683
0.0723125	7.69131	7.36724	7.29431	7.25338	7.3358	7.42558
0.072925	7.73739	7.33623	7.31453	7.16389	7.18525	7.26822
0.073525	7.67961	7.43149	7.26926	7.12262	7.30823	7.10995
0.07415	7.68607	7.45047	7.30114	7.22979	7.23871	7.19326
0.0747625	7.5637	7.46304	7.30507	7.22434	7.2624	7.18685
0.0753875	7.52358	7.2376	7.32663	7.29736	7.33843	7.16985
0.0760125	7.47629	7.3708	7.28421	7.32564	7.28381	7.25105
0.0766375	7.59266	7.2922	7.29125	7.3462	7.25329	7.30747
0.077275	7.69965	7.33573	7.40072	7.1844	7.30688	7.21543
0.0779125	7.60929	7.346	7.25298	7.28519	7.25255	7.18949
0.0785625	7.77973	7.3743	7.27606	7.10296	7.25111	7.24535
0.0792125	7.51889	7.35774	7.41908	7.1792	7.11893	7.3622
0.0798625	7.54581	7.34529	7.32063	7.2238	7.14997	7.34615
0.080525	7.77111	7.35644	7.33401	7.24634	7.21137	7.20348
0.0811875	7.75324	7.41817	7.39156	7.18581	7.14821	7.20198
0.08185	7.68306	7.49576	7.31829	7.14729	7.19227	7.23586
0.082525	7.52555	7.18607	7.29931	7.10208	7.33722	7.26076
0.0832	7.6964	7.26954	7.29788	7.0994	7.13036	7.26287
0.083875	7.44925	7.3353	7.37709	7.32346	7.15109	7.19001
0.0845625	7.59941	7.37553	7.32095	7.18033	7.17471	7.32337
0.08525	7.65547	7.38134	7.35155	7.17321	7.23328	7.19837
0.08595	7.70472	7.34187	7.30212	7.16573	7.15709	7.28248
0.08665	7.62359	7.24319	7.46578	7.17672	7.04668	7.15894
0.08735	7.51	7.24205	7.27075	7.07672	7.31179	7.20185
0.0880625	7.59999	7.29206	7.35361	7.13579	7.15344	7.10563
0.088775	7.63201	7.31243	7.29872	7.1254	7.12262	7.16605
0.0895	7.71994	7.19255	7.46191	7.1932	7.17322	7.22876
0.0902125	7.63918	7.34605	7.15083	7.15524	7.31346	7.17615
0.09095	7.62299	7.31219	7.11284	7.14827	7.19747	7.21169
0.0916875	7.50574	7.4268	7.29885	7.10025	7.26905	7.18931
0.092425	7.56149	7.24811	7.18729	7.17263	7.27498	7.2157
0.0931625	7.67212	7.44898	7.18532	7.25457	7.23847	7.16948
0.0939125	7.52605	7.40866	7.22945	7.03682	7.27706	7.34269
0.094675	7.70185	7.18106	7.21087	7.17094	7.25172	7.17738
0.095425	7.52266	7.26703	7.30226	7.13155	7.24513	7.37433
0.0962	7.68126	7.26036	7.22142	7.18728	7.2509	7.27983
0.0969625	7.44211	7.33754	7.28846	7.23382	7.33856	7.29162
0.0977375	7.67874	7.33775	7.22229	7.10496	7.0923	7.20481
0.098525	7.5783	7.29125	7.17555	7.09166	7.07708	7.24919
0.0993125	7.66904	7.33283	7.23616	7.04117	7.17797	7.28013
0.1001	7.69402	7.29223	7.10588	7.19109	7.12814	7.09954
0.1009	7.67177	7.18528	7.2053	7.1701	7.22656	7.32019
0.1017	7.57259	7.24077	7.25008	7.12964	7.28738	7.1972
0.102513	7.47128	7.29278	7.24415	7.0718	7.17108	7.27736
0.103325	7.43173	7.27728	7.18803	7.12487	7.07819	7.18011
0.10415	7.41448	7.36816	7.16761	6.98949	7.2361	7.31342
0.104975	7.60752	7.24432	7.3191	7.13671	7.17857	7.18932
0.105812	7.69144	7.31154	7.17173	7.05103	7.10198	7.17359
0.10665	7.65441	7.34051	7.25969	7.06133	7.21419	7.15419
0.107487	7.57125	7.23662	7.4453	7.07993	7.13303	7.20037
0.108337	7.49941	7.35879	7.24838	7.04741	7.21123	7.12901
0.109187	7.44664	7.23401	7.22438	7.01909	7.04751	7.18426
0.11005	7.46275	7.28582	7.2769	7.03131	7.2652	7.08691
0.110925	7.58599	7.28857	7.33298	7.10763	7.20536	7.15318
0.111787	7.39043	7.33263	7.25316	7.11381	7.17089	7.19354
0.112675	7.63167	7.09444	7.2267	7.21775	7.0986	7.1481
0.11355	7.61567	7.17246	7.21224	7.12757	7.14663	7.17258
0.11445	7.55544	7.26611	7.25479	7.09716	7.08595	7.11056
0.11535	7.50025	7.32688	7.17319	7.03664	7.05283	7.1981
0.11625	7.48297	7.17679	7.36896	7.11117	7.1046	7.24602
0.117163	7.59925	7.08109	7.26437	7.16171	7.10657	7.13927
0.118075	7.58277	7.12764	7.13934	7.06513	7.18319	7.21821
0.119	7.49773	7.20628	7.11917	7.08313	7.12243	7.21941
0.119925	7.50355	7.2639	7.21973	7.03723	7.10026	7.16015
0.120862	7.577	7.26158	7.17388	7.09572	7.08214	7.20887
0.1218	7.64355	7.26882	7.15718	7.04433	7.13912	7.04904
0.12275	7.54105	7.21523	7.29457	7.1046	6.98856	7.15868
0.1237	7.43992	7.19747	7.21121	7.01428	7.10512	7.17026
0.124663	7.55164	7.26557	7.31081	6.99796	7.13129	7.214
0.125638	7.53014	7.10791	7.15644	7.06963	7.12355	7.19634
0.126612	7.49348	7.15858	7.18273	7.06262	7.1564	7.09824
0.127587	7.45024	7.22031	7.1917	7.06128	7.10056	7.06508
0.128575	7.42449	7.25733	7.10056	7.00563	7.06219	7.18777
0.129575	7.60421	7.25359	7.21819	6.99021	7.0275	7.08619
0.130575	7.54611	7.27207	7.12969	7.1284	7.00277	7.17881
0.131588	7.50375	7.26593	7.18461	7.13813	6.99727	7.05166
0.1326	7.401	7.16445	7.25222	7.05876	7.11446	6.97521
0.133625	7.54731	7.22706	7.15426	7.04799	7.03498	7.10185
0.13465	7.53906	7.19051	7.21436	7.11508	7.17969	7.04109
0.135688	7.34184	7.13375	7.1473	7.11333	7.08566	7.11801
0.136737	7.52208	7.12179	7.1727	7.16793	7.09345	7.09148
0.137788	7.53823	7.19871	7.16329	7.08247	7.03364	7.07281
0.13885	7.47194	7.23687	7.25115	7.08796	7.16382	7.13578
0.139913	7.53711	7.14619	7.22529	7.08411	7.11419	7.09305
0.140988	7.54673	7.19377	7.18865	6.98959	7.03943	7.06908
0.142075	7.44175	7.19175	7.15874	6.99884	6.99469	7.11255
0.143163	7.46843	7.1101	7.13035	6.99277	7.07586	7.1502
0.14425	7.43951	7.18455	7.23293	6.99195	7.11034	7.08876
0.145362	7.38341	7.14786	7.13007	7.07998	7.02884	7.18033
0.146475	7.45818	7.09252	7.15062	7.03556	7.12866	7.12643
0.147587	7.52861	7.13736	7.16742	7.00837	6.99122	7.08456
0.148713	7.49951	7.10365	7.20578	7.07386	7.01947	6.98064
0.14985	7.4872	7.25015	7.13999	7.06436	7.05394	7.0359
0.150988	7.45903	7.15391	7.16675	7.03102	7.06228	7.02399
0.15215	7.41837	7.22308	7.16608	7.10433	6.99058	7.11172
0.1533	7.46622	7.17395	7.24313	6.90875	6.9786	7.01426
0.154475	7.44549	7.21815	7.12894	6.8689	7.0403	7.1091
0.15565	7.36345	7.02545	7.19717	7.05225	7.04321	7.14266
0.156825	7.44647	7.19617	7.13711	6.97676	7.01582	7.04199
0.158012	7.46838	7.1825	7.16673	6.98077	6.97578	7.05469
0.159212	7.39847	7.17672	7.19305	7.05966	7.0014	6.98663
0.160425	7.39824	7.21616	7.23082	7.02483	7.01848	7.13876
0.161637	7.48249	7.11089	7.12998	6.97962	7.0237	7.18026
0.162862	7.48314	7.13559	7.0587	7.08655	7.07275	7.03775
0.1641	7.54735	7.11594	7.17036	7.06984	7.07087	7.00359
0.165338	7.4067	7.04631	7.11113	6.93677	7.07477	7.015
0.166588	7.39615	7.17875	7.15256	6.85812	7.00414	7.18847
0.16785	7.45242	7.01603	7.13843	7.01965	7.10592	7.05369
0.169113	7.42994	7.15847	7.13092	6.98993	7.02607	7.02767
0.170388	7.50045	7.12258	7.0635	7.00554	7.08526	6.96699
0.171675	7.31715	7.0702	7.22051	6.96314	7.02593	7.02334
0.172975	7.48557	7.16317	7.13877	6.93831	7.09571	6.97435
0.174275	7.38146	7.04348	7.1612	7.02014	7.0626	7.10841
0.175588	7.43193	7.144	7.19021	6.9815	7.07181	7.04604
0.176913	7.41011	7.13708	7.18733	6.90648	6.94166	6.94239
0.178237	7.40252	7.03741	7.08488	6.9097	6.87366	7.08369
0.179575	7.3892	7.05855	7.17904	7.00897	7.02212	6.99736
0.180925	7.35843	7.08106	7.0716	6.98255	6.97711	7.05446
0.182287	7.37928	7.08338	7.22978	6.94355	6.94798	7.03875
0.18365	7.31711	7.15693	7.10033	7.01773	6.99288	6.99859
0.185025	7.2831	7.08917	7.0621	6.9539	7.01951	7.00156
0.186412	7.27435	7.11866	7.09584	7.06737	6.99255	6.99383
0.187813	7.40195	7.15985	7.03457	6.94276	6.92922	7.05143
0.189213	7.46332	7.14563	7.13255	6.8763	7.04825	6.88038
0.190637	7.42872	7.06929	7.09697	6.91356	6.96874	7.03414
0.192062	7.41424	7.14492	7.07944	6.89179	6.9505	6.94083
0.193487	7.40378	7.05541	7.07197	6.97379	6.97682	7.06119
0.194937	7.40092	7.06167	7.04767	6.94261	7.11225	7.04115
0.196387	7.35224	7.0269	7.09241	6.94769	6.98241	7.01855
0.197863	7.39898	7.11557	7.00871	6.9969	7.06937	6.94935
0.199337	7.43613	7.11143	7.14169	6.88682	6.89194	6.94471
0.200825	7.32371	7.08073	6.96963	6.894	6.97284	6.91037
0.202312	7.26468	7.11242	7.02234	6.89547	6.93358	6.97582
0.203825	7.3117	6.97082	7.05547	6.87947	7.04127	6.94954
0.205337	7.42051	7.00143	7.08299	6.89847	6.99317	7.09711
0.206862	7.2993	7.07164	7.12314	6.87522	6.99629	6.9741
0.2084	7.44236	7.1122	7.10028	6.98812	7.01675	7.02154
0.20995	7.48089	7.07969	7.15299	6.86935	6.97068	6.88728
0.211513	7.36906	7.03665	7.01667	6.95876	6.93147	6.99968
0.213087	7.26458	7.0005	7.09494	7.01184	6.98544	6.98077
0.214663	7.31236	7.06955	7.08826	6.90898	6.98079	7.0755
0.21625	7.26956	6.95472	6.95978	6.88029	7.01406	6.96259
0.217863	7.3363	7.02982	6.95232	6.96111	6.98474	6.92338
0.219475	7.34547	7.01417	6.98898	6.8859	6.9574	6.86552
0.2211	7.34177	6.98868	7.07622	6.86278	6.92696	6.91533
0.222738	7.26869	7.09654	7.04776	6.89192	6.94274	6.98778
0.224387	7.31452	7.0037	7.02565	6.91631	6.92495	6.94937
0.226038	7.29383	7.023	7.09485	6.89802	6.97417	6.89849
0.227712	7.33672	7.02072	7.0448	6.8723	6.97757	6.91328
0.2294	7.38312	7.06127	6.96396	6.85806	6.90594	6.95664
0.231088	7.313	7.0068	7.03787	6.8709	6.95035	6.94209
0.2328	7.30272	6.99055	6.97705	6.87946	6.96342	7.01523
0.234512	7.34268	7.00206	7.01685	6.9146	7.01935	6.89445
0.236237	7.27336	7.00844	7.02347	6.86916	6.94155	6.98856
0.237988	7.38743	7.04033	7.09504	6.8768	6.96702	6.98121
0.239737	7.34973	7.08089	6.99056	6.89206	6.993	6.95583
0.2415	7.26658	7.00649	6.9752	6.82008	7.01567	6.85132
0.243275	7.29283	6.9738	6.97268	6.8116	6.94548	6.9105
0.245075	7.22963	6.97102	6.98402	7.04092	6.83209	6.91802
0.246875	7.27934	6.94506	7.03253	6.81295	6.89737	6.87328
0.248688	7.27558	6.96428	7.03287	6.87921	6.94343	6.97805
0.250513	7.29243	6.96354	7.1039	6.9275	6.90219	6.94874
0.252362	7.29572	6.99949	7.05838	6.90035	6.89832	6.94796
0.254212	7.33009	6.89114	6.98007	6.8728	6.91364	7.03161
0.256075	7.32723	7.0295	6.99693	6.93736	6.88508	6.95714
0.25795	7.26462	6.88256	6.9232	6.99415	6.86554	6.91733
0.25985	7.12744	6.96764	7.1204	6.9255	6.91193	6.90516
0.26175	7.30659	6.91254	6.93233	6.82371	6.76208	6.88505
0.263675	7.23329	6.95755	7.02938	6.80741	6.88107	6.85608
0.2656	7.30035	6.87047	6.94407	6.85198	6.88526	6.86036
0.26755	7.20834	6.9773	6.96491	6.83917	6.91463	6.94009
0.2695	7.22108	6.94562	6.907	6.87477	6.8957	6.95846
0.271475	7.26817	6.94797	6.98753	6.91718	6.94277	6.8926
0.273463	7.29149	6.91362	7.02012	6.7876	6.93664	6.91847
0.275463	7.25916	6.96523	6.90019	6.85825	6.8381	6.92338
0.277475	7.29389	6.97393	6.93752	6.80821	6.86929	6.87025
0.2795	7.25632	6.93312	6.94034	6.80219	6.85378	6.82727
0.28155	7.2407	6.96046	6.90936	6.75615	6.82727	6.83594
0.2836	7.25513	6.94804	7.01462	6.79462	6.83501	6.93719
0.285675	7.30968	6.9681	7.0165	6.84116	6.7921	6.84619
0.28775	7.19334	6.96061	6.937	6.83814	6.86791	6.8808
0.28985	7.286	6.92135	6.92302	6.75369	6.8878	6.81403
0.291963	7.21693	6.99495	6.96164	6.82105	6.83985	6.83037
0.2941	7.2336	6.83624	6.91882	6.84943	6.92199	6.82753
0.296237	7.27817	6.92818	6.9355	6.72253	6.77864	6.75187
0.2984	7.16989	6.90781	6.99691	6.81453	6.91021	6.7895
0.300563	7.20537	6.98715	6.92861	6.87595	6.81226	6.83673
0.30275	7.24821	6.98505	6.98354	6.74601	6.8205	6.87359
0.304962	7.20399	6.94548	6.89967	6.85313	6.82256	6.81956
0.307175	7.14765	6.95361	6.84232	6.82535	6.78084	6.79997
0.309413	7.23159	6.92048	6.89882	6.81146	6.86031	6.82003
0.311662	7.23757	6.83108	7.00677	6.81894	6.80436	6.80509
0.313925	7.23823	6.86841	6.94491	6.77163	6.77168	6.79878
0.3162	7.17509	6.915	6.84665	6.83226	6.83309	6.881
0.3185	7.17076	6.94357	6.91348	6.80392	6.78852	6.90516
0.320812	7.15398	6.9017	6.92071	6.7789	6.81558	6.81551
0.323137	7.1931	6.8793	6.80442	6.80196	6.85588	6.83412
0.325475	7.1515	6.87908	6.96305	6.74277	6.85682	6.87437
0.327837	7.154	6.85839	6.85086	6.78855	6.79389	6.80917
0.330213	7.17574	6.8816	6.8877	6.72802	6.77682	6.84901
0.332613	7.21525	6.85102	6.85492	6.80012	6.81679	6.7736
0.335012	7.23363	6.85696	6.83824	6.68658	6.84763	6.79274
0.33745	7.24693	6.86637	6.83708	6.7781	6.84561	6.74404
0.339887	7.24431	6.8676	6.90006	6.77782	6.77056	6.8266
0.34235	7.17674	6.82167	6.83227	6.72994	6.80878	6.76671
0.344825	7.17066	6.82569	6.93473	6.74863	6.83984	6.81339
0.347325	7.13863	6.87216	6.82001	6.68619	6.80228	6.7651
0.349825	7.10611	6.84364	6.92954	6.74521	6.82657	6.81197
0.352363	7.20892	6.81331	6.85409	6.76455	6.74807	6.79969
0.3549	7.15493	6.84693	6.86669	6.71646	6.79754	6.74191
0.357475	7.14796	6.86675	6.83499	6.73129	6.8504	6.80484
0.36005	7.2146	6.82836	6.82199	6.80887	6.88095	6.78222
0.36265	7.14191	6.80995	6.84724	6.71641	6.85717	6.76555
0.365275	7.13967	6.9189	6.86207	6.76543	6.77564	6.74011
0.3679	7.13071	6.88728	6.84608	6.70573	6.77869	6.75105
0.370562	7.14003	6.83709	6.80532	6.68917	6.81585	6.80612
0.373237	7.17471	6.89855	6.85334	6.73274	6.76112	6.76286
0.375925	7.10584	6.83063	6.78275	6.75419	6.80903	6.78345
0.378637	7.20192	6.88087	6.83275	6.64676	6.78752	6.77396
0.381362	7.13324	6.88475	6.78435	6.71883	6.72396	6.76393
0.384113	7.16243	6.80212	6.82584	6.79136	6.73111	6.83886
0.386875	7.14752	6.87	6.80557	6.74015	6.76889	6.81014
0.389663	7.09926	6.90146	6.8579	6.67185	6.7553	6.78803
0.392462	7.14455	6.8548	6.837	6.80043	6.7481	6.72132
0.395288	7.13451	6.86325	6.79248	6.75862	6.76784	6.78373
0.398138	7.07118	6.79682	6.77197	6.75619	6.78775	6.79436
0.401	7.13479	6.82268	6.8427	6.6864	6.79272	6.78695
0.403888	7.01984	6.8115	6.80984	6.75652	6.80709	6.77034
0.406788	7.17039	6.85203	6.85119	6.74662	6.76096	6.72953
0.409712	7.04173	6.8118	6.80558	6.70848	6.7721	6.70829
0.41265	7.07502	6.81883	6.80539	6.68073	6.81402	6.72301
0.415612	7.08237	6.78368	6.81458	6.65735	6.74045	6.75088
0.4186	7.10294	6.85208	6.80949	6.69403	6.71306	6.78893
0.421613	7.10726	6.82943	6.76054	6.67998	6.75412	6.71811
0.424637	7.12329	6.79762	6.83098	6.7078	6.71694	6.73954
0.427687	7.08651	6.77444	6.75634	6.67236	6.69856	6.76933
0.43075	7.0478	6.7591	6.8373	6.70108	6.76176	6.74083
0.433838	7.11285	6.76233	6.75576	6.6392	6.73378	6.72461
0.43695	7.04017	6.80312	6.79957	6.71405	6.75159	6.73881
0.440087	7.01362	6.74749	6.78888	6.72533	6.75475	6.77107
0.443238	7.0989	6.79208	6.82517	6.64889	6.65456	6.69133
0.446413	7.03824	6.80895	6.78898	6.70987	6.73445	6.70502
0.449612	7.05078	6.78892	6.89009	6.67788	6.68274	6.71596
0.452837	6.99545	6.75831	6.79188	6.71991	6.74002	6.69919
0.456075	7.09898	6.77185	6.79329	6.65909	6.69983	6.65779
0.459338	6.9726	6.76057	6.83485	6.69689	6.69475	6.69569
0.462625	7.05581	6.80132	6.76746	6.72727	6.74203	6.69588
0.465937	7.1048	6.81076	6.76453	6.71675	6.65993	6.69407
0.469275	7.12087	6.78814	6.76704	6.63118	6.69389	6.69457
0.472625	7.07236	6.81704	6.75421	6.64769	6.73786	6.77001
0.476012	7.02655	6.80904	6.76	6.61798	6.68492	6.70095
0.479412	7.09541	6.7383	6.76448	6.63752	6.69003	6.68818
0.482837	6.99916	6.73158	6.72455	6.61389	6.65828	6.66655
0.486288	7.00849	6.75268	6.81437	6.64524	6.72956	6.66992
0.489763	7.0215	6.81349	6.78984	6.63164	6.6849	6.70835
0.493262	7.02714	6.73457	6.76079	6.61698	6.72267	6.61564
0.496787	7.0395	6.78875	6.77651	6.67188	6.72326	6.65285
0.500337	7.03123	6.74019	6.77274	6.65363	6.71891	6.69831
0.503913	7.00433	6.72706	6.76419	6.6214	6.68886	6.69156
0.5075	6.98172	6.78588	6.7308	6.56812	6.67389	6.61595
0.511125	7.02903	6.75168	6.7775	6.61858	6.65864	6.76009
0.514775	7.01505	6.69798	6.74902	6.58332	6.67162	6.66585
0.51845	6.94879	6.74449	6.73158	6.57356	6.68947	6.68194
0.52215	7.04092	6.7279	6.74623	6.61783	6.67597	6.71923
0.525863	7.03907	6.73784	6.74038	6.63926	6.66675	6.67894
0.529612	6.9411	6.73358	6.71813	6.61752	6.65558	6.70126
0.533387	6.9496	6.7424	6.67436	6.53701	6.68675	6.62857
0.537188	7.00924	6.72146	6.74854	6.63039	6.68614	6.64997
0.541025	7.0071	6.72943	6.75477	6.56084	6.57606	6.68831
0.544875	7.01981	6.71463	6.74133	6.62836	6.64704	6.66115
0.54875	6.95035	6.74548	6.71735	6.57422	6.66971	6.64913
0.552662	6.95385	6.68755	6.7661	6.65649	6.73771	6.64718
0.5566	7.00454	6.77636	6.7298	6.59215	6.61211	6.6882
0.560562	6.97782	6.72268	6.70679	6.58448	6.67943	6.6366
0.56455	6.98728	6.72775	6.73173	6.63643	6.6588	6.62661
0.568563	7.02876	6.72457	6.75122	6.63944	6.66232	6.6339
0.572613	6.94091	6.71214	6.75257	6.60474	6.7332	6.65538
0.576688	7.01621	6.77628	6.75405	6.56579	6.61379	6.68238
0.580787	6.97137	6.66715	6.72222	6.58358	6.61273	6.66861
0.584912	6.97486	6.75331	6.6841	6.56629	6.67264	6.64553
0.589075	6.94176	6.73052	6.71362	6.62178	6.65011	6.6311
0.593262	6.97607	6.70228	6.71433	6.64019	6.6922	6.62535
0.597475	6.9695	6.64667	6.68545	6.53025	6.65005	6.62484
0.601725	6.94938	6.69479	6.65079	6.61651	6.67392	6.64971
0.606	6.93968	6.6745	6.69785	6.63492	6.62084	6.6189
0.6103	6.90668	6.70341	6.67657	6.64122	6.64677	6.69845
0.614637	6.95395	6.6681	6.69337	6.61928	6.63683	6.61639
0.619	6.90132	6.72087	6.6869	6.58429	6.67682	6.65023
0.6234	6.95372	6.66487	6.70572	6.56552	6.63952	6.61591
0.627825	6.9616	6.7134	6.67389	6.55124	6.64783	6.65497
0.632275	6.94658	6.68901	6.70259	6.5598	6.61679	6.68389
0.636762	6.89647	6.69479	6.6923	6.5472	6.58493	6.64374
0.641288	6.9656	6.64474	6.65094	6.56213	6.61356	6.621
0.645837	6.91579	6.70976	6.71938	6.50122	6.60888	6.58754
0.650412	6.99204	6.62792	6.66152	6.55253	6.63069	6.60034
0.655025	6.93821	6.70866	6.70135	6.58306	6.59489	6.57675
0.659675	6.93619	6.64501	6.70439	6.53634	6.61964	6.6254
0.66435	6.93401	6.63884	6.62891	6.56099	6.55637	6.59693
0.66905	6.88038	6.69327	6.60913	6.57384	6.58011	6.5941
0.6738	6.9061	6.64539	6.6567	6.54599	6.5817	6.59933
0.678575	6.87984	6.64407	6.71499	6.54492	6.63973	6.59396
0.683375	6.91164	6.62572	6.6816	6.52008	6.58237	6.57128
0.688225	6.89142	6.65385	6.63388	6.60999	6.5648	6.58589
0.6931	6.8404	6.65379	6.68397	6.49181	6.60095	6.62305
0.698	6.92306	6.63859	6.66102	6.50061	6.62084	6.55954
0.70295	6.93199	6.64677	6.67414	6.58541	6.59416	6.60851
0.707925	6.9109	6.64174	6.68518	6.54342	6.62669	6.57345
0.712937	6.8678	6.63182	6.60269	6.48662	6.61768	6.57645
0.717975	6.90608	6.61533	6.65684	6.49956	6.61244	6.61115
0.723063	6.85667	6.64334	6.61492	6.54048	6.56965	6.62183
0.728175	6.84416	6.62265	6.66398	6.55757	6.61393	6.57303
0.733325	6.85811	6.67751	6.64632	6.56324	6.5539	6.58476
0.738513	6.84302	6.63966	6.61135	6.5721	6.54586	6.62526
0.743738	6.85941	6.60414	6.62608	6.57059	6.58343	6.59497
0.749	6.84347	6.65073	6.61963	6.55272	6.53422	6.58725
0.754287	6.8798	6.58174	6.60593	6.53295	6.60004	6.60383
0.759625	6.88534	6.65946	6.57572	6.52405	6.58769	6.54267
0.765	6.85414	6.58096	6.58291	6.54902	6.55846	6.57168
0.7704	6.88045	6.66983	6.66325	6.50709	6.54689	6.55685
0.77585	6.88167	6.62042	6.63104	6.5007	6.58193	6.54376
0.781325	6.86984	6.62259	6.6155	6.49942	6.57979	6.57752
0.78685	6.9017	6.6551	6.59838	6.54654	6.56336	6.56657
0.7924	6.89143	6.62268	6.5594	6.50982	6.58327	6.58643
0.798	6.86051	6.56214	6.61971	6.52977	6.5867	6.53501
0.803638	6.81334	6.58413	6.58374	6.47024	6.56311	6.5323
0.809313	6.85325	6.63084	6.63121	6.53981	6.5756	6.55742
0.815025	6.8619	6.56873	6.61083	6.50818	6.53363	6.57206
0.820775	6.81246	6.63893	6.63642	6.46679	6.60567	6.58741
0.826575	6.87811	6.60102	6.60202	6.52045	6.56978	6.60676
0.8324	6.80929	6.63931	6.59646	6.55096	6.53299	6.59684
0.838275	6.85896	6.63704	6.61642	6.50331	6.52087	6.55007
0.8442	6.81435	6.59523	6.62672	6.49925	6.55335	6.54114
0.85015	6.80111	6.5943	6.60712	6.48051	6.56444	6.57149
0.85615	6.83359	6.5544	6.58663	6.4913	6.55001	6.5367
0.862188	6.87808	6.58605	6.62531	6.5432	6.51067	6.53428
0.868263	6.83261	6.60317	6.60122	6.497	6.5686	6.56796
0.874388	6.85501	6.53557	6.61022	6.49106	6.5066	6.56743
0.88055	6.90935	6.61842	6.60927	6.50629	6.54238	6.57515
0.886762	6.83664	6.5812	6.55743	6.54752	6.57415	6.54276
0.893013	6.82542	6.59799	6.61578	6.482	6.53645	6.56478
0.8993	6.83198	6.56802	6.59096	6.51774	6.50768	6.56181
0.905638	6.82842	6.60832	6.61682	6.4605	6.5422	6.53343
0.912025	6.77823	6.52764	6.58548	6.49863	6.52784	6.54847
0.91845	6.81255	6.62047	6.59143	6.54889	6.5134	6.54167
0.924925	6.77423	6.61412	6.58669	6.46958	6.49797	6.53232
0.931437	6.8005	6.58229	6.58349	6.5393	6.56571	6.58355
0.938	6.76407	6.54548	6.5966	6.49779	6.54897	6.54685
0.9446	6.79554	6.58892	6.61457	6.50477	6.50787	6.55136
0.95125	6.77975	6.60228	6.58476	6.53199	6.54999	6.50487
0.95795	6.82904	6.56773	6.57395	6.48654	6.54067	6.48394
0.9647	6.76257	6.48775	6.56755	6.51662	6.5255	6.49432
0.971488	6.81246	6.60126	6.58763	6.47967	6.51315	6.49954
0.978325	6.80214	6.54487	6.62416	6.52626	6.53716	6.53754
0.985213	6.7507	6.55452	6.57946	6.47848	6.5033	6.50768
0.992137	6.76409	6.54727	6.57319	6.47509	6.54531	6.51135
0.999125	6.7541	6.56685	6.52475	6.44901	6.47372	6.52477
1.00615	6.76105	6.59685	6.54741	6.44039	6.55373	6.584
1.01324	6.79809	6.54708	6.55159	6.45252	6.54548	6.49172
1.02036	6.80917	6.5287	6.55466	6.46308	6.54124	6.53268
1.02754	6.75727	6.5675	6.57278	6.4679	6.52443	6.54308
1.03476	6.80003	6.53942	6.57693	6.45038	6.5051	6.51348
1.04204	6.76399	6.58593	6.53206	6.4775	6.49074	6.48668
1.04936	6.79685	6.52316	6.60452	6.46014	6.52211	6.52089
1.05675	6.7682	6.56544	6.59256	6.41946	6.50076	6.52778
1.06418	6.75103	6.5558	6.57445	6.45647	6.49517	6.51309
1.07165	6.7595	6.54011	6.57985	6.44617	6.4485	6.50709
1.07919	6.77523	6.56703	6.58294	6.47457	6.49359	6.50934
1.08677	6.74225	6.56382	6.58776	6.51577	6.53957	6.52201
1.09441	6.73246	6.50796	6.53992	6.47824	6.50708	6.50448
1.1021	6.74594	6.50843	6.56036	6.45979	6.49829	6.52213
1.10984	6.74744	6.54959	6.57816	6.44343	6.49792	6.5117
1.11764	6.73561	6.5658	6.53666	6.39953	6.51905	6.50947
1.12549	6.70787	6.52197	6.5632	6.43432	6.48251	6.51524
1.1334	6.73638	6.55295	6.57668	6.4557	6.53986	6.49588
1.14135	6.75099	6.5528	6.54749	6.41784	6.51397	6.51587
1.14937	6.72529	6.55472	6.58527	6.48848	6.51168	6.50323
1.15744	6.73183	6.5604	6.50448	6.45554	6.51203	6.51708
1.16556	6.75087	6.5413	6.54759	6.45515	6.46936	6.53702
1.17375	6.71354	6.50692	6.51894	6.45404	6.47188	6.5066
1.18199	6.73708	6.50219	6.57063	6.49117	6.52941	6.50442
1.19029	6.74364	6.5368	6.54049	6.43382	6.50691	6.48509
1.19865	6.69782	6.52179	6.58289	6.46278	6.49041	6.49605
1.20706	6.72207	6.58071	6.57095	6.44003	6.47096	6.50058
1.21553	6.70207	6.52367	6.52673	6.44284	6.52746	6.48952
1.22406	6.7084	6.53659	6.52034	6.43783	6.49413	6.49423
1.23265	6.70377	6.54133	6.50617	6.43629	6.52062	6.48791
1.2413	6.71288	6.5327	6.52227	6.4699	6.48478	6.47591
1.25	6.71773	6.55782	6.56218	6.42742	6.47775	6.52323
1.25877	6.75553	6.5612	6.5343	6.44599	6.50974	6.49437
1.2676	6.72892	6.51099	6.52158	6.41621	6.48032	6.50051
1.27649	6.72785	6.48612	6.55401	6.43966	6.49429	6.5106
1.28544	6.72229	6.54466	6.52669	6.42676	6.46003	6.52019
1.29446	6.70993	6.53616	6.53914	6.45858	6.46643	6.52213
1.30354	6.7196	6.50698	6.514	6.44367	6.51752	6.51206
1.31267	6.70274	6.50051	6.55414	6.41703	6.49723	6.48355
1.32187	6.70693	6.48286	6.53328	6.42063	6.45534	6.49499
1.33114	6.71613	6.52358	6.54758	6.46592	6.45931	6.44241
1.34047	6.68459	6.54254	6.51338	6.42562	6.44544	6.45742
1.34987	6.70961	6.50711	6.50095	6.45229	6.46594	6.52166
1.35933	6.69455	6.50929	6.52328	6.46256	6.46917	6.50255
1.36886	6.69876	6.50342	6.50637	6.44376	6.46284	6.53562
1.37845	6.68722	6.50519	6.5534	6.45745	6.4821	6.51227
1.38811	6.71101	6.55014	6.52418	6.42104	6.48295	6.4786
1.39784	6.6774	6.50726	6.52317	6.44546	6.46393	6.47297
1.40762	6.65673	6.53788	6.50559	6.44813	6.49714	6.51205
1.41749	6.70401	6.47859	6.50504	6.43642	6.48464	6.45914
1.42741	6.69367	6.53295	6.54418	6.44319	6.44868	6.4866
1.43741	6.6613	6.5013	6.5281	6.42832	6.47523	6.49108
1.44749	6.67723	6.55178	6.53261	6.4338	6.49092	6.50586
1.45763	6.6441	6.51814	6.50535	6.38726	6.46512	6.48271
1.46783	6.66057	6.51277	6.51543	6.41421	6.45287	6.49814
1.47811	6.63601	6.51312	6.4799	6.41764	6.47333	6.47012
1.48846	6.67895	6.50078	6.52245	6.36973	6.45257	6.47838
1.49888	6.65543	6.53481	6.51641	6.39195	6.48164	6.46782
1.50937	6.66306	6.52084	6.51309	6.42815	6.44794	6.47666
1.51994	6.69337	6.50601	6.48242	6.41049	6.46554	6.50694
1.53058	6.65757	6.47482	6.50677	6.3983	6.47695	6.46296
1.54129	6.65823	6.48259	6.50134	6.44855	6.43087	6.44465
1.55208	6.66884	6.48937	6.49876	6.46047	6.48064	6.49973
1.56294	6.64667	6.48616	6.53336	6.44343	6.45275	6.48222
1.57387	6.65076	6.52352	6.53675	6.39714	6.51964	6.48443
1.5849	6.6214	6.51243	6.53577	6.42285	6.4364	6.48351
1.59599	6.67314	6.49414	6.48157	6.4362	6.46819	6.45009
1.60715	6.65789	6.45925	6.51924	6.40729	6.47913	6.47743
1.6184	6.62783	6.48988	6.51556	6.42362	6.48076	6.43281
1.62971	6.6213	6.49077	6.50616	6.44622	6.45213	6.45702
1.64111	6.63121	6.49603	6.52207	6.41476	6.48553	6.47999
1.6526	6.6118	6.46158	6.51935	6.41571	6.46959	6.46567
1.66416	6.61228	6.49451	6.5001	6.45905	6.46641	6.45609
1.6758	6.63755	6.4893	6.49753	6.42147	6.48605	6.46934
1.68751	6.64241	6.49511	6.51478	6.40787	6.43927	6.5018
1.69931	6.64567	6.49358	6.5208	6.3988	6.45983	6.45152
1.7112	6.63486	6.46435	6.49329	6.42409	6.4843	6.45323
1.72316	6.64837	6.5092	6.51508	6.41262	6.47906	6.48232
1.73521	6.61379	6.4671	6.47244	6.39514	6.44719	6.44864
1.74735	6.60948	6.51289	6.48823	6.4138	6.49176	6.43862
1.75956	6.62203	6.51961	6.4918	6.42543	6.4532	6.47789
1.77186	6.62403	6.48918	6.49987	6.41465	6.4631	6.48498
1.78425	6.61058	6.46057	6.49433	6.41708	6.50492	6.47108
1.79673	6.64252	6.49657	6.49318	6.40642	6.44291	6.46046
1.80928	6.63756	6.49646	6.49961	6.37581	6.46653	6.4148
1.82193	6.6158	6.44554	6.46506	6.42767	6.47683	6.46514
1.83466	6.6169	6.49413	6.50666	6.42216	6.4135	6.47855
1.84748	6.64824	6.46969	6.48997	6.42151	6.45121	6.46598
1.86039	6.62531	6.4763	6.50003	6.37945	6.4794	6.49619
1.87339	6.64059	6.47096	6.48914	6.4433	6.45462	6.48184
1.88647	6.61517	6.49648	6.49233	6.40259	6.4736	6.47577
1.89966	6.64391	6.49612	6.5087	6.3816	6.41069	6.48694
1.91293	6.62461	6.45951	6.4949	6.41243	6.46369	6.47889
1.9263	6.59649	6.5051	6.52577	6.40863	6.48866	6.44226
1.93975	6.60395	6.48587	6.50387	6.41628	6.44738	6.48092
1.9533	6.62757	6.51215	6.49307	6.43446	6.47063	6.48398
1.96694	6.61433	6.49198	6.50325	6.43217	6.45324	6.45522
1.98069	6.59344	6.45708	6.48797	6.41908	6.43377	6.46053
1.99451	6.59551	6.4664	6.49576	6.4067	6.4936	6.4576
2.00845	6.56625	6.50279	6.51476	6.4052	6.4747	6.47452
2.02248	6.61569	6.50763	6.49537	6.42404	6.47454	6.4704
2.03659	6.57133	6.46598	6.49929	6.42476	6.43131	6.4762
2.05081	6.57833	6.48775	6.50849	6.43582	6.42891	6.44115
2.06514	6.6163	6.46503	6.48112	6.40212	6.45917	6.47183
2.07955	6.58919	6.47451	6.49008	6.41537	6.44222	6.45074
2.09407	6.59409	6.45681	6.47585	6.4002	6.46406	6.44289
2.10869	6.59167	6.47483	6.50801	6.40534	6.44488	6.45672
2.12341	6.59621	6.43728	6.48477	6.40283	6.47653	6.44452
2.13824	6.60923	6.49332	6.49478	6.38885	6.45426	6.43258
2.15316	6.6109	6.47748	6.49074	6.41668	6.45696	6.43737
2.16819	6.58433	6.46115	6.48721	6.43463	6.45093	6.44127
2.18333	6.59923	6.47157	6.48908	6.4147	6.43777	6.45252
2.19856	6.57726	6.45601	6.48413	6.43705	6.45832	6.45547
2.2139	6.62291	6.46827	6.48433	6.40841	6.46027	6.43861
2.22935	6.60803	6.48328	6.50489	6.39285	6.44128	6.47874
2.24491	6.57841	6.45598	6.45857	6.38741	6.39563	6.42463
2.26058	6.60028	6.47837	6.50442	6.41158	6.45599	6.44115
2.27635	6.5945	6.47455	6.44921	6.39516	6.45011	6.45543
2.29224	6.58298	6.46391	6.48896	6.40239	6.4531	6.46042
2.30822	6.58848	6.45658	6.48887	6.37731	6.45339	6.45293
2.32433	6.59758	6.46489	6.49222	6.40749	6.44856	6.44672
2.34055	6.52782	6.44874	6.48488	6.41541	6.44881	6.45554
2.35687	6.58966	6.50059	6.43596	6.41851	6.45724	6.4207
2.37331	6.58256	6.50846	6.48456	6.40602	6.41917	6.44025
2.38986	6.55167	6.46747	6.47669	6.42704	6.44946	6.45658
2.40654	6.56206	6.44493	6.47982	6.43526	6.441	6.446
2.42333	6.55881	6.48132	6.4927	6.40691	6.44802	6.4598
2.44022	6.57234	6.47228	6.47319	6.40201	6.42663	6.43798
2.45724	6.55067	6.47283	6.45482	6.39377	6.4383	6.4578
2.47438	6.55702	6.47886	6.49026	6.41429	6.42704	6.42766
2.49164	6.5648	6.47167	6.47589	6.42153	6.46104	6.4413
2.50901	6.55534	6.43874	6.46815	6.41498	6.44512	6.43829
2.52651	6.55004	6.47849	6.46419	6.43443	6.44811	6.43662
2.54413	6.5734	6.46479	6.46994	6.39088	6.46002	6.46602
2.56186	6.53926	6.45725	6.46722	6.39696	6.45893	6.46214
2.57973	6.53848	6.47143	6.47074	6.43788	6.43217	6.4576
2.59771	6.5393	6.47179	6.47878	6.43316	6.46982	6.46158
2.61582	6.56126	6.47073	6.49475	6.37726	6.45832	6.46205
2.63406	6.56107	6.45165	6.47244	6.38306	6.45475	6.47129
2.65243	6.55682	6.45838	6.4729	6.41028	6.46968	6.44546
2.67091	6.56195	6.4294	6.4648	6.43195	6.44295	6.43293
2.68952	6.56532	6.42517	6.48812	6.40598	6.42772	6.44861
2.70828	6.57432	6.46664	6.50289	6.44312	6.45669	6.4647
2.72715	6.53758	6.45317	6.4948	6.41349	6.44484	6.43183
2.74616	6.56083	6.46089	6.47558	6.40381	6.45656	6.43153
2.7653	6.56163	6.4673	6.47023	6.39054	6.44941	6.45555
2.78457	6.56284	6.46378	6.4703	6.40541	6.45097	6.43691
2.80398	6.54787	6.47868	6.44394	6.40926	6.44665	6.45182
2.82351	6.55482	6.4737	6.47763	6.4145	6.39932	6.44019
2.84319	6.54558	6.44319	6.46645	6.40933	6.43787	6.45891
2.863	6.54935	6.48102	6.45748	6.39672	6.41228	6.44828
2.88295	6.53495	6.48771	6.47958	6.39931	6.43333	6.44873
2.90304	6.54704	6.4455	6.46926	6.40271	6.44823	6.4599
2.92326	6.56384	6.46382	6.46178	6.40959	6.4333	6.43947
2.94364	6.55239	6.47605	6.4631	6.4198	6.43845	6.45347
2.96414	6.54335	6.4277	6.47119	6.38218	6.4297	6.44092
2.98479	6.52162	6.43465	6.46188	6.39211	6.44082	6.44817
3.00559	6.52547	6.45327	6.45091	6.36531	6.42071	6.46325
3.02653	6.5713	6.45129	6.45722	6.38454	6.43537	6.4517
3.04761	6.53987	6.45796	6.4816	6.38965	6.43383	6.47571
3.06884	6.54684	6.46008	6.47118	6.37735	6.42361	6.47334
3.09021	6.51729	6.46849	6.47729	6.3732	6.45456	6.46306
3.11174	6.54036	6.46793	6.46434	6.40316	6.43661	6.45806
3.13341	6.55447	6.44442	6.46673	6.39527	6.45776	6.48014
3.15524	6.54049	6.44189	6.45042	6.41474	6.4488	6.47138
3.17721	6.55594	6.45838	6.47244	6.40813	6.41791	6.4485
3.19934	6.54877	6.45597	6.47406	6.39835	6.44275	6.44299
3.22161	6.54681	6.44824	6.47917	6.40635	6.45773	6.45878
3.24405	6.52159	6.44884	6.47834	6.42569	6.44371	6.45828
3.26664	6.52611	6.44133	6.48044	6.42421	6.45632	6.43984
3.28939	6.52471	6.46493	6.46014	6.37796	6.43688	6.44323
3.3123	6.52823	6.44376	6.48135	6.39487	6.40656	6.43685
3.33536	6.53335	6.47772	6.49774	6.40053	6.42589	6.46759
3.35859	6.53362	6.44784	6.45768	6.4008	6.43411	6.45502
3.38196	6.55386	6.44054	6.45595	6.41501	6.44183	6.45494
3.40551	6.50531	6.46061	6.48789	6.42236	6.4288	6.46042
3.42922	6.51661	6.47557	6.48247	6.40499	6.43394	6.44233
3.4531	6.54195	6.45317	6.49704	6.40382	6.45042	6.45668
3.47714	6.52484	6.44981	6.4826	6.40206	6.44982	6.44585
3.50134	6.50085	6.4443	6.46585	6.40318	6.42769	6.44796
3.52571	6.52371	6.44336	6.46094	6.42955	6.46626	6.43552
3.55026	6.52021	6.43567	6.46669	6.40409	6.43846	6.4489
3.57498	6.52351	6.4388	6.46935	6.40153	6.42216	6.48151
3.59986	6.52961	6.44658	6.46141	6.40827	6.44946	6.43573
3.62491	6.5159	6.46142	6.47796	6.41024	6.45205	6.45258
3.65015	6.50211	6.46761	6.48376	6.4113	6.45841	6.47237
3.67555	6.52072	6.44852	6.48474	6.40192	6.449	6.44876
3.70114	6.4989	6.4468	6.46427	6.3901	6.45129	6.43483
3.72689	6.53871	6.46453	6.49442	6.38774	6.44657	6.45858
3.75283	6.50746	6.45108	6.47396	6.39313	6.42026	6.44424
3.77895	6.51199	6.44812	6.44792	6.40831	6.4332	6.46872
3.80525	6.52547	6.4501	6.49332	6.41931	6.44827	6.41899
3.83172	6.51961	6.46431	6.48328	6.39295	6.43433	6.46403
3.85839	6.51026	6.44346	6.46772	6.38396	6.42885	6.45088
3.88524	6.51645	6.44068	6.48615	6.39269	6.45279	6.45107
3.91228	6.4771	6.44747	6.47312	6.37869	6.44762	6.44679
3.9395	6.49597	6.43125	6.45865	6.40032	6.45561	6.43775
3.96691	6.50461	6.44328	6.46054	6.37262	6.44119	6.46066
3.99451	6.50091	6.42891	6.47848	6.41022	6.43192	6.46923
4.0223	6.48856	6.44086	6.48676	6.39514	6.43457	6.45387
4.05029	6.47627	6.43797	6.42614	6.40612	6.44417	6.45814
4.07846	6.49012	6.45781	6.48267	6.38687	6.44067	6.45902
4.10684	6.49089	6.46291	6.45113	6.41308	6.4318	6.46601
4.13541	6.51202	6.45483	6.46289	6.41307	6.44188	6.45443
4.16419	6.50072	6.44915	6.46638	6.39756	6.41425	6.45154
4.19315	6.50458	6.42984	6.44089	6.41675	6.45061	6.43389
4.22232	6.5012	6.45554	6.46087	6.39595	6.435	6.45552
4.25169	6.50882	6.45253	6.49266	6.40177	6.45423	6.43249
4.28126	6.49698	6.44424	6.46584	6.39535	6.45858	6.44549
4.31105	6.50662	6.46496	6.45496	6.40675	6.44143	6.43249
4.34104	6.51369	6.4675	6.45592	6.39432	6.4311	6.45964
4.37122	6.48652	6.45881	6.48193	6.40861	6.42921	6.44281
4.40164	6.49421	6.45882	6.47539	6.41923	6.45196	6.45101
4.43225	6.51009	6.45657	6.47112	6.38732	6.43873	6.44755
4.46308	6.48325	6.45784	6.45885	6.40726	6.46144	6.45083
4.49411	6.52591	6.43344	6.46426	6.41413	6.45789	6.43543
4.52537	6.49311	6.43269	6.48242	6.39601	6.46155	6.44526
4.55684	6.49431	6.44512	6.47338	6.38748	6.47585	6.4666
4.58854	6.49406	6.44734	6.45254	6.40686	6.44922	6.44377
4.62044	6.51393	6.43729	6.46877	6.40173	6.43963	6.44879
4.65258	6.49423	6.45671	6.47459	6.39375	6.44691	6.45076
4.68493	6.50136	6.4446	6.46598	6.41086	6.45786	6.45218
4.71751	6.51978	6.42197	6.46798	6.38295	6.43064	6.44698
4.75031	6.49278	6.44902	6.45938	6.39986	6.44361	6.43768
4.78334	6.51201	6.44455	6.47948	6.39948	6.43572	6.44218
4.8166	6.48193	6.44609	6.46914	6.40458	6.44012	6.43258
4.8501	6.50308	6.44356	6.46654	6.38058	6.45615	6.44288
4.88381	6.49422	6.44548	6.48111	6.3995	6.45831	6.46165
4.91778	6.50114	6.44732	6.46507	6.3974	6.43675	6.44559
4.95196	6.49323	6.43695	6.46711	6.41744	6.4503	6.44996
4.9864	6.50249	6.43726	6.47601	6.39197	6.43593	6.47056
5.02106	6.49278	6.42763	6.46263	6.40047	6.42981	6.45353
5.05597	6.49265	6.43487	6.47608	6.38763	6.45393	6.44256
5.09113	6.48774	6.42442	6.47766	6.38805	6.43844	6.46429
5.12651	6.4908	6.4242	6.4517	6.40017	6.45167	6.44617
5.16215	6.51251	6.43367	6.47377	6.40784	6.4587	6.43635
5.19804	6.51004	6.44277	6.45167	6.42915	6.44648	6.43245
5.23418	6.50311	6.44287	6.47749	6.41264	6.45414	6.44019
5.27056	6.48877	6.44778	6.4697	6.40813	6.43184	6.44355
5.3072	6.50213	6.45125	6.47506	6.41358	6.44565	6.44175
5.34409	6.49657	6.43291	6.4661	6.41614	6.44013	6.43742
5.38124	6.47852	6.45469	6.48222	6.41158	6.45503	6.44015
5.41865	6.49589	6.43516	6.4638	6.40545	6.43472	6.44356
5.45631	6.48153	6.44005	6.47267	6.39652	6.44599	6.45015
5.49424	6.48817	6.45922	6.45338	6.3993	6.4229	6.46418
5.53242	6.48064	6.44521	6.4666	6.39942	6.44504	6.45093
5.57088	6.48366	6.41796	6.47094	6.38665	6.4565	6.46231
5.6096	6.50648	6.45307	6.47365	6.41039	6.44664	6.46222
5.64859	6.489	6.4371	6.46037	6.43269	6.43642	6.44999
5.68784	6.4978	6.448	6.44979	6.42071	6.43318	6.42912
5.72738	6.50305	6.44035	6.46324	6.40098	6.43481	6.44411
5.76718	6.49873	6.45518	6.47738	6.41007	6.44689	6.44245
5.80725	6.48834	6.4401	6.46927	6.38831	6.43269	6.44393
5.84761	6.48616	6.44891	6.4768	6.40419	6.43502	6.43825
5.88825	6.48951	6.43651	6.47751	6.38503	6.45178	6.44615
5.92917	6.47034	6.43726	6.4595	6.39794	6.4462	6.45585
5.97038	6.48265	6.44376	6.45667	6.3935	6.44823	6.47263
6.01186	6.48675	6.45271	6.4702	6.39391	6.43282	6.45218
6.05364	6.49944	6.44567	6.46577	6.41963	6.42364	6.44928
6.0957	6.47883	6.44062	6.46314	6.39669	6.46972	6.46871
6.13806	6.50344	6.43027	6.45494	6.40954	6.4553	6.47417
6.18071	6.48574	6.45689	6.48388	6.39471	6.44189	6.44653
6.22366	6.49262	6.45187	6.46981	6.3876	6.44412	6.45812
6.2669	6.48211	6.44384	6.46051	6.40571	6.4415	6.44301
6.31045	6.48501	6.45194	6.47092	6.39347	6.42965	6.44503
6.35429	6.47994	6.46052	6.50145	6.40881	6.44619	6.43885
6.39844	6.4835	6.43702	6.48462	6.41429	6.44693	6.46204
6.4429	6.48499	6.43687	6.476	6.40295	6.44182	6.45669
6.48766	6.48179	6.44901	6.4622	6.40077	6.44726	6.44827
6.53274	6.48457	6.45853	6.4555	6.40242	6.44947	6.44664
6.57813	6.48392	6.42672	6.46594	6.4018	6.427	6.45266
6.62383	6.49302	6.4485	6.46114	6.40637	6.44581	6.45281
6.66984	6.49558	6.456	6.47651	6.39345	6.43611	6.45616
6.71618	6.4935	6.43443	6.45595	6.3896	6.43783	6.4412
6.76284	6.48829	6.44181	6.46685	6.39798	6.43999	6.44804
6.80982	6.48665	6.45722	6.48224	6.41758	6.44719	6.44101
6.85712	6.48276	6.45162	6.46874	6.41509	6.43919	6.45585
6.90476	6.50221	6.44705	6.46468	6.40957	6.43703	6.4396
6.95272	6.49049	6.44458	6.47621	6.40626	6.47007	6.46112
7.00103	6.5136	6.44404	6.47487	6.41174	6.44756	6.45845
7.04966	6.50062	6.43546	6.47387	6.40684	6.45371	6.46002
7.09863	6.47477	6.42526	6.46575	6.40747	6.42934	6.45656
7.14794	6.48189	6.45503	6.46046	6.41279	6.44345	6.44694
7.19759	6.50023	6.43558	6.47597	6.40909	6.44439	6.45513
7.24759	6.50309	6.44763	6.479	6.3953	6.42435	6.44365
7.29792	6.48646	6.43892	6.4924	6.41749	6.44521	6.45806
7.34861	6.49157	6.45714	6.47796	6.40856	6.4306	6.44329
7.39966	6.47261	6.43441	6.45749	6.42436	6.43718	6.45704
7.45106	6.48274	6.44487	6.46984	6.42066	6.45683	6.46472
7.50281	6.48446	6.4423	6.46906	6.39502	6.4393	6.4636
7.55492	6.49245	6.43651	6.46151	6.41853	6.44705	6.44283
7.60739	6.49431	6.44432	6.45474	6.39908	6.43985	6.45504
7.66022	6.48111	6.4537	6.46323	6.40343	6.44657	6.45659
7.71343	6.49213	6.44446	6.47756	6.4013	6.43677	6.45371
7.767	6.47855	6.4491	6.48255	6.40409	6.42045	6.44909
7.82094	6.4858	6.44321	6.47647	6.4046	6.44174	6.44905
7.87526	6.49724	6.43698	6.46678	6.40724	6.43533	6.46678
7.92995	6.49795	6.44657	6.44619	6.41424	6.44706	6.45592
7.98502	6.48024	6.42669	6.46562	6.40546	6.44625	6.44271
8.04047	6.47316	6.43249	6.47494	6.41829	6.46008	6.45021
8.09631	6.47753	6.43454	6.45286	6.40577	6.44242	6.45611
8.15254	6.48184	6.44435	6.4709	6.3981	6.43821	6.45321
8.20915	6.49342	6.44455	6.4592	6.40167	6.42831	6.45381
8.26616	6.47551	6.43993	6.47487	6.40398	6.43691	6.45315
8.32356	6.49052	6.43516	6.47995	6.39989	6.43492	6.42972
8.38136	6.49003	6.44129	6.47186	6.42201	6.4389	6.45261
8.43956	6.48326	6.43962	6.47546	6.41622	6.46097	6.45182
8.49817	6.48464	6.4368	6.47132	6.40709	6.45823	6.46964
8.55717	6.47345	6.45382	6.46351	6.41215	6.44894	6.44573
8.6166	6.49486	6.42814	6.46424	6.41371	6.44765	6.44918
8.67642	6.48398	6.45878	6.47711	6.40739	6.45706	6.44562
8.73668	6.49908	6.4395	6.47523	6.41824	6.43572	6.45254
8.79734	6.50201	6.44635	6.48955	6.41466	6.43448	6.46863
8.85843	6.48	6.43487	6.47933	6.42615	6.44858	6.44941
8.91994	6.48009	6.44502	6.47116	6.41875	6.45667	6.46614
8.98186	6.48711	6.4385	6.46466	6.40715	6.45168	6.46595
9.04422	6.48514	6.4381	6.48923	6.40312	6.44739	6.44992
9.10703	6.49588	6.43806	6.47991	6.40362	6.44994	6.44558
9.17025	6.49875	6.44781	6.46717	6.40567	6.44752	6.4555
9.23392	6.48729	6.43939	6.48042	6.40782	6.45044	6.44597
9.29804	6.49625	6.44659	6.4723	6.41226	6.45601	6.46233
9.36259	6.49083	6.44125	6.46008	6.41521	6.4524	6.44249
9.42759	6.48059	6.43479	6.47278	6.41865	6.4503	6.44853
9.49305	6.49227	6.44571	6.45819	6.40706	6.44501	6.44802
9.55895	6.48637	6.44044	6.46631	6.39116	6.4562	6.44905
9.62531	6.47833	6.43087	6.47204	6.4073	6.45155	6.44062
9.69214	6.47412	6.44112	6.47193	6.39904	6.44698	6.44951
9.75943	6.49079	6.44874	6.4798	6.40548	6.44665	6.46535
9.82718	6.46995	6.43249	6.45195	6.40748	6.44027	6.45805
9.8954	6.49621	6.43539	6.47832	6.41429	6.45338	6.47208
9.9641	6.49425	6.44586	6.46211	6.40361	6.45111	6.44533
10.0333	6.48543	6.44102	6.46091	6.39757	6.44726	6.4496
10.1029	6.49452	6.4632	6.47071	6.40299	6.44434	6.45873
10.173	6.48799	6.44842	6.46568	6.41128	6.43906	6.45864
10.2437	6.48866	6.43915	6.46951	6.4055	6.44571	6.4536
10.3148	6.47774	6.43098	6.47593	6.40899	6.45895	6.46123
10.3864	6.48756	6.43079	6.46567	6.41278	6.45026	6.45708
10.4585	6.47491	6.43994	6.47079	6.41917	6.44615	6.45244
10.5311	6.48751	6.43556	6.478	6.4181	6.44274	6.45444
10.6042	6.48202	6.43243	6.46916	6.40158	6.43957	6.44942
10.6778	6.48008	6.42716	6.48261	6.38645	6.4522	6.46261
10.7519	6.4887	6.43582	6.47677	6.41506	6.44872	6.45378
10.8265	6.48539	6.44692	6.46031	6.42184	6.44501	6.45148
10.9017	6.48556	6.44067	6.46961	6.41931	6.4539	6.45472
10.9774	6.4817	6.4293	6.46635	6.4111	6.46193	6.4651
11.0536	6.49181	6.42939	6.46413	6.39034	6.45492	6.45236
11.1303	6.48449	6.43959	6.48538	6.39908	6.43446	6.45156
11.2075	6.5001	6.43887	6.47586	6.41854	6.44823	6.43994
11.2853	6.47985	6.42895	6.47309	6.40195	6.45043	6.45702
11.3637	6.49113	6.43233	6.47702	6.41146	6.46655	6.46921
11.4425	6.47431	6.44646	6.46862	6.40689	6.45958	6.44766
11.522	6.4962	6.43529	6.47082	6.40846	6.44392	6.45026
11.6019	6.48288	6.43944	6.47881	6.41767	6.45076	6.45397
11.6825	6.48484	6.43385	6.4736	6.40169	6.44898	6.45581
11.7635	6.4663	6.42918	6.47034	6.4141	6.44989	6.44253
11.8452	6.47956	6.43126	6.46279	6.41039	6.44268	6.4516
11.9274	6.48657	6.43773	6.47269	6.42314	6.44391	6.46446
12.0102	6.48378	6.4335	6.48913	6.40357	6.44406	6.45398
12.0935	6.49263	6.45142	6.46641	6.39422	6.45866	6.43849
12.1775	6.49249	6.4367	6.48449	6.40794	6.45283	6.44736
12.262	6.47983	6.43443	6.46972	6.42575	6.45454	6.45992
12.3471	6.4848	6.43934	6.47361	6.4206	6.44202	6.45406
12.4328	6.49029	6.43546	6.47491	6.41298	6.44354	6.46154
12.519	6.49715	6.44897	6.46964	6.41802	6.45674	6.45142
12.6059	6.49717	6.43778	6.48515	6.40489	6.4543	6.44413
12.6934	6.48843	6.44861	6.46866	6.41741	6.45568	6.44999
12.7815	6.47846	6.4419	6.47648	6.4162	6.44468	6.44499
12.8702	6.47722	6.44121	6.47422	6.40991	6.44424	6.45566
12.9595	6.49918	6.43822	6.47356	6.42297	6.44993	6.45287
13.0494	6.491	6.43563	6.47511	6.42511	6.43561	6.45507
13.14	6.48682	6.43491	6.47443	6.4189	6.45783	6.46439
13.2312	6.48884	6.44363	6.46304	6.41261	6.45957	6.46489
13.323	6.49655	6.43196	6.45818	6.42113	6.45807	6.47134
13.4155	6.47116	6.44511	6.47909	6.4211	6.44719	6.47905
13.5086	6.48827	6.45688	6.48051	6.40814	6.45336	6.465
13.6023	6.49738	6.45511	6.47515	6.41359	6.45651	6.46245
13.6967	6.48872	6.44075	6.47888	6.42137	6.44718	6.46576
13.7917	6.48299	6.42977	6.46667	6.40704	6.46559	6.46853
13.8875	6.48483	6.44905	6.47519	6.41579	6.43513	6.45035
13.9838	6.4898	6.44562	6.4711	6.3964	6.44533	6.45979
14.0808	6.50277	6.44199	6.49293	6.39945	6.454	6.45554
14.1786	6.47851	6.43987	6.48067	6.41269	6.44696	6.45034
14.2769	6.49061	6.4473	6.47851	6.41497	6.45256	6.45159
14.376	6.48277	6.43866	6.46514	6.42493	6.45451	6.46454
14.4758	6.47858	6.44704	6.46912	6.41826	6.4453	6.4561
14.5762	6.48646	6.43833	6.48955	6.41276	6.45806	6.44692
14.6774	6.4846	6.44357	6.47608	6.42825	6.45312	6.45424
14.7792	6.48182	6.4477	6.47405	6.41816	6.45684	6.46402
14.8817	6.47299	6.44613	6.4777	6.40982	6.43481	6.46372
15	6.47962	6.44203	6.47093	6.41178	6.45013	6.45083
