7.5E-5	8.14291	7.96631	7.99601	7.8043	7.87922	7.94913	7.96083	7.88694	8.04757
1.375E-4	8.14582	8.09269	8.09759	7.90862	7.91953	7.91618	7.91234	7.93189	8.17081
2.125E-4	8.12012	8.045	7.92141	7.91817	7.89011	7.89842	7.903	7.91555	8.15404
2.75E-4	8.06692	7.9669	7.83724	8.01149	7.76382	7.90683	7.90645	7.99753	8.1431
3.5E-4	8.12778	8.11188	7.94421	7.99958	7.78178	7.79127	7.86276	7.88592	8.09955
4.25E-4	8.08808	8.18679	7.90875	8.03745	7.88612	7.77879	7.86474	7.84359	7.97743
5E-4	8.00484	7.98578	7.8737	8.00701	7.96977	7.86562	7.85408	8.00843	7.83588
5.625E-4	8.0073	7.91721	7.85254	7.8568	7.90691	7.89655	7.81394	8.00784	7.8805
6.375E-4	8.01392	7.93357	7.8432	7.88089	7.81315	7.79432	7.87236	8.02503	7.99709
7.125E-4	7.92781	7.93024	7.85975	7.92512	7.80513	7.92504	7.82166	8.03957	7.81899
7.875E-4	7.96555	7.99975	7.86565	8.08111	7.77957	7.99834	7.93455	8.03546	7.89904
8.625E-4	7.98559	7.94032	7.87221	8.04772	7.77285	8.00887	7.9287	8.00409	7.94065
9.375E-4	8.10002	7.99195	7.8608	7.93794	7.89285	8.08923	7.94835	7.91194	7.90877
0.0010125	8.05784	8.02731	7.84002	7.8316	7.93182	8.03328	7.91803	7.94942	7.7448
0.0010875	7.93859	8.03651	7.78081	7.87799	8.02772	8.09927	7.9327	8.00649	8.00372
0.0011625	8.05321	8.01517	7.84528	7.77545	7.98806	8.07586	7.90961	7.93068	7.99047
0.00125	8.07036	7.98637	7.81545	7.85326	7.92323	8.01572	7.9407	7.84624	7.84653
0.001325	8.03587	7.91162	7.81124	7.78077	8.01462	8.04861	8.01006	7.79454	7.87186
0.0014	8.01688	7.96545	7.79287	7.77065	8.04743	8.0705	7.97545	7.81562	7.97328
0.0014875	8.07569	8.03543	7.88273	7.84479	8.07915	7.99775	7.84071	7.85877	7.93178
0.0015625	8.22445	7.96954	7.85819	7.85546	8.19929	8.11806	7.79597	7.89131	7.93273
0.0016375	8.04361	8.03954	7.99078	7.73822	8.20479	8.02586	7.86272	8.0071	8.01926
0.001725	7.93259	8.01613	7.97158	7.62393	8.21623	8.00341	7.85189	8.00312	7.98925
0.0018	8.0789	7.92955	7.88292	7.7301	8.23079	8.06055	7.81848	7.80352	7.96178
0.0018875	8.13261	7.95599	7.89218	7.71752	8.0236	8.05048	7.86987	7.90596	7.80931
0.0019625	8.07601	7.97782	7.8369	7.7447	7.89855	8.02014	7.88133	7.91471	7.94584
0.00205	8.11978	7.81829	7.82048	7.86732	7.9339	7.97548	7.88751	7.90998	7.98674
0.0021375	8.02254	7.8309	7.80203	7.91159	7.94291	7.92888	7.95578	8.01459	7.91352
0.0022125	8.01694	7.88091	7.92434	7.88738	8.06406	7.93315	7.88072	7.91486	7.90499
0.0023	8.02729	7.96742	7.81598	7.81145	8.05948	8.04174	7.87993	7.84364	8.02945
0.0023875	7.95479	7.82901	7.88381	7.81842	8.09484	8.13151	7.78715	7.98657	8.10623
0.002475	8.02938	7.92117	7.78181	7.7688	8.00076	8.12489	7.73309	7.88846	8.03419
0.0025625	8.06804	7.95244	7.71234	7.85704	7.99793	8.03071	7.75	7.8804	7.88718
0.00265	8.05521	7.90208	7.82091	7.85981	8.09152	8.07842	7.7477	8.02359	7.86778
0.0027375	8.02501	8.02536	7.82436	7.83562	8.03817	8.1395	7.81868	7.96049	7.82271
0.002825	8.11669	8.09548	7.80579	7.71753	7.96778	8.14929	7.89475	7.98125	7.99448
0.0029125	8.03307	7.91946	7.85459	7.74286	8.02928	8.06241	7.81517	7.95372	7.96678
0.003	8.09256	7.8961	7.80602	7.80199	8.0472	8.05662	7.83068	7.94112	7.85851
0.0030875	8.02441	7.99057	7.78202	7.83986	7.92284	8.00587	7.75181	7.93093	7.884
0.0031875	7.91575	8.03865	7.85384	7.94696	7.88128	8.01123	7.73167	7.93742	7.8104
0.003275	7.91317	7.94935	7.78361	7.90526	8.00947	8.09381	7.78235	7.86462	7.91552
0.0033625	7.78855	7.90835	7.74063	7.81982	8.07483	8.06875	7.80234	7.90322	7.90934
0.0034625	7.85229	7.8373	7.64377	7.74165	7.93648	8.04801	7.66797	7.93063	7.83824
0.00355	7.86608	7.88865	7.66285	7.85578	7.97709	7.93282	7.77632	7.86164	7.93625
0.00365	7.92606	7.97783	7.71135	7.82974	8.03317	7.89074	7.85366	7.78123	7.88863
0.0037375	7.95568	7.90892	7.67509	7.79823	7.92356	8.0055	7.81168	7.91596	7.88994
0.0038375	8.00472	7.9931	7.72426	7.80834	7.82672	7.91086	7.99123	7.90998	7.83533
0.0039375	8.01677	8.01745	7.6662	7.81357	7.7222	7.84669	8.04242	7.84977	7.83499
0.004025	7.85662	7.95443	7.74487	7.77633	7.83944	7.84564	7.92428	7.96244	7.85787
0.004125	7.89463	7.88445	7.86358	7.83368	7.83396	7.89633	7.80586	7.96981	7.76784
0.004225	7.95256	7.89325	7.7518	7.80452	7.82067	7.78242	7.74846	7.90895	7.66278
0.004325	7.8778	7.86657	7.81042	7.65983	7.72052	7.79263	7.8366	7.90047	7.79153
0.004425	7.86315	7.87218	7.81931	7.73846	7.80727	7.66212	7.82829	7.88339	7.74937
0.004525	7.82372	7.94963	7.81801	7.81787	7.88532	7.73667	7.88283	7.87295	7.78087
0.004625	7.99811	7.94285	7.69538	7.73877	7.77964	7.76838	7.87822	7.7732	7.70437
0.004725	7.88124	7.81548	7.61694	7.91524	7.80692	7.66394	7.79263	7.75815	7.72199
0.004825	7.83509	7.75687	7.70233	7.73896	7.90409	7.87552	7.67802	7.66319	7.79257
0.004925	7.82691	7.81474	7.76663	7.72227	7.83482	7.92196	7.72431	7.78124	7.84105
0.0050375	7.92984	7.78217	7.67668	7.75486	7.86069	7.88693	7.69432	7.92471	7.81498
0.0051375	7.84347	7.82834	7.69987	7.77068	7.86554	7.86607	7.71609	7.90118	7.87084
0.0052375	7.85896	7.79409	7.84103	7.79129	7.88506	7.84408	7.78008	7.88858	7.77068
0.00535	7.80623	7.86	7.77008	7.66432	7.72441	7.83998	7.79728	7.78038	7.79844
0.00545	7.74588	7.75823	7.77032	7.70165	7.74966	7.79417	7.81456	7.83435	7.72011
0.0055625	7.82568	7.83614	7.71684	7.83166	7.69042	7.80921	7.7394	7.8662	7.82424
0.0056625	7.92813	7.92252	7.72342	7.69443	7.77107	7.82459	7.80992	7.90087	7.85032
0.005775	7.93962	7.80704	7.71277	7.67843	7.7735	7.76838	7.79622	7.76435	7.79118
0.0058875	7.93619	7.8419	7.65886	7.64141	7.69224	7.83528	7.91322	7.83806	7.88597
0.006	7.93396	7.80325	7.64595	7.68549	7.82571	7.87418	7.80453	7.80696	7.83573
0.0061125	7.81953	7.81116	7.66411	7.77741	7.84541	7.78787	7.79662	7.77606	7.67774
0.0062125	7.72403	7.7756	7.67453	7.72861	7.71667	7.88517	7.7231	7.81872	7.67856
0.006325	7.83238	7.78129	7.61481	7.74282	7.77952	7.74229	7.75745	7.88967	7.79658
0.0064375	7.84003	7.69809	7.58687	7.74497	7.83428	7.80518	7.66125	7.88074	7.83218
0.0065625	7.8457	7.79955	7.64931	7.70547	7.83501	7.83631	7.76882	7.84398	7.70945
0.006675	7.8505	7.94782	7.759	7.65743	7.78805	7.89797	7.7264	7.82335	7.71796
0.0067875	7.83076	7.90886	7.73408	7.66548	7.75702	7.90753	7.57101	7.76979	7.76978
0.0069	7.77238	7.92652	7.60715	7.72259	7.88494	7.85566	7.66623	7.78374	7.76695
0.007025	7.69559	7.6652	7.65196	7.70511	7.80061	7.84088	7.60279	7.71679	7.69724
0.0071375	7.83856	7.66445	7.76508	7.73008	7.81191	7.94722	7.69767	7.75414	7.76675
0.0072625	7.91521	7.67911	7.74365	7.79106	7.81518	7.80409	7.74027	7.77637	7.66005
0.007375	7.89452	7.7535	7.75826	7.66566	7.82933	7.70437	7.71919	7.79705	7.72898
0.0075	7.84472	7.78255	7.60195	7.84822	7.79688	7.71901	7.79317	7.80144	7.80655
0.007625	7.80391	7.73376	7.63323	7.79807	7.74613	7.81467	7.78234	7.83363	7.86033
0.0077375	7.79038	7.72817	7.70158	7.64281	7.74953	7.75439	7.85676	7.75266	7.82965
0.0078625	7.88732	7.68796	7.7778	7.59921	7.79874	7.67554	7.85705	7.67292	7.79886
0.0079875	7.8314	7.72137	7.70185	7.64278	7.78056	7.88829	7.71646	7.59179	7.85596
0.0081125	7.81904	7.80784	7.59942	7.74413	7.85155	7.90257	7.69478	7.72735	7.70593
0.0082375	7.84951	7.84833	7.559	7.68659	7.77633	7.81972	7.78824	7.78846	7.7748
0.0083625	7.76562	7.81896	7.6639	7.80417	7.75263	7.8173	7.76923	7.87445	7.77596
0.0084875	7.76795	7.73467	7.67307	7.8102	7.74869	7.80891	7.65916	7.67195	7.68487
0.008625	7.69694	7.79036	7.5258	7.7306	7.79028	7.81949	7.73792	7.70301	7.68545
0.00875	7.8411	7.73481	7.66554	7.70468	7.70269	7.92301	7.75975	7.67726	7.73459
0.008875	7.75368	7.80152	7.63712	7.65067	7.68287	7.8743	7.82697	7.63186	7.75054
0.0090125	7.6297	7.68888	7.53115	7.63768	7.7291	7.8757	7.64591	7.66707	7.63841
0.0091375	7.74794	7.67835	7.55672	7.67423	7.74677	7.72543	7.68651	7.69541	7.57807
0.009275	7.59392	7.72542	7.54061	7.67555	7.76485	7.67799	7.8344	7.7963	7.72172
0.0094125	7.68673	7.74508	7.47549	7.72608	7.71909	7.63055	7.71302	7.84604	7.6441
0.0095375	7.76418	7.74655	7.56215	7.72835	7.6861	7.67759	7.69099	7.69743	7.64016
0.009675	7.80934	7.72344	7.58944	7.77778	7.63225	7.72655	7.69954	7.6569	7.52249
0.0098125	7.6924	7.72462	7.6315	7.72812	7.66964	7.68615	7.69212	7.63608	7.51218
0.00995	7.69918	7.65617	7.5771	7.69629	7.77274	7.73611	7.60131	7.70797	7.54557
0.0100875	7.64748	7.62979	7.58993	7.72354	7.67491	7.75411	7.56144	7.73787	7.79398
0.010225	7.64859	7.79256	7.5702	7.8016	7.71053	7.89119	7.59743	7.6347	7.78548
0.010375	7.64486	7.62699	7.48805	7.65612	7.61095	7.7594	7.61618	7.66378	7.80756
0.0105125	7.76275	7.72584	7.54191	7.59202	7.6457	7.71881	7.53227	7.62513	7.67238
0.01065	7.7371	7.68964	7.56716	7.58644	7.61141	7.69691	7.48481	7.51246	7.68424
0.0108	7.60213	7.63586	7.55095	7.50419	7.59632	7.71817	7.63114	7.5696	7.59612
0.0109375	7.72638	7.69788	7.56917	7.56729	7.61949	7.72974	7.68862	7.55092	7.62572
0.0110875	7.65588	7.6618	7.58629	7.58328	7.64964	7.71714	7.65834	7.58868	7.74451
0.0112375	7.76023	7.63105	7.63099	7.65345	7.67227	7.8033	7.66084	7.66632	7.67214
0.011375	7.7706	7.67792	7.72051	7.659	7.67073	7.77925	7.56575	7.68768	7.60818
0.011525	7.64674	7.64544	7.60878	7.59501	7.63949	7.72381	7.57751	7.67018	7.51528
0.011675	7.65186	7.59228	7.60918	7.52594	7.59793	7.59803	7.57384	7.55058	7.55434
0.011825	7.61247	7.67645	7.55926	7.62191	7.59713	7.70463	7.60945	7.58224	7.5733
0.011975	7.66136	7.62174	7.53846	7.58464	7.52175	7.7213	7.60515	7.75241	7.74496
0.012125	7.60149	7.52749	7.54436	7.63312	7.5931	7.62417	7.67226	7.6996	7.69688
0.0122875	7.61596	7.64596	7.49964	7.59315	7.64433	7.75263	7.61904	7.66446	7.65211
0.0124375	7.55008	7.59206	7.59832	7.58902	7.60236	7.78535	7.61315	7.60861	7.75008
0.0126	7.47937	7.61418	7.50739	7.5393	7.59015	7.75228	7.71888	7.58266	7.67832
0.01275	7.60632	7.73532	7.40316	7.5612	7.61919	7.77387	7.66563	7.49827	7.80285
0.0129125	7.6502	7.6037	7.49907	7.57761	7.51526	7.63281	7.64226	7.52854	7.57915
0.0130625	7.70769	7.65042	7.47837	7.53253	7.52577	7.66504	7.60709	7.58923	7.70128
0.013225	7.61951	7.66835	7.44256	7.60184	7.69176	7.72586	7.50405	7.56557	7.6137
0.0133875	7.64627	7.56794	7.49847	7.50396	7.52249	7.62882	7.4991	7.58416	7.53916
0.01355	7.76043	7.53127	7.46422	7.43722	7.58878	7.60595	7.56309	7.55282	7.6134
0.0137125	7.64349	7.59118	7.42642	7.46747	7.58279	7.67057	7.61431	7.49962	7.64927
0.013875	7.52612	7.53689	7.45772	7.58992	7.56389	7.57158	7.52199	7.60887	7.52647
0.0140375	7.68661	7.47923	7.48893	7.46765	7.49075	7.60022	7.42321	7.68713	7.62114
0.0142125	7.72369	7.55307	7.39883	7.43604	7.60129	7.56438	7.53213	7.63354	7.59856
0.014375	7.57721	7.435	7.39538	7.46287	7.55175	7.56952	7.47256	7.55875	7.68839
0.01455	7.59789	7.46054	7.41647	7.51866	7.47883	7.64077	7.61208	7.71638	7.58462
0.0147125	7.50826	7.45366	7.43934	7.54763	7.60047	7.62417	7.54398	7.51553	7.61303
0.0148875	7.62505	7.50883	7.40553	7.53085	7.57665	7.60755	7.5124	7.50455	7.47003
0.0150625	7.63967	7.44322	7.35018	7.53634	7.54758	7.65435	7.52411	7.6063	7.4548
0.0152375	7.47402	7.52214	7.46108	7.55225	7.45798	7.69402	7.57549	7.53115	7.50739
0.0154125	7.50668	7.51222	7.37968	7.41754	7.58686	7.55216	7.5521	7.54249	7.56049
0.0155875	7.47318	7.4088	7.38848	7.44343	7.56418	7.72045	7.62859	7.47405	7.53146
0.0157625	7.56257	7.47938	7.53364	7.4155	7.64169	7.6007	7.46414	7.48723	7.54555
0.0159375	7.61337	7.5201	7.35484	7.44191	7.52786	7.55363	7.55146	7.67462	7.5241
0.016125	7.65538	7.46472	7.41592	7.47472	7.55387	7.53259	7.52806	7.52966	7.51536
0.0163	7.58479	7.50566	7.37266	7.51723	7.57874	7.50636	7.58954	7.35158	7.44066
0.0164875	7.44405	7.48028	7.42675	7.47667	7.48374	7.56156	7.44017	7.51764	7.49678
0.0166625	7.55131	7.52964	7.3066	7.44003	7.49455	7.55433	7.39908	7.4875	7.42295
0.01685	7.50013	7.39025	7.40857	7.46053	7.57518	7.55762	7.45959	7.53103	7.48733
0.0170375	7.53915	7.40645	7.39552	7.41768	7.44524	7.55249	7.43997	7.45645	7.44753
0.017225	7.59801	7.48808	7.33985	7.37086	7.35205	7.58854	7.48113	7.5059	7.47527
0.0174125	7.53574	7.50699	7.34162	7.42135	7.48748	7.57308	7.5035	7.495	7.42678
0.0176	7.54692	7.41811	7.40258	7.37295	7.60089	7.58474	7.45387	7.40668	7.45768
0.0178	7.54731	7.55562	7.50023	7.36977	7.45744	7.55187	7.46001	7.4409	7.50065
0.0179875	7.4986	7.46519	7.44267	7.41179	7.44136	7.58924	7.55176	7.43982	7.31054
0.0181875	7.56505	7.4647	7.38687	7.4417	7.34528	7.51996	7.49037	7.45504	7.42635
0.018375	7.56875	7.42319	7.28897	7.47493	7.46021	7.39692	7.44391	7.40644	7.39989
0.018575	7.63677	7.5271	7.36016	7.43865	7.40255	7.39034	7.42729	7.45974	7.45707
0.018775	7.52414	7.46748	7.39691	7.42346	7.36328	7.50236	7.33934	7.48644	7.36165
0.018975	7.5308	7.41464	7.34466	7.47446	7.4584	7.60193	7.44381	7.59766	7.34298
0.019175	7.53498	7.39685	7.38622	7.52363	7.41517	7.54757	7.49633	7.56691	7.48755
0.019375	7.60495	7.33607	7.38352	7.48256	7.46072	7.52818	7.46138	7.40942	7.48844
0.019575	7.48856	7.34998	7.3546	7.40041	7.36298	7.4898	7.4106	7.44008	7.51118
0.0197875	7.3927	7.44205	7.396	7.31009	7.49621	7.51417	7.44557	7.45858	7.35519
0.0199875	7.50975	7.29837	7.40529	7.35193	7.57199	7.44515	7.38239	7.42924	7.32964
0.0202	7.51103	7.42733	7.42714	7.34615	7.48458	7.49105	7.44673	7.54622	7.43726
0.0204125	7.40235	7.3774	7.30376	7.3579	7.46067	7.43926	7.42755	7.44557	7.40491
0.020625	7.48208	7.4513	7.24066	7.36579	7.38337	7.48461	7.4052	7.35293	7.34644
0.0208375	7.47709	7.40076	7.26298	7.32918	7.39017	7.51226	7.42918	7.31335	7.41297
0.02105	7.41153	7.32814	7.28269	7.34317	7.46248	7.39633	7.43332	7.34628	7.38301
0.0212625	7.40172	7.4562	7.27126	7.34034	7.41343	7.43276	7.37059	7.34058	7.45517
0.021475	7.36236	7.37344	7.31982	7.2785	7.34748	7.49295	7.31861	7.34398	7.33017
0.0217	7.43882	7.37823	7.32544	7.31125	7.22696	7.50554	7.25663	7.37581	7.32686
0.0219125	7.47947	7.41566	7.34371	7.34187	7.45632	7.45037	7.45342	7.272	7.26902
0.0221375	7.40745	7.3666	7.33562	7.22275	7.39422	7.42598	7.39483	7.36567	7.28318
0.0223625	7.32827	7.28475	7.36233	7.3244	7.29	7.45233	7.42078	7.38695	7.32118
0.0225875	7.3527	7.35638	7.23961	7.30423	7.39397	7.38497	7.33622	7.47453	7.40021
0.0228125	7.32214	7.36322	7.20441	7.30627	7.34802	7.42849	7.37382	7.38515	7.31746
0.0230375	7.35691	7.27571	7.28516	7.393	7.38438	7.40014	7.44839	7.32887	7.34611
0.0232625	7.42321	7.40223	7.2196	7.31733	7.28857	7.43571	7.33468	7.44502	7.26975
0.0235	7.44332	7.35391	7.34607	7.27123	7.41973	7.36032	7.33518	7.28949	7.33741
0.023725	7.44235	7.29366	7.32953	7.22336	7.2662	7.36216	7.35902	7.35073	7.32528
0.0239625	7.46235	7.35001	7.20692	7.27864	7.37336	7.42327	7.30091	7.34829	7.26011
0.0242	7.32302	7.45646	7.14973	7.32496	7.35099	7.38036	7.33171	7.27129	7.28887
0.0244375	7.31739	7.30654	7.26421	7.37013	7.35837	7.44595	7.29396	7.27884	7.30302
0.024675	7.36309	7.324	7.22197	7.44523	7.41366	7.38217	7.25815	7.38166	7.31997
0.0249125	7.31246	7.28925	7.12943	7.30742	7.32836	7.36583	7.36942	7.32358	7.36675
0.02515	7.39867	7.36052	7.15353	7.17918	7.23994	7.31861	7.26664	7.33351	7.38522
0.0254	7.3681	7.25503	7.19189	7.23979	7.30861	7.42017	7.27244	7.3361	7.29109
0.02565	7.36184	7.28598	7.19796	7.31071	7.30229	7.41873	7.26336	7.31188	7.25543
0.0258875	7.32554	7.24124	7.25176	7.27272	7.24015	7.34586	7.35067	7.27367	7.26686
0.0261375	7.25412	7.22021	7.10118	7.30256	7.34841	7.40828	7.29658	7.41033	7.31647
0.0263875	7.338	7.26706	7.16013	7.25173	7.22119	7.40074	7.27097	7.38608	7.33182
0.02665	7.32352	7.14922	7.16623	7.25392	7.22369	7.39196	7.21661	7.29065	7.26109
0.0269	7.21419	7.1737	7.1745	7.26583	7.19438	7.42821	7.24361	7.17389	7.25362
0.02715	7.34134	7.29096	7.18389	7.25943	7.30222	7.35942	7.33465	7.26293	7.35847
0.0274125	7.35832	7.30696	7.1948	7.30086	7.32019	7.43861	7.20133	7.28769	7.25675
0.027675	7.19464	7.23399	7.23001	7.17965	7.29407	7.40147	7.27121	7.32687	7.2282
0.0279375	7.23121	7.1878	7.10681	7.1119	7.2778	7.34894	7.19309	7.12653	7.29335
0.0282	7.30554	7.19912	7.17525	7.17927	7.23486	7.32687	7.17102	7.19508	7.22232
0.0284625	7.2757	7.20798	7.20754	7.13646	7.22167	7.19701	7.15038	7.1689	7.39913
0.028725	7.27136	7.36286	7.22585	7.20994	7.25045	7.27076	7.22914	7.21718	7.33742
0.029	7.20948	7.21377	7.15995	7.22272	7.28574	7.29641	7.32582	7.24688	7.20758
0.0292625	7.21019	7.26356	7.16565	7.22886	7.19773	7.3095	7.26868	7.27278	7.19008
0.0295375	7.27876	7.25284	7.22153	7.25254	7.28534	7.34785	7.21938	7.22598	7.2589
0.0298125	7.32317	7.18175	7.05684	7.10864	7.15638	7.33956	7.221	7.2135	7.26339
0.0300875	7.28354	7.17571	7.19145	7.16184	7.27214	7.37099	7.16314	7.27246	7.19081
0.0303625	7.36556	7.1412	7.19275	7.20025	7.22964	7.17672	7.1988	7.24838	7.17501
0.03065	7.22473	7.13813	7.20094	7.17226	7.22973	7.27306	7.14852	7.15543	7.24064
0.030925	7.19058	7.21249	7.12423	7.05928	7.30564	7.27252	7.18768	7.26294	7.14817
0.0312125	7.14149	7.17332	7.08005	7.11735	7.2354	7.28975	7.11188	7.13927	7.17765
0.0315	7.14714	7.11624	7.14888	7.12258	7.17082	7.34559	7.20026	7.18706	7.22667
0.0317875	7.22951	7.08841	7.11196	7.23741	7.16882	7.12784	7.21421	7.06054	7.23289
0.032075	7.26769	7.18819	7.05454	7.11759	7.22448	7.23748	7.122	7.18606	7.23716
0.0323625	7.24918	7.11909	7.07707	7.10475	7.17605	7.18284	7.16846	7.13371	7.19044
0.0326625	7.24773	7.12889	7.14438	7.21083	7.13345	7.28685	7.15155	7.06961	7.13865
0.03295	7.22847	7.17823	7.12226	7.10134	7.08173	7.23453	7.09266	7.15266	7.14236
0.03325	7.1887	7.24014	7.25676	7.2262	7.13172	7.19889	7.11025	7.15603	7.17627
0.03355	7.21348	7.17639	7.13652	7.14325	7.13366	7.21875	7.08099	7.21804	7.19087
0.03385	7.18996	7.26308	7.02644	7.13557	7.01647	7.1581	7.08198	7.13084	7.18515
0.0341625	7.11481	7.20841	7.04348	7.03973	6.99952	7.22268	7.04396	7.15147	7.12515
0.0344625	7.03942	7.19234	7.09594	7.01671	7.08424	7.18548	7.04256	7.14805	7.11744
0.034775	7.19133	7.07991	7.12004	6.94322	7.14873	7.12254	7.06448	7.10964	7.18009
0.0350875	7.12596	7.01468	7.06651	7.09501	7.09004	7.20298	7.05172	7.10104	7.02964
0.0354	7.0839	7.1353	7.00844	7.12674	7.11707	7.20603	7.06628	7.14041	7.03192
0.0357125	7.08478	7.11719	7.08101	7.04867	7.04157	7.14899	7.06364	7.09002	7.07131
0.036025	7.14614	7.1522	7.02533	7.01842	7.11997	7.14625	7.11889	7.07738	7.15858
0.03635	7.14319	7.09342	7.12745	7.1051	7.08886	7.08456	7.08583	7.09594	7.04489
0.0366625	7.01329	7.10255	6.98399	7.11378	7.13126	7.11743	7.07262	7.10272	7.05065
0.0369875	7.0973	7.06344	6.99222	7.07932	7.13289	7.16689	7.00672	7.1216	7.04961
0.0373125	7.09953	7.03561	7.06546	7.08656	7.06117	7.09564	7.06938	6.94652	7.0667
0.0376375	7.0808	7.09755	7.03293	7.1491	6.95355	7.11987	7.01637	6.96516	6.97611
0.037975	7.0705	7.16151	7.01806	7.05532	7.06142	7.05383	7.10685	7.13625	7.15542
0.0383	7.09768	7.09198	6.95152	7.08207	7.01343	7.15063	7.07546	7.10668	7.07172
0.0386375	7.07733	7.05111	6.99103	7.06846	7.07829	7.13732	7.1043	7.11166	7.15791
0.038975	7.15275	7.09341	6.93548	7.11322	7.01367	7.15121	6.95854	7.04095	7.10775
0.0393125	7.09966	7.07505	6.95308	6.99387	7.0507	7.12617	7.06307	7.05158	7.08398
0.0396625	7.04747	7.01296	6.94558	6.99986	6.97633	7.15271	6.98974	7.05376	7.07949
0.04	7.05453	7.0722	6.94773	6.98293	7.01771	7.02171	7.01956	7.04029	7.05465
0.04035	7.0363	7.04279	6.91262	6.97517	7.0573	7.03466	7.00381	7.04999	7.01946
0.0407	7.10894	7.00331	6.88479	6.98814	7.06497	7.10185	6.94497	7.048	7.05565
0.04105	7.06237	7.08298	6.90136	6.97206	7.00537	7.06848	7.0691	6.98013	6.99691
0.0414	7.11533	6.99311	6.92985	6.97948	6.96431	7.05675	7.05579	6.91005	6.97725
0.0417625	7.06949	7.0145	6.8827	7.00007	7.0492	7.02582	6.96669	7.10796	7.0146
0.042125	7.07546	7.00968	6.8679	6.99844	6.99317	6.99701	6.94516	6.89713	7.00761
0.042475	7.09393	7.0403	6.96834	6.94596	6.97388	6.95657	6.93921	6.95249	6.99027
0.04285	6.99798	7.0329	6.89161	6.89873	6.9885	6.93956	6.92774	6.93844	7.05294
0.0432125	7.01926	6.92794	6.93982	6.90921	6.99876	7.0013	6.98291	7.00041	6.88852
0.043575	7.03483	6.99014	6.98303	6.88963	6.93318	7.04296	6.97565	6.99814	6.95755
0.04395	6.9603	7.05431	6.83935	6.94325	7.03875	6.99001	6.9205	6.9426	6.93995
0.044325	7.04569	7.05271	6.9449	6.93307	7.01383	7.01221	6.98246	6.98411	6.96865
0.0447	7.03228	6.93217	6.91824	6.96815	6.94057	7.05432	6.9646	7.0474	7.00111
0.045075	6.96453	6.9466	6.94972	6.92336	6.94661	6.97616	6.90139	6.94585	6.90967
0.0454625	6.95117	6.97026	6.82188	7.03409	6.94728	6.92361	6.98111	7.00715	7.0071
0.04585	7.03202	7.0596	6.9111	6.99091	6.94766	6.95712	6.91443	6.97638	6.92988
0.0462375	7.00397	6.97881	6.87679	6.9286	6.96253	6.95733	6.96736	6.91148	6.86775
0.046625	7.05242	6.92109	6.90835	6.98086	6.90907	7.00755	6.94036	7.00761	6.89952
0.0470125	6.92898	7.02487	6.86362	6.92979	6.90041	6.97523	6.94783	6.94652	6.94847
0.0474125	6.97024	6.98015	6.90324	6.89937	6.89043	7.00693	6.90567	6.90658	6.97748
0.0478125	7.06506	6.98738	6.87494	6.9651	6.91329	6.93947	6.95124	6.85701	6.93128
0.0482125	7.05521	6.99067	6.87953	6.81645	6.89546	6.95377	6.88753	6.93842	6.87001
0.0486125	6.94014	6.96951	6.80536	6.90905	6.85918	6.93478	6.82031	6.92254	6.91659
0.049025	6.87128	6.91662	6.80577	6.87337	6.92697	6.89633	6.90342	6.9449	6.93803
0.049425	6.98245	6.85895	6.87076	6.84827	6.91288	6.95557	6.97921	6.95726	6.84963
0.0498375	6.94548	6.93156	6.86107	6.845	6.75746	6.97619	6.83099	6.8317	6.83466
0.05025	6.96412	6.97247	6.88873	6.89718	6.8643	6.8987	6.73969	6.92298	6.87358
0.050675	6.89072	6.91442	6.92387	6.84286	6.87418	6.96212	6.89917	6.93795	6.87576
0.0511	6.96551	6.82382	6.80432	6.94014	6.89415	6.96939	6.79953	6.88657	6.93257
0.0515125	6.90313	6.9492	6.81399	6.84874	6.85577	6.90311	6.91974	6.89058	6.94635
0.05195	6.89828	6.93534	6.86261	6.92316	6.93215	6.93368	6.84908	6.91867	6.86615
0.052375	6.86684	6.92124	6.86016	6.84274	6.9434	6.89055	6.87925	6.82223	6.86674
0.0528	6.89822	6.90241	6.82805	6.87463	6.79209	6.94392	6.79539	6.8376	6.83813
0.0532375	7.04927	6.87341	6.83032	6.86376	6.80831	6.89251	6.82427	6.84813	6.92141
0.053675	6.8975	6.84207	6.79306	6.85595	6.8314	6.90829	6.84026	6.92748	6.86153
0.054125	6.84452	6.95514	6.81114	6.81696	6.87034	6.83683	6.74143	6.8693	6.87623
0.0545625	6.89395	6.82552	6.74569	6.84001	6.81538	6.9021	6.82008	6.89455	6.83534
0.0550125	6.83492	6.88239	6.76744	6.80514	6.83864	6.78021	6.81069	6.86129	6.89424
0.0554625	6.80818	6.90631	6.80648	6.83364	6.84904	6.80337	6.72783	6.82735	6.86356
0.0559125	6.83692	6.90846	6.79914	6.75655	6.83666	6.78027	6.7173	6.88282	6.80101
0.056375	6.89639	6.91545	6.75651	6.80341	6.76446	6.82273	6.77949	6.84908	6.77166
0.0568375	6.8624	6.87422	6.74444	6.85511	6.8363	6.81071	6.76987	6.90568	6.8253
0.0573	6.91214	6.89303	6.71534	6.81702	6.73545	6.84426	6.86704	6.88247	6.83776
0.0577625	6.83726	6.86079	6.70202	6.80645	6.77958	6.8411	6.78104	6.85791	6.82727
0.0582375	6.78688	6.86711	6.71663	6.78541	6.7858	6.83655	6.75142	6.86691	6.82365
0.0587125	6.80366	6.86546	6.78503	6.71491	6.78916	6.82337	6.82609	6.74709	6.82541
0.0591875	6.81389	6.9211	6.75642	6.77057	6.82306	6.8194	6.7727	6.80963	6.85461
0.0596625	6.82466	6.74609	6.70975	6.79027	6.74148	6.81741	6.79749	6.8535	6.76532
0.06015	6.80597	6.78169	6.76527	6.79579	6.78251	6.78873	6.66256	6.74342	6.79381
0.0606375	6.82397	6.85003	6.725	6.72675	6.74047	6.7307	6.72589	6.75825	6.63819
0.061125	6.88983	6.83667	6.72425	6.73995	6.67889	6.81261	6.74823	6.83941	6.75256
0.0616125	6.85615	6.78585	6.76181	6.71504	6.69398	6.79609	6.74811	6.8103	6.739
0.0621125	6.81667	6.78025	6.73514	6.79105	6.71311	6.77078	6.77879	6.78921	6.70812
0.0626125	6.77192	6.79096	6.69521	6.68298	6.68478	6.69734	6.7376	6.77931	6.67134
0.0631125	6.78204	6.84748	6.74794	6.76247	6.65967	6.73102	6.69337	6.79675	6.79054
0.063625	6.74368	6.81089	6.70841	6.69568	6.75888	6.70007	6.74158	6.79138	6.71943
0.064125	6.79785	6.70345	6.70841	6.72006	6.70233	6.79509	6.70547	6.83015	6.71617
0.06465	6.77267	6.69845	6.76962	6.77502	6.7218	6.76071	6.66665	6.81212	6.69905
0.0651625	6.80075	6.76258	6.72159	6.75042	6.74728	6.72682	6.75789	6.77515	6.7499
0.0656875	6.87093	6.78334	6.60409	6.65928	6.71733	6.64301	6.7469	6.70937	6.70809
0.0662125	6.75583	6.78979	6.67382	6.7718	6.67988	6.70221	6.75515	6.78556	6.68892
0.0667375	6.70193	6.73263	6.66898	6.74018	6.7112	6.80108	6.72419	6.73844	6.71717
0.0672625	6.81493	6.77987	6.69257	6.69583	6.68568	6.73026	6.76901	6.73602	6.74001
0.0678	6.77228	6.71857	6.74552	6.69498	6.68762	6.74251	6.73055	6.79061	6.7463
0.0683375	6.73704	6.7283	6.65783	6.6861	6.58347	6.70983	6.69893	6.76445	6.69078
0.0688875	6.68471	6.78826	6.62805	6.69096	6.7186	6.68857	6.70756	6.69778	6.75511
0.0694375	6.74208	6.72532	6.58697	6.65983	6.66448	6.64037	6.70008	6.78548	6.70782
0.0699875	6.75728	6.74308	6.65953	6.6585	6.61426	6.80394	6.6769	6.7365	6.75271
0.0705375	6.65435	6.70499	6.7272	6.63168	6.70066	6.69199	6.59638	6.74951	6.68249
0.0711	6.76221	6.70666	6.73297	6.65664	6.6302	6.61436	6.62877	6.69945	6.65992
0.0716625	6.71021	6.72251	6.69176	6.65625	6.65996	6.72207	6.6211	6.67539	6.63978
0.072225	6.67871	6.65485	6.67684	6.66038	6.6731	6.67347	6.65599	6.71771	6.7238
0.0728	6.76497	6.75717	6.68932	6.68428	6.66799	6.66438	6.65867	6.7343	6.65582
0.0733625	6.69889	6.71894	6.65965	6.68834	6.62289	6.69267	6.58994	6.74339	6.70526
0.07395	6.68531	6.67933	6.5829	6.66563	6.64992	6.65998	6.58111	6.61943	6.6439
0.074525	6.75414	6.64111	6.58774	6.65193	6.60629	6.60838	6.64512	6.69408	6.62345
0.0751125	6.78074	6.6584	6.54451	6.5984	6.68054	6.60662	6.63833	6.74076	6.67412
0.0757	6.67836	6.69844	6.60294	6.60933	6.62067	6.76572	6.65256	6.63689	6.6158
0.0763	6.67082	6.74374	6.59286	6.68978	6.63213	6.68248	6.61131	6.62125	6.63085
0.0769	6.68614	6.6926	6.61134	6.66105	6.67066	6.63391	6.64113	6.70951	6.57239
0.0775	6.65615	6.65686	6.50174	6.64132	6.59325	6.65047	6.58923	6.69396	6.70144
0.0781	6.6508	6.67331	6.62246	6.55055	6.56197	6.66327	6.6218	6.68165	6.62576
0.0787125	6.69482	6.63614	6.61266	6.62176	6.60255	6.72146	6.63965	6.70271	6.64798
0.079325	6.6608	6.67406	6.6042	6.65077	6.62979	6.60555	6.62175	6.6797	6.67842
0.07995	6.65624	6.59061	6.60116	6.60567	6.59961	6.64551	6.64133	6.6329	6.62123
0.080575	6.71714	6.6758	6.59926	6.61855	6.61573	6.66599	6.60128	6.65759	6.5874
0.0812	6.6569	6.64444	6.57339	6.56571	6.57573	6.62479	6.54987	6.67105	6.62633
0.0818375	6.60402	6.68832	6.54076	6.61025	6.55336	6.58984	6.5858	6.5966	6.60471
0.082475	6.6622	6.67357	6.56513	6.59812	6.5771	6.62521	6.58145	6.64101	6.625
0.0831125	6.64321	6.63439	6.61283	6.57421	6.48905	6.62965	6.64529	6.57118	6.56891
0.08375	6.67332	6.65403	6.56951	6.58749	6.53232	6.59952	6.52848	6.61397	6.59695
0.0844	6.65014	6.6274	6.56258	6.60949	6.5853	6.52122	6.63816	6.53563	6.56163
0.0850625	6.6559	6.61963	6.57596	6.62933	6.61717	6.59739	6.60266	6.57616	6.56189
0.085725	6.62427	6.67767	6.54564	6.52483	6.54788	6.66257	6.59496	6.62122	6.57205
0.0863875	6.61866	6.60346	6.56256	6.52825	6.51377	6.59897	6.55254	6.61668	6.52786
0.08705	6.59771	6.65132	6.56132	6.53434	6.54779	6.54937	6.50906	6.58814	6.58866
0.087725	6.64308	6.58185	6.56693	6.50515	6.52943	6.55667	6.54695	6.59302	6.58643
0.0884	6.62266	6.58215	6.53369	6.49599	6.50667	6.56638	6.56629	6.60931	6.55116
0.0890875	6.62805	6.60106	6.49915	6.58054	6.54079	6.5655	6.55031	6.59812	6.58266
0.089775	6.64592	6.60284	6.51412	6.51882	6.5377	6.53042	6.58709	6.5615	6.56939
0.0904625	6.60188	6.58737	6.44413	6.64024	6.58219	6.53064	6.55388	6.6174	6.57404
0.0911625	6.53937	6.59407	6.58485	6.54919	6.4592	6.58887	6.57493	6.57646	6.62599
0.0918625	6.63161	6.54972	6.50563	6.48404	6.48526	6.58052	6.519	6.56234	6.51615
0.0925625	6.57277	6.54247	6.49	6.54211	6.50714	6.55682	6.50407	6.56899	6.57073
0.093275	6.55285	6.53749	6.54019	6.54677	6.48575	6.55219	6.48376	6.57939	6.55844
0.0939875	6.55814	6.56987	6.5222	6.61655	6.54233	6.54532	6.53281	6.49747	6.51755
0.0947125	6.60483	6.55219	6.51763	6.57853	6.52128	6.53563	6.49118	6.51001	6.57319
0.0954375	6.55378	6.62796	6.48368	6.54869	6.5377	6.49671	6.52649	6.51876	6.55229
0.096175	6.53997	6.5998	6.44868	6.52325	6.54433	6.50426	6.48366	6.55556	6.54145
0.0969	6.49425	6.53374	6.55457	6.5127	6.51542	6.47394	6.58103	6.52921	6.49791
0.09765	6.55275	6.53156	6.4737	6.55361	6.47171	6.57813	6.47739	6.57497	6.59139
0.0983875	6.57838	6.48585	6.43398	6.4971	6.47576	6.5608	6.48178	6.5452	6.52128
0.09915	6.51725	6.52134	6.44979	6.46796	6.54071	6.50711	6.5109	6.5486	6.49034
0.0999	6.61426	6.5154	6.49736	6.4969	6.49886	6.53024	6.49256	6.56046	6.44695
0.100662	6.59694	6.49795	6.44951	6.48841	6.52408	6.54583	6.48019	6.61606	6.48079
0.101425	6.56164	6.53807	6.47165	6.52137	6.51209	6.49269	6.52537	6.52167	6.56183
0.1022	6.58019	6.52521	6.46764	6.45619	6.4716	6.50449	6.46851	6.54522	6.53365
0.102975	6.54528	6.5701	6.47011	6.53451	6.45983	6.46568	6.53522	6.57657	6.4896
0.103762	6.53898	6.48071	6.49136	6.51471	6.50882	6.50622	6.4546	6.54375	6.5169
0.10455	6.57965	6.48577	6.52337	6.53709	6.49206	6.48348	6.4831	6.47884	6.50506
0.10535	6.49696	6.48931	6.48107	6.48824	6.59714	6.49625	6.43995	6.48078	6.47068
0.10615	6.51297	6.52992	6.45969	6.49241	6.46702	6.48564	6.53258	6.46905	6.51556
0.10695	6.55566	6.52469	6.47481	6.47808	6.44802	6.52082	6.41617	6.50436	6.49159
0.107763	6.55732	6.48292	6.4405	6.476	6.51908	6.48268	6.39275	6.49228	6.48917
0.108575	6.56978	6.43989	6.46273	6.51734	6.47466	6.49622	6.44042	6.52031	6.50099
0.1094	6.49085	6.49296	6.42658	6.50588	6.52537	6.43111	6.43953	6.467	6.47647
0.110225	6.48454	6.5022	6.39208	6.41262	6.47145	6.43223	6.46947	6.49549	6.44574
0.111062	6.55722	6.49973	6.42639	6.4202	6.44409	6.42184	6.43254	6.45947	6.50713
0.1119	6.50017	6.48163	6.41986	6.44831	6.41578	6.41974	6.40954	6.51342	6.42989
0.11275	6.4738	6.4657	6.41066	6.48186	6.43701	6.38893	6.4671	6.49893	6.5017
0.1136	6.48765	6.46247	6.42358	6.51086	6.44588	6.5184	6.46738	6.47566	6.49504
0.11445	6.51861	6.44612	6.42058	6.4603	6.45316	6.45153	6.3915	6.46269	6.42946
0.115313	6.49964	6.51126	6.40218	6.46204	6.44107	6.45261	6.50885	6.50131	6.45184
0.116187	6.52169	6.48283	6.48323	6.45275	6.41584	6.46068	6.42853	6.50196	6.40268
0.117063	6.48283	6.4281	6.38818	6.4197	6.4504	6.45787	6.41522	6.45386	6.44212
0.117937	6.51864	6.39734	6.44347	6.39751	6.38986	6.43726	6.41075	6.53413	6.43511
0.118825	6.4578	6.48684	6.43595	6.39985	6.38518	6.42464	6.45327	6.51904	6.41343
0.119713	6.50923	6.4776	6.39795	6.42523	6.42033	6.43334	6.42194	6.41949	6.37957
0.120613	6.46965	6.44597	6.41107	6.40654	6.3844	6.45226	6.40982	6.43767	6.48944
0.121525	6.41625	6.49228	6.36841	6.40011	6.42191	6.43238	6.41505	6.45313	6.43977
0.122437	6.45337	6.4027	6.3513	6.3694	6.39168	6.45821	6.37398	6.45476	6.46014
0.12335	6.44579	6.42882	6.41146	6.39464	6.36543	6.46081	6.41676	6.48155	6.42689
0.124275	6.39151	6.4405	6.43522	6.39494	6.36474	6.45316	6.40807	6.43054	6.45389
0.125213	6.4014	6.42093	6.43269	6.36912	6.42985	6.38114	6.42205	6.40874	6.38265
0.12615	6.47999	6.4353	6.38904	6.38922	6.39963	6.38561	6.41879	6.46846	6.42188
0.127088	6.44667	6.44028	6.38011	6.4081	6.42919	6.40325	6.42738	6.43566	6.4183
0.128037	6.4092	6.36135	6.34034	6.413	6.37417	6.44522	6.38279	6.423	6.43862
0.129	6.43799	6.46029	6.38484	6.42498	6.36953	6.40954	6.37375	6.43852	6.36835
0.129963	6.4815	6.44089	6.35397	6.35783	6.40718	6.43526	6.39215	6.48635	6.40529
0.130925	6.45411	6.35546	6.41899	6.34368	6.32847	6.43897	6.38375	6.44686	6.41997
0.1319	6.46002	6.44522	6.39697	6.42459	6.39189	6.33601	6.33814	6.40316	6.391
0.132887	6.42971	6.41608	6.37103	6.41277	6.37592	6.37129	6.38561	6.45483	6.38116
0.133875	6.43638	6.42765	6.39038	6.41287	6.4043	6.44497	6.40166	6.41827	6.42622
0.134875	6.4285	6.44107	6.40511	6.44735	6.37988	6.45967	6.36487	6.40777	6.42721
0.135888	6.44221	6.32262	6.37843	6.37976	6.35717	6.34153	6.3598	6.41879	6.4433
0.136888	6.4215	6.40944	6.33192	6.38823	6.34128	6.3979	6.34518	6.41968	6.35523
0.137912	6.43783	6.40389	6.34134	6.37417	6.33467	6.47177	6.37366	6.37998	6.37281
0.138938	6.4225	6.44619	6.34067	6.38447	6.37662	6.41344	6.35952	6.41917	6.41113
0.139962	6.3879	6.42887	6.34038	6.36113	6.31983	6.42825	6.37349	6.38792	6.38115
0.141013	6.40694	6.38524	6.34545	6.40703	6.43249	6.39757	6.3495	6.46674	6.37563
0.14205	6.41303	6.37935	6.38183	6.37913	6.37981	6.39445	6.3543	6.42382	6.372
0.143112	6.41116	6.41192	6.37468	6.37133	6.33558	6.3889	6.42702	6.39749	6.34776
0.144175	6.42402	6.43405	6.35523	6.35677	6.35653	6.39598	6.37303	6.37013	6.38088
0.145238	6.40821	6.40184	6.31673	6.32724	6.32589	6.37652	6.32266	6.34916	6.37171
0.146313	6.40487	6.41188	6.30903	6.34743	6.36217	6.41558	6.3389	6.40396	6.40732
0.1474	6.43579	6.37562	6.3425	6.32426	6.32604	6.41442	6.36277	6.38308	6.39177
0.148487	6.42002	6.38775	6.31624	6.39034	6.34963	6.37796	6.35792	6.33427	6.36397
0.149587	6.41195	6.39865	6.34998	6.39752	6.32192	6.34867	6.34795	6.38713	6.41587
0.1507	6.36048	6.3706	6.30751	6.33661	6.29632	6.37586	6.33209	6.3514	6.38789
0.151812	6.36683	6.36023	6.32636	6.3419	6.31282	6.29353	6.32624	6.36683	6.36077
0.152925	6.40772	6.35515	6.29416	6.32242	6.35474	6.38826	6.34875	6.42062	6.355
0.154062	6.37772	6.36714	6.30934	6.37253	6.34041	6.32936	6.36009	6.36379	6.35024
0.1552	6.37592	6.38608	6.32265	6.39593	6.3502	6.39084	6.34664	6.37133	6.36793
0.156337	6.35417	6.37148	6.30393	6.2676	6.28926	6.41156	6.31661	6.34977	6.29292
0.1575	6.4121	6.36456	6.31844	6.31162	6.29247	6.31439	6.34591	6.38256	6.37653
0.15865	6.37232	6.36434	6.30545	6.32128	6.32489	6.36878	6.30236	6.34167	6.37193
0.159825	6.3769	6.35342	6.30944	6.3495	6.32488	6.33049	6.3241	6.34016	6.39672
0.161	6.37555	6.33927	6.27766	6.36269	6.31506	6.34357	6.32475	6.31801	6.32666
0.162188	6.43278	6.40052	6.36071	6.34114	6.36295	6.33195	6.33453	6.40699	6.43101
0.163375	6.37652	6.34827	6.3294	6.29051	6.29987	6.31349	6.34764	6.35156	6.33941
0.164587	6.3308	6.32573	6.30609	6.35087	6.30926	6.34439	6.30818	6.35244	6.30885
0.165788	6.34444	6.36979	6.29633	6.36288	6.31846	6.4135	6.34981	6.3818	6.37875
0.167012	6.36062	6.3478	6.30017	6.32589	6.28781	6.33307	6.27628	6.33936	6.35162
0.168238	6.38782	6.3665	6.33671	6.28878	6.35237	6.34213	6.30241	6.38869	6.34618
0.169475	6.37331	6.36686	6.30446	6.32012	6.30703	6.38462	6.34797	6.33524	6.33417
0.170713	6.35753	6.38065	6.29047	6.32275	6.31169	6.32407	6.27866	6.371	6.33306
0.171975	6.34575	6.35104	6.30243	6.30272	6.29259	6.31822	6.30781	6.34201	6.34952
0.173238	6.35086	6.335	6.32172	6.25419	6.32433	6.32995	6.28789	6.35636	6.34753
0.1745	6.37574	6.37665	6.28334	6.32567	6.30954	6.35426	6.29159	6.35722	6.33845
0.175775	6.40113	6.37466	6.27034	6.3126	6.29055	6.33265	6.33669	6.31539	6.38224
0.177062	6.29812	6.35981	6.29313	6.28392	6.31958	6.31405	6.28449	6.33515	6.38715
0.178363	6.37153	6.35957	6.30081	6.27769	6.29327	6.30601	6.3152	6.33195	6.34442
0.179675	6.39756	6.30874	6.2971	6.28311	6.30803	6.37119	6.33068	6.37079	6.33495
0.180988	6.36205	6.31179	6.28546	6.31848	6.31469	6.28613	6.30762	6.34777	6.27508
0.182313	6.36402	6.33772	6.26447	6.28592	6.33702	6.3259	6.30578	6.34231	6.29212
0.183637	6.35583	6.31398	6.30913	6.30225	6.3062	6.35761	6.33082	6.33636	6.32636
0.184988	6.35399	6.34291	6.28616	6.26983	6.27159	6.34982	6.27841	6.3032	6.26754
0.186338	6.33137	6.33283	6.26553	6.30995	6.23991	6.34212	6.30662	6.34291	6.30351
0.1877	6.31623	6.3278	6.28095	6.34447	6.28277	6.31579	6.31405	6.3391	6.32072
0.189063	6.34259	6.32721	6.30046	6.30703	6.2728	6.27921	6.25371	6.29528	6.28091
0.19045	6.30547	6.34424	6.28716	6.29865	6.27	6.30971	6.29204	6.33152	6.33606
0.191838	6.37715	6.31044	6.25768	6.32589	6.30793	6.29538	6.26999	6.34584	6.30629
0.193237	6.37685	6.28336	6.31101	6.29057	6.24111	6.35514	6.2476	6.28681	6.30881
0.19465	6.34352	6.28243	6.28558	6.29834	6.2694	6.36453	6.27063	6.31913	6.29741
0.196063	6.33779	6.35226	6.2684	6.31298	6.26697	6.2969	6.30231	6.32032	6.29261
0.197488	6.31326	6.29401	6.23305	6.29415	6.23753	6.27279	6.28363	6.31935	6.29286
0.198925	6.33755	6.30501	6.23641	6.26202	6.25786	6.29104	6.27139	6.35779	6.27361
0.200375	6.35539	6.3193	6.25197	6.29898	6.28907	6.28308	6.26098	6.29175	6.34264
0.201837	6.32366	6.31841	6.29028	6.27218	6.2588	6.32725	6.26389	6.34946	6.35622
0.2033	6.35862	6.33919	6.24509	6.28275	6.27096	6.28877	6.26768	6.35931	6.33066
0.204787	6.27089	6.3166	6.25075	6.27211	6.28616	6.34275	6.25402	6.35259	6.27667
0.206275	6.33217	6.27971	6.26486	6.2332	6.25025	6.26012	6.25181	6.25268	6.3021
0.207775	6.34236	6.26981	6.26235	6.28521	6.27117	6.32728	6.27288	6.30734	6.3073
0.209275	6.33942	6.29464	6.29214	6.24215	6.30451	6.29773	6.23781	6.31315	6.26048
0.2108	6.34308	6.31606	6.28102	6.28297	6.22772	6.30446	6.27674	6.31359	6.26209
0.212325	6.37414	6.24449	6.24242	6.28033	6.24983	6.31565	6.28629	6.28137	6.27885
0.213875	6.30884	6.25218	6.2858	6.2515	6.26748	6.30369	6.29212	6.28756	6.27563
0.215425	6.34581	6.28225	6.22734	6.28357	6.23341	6.2646	6.22908	6.28421	6.28796
0.216988	6.30707	6.26031	6.23745	6.29596	6.281	6.26678	6.29248	6.31015	6.257
0.218562	6.32667	6.29116	6.23353	6.27583	6.21819	6.2446	6.23529	6.29793	6.29966
0.22015	6.30407	6.23823	6.25014	6.24546	6.23675	6.28543	6.27466	6.30964	6.30674
0.221738	6.32857	6.31171	6.25455	6.23515	6.26391	6.2687	6.27062	6.33493	6.27485
0.22335	6.32488	6.26541	6.26623	6.27677	6.26121	6.27972	6.26252	6.29172	6.26716
0.224963	6.32804	6.26155	6.24127	6.26911	6.24189	6.32088	6.23608	6.3007	6.28326
0.226588	6.30875	6.31212	6.23935	6.26855	6.23385	6.29027	6.25663	6.31848	6.29471
0.228237	6.28603	6.27529	6.22614	6.22887	6.2508	6.27942	6.24495	6.31919	6.2736
0.229888	6.33015	6.2269	6.27794	6.26628	6.27031	6.26618	6.28472	6.2712	6.27274
0.23155	6.31518	6.2536	6.26123	6.22983	6.25602	6.28923	6.26858	6.30837	6.26359
0.233225	6.31778	6.30893	6.23522	6.27066	6.2293	6.29987	6.28119	6.25605	6.29154
0.234912	6.29526	6.26589	6.25105	6.26911	6.24084	6.27808	6.25884	6.32225	6.29463
0.2366	6.37278	6.26241	6.24361	6.27835	6.2629	6.30922	6.23168	6.26451	6.25225
0.238312	6.28764	6.26521	6.23699	6.26869	6.26756	6.25366	6.28824	6.28656	6.27893
0.240038	6.29168	6.27611	6.24522	6.25851	6.2421	6.30039	6.2605	6.29454	6.2562
0.241763	6.33517	6.2902	6.2656	6.21189	6.23722	6.29591	6.25111	6.26496	6.24988
0.243512	6.3124	6.27443	6.2117	6.27153	6.24719	6.25137	6.27377	6.31526	6.27732
0.245275	6.29964	6.23841	6.22366	6.2548	6.22475	6.2706	6.24708	6.2867	6.27754
0.247038	6.32694	6.28513	6.26758	6.24147	6.23338	6.27809	6.25429	6.28095	6.26494
0.248825	6.30578	6.29165	6.27385	6.23058	6.2515	6.29074	6.27277	6.26647	6.25354
0.250612	6.32959	6.28871	6.17133	6.23001	6.29732	6.30236	6.23705	6.27732	6.23195
0.252425	6.31111	6.24248	6.238	6.23836	6.25068	6.28365	6.24635	6.2275	6.26431
0.254238	6.27019	6.2761	6.24853	6.27235	6.27249	6.30609	6.26005	6.2973	6.31136
0.256075	6.31273	6.2612	6.20555	6.25808	6.23193	6.22465	6.27397	6.27688	6.2698
0.257912	6.31112	6.27862	6.23989	6.23674	6.25884	6.28394	6.24592	6.28588	6.28643
0.259775	6.27272	6.28193	6.2062	6.23666	6.25148	6.28852	6.23233	6.30805	6.28304
0.26165	6.25474	6.27966	6.23276	6.20601	6.21198	6.26005	6.27849	6.27996	6.25246
0.263525	6.26364	6.30615	6.24512	6.24835	6.22168	6.2565	6.25187	6.29022	6.2784
0.265425	6.27862	6.28515	6.2443	6.26357	6.26431	6.26115	6.25078	6.25135	6.26943
0.267338	6.30256	6.26433	6.22374	6.2256	6.19883	6.2929	6.24868	6.29455	6.25418
0.26925	6.29258	6.27618	6.21889	6.21517	6.19238	6.26371	6.25404	6.28647	6.26176
0.271188	6.29213	6.29979	6.25059	6.244	6.22523	6.27562	6.25421	6.25912	6.25796
0.273138	6.30821	6.28582	6.21655	6.25429	6.23185	6.27258	6.21955	6.31272	6.26134
0.2751	6.30459	6.22298	6.25089	6.24495	6.21057	6.2751	6.224	6.27413	6.27004
0.277075	6.2513	6.25607	6.25925	6.2278	6.23504	6.28874	6.2287	6.30854	6.27164
0.279063	6.30201	6.26433	6.22044	6.27112	6.24685	6.27858	6.2286	6.22918	6.28436
0.281075	6.29322	6.26184	6.23351	6.20344	6.20691	6.26572	6.19928	6.26397	6.24779
0.283087	6.30944	6.23941	6.21861	6.25445	6.19877	6.2234	6.22295	6.29563	6.28583
0.285125	6.26956	6.23949	6.23254	6.26848	6.26179	6.2956	6.22662	6.26368	6.25171
0.287163	6.28103	6.24764	6.21811	6.25753	6.22598	6.2724	6.22072	6.28805	6.29934
0.289225	6.30301	6.27517	6.23377	6.2365	6.23454	6.2763	6.22992	6.28542	6.24141
0.2913	6.2914	6.29126	6.23203	6.25398	6.2088	6.22294	6.22917	6.29616	6.22706
0.293388	6.28707	6.24378	6.24868	6.24127	6.20709	6.23157	6.22961	6.27692	6.28011
0.295487	6.29205	6.27582	6.21168	6.24756	6.18465	6.23377	6.27747	6.27006	6.26286
0.297612	6.30131	6.24536	6.20416	6.2402	6.22884	6.22445	6.21374	6.27289	6.24603
0.299738	6.26437	6.23491	6.244	6.20368	6.24019	6.25897	6.19681	6.23982	6.2399
0.301888	6.30567	6.24118	6.21356	6.25118	6.22153	6.2537	6.26361	6.28697	6.25743
0.30405	6.28077	6.24107	6.19677	6.22697	6.22255	6.28739	6.21208	6.26984	6.23967
0.306225	6.2746	6.27816	6.24295	6.23987	6.23726	6.28445	6.22545	6.24721	6.27685
0.308425	6.22232	6.24617	6.21158	6.26109	6.20736	6.25697	6.19658	6.24435	6.24567
0.310625	6.30287	6.24374	6.2277	6.22005	6.2369	6.20448	6.23453	6.25202	6.22461
0.31285	6.27422	6.20807	6.21469	6.25682	6.20969	6.26237	6.20648	6.27488	6.23454
0.315087	6.29038	6.26011	6.23141	6.23571	6.198	6.26073	6.19883	6.28339	6.24182
0.317338	6.28856	6.24275	6.24037	6.24111	6.21765	6.26669	6.22906	6.24901	6.24027
0.319613	6.28093	6.2439	6.21633	6.22861	6.23662	6.23018	6.25051	6.2398	6.27506
0.3219	6.2535	6.27147	6.23034	6.21652	6.19511	6.23798	6.20609	6.23804	6.25176
0.3242	6.28503	6.24482	6.21136	6.23207	6.20314	6.2457	6.18264	6.25394	6.24079
0.326512	6.26098	6.27365	6.21282	6.26017	6.21607	6.24564	6.24369	6.24402	6.26376
0.32885	6.24388	6.24213	6.19068	6.22063	6.21757	6.26634	6.21249	6.2697	6.29015
0.331187	6.30727	6.28024	6.24478	6.24302	6.2074	6.23982	6.25409	6.3056	6.25099
0.333562	6.2711	6.25762	6.21563	6.18909	6.20934	6.23534	6.20077	6.2849	6.2235
0.335938	6.26904	6.23391	6.22756	6.22254	6.20551	6.22473	6.20884	6.22533	6.25861
0.338338	6.24791	6.25785	6.22259	6.25609	6.21514	6.23443	6.21815	6.22407	6.21351
0.34075	6.28363	6.23202	6.22431	6.25516	6.21691	6.21264	6.2	6.23675	6.22936
0.343188	6.26218	6.25648	6.25148	6.23289	6.19661	6.23452	6.20999	6.23617	6.22509
0.345638	6.26565	6.22402	6.19524	6.23342	6.21137	6.26376	6.26713	6.26222	6.2453
0.3481	6.27257	6.23998	6.20178	6.25659	6.21033	6.25625	6.21683	6.27717	6.25212
0.350575	6.3106	6.23489	6.2214	6.24407	6.18893	6.24297	6.24827	6.28332	6.23772
0.353075	6.2653	6.23013	6.21027	6.20537	6.23623	6.23754	6.22231	6.24549	6.26049
0.3556	6.27643	6.25331	6.20304	6.23258	6.17605	6.24969	6.20539	6.25183	6.25223
0.358125	6.26383	6.27982	6.22026	6.23315	6.21985	6.23662	6.20873	6.26537	6.20694
0.360675	6.2267	6.23315	6.19778	6.20776	6.22662	6.23921	6.20236	6.24011	6.25411
0.36325	6.26223	6.26634	6.21741	6.21456	6.18019	6.21345	6.18403	6.26148	6.23068
0.365838	6.26289	6.26146	6.21927	6.20666	6.20819	6.24932	6.20541	6.24689	6.24436
0.368437	6.2596	6.23174	6.19047	6.2289	6.21826	6.25067	6.19983	6.2686	6.22349
0.371062	6.27059	6.2374	6.21251	6.20391	6.21222	6.23753	6.19782	6.25087	6.2429
0.373713	6.24496	6.25483	6.21817	6.20856	6.2188	6.22424	6.19443	6.26128	6.25326
0.376363	6.26051	6.22563	6.21144	6.22388	6.19558	6.26909	6.23135	6.28344	6.23023
0.37905	6.24463	6.22828	6.22575	6.24432	6.2226	6.26167	6.21282	6.2604	6.23698
0.381738	6.26447	6.25092	6.20395	6.22513	6.2013	6.20735	6.19593	6.24687	6.21894
0.384463	6.26555	6.23957	6.21096	6.21579	6.21848	6.25776	6.21153	6.27666	6.23955
0.387188	6.23172	6.24929	6.19788	6.20648	6.2381	6.25886	6.23044	6.2547	6.24637
0.38995	6.28263	6.26375	6.18395	6.21117	6.22455	6.25219	6.18752	6.26363	6.24702
0.392713	6.26359	6.24712	6.21196	6.19934	6.19954	6.26437	6.24213	6.26143	6.25971
0.395512	6.23091	6.22754	6.19545	6.24832	6.17712	6.22117	6.20486	6.231	6.2488
0.398325	6.26649	6.20551	6.2002	6.21936	6.22211	6.20388	6.22662	6.23092	6.23235
0.40115	6.31121	6.24484	6.21005	6.23668	6.21795	6.23382	6.21681	6.26027	6.21919
0.404	6.23742	6.20318	6.18526	6.17485	6.25488	6.22658	6.22787	6.23648	6.2462
0.406875	6.24857	6.26545	6.22081	6.24433	6.20425	6.25804	6.19965	6.22562	6.23876
0.409763	6.26773	6.26664	6.17562	6.18463	6.2158	6.25117	6.2075	6.26315	6.24567
0.412663	6.22623	6.24168	6.19033	6.20043	6.21328	6.22535	6.19583	6.23642	6.21881
0.4156	6.27783	6.22569	6.20396	6.19747	6.21555	6.21954	6.19491	6.21622	6.25142
0.41855	6.26943	6.24096	6.20555	6.23124	6.20962	6.23551	6.20878	6.21927	6.25203
0.421525	6.24927	6.24287	6.2206	6.23268	6.20154	6.23904	6.17201	6.25345	6.22197
0.424513	6.29459	6.25265	6.20938	6.24153	6.19325	6.22766	6.22425	6.26558	6.22512
0.427525	6.29059	6.23994	6.18538	6.21875	6.21454	6.24794	6.20893	6.2508	6.24897
0.43055	6.27317	6.26868	6.21872	6.22326	6.1911	6.24047	6.20499	6.2492	6.23938
0.433612	6.2798	6.24196	6.19884	6.20331	6.1976	6.23846	6.20904	6.25407	6.23149
0.436687	6.2437	6.22034	6.19749	6.24982	6.19096	6.21979	6.21532	6.25458	6.18507
0.439775	6.22651	6.22312	6.21224	6.21463	6.22755	6.22676	6.21217	6.25515	6.21249
0.4429	6.24833	6.22575	6.2171	6.20862	6.2291	6.25318	6.19313	6.25751	6.22439
0.446038	6.24656	6.2191	6.17787	6.23061	6.18867	6.23278	6.19139	6.24507	6.24431
0.4492	6.24739	6.23084	6.20905	6.22183	6.18428	6.20077	6.21026	6.23616	6.23143
0.452375	6.27591	6.25249	6.17447	6.25721	6.20012	6.23504	6.21844	6.24976	6.24966
0.455588	6.27552	6.2359	6.1782	6.21432	6.20912	6.22425	6.21635	6.26031	6.22381
0.458813	6.25939	6.22513	6.19217	6.22281	6.2041	6.23553	6.20403	6.25083	6.22935
0.462063	6.26256	6.21968	6.18445	6.23639	6.22806	6.24154	6.21371	6.24005	6.22573
0.465338	6.25908	6.22152	6.19955	6.2119	6.18981	6.2545	6.18349	6.22302	6.23668
0.468625	6.28158	6.26242	6.20167	6.19822	6.18852	6.20238	6.23101	6.26225	6.22811
0.47195	6.25787	6.245	6.2109	6.2026	6.18382	6.22076	6.20958	6.23173	6.23495
0.475287	6.26383	6.25685	6.20931	6.20491	6.19222	6.22817	6.21264	6.23015	6.20308
0.47865	6.25915	6.24759	6.20347	6.21454	6.20115	6.22537	6.21471	6.24347	6.23497
0.482038	6.24136	6.25057	6.1936	6.21387	6.20942	6.19265	6.22231	6.23429	6.23161
0.48545	6.22557	6.26182	6.18883	6.20194	6.19206	6.23422	6.19739	6.22185	6.21358
0.488887	6.25126	6.24135	6.22726	6.2097	6.21561	6.23909	6.20791	6.24279	6.23154
0.492337	6.25092	6.23286	6.18532	6.21081	6.16693	6.21007	6.20199	6.2625	6.24809
0.495825	6.25936	6.24689	6.21063	6.21378	6.21553	6.2396	6.1956	6.21534	6.23196
0.499325	6.27047	6.23818	6.20724	6.17735	6.20738	6.21508	6.2049	6.25411	6.21399
0.502863	6.27397	6.23659	6.21469	6.20502	6.19021	6.23643	6.19	6.23194	6.24605
0.506413	6.24364	6.24052	6.20363	6.21146	6.20403	6.23858	6.18883	6.25606	6.24033
0.51	6.25716	6.25041	6.20719	6.24183	6.21209	6.24005	6.1992	6.23666	6.21986
0.5136	6.24348	6.23912	6.1757	6.18906	6.22447	6.21366	6.19036	6.23787	6.1923
0.517225	6.26549	6.25302	6.19233	6.21111	6.19439	6.20899	6.17465	6.20898	6.2131
0.520887	6.26679	6.24292	6.19726	6.19601	6.21017	6.23284	6.19455	6.26911	6.24301
0.524562	6.25069	6.26442	6.18703	6.1886	6.19461	6.21959	6.19402	6.22589	6.202
0.528275	6.23571	6.24057	6.19613	6.22635	6.17651	6.23157	6.22746	6.21855	6.22585
0.532	6.25519	6.24245	6.19043	6.2301	6.18819	6.20492	6.22211	6.24336	6.22785
0.535762	6.26559	6.23371	6.19531	6.21181	6.20778	6.23978	6.20306	6.23485	6.22432
0.539537	6.26173	6.22827	6.18614	6.19994	6.2007	6.22307	6.20583	6.24557	6.2218
0.54335	6.24515	6.23508	6.21893	6.21848	6.19355	6.23794	6.22487	6.2502	6.235
0.547188	6.25623	6.23082	6.20319	6.2135	6.18684	6.22963	6.20692	6.25964	6.2356
0.55105	6.23026	6.24329	6.19948	6.20241	6.20606	6.23531	6.2238	6.24174	6.23369
0.554937	6.20748	6.24168	6.18228	6.2141	6.17819	6.21363	6.19312	6.24757	6.23275
0.55885	6.25262	6.22676	6.20622	6.22965	6.19358	6.2303	6.22122	6.2592	6.21999
0.5628	6.24723	6.22883	6.20102	6.22657	6.18477	6.21537	6.21599	6.22917	6.18628
0.566763	6.26899	6.23947	6.20856	6.1969	6.20073	6.21949	6.19953	6.23158	6.21705
0.570763	6.24364	6.26307	6.20156	6.20561	6.22578	6.19916	6.17377	6.23892	6.21934
0.574787	6.26537	6.23389	6.21272	6.20656	6.21885	6.21332	6.1887	6.24223	6.25409
0.578838	6.24835	6.22338	6.1785	6.20606	6.20751	6.23985	6.18721	6.27546	6.21138
0.582925	6.25276	6.25553	6.19836	6.21737	6.20653	6.20627	6.21655	6.24019	6.21284
0.587038	6.24964	6.22783	6.20127	6.19942	6.18675	6.22497	6.17612	6.22382	6.18358
0.591175	6.27395	6.2319	6.15913	6.19468	6.18064	6.24767	6.18166	6.24211	6.22097
0.595338	6.24701	6.24109	6.18742	6.18554	6.18002	6.22726	6.20793	6.25484	6.24234
0.599537	6.24421	6.22722	6.16773	6.21132	6.19166	6.23487	6.19564	6.24465	6.21459
0.603763	6.25815	6.21688	6.20161	6.19528	6.20619	6.22106	6.20029	6.21798	6.22547
0.608012	6.26498	6.23871	6.19617	6.1871	6.18393	6.21039	6.20293	6.21804	6.22778
0.6123	6.23791	6.2346	6.19836	6.19385	6.20286	6.2212	6.20394	6.26069	6.19696
0.616612	6.26926	6.20941	6.21013	6.2063	6.20738	6.22115	6.16018	6.23663	6.20843
0.620963	6.26077	6.19319	6.2	6.2064	6.22106	6.21843	6.1972	6.22854	6.22898
0.625325	6.23909	6.2347	6.18725	6.19745	6.16767	6.20701	6.20815	6.22847	6.23327
0.629737	6.23697	6.23979	6.16962	6.24	6.20211	6.23917	6.21286	6.24764	6.2211
0.634175	6.28159	6.23899	6.19958	6.21711	6.18087	6.1992	6.20438	6.26712	6.21811
0.638637	6.26052	6.22063	6.21231	6.2028	6.19146	6.20058	6.18929	6.25367	6.24367
0.643125	6.25533	6.25594	6.2075	6.22983	6.16866	6.20742	6.18207	6.21897	6.23528
0.647663	6.23313	6.22376	6.20526	6.21734	6.17981	6.22009	6.21202	6.22331	6.24307
0.652213	6.25789	6.23885	6.19203	6.19877	6.20984	6.20957	6.18116	6.23533	6.23215
0.656812	6.23306	6.24379	6.19482	6.21126	6.19421	6.22284	6.19462	6.24163	6.23037
0.661425	6.23626	6.21141	6.20755	6.1954	6.1863	6.19891	6.225	6.2591	6.21895
0.666088	6.27685	6.22855	6.19928	6.20364	6.20243	6.2262	6.21155	6.24793	6.21666
0.670775	6.24457	6.22753	6.18748	6.21821	6.20317	6.23785	6.20308	6.25598	6.22397
0.675488	6.23851	6.22102	6.21023	6.20196	6.20434	6.2319	6.19708	6.23234	6.21796
0.680237	6.26427	6.24493	6.18106	6.19105	6.21297	6.23095	6.20027	6.25599	6.22149
0.685025	6.24427	6.23405	6.19235	6.18103	6.17725	6.2118	6.1679	6.26014	6.22891
0.689838	6.26201	6.24269	6.20507	6.19424	6.19969	6.2385	6.19505	6.25347	6.20397
0.694687	6.24964	6.22677	6.20269	6.20041	6.21101	6.24144	6.2105	6.22493	6.21003
0.699575	6.24226	6.21753	6.18527	6.20303	6.1729	6.20392	6.2204	6.24039	6.2667
0.7045	6.27247	6.24864	6.18359	6.186	6.1934	6.23733	6.19302	6.21021	6.21796
0.70945	6.24545	6.23198	6.19415	6.20554	6.21012	6.22087	6.19352	6.24576	6.21363
0.714437	6.26026	6.21214	6.20723	6.19613	6.20339	6.2246	6.1883	6.24501	6.21765
0.719463	6.26312	6.24202	6.20241	6.21093	6.19807	6.19297	6.22253	6.23424	6.20778
0.724513	6.24537	6.22202	6.19914	6.23043	6.21817	6.22366	6.18333	6.24277	6.2286
0.7296	6.25027	6.22607	6.22497	6.20135	6.21532	6.19977	6.19562	6.24847	6.23277
0.734738	6.23108	6.23575	6.21896	6.20919	6.17358	6.20563	6.21276	6.21754	6.23155
0.7399	6.2629	6.21288	6.19076	6.20509	6.18418	6.2301	6.21679	6.21444	6.20894
0.745088	6.23339	6.24634	6.21472	6.2083	6.19523	6.22233	6.23044	6.24336	6.2146
0.750325	6.2324	6.24002	6.18773	6.20755	6.19498	6.24081	6.19942	6.24895	6.21921
0.7556	6.24844	6.22439	6.19542	6.1878	6.17495	6.22467	6.20198	6.23669	6.23325
0.7609	6.26009	6.26063	6.17101	6.18695	6.20879	6.22999	6.19486	6.23178	6.22841
0.76625	6.25884	6.22184	6.16918	6.2199	6.2134	6.19426	6.21842	6.25401	6.23017
0.771625	6.26957	6.23174	6.19547	6.20892	6.20108	6.23625	6.18702	6.24616	6.23052
0.77705	6.25782	6.26041	6.20043	6.20823	6.19631	6.22876	6.18537	6.24684	6.22884
0.7825	6.24984	6.20658	6.21009	6.1969	6.20809	6.21332	6.19667	6.23538	6.21991
0.788	6.2451	6.2339	6.19886	6.17147	6.20898	6.23457	6.21652	6.25	6.22996
0.793525	6.24841	6.22758	6.1993	6.2063	6.20358	6.24601	6.17932	6.26282	6.21008
0.7991	6.2671	6.25544	6.20055	6.2011	6.22364	6.22965	6.21137	6.22855	6.21711
0.8047	6.254	6.24238	6.19401	6.18773	6.2024	6.22401	6.21876	6.23144	6.20135
0.81035	6.25501	6.22782	6.19536	6.19592	6.19828	6.22614	6.19502	6.25189	6.22629
0.816037	6.23677	6.21566	6.18107	6.20205	6.19788	6.22709	6.21723	6.21627	6.23309
0.821763	6.25318	6.22596	6.21223	6.21291	6.18995	6.2228	6.20138	6.25992	6.23293
0.827525	6.26497	6.21389	6.18058	6.20917	6.20274	6.21471	6.21245	6.23812	6.21989
0.833337	6.27284	6.20836	6.20753	6.20466	6.20078	6.22462	6.20481	6.2498	6.22816
0.839175	6.25308	6.21906	6.20482	6.20275	6.18373	6.22945	6.20815	6.21819	6.20333
0.845062	6.26319	6.25596	6.20704	6.20895	6.19614	6.20481	6.19945	6.24546	6.22376
0.851	6.25409	6.2304	6.19526	6.20074	6.18931	6.23184	6.20586	6.24668	6.21577
0.856963	6.25756	6.2238	6.18655	6.20974	6.15894	6.22227	6.21847	6.23742	6.22837
0.862975	6.24075	6.22605	6.1979	6.1901	6.20289	6.22057	6.20429	6.22676	6.21756
0.869025	6.25429	6.22788	6.21633	6.19208	6.20501	6.21366	6.19014	6.24231	6.20722
0.875112	6.24019	6.24297	6.20928	6.19782	6.20754	6.2324	6.23287	6.26584	6.19925
0.88125	6.25076	6.22662	6.19649	6.20111	6.20761	6.22183	6.2055	6.23472	6.19979
0.887425	6.24976	6.21568	6.18971	6.20011	6.20711	6.2211	6.21797	6.22319	6.20871
0.89365	6.25065	6.2345	6.21058	6.20432	6.18553	6.20754	6.19851	6.21949	6.21969
0.899912	6.23365	6.22677	6.18768	6.22584	6.17558	6.22539	6.20245	6.20733	6.2307
0.906225	6.2392	6.22308	6.2161	6.20038	6.19725	6.21236	6.20799	6.2189	6.21483
0.912575	6.25054	6.23582	6.194	6.19317	6.1715	6.22753	6.1932	6.22617	6.22069
0.918962	6.26091	6.22869	6.20562	6.1963	6.19644	6.23176	6.21034	6.23323	6.23572
0.9254	6.23126	6.22282	6.19844	6.199	6.17386	6.21678	6.1954	6.21389	6.20955
0.931888	6.26599	6.22347	6.22102	6.19974	6.21119	6.24111	6.19209	6.23593	6.20639
0.938412	6.25529	6.22886	6.1972	6.19826	6.19845	6.21623	6.21574	6.24601	6.24479
0.944987	6.27753	6.2341	6.21758	6.19669	6.18978	6.20116	6.21562	6.26351	6.22315
0.951612	6.26197	6.22093	6.2037	6.21947	6.18461	6.21067	6.18072	6.24425	6.20504
0.958275	6.25965	6.2306	6.21467	6.21104	6.17754	6.20154	6.19521	6.22743	6.22607
0.964988	6.23429	6.2249	6.18718	6.22345	6.19638	6.21901	6.20025	6.23792	6.22668
0.97175	6.2395	6.22217	6.19613	6.20205	6.19971	6.18231	6.2094	6.24584	6.20776
0.97855	6.24954	6.21583	6.19601	6.18608	6.1756	6.22933	6.19369	6.23975	6.22803
0.9854	6.27536	6.22354	6.18601	6.20405	6.18499	6.21483	6.19657	6.22516	6.20883
0.9923	6.26367	6.24948	6.21039	6.20913	6.18352	6.22905	6.20791	6.23146	6.22266
0.99925	6.23277	6.22281	6.18947	6.1956	6.20041	6.21624	6.19794	6.24061	6.23459
1.00625	6.23994	6.23416	6.18801	6.22488	6.18711	6.22507	6.19958	6.23787	6.19499
1.01329	6.24964	6.23479	6.19436	6.20537	6.1951	6.20554	6.19192	6.24122	6.2214
1.02039	6.25367	6.22461	6.18931	6.19427	6.19404	6.22807	6.197	6.24482	6.22275
1.02752	6.25983	6.23898	6.19213	6.18398	6.17918	6.20332	6.2102	6.24546	6.22599
1.03472	6.25578	6.24435	6.232	6.1991	6.19753	6.22146	6.18414	6.22719	6.21962
1.04196	6.22109	6.23269	6.21094	6.18745	6.20091	6.21206	6.20155	6.24685	6.21146
1.04925	6.24092	6.21358	6.19695	6.21219	6.19976	6.22379	6.21617	6.24303	6.22272
1.0566	6.23443	6.23767	6.20533	6.19887	6.19119	6.22985	6.19838	6.2277	6.21461
1.06399	6.24603	6.23113	6.1772	6.20629	6.20947	6.21727	6.19807	6.23582	6.22492
1.07144	6.25205	6.2348	6.19302	6.19301	6.20284	6.20976	6.21058	6.24504	6.23598
1.07893	6.23849	6.22395	6.20055	6.19619	6.19321	6.21881	6.20437	6.23141	6.24287
1.08648	6.23708	6.22939	6.1937	6.20986	6.19835	6.22111	6.21371	6.22555	6.21312
1.09407	6.24086	6.21068	6.19266	6.21477	6.20677	6.21709	6.20386	6.25258	6.2175
1.10174	6.25432	6.21153	6.20252	6.19766	6.18224	6.22397	6.20231	6.23447	6.21248
1.10944	6.26617	6.22353	6.21144	6.20421	6.17386	6.22389	6.20902	6.2245	6.24656
1.1172	6.25319	6.21667	6.18531	6.20028	6.19713	6.21958	6.21966	6.22035	6.22529
1.12501	6.24711	6.20636	6.19231	6.19513	6.19624	6.21863	6.21878	6.24548	6.22101
1.13287	6.22587	6.21663	6.19897	6.19679	6.18804	6.21454	6.20947	6.23533	6.23579
1.1408	6.23921	6.22169	6.20265	6.19967	6.19614	6.22563	6.22469	6.23215	6.22875
1.14877	6.26801	6.20212	6.20968	6.20615	6.16676	6.2258	6.21322	6.23358	6.21883
1.15681	6.23817	6.22651	6.18634	6.21028	6.19258	6.20684	6.20406	6.24817	6.22873
1.1649	6.2544	6.21394	6.20909	6.2015	6.19	6.22649	6.22318	6.23358	6.20869
1.17304	6.23466	6.22027	6.20543	6.19872	6.18153	6.21356	6.19745	6.21918	6.2173
1.18124	6.25316	6.2191	6.19395	6.1912	6.198	6.23164	6.20589	6.23412	6.24222
1.1895	6.24666	6.2231	6.18901	6.21354	6.17742	6.21872	6.20088	6.22265	6.2311
1.19781	6.24745	6.22908	6.20339	6.20913	6.19455	6.2146	6.21099	6.22395	6.23031
1.20619	6.2567	6.22804	6.19163	6.19451	6.20807	6.21762	6.21974	6.2139	6.21832
1.21461	6.24421	6.23534	6.20128	6.20684	6.20247	6.2151	6.21188	6.24046	6.20489
1.2231	6.25733	6.21919	6.1946	6.21617	6.20506	6.21729	6.21875	6.23944	6.2196
1.23165	6.23829	6.22527	6.19069	6.21292	6.19174	6.21122	6.19815	6.23157	6.22311
1.24026	6.24417	6.21254	6.20695	6.20191	6.18893	6.22	6.20078	6.23957	6.21675
1.24892	6.25732	6.20752	6.2048	6.21508	6.19701	6.2171	6.18936	6.21959	6.20651
1.25765	6.24521	6.22232	6.18547	6.20709	6.19199	6.23427	6.20697	6.23664	6.21926
1.26644	6.22694	6.23883	6.21436	6.20336	6.18711	6.22099	6.20543	6.22424	6.22691
1.27529	6.25584	6.21343	6.21807	6.21211	6.18549	6.22045	6.21804	6.22509	6.22255
1.2842	6.25645	6.22233	6.20301	6.21546	6.19179	6.22405	6.21492	6.22775	6.22971
1.29316	6.25413	6.22331	6.21518	6.21467	6.20353	6.21403	6.21006	6.22179	6.21083
1.3022	6.2453	6.2282	6.18651	6.20563	6.20008	6.21404	6.22212	6.23973	6.21031
1.3113	6.24485	6.21245	6.20541	6.1977	6.18082	6.23429	6.213	6.23749	6.21366
1.32045	6.26667	6.22077	6.19826	6.21579	6.18803	6.2239	6.2195	6.2269	6.2286
1.32967	6.25025	6.22603	6.2001	6.20399	6.17912	6.21159	6.21732	6.24048	6.22545
1.33896	6.25321	6.22095	6.21396	6.20064	6.1878	6.22671	6.21663	6.23308	6.21167
1.34831	6.25159	6.20367	6.20617	6.20033	6.19958	6.23746	6.22175	6.24826	6.22952
1.35773	6.25895	6.20132	6.19427	6.2063	6.2183	6.22737	6.22441	6.22999	6.22393
1.36721	6.25578	6.21212	6.20561	6.19152	6.19282	6.20313	6.1917	6.24007	6.23759
1.37675	6.2611	6.20489	6.19766	6.20193	6.18613	6.22005	6.21204	6.22279	6.21372
1.38636	6.24889	6.21217	6.2097	6.20235	6.19351	6.23242	6.21583	6.24385	6.227
1.39605	6.24298	6.21578	6.22442	6.2131	6.19347	6.21585	6.20641	6.2349	6.2155
1.4058	6.25367	6.21506	6.19366	6.19861	6.20289	6.22118	6.20097	6.24116	6.21817
1.41561	6.2476	6.22561	6.19599	6.1932	6.21427	6.22365	6.20756	6.23142	6.24011
1.42549	6.26167	6.21802	6.19213	6.19725	6.18965	6.22025	6.21137	6.21733	6.20931
1.43544	6.2528	6.23052	6.19508	6.21381	6.20373	6.23369	6.21334	6.21846	6.23345
1.44546	6.25127	6.22451	6.19887	6.21384	6.20392	6.21393	6.21704	6.23383	6.21508
1.45555	6.25298	6.23164	6.19324	6.19982	6.19656	6.22114	6.20729	6.23845	6.22077
1.46571	6.23285	6.21719	6.18977	6.19921	6.20218	6.20403	6.21102	6.22556	6.20641
1.47594	6.25799	6.22115	6.19452	6.19586	6.20015	6.2258	6.2165	6.24613	6.20504
1.48624	6.25378	6.22368	6.19252	6.20181	6.20133	6.2225	6.20124	6.24146	6.21131
1.49661	6.25645	6.21101	6.1957	6.21308	6.17839	6.22852	6.21463	6.23371	6.21903
1.50705	6.26483	6.23581	6.20141	6.20677	6.18603	6.21262	6.20076	6.21496	6.23045
1.51756	6.24075	6.21915	6.19479	6.20307	6.20243	6.23316	6.21679	6.24169	6.21966
1.52815	6.25862	6.22358	6.20613	6.20562	6.20656	6.20649	6.20056	6.23388	6.23039
1.53881	6.24659	6.2112	6.18656	6.19843	6.19898	6.23208	6.2024	6.23238	6.21491
1.54955	6.25577	6.2193	6.20499	6.21522	6.19547	6.21386	6.19164	6.24518	6.22639
1.56036	6.24433	6.22017	6.19385	6.20272	6.21658	6.21834	6.20936	6.21983	6.22899
1.57125	6.25067	6.21894	6.2054	6.21262	6.19454	6.2193	6.2005	6.23378	6.23627
1.58221	6.25148	6.22444	6.1818	6.19325	6.18986	6.21634	6.20475	6.23227	6.22681
1.59325	6.23836	6.22447	6.19377	6.20008	6.19774	6.21181	6.20751	6.22838	6.21298
1.60436	6.26613	6.21621	6.20576	6.19843	6.2107	6.23523	6.20983	6.23548	6.21581
1.61555	6.22033	6.23952	6.2093	6.18837	6.1916	6.20552	6.21622	6.22976	6.22976
1.62681	6.26102	6.23124	6.2039	6.22454	6.20748	6.2104	6.20092	6.23428	6.22556
1.63816	6.26434	6.21508	6.19968	6.23312	6.19365	6.20815	6.19835	6.2282	6.22323
1.64959	6.25644	6.22764	6.19606	6.20912	6.18726	6.19934	6.20463	6.23387	6.21738
1.66109	6.25576	6.20401	6.19461	6.20308	6.19166	6.20526	6.19452	6.24725	6.2241
1.67268	6.24887	6.21131	6.20972	6.2022	6.20195	6.23483	6.20704	6.21219	6.23773
1.68434	6.24708	6.21735	6.21841	6.19447	6.19629	6.22459	6.20665	6.21912	6.21656
1.69609	6.25166	6.20739	6.20123	6.21068	6.21034	6.2266	6.216	6.24002	6.22272
1.70791	6.26005	6.2151	6.21061	6.21345	6.21221	6.21409	6.20816	6.22529	6.23686
1.71981	6.2448	6.22008	6.19815	6.20687	6.18756	6.2217	6.20059	6.23177	6.21574
1.73181	6.22473	6.21806	6.20279	6.21101	6.19724	6.22975	6.21579	6.23117	6.23376
1.74388	6.24766	6.22553	6.20657	6.19347	6.20086	6.21553	6.18744	6.23904	6.22236
1.75604	6.24593	6.21743	6.22225	6.21357	6.19814	6.2154	6.2044	6.2206	6.22456
1.76828	6.25488	6.21869	6.18483	6.19904	6.20267	6.21606	6.21595	6.23517	6.22762
1.7806	6.23196	6.22608	6.2087	6.19336	6.20869	6.2194	6.21464	6.22163	6.23988
1.79301	6.23716	6.24054	6.19951	6.20222	6.20328	6.20867	6.20844	6.24215	6.23934
1.80551	6.2505	6.2381	6.20646	6.21662	6.19276	6.22031	6.2051	6.22355	6.22627
1.8181	6.25418	6.22798	6.18225	6.21068	6.20089	6.22933	6.20628	6.2328	6.22771
1.83078	6.25066	6.22777	6.20571	6.20128	6.19301	6.21099	6.20087	6.23325	6.23237
1.84354	6.24726	6.21869	6.19389	6.20006	6.18521	6.22165	6.17952	6.23524	6.21878
1.85637	6.25711	6.20215	6.19104	6.20333	6.21025	6.22206	6.19399	6.22283	6.22327
1.86931	6.26354	6.22897	6.18878	6.21619	6.18667	6.21946	6.20308	6.22843	6.21161
1.88234	6.25425	6.21636	6.18376	6.21518	6.18515	6.23073	6.19372	6.23195	6.21156
1.89546	6.23695	6.20404	6.20134	6.22084	6.1873	6.21087	6.21445	6.2362	6.22907
1.90866	6.24953	6.21981	6.19131	6.21618	6.19478	6.21743	6.20609	6.24433	6.22925
1.92196	6.24732	6.21726	6.1826	6.20025	6.20116	6.20599	6.21743	6.22108	6.22023
1.93536	6.24935	6.22476	6.19669	6.20671	6.19613	6.21801	6.20667	6.24571	6.22337
1.94885	6.23877	6.22436	6.19084	6.21785	6.2045	6.23192	6.20424	6.22988	6.22089
1.96242	6.24746	6.21987	6.19753	6.19787	6.19803	6.22671	6.19935	6.22903	6.22297
1.9761	6.24565	6.22428	6.19466	6.20918	6.1878	6.22629	6.20041	6.23366	6.21756
1.98986	6.23343	6.22565	6.19844	6.20061	6.1983	6.23251	6.20445	6.23051	6.23841
2.00373	6.2397	6.21882	6.19722	6.196	6.20008	6.21036	6.18425	6.23824	6.22187
2.01769	6.24328	6.2326	6.2081	6.19777	6.20162	6.21697	6.19818	6.232	6.22351
2.03174	6.24736	6.22316	6.19921	6.20288	6.20283	6.22195	6.19277	6.21937	6.23193
2.04589	6.2289	6.20732	6.21579	6.20371	6.18871	6.23922	6.21188	6.23919	6.22575
2.06014	6.24579	6.2193	6.20172	6.20866	6.19925	6.22306	6.18996	6.23016	6.2442
2.07449	6.2392	6.22237	6.18954	6.20693	6.20631	6.23205	6.2038	6.24507	6.21061
2.08894	6.24726	6.23319	6.19938	6.19982	6.19632	6.22956	6.20436	6.24281	6.2006
2.10349	6.24607	6.21818	6.19301	6.18743	6.19068	6.21655	6.1993	6.22946	6.22442
2.11814	6.24292	6.22949	6.19754	6.20872	6.21498	6.23447	6.20195	6.23124	6.22655
2.13289	6.25499	6.22348	6.20297	6.21775	6.19861	6.24452	6.20562	6.22976	6.216
2.14775	6.25158	6.21352	6.18729	6.20718	6.1848	6.22973	6.19072	6.23736	6.22797
2.1627	6.2458	6.23268	6.19739	6.20269	6.19184	6.21438	6.19493	6.23732	6.22928
2.17776	6.25168	6.23574	6.19472	6.21335	6.19363	6.23847	6.19233	6.24329	6.22173
2.19292	6.25042	6.21389	6.2018	6.20158	6.18831	6.22938	6.20676	6.24057	6.22858
2.2082	6.24165	6.23026	6.20028	6.21082	6.21045	6.23201	6.19437	6.23261	6.21712
2.22358	6.25528	6.22617	6.20801	6.20783	6.18727	6.23231	6.20647	6.23731	6.23427
2.23905	6.2552	6.2117	6.19887	6.19994	6.20411	6.23506	6.18756	6.22717	6.22612
2.25465	6.25366	6.21862	6.19918	6.21143	6.19774	6.22969	6.20601	6.23224	6.2387
2.27034	6.25466	6.23494	6.20035	6.21351	6.1874	6.23491	6.20173	6.23141	6.22338
2.28615	6.24318	6.20589	6.18749	6.21095	6.20419	6.23786	6.19228	6.2396	6.23508
2.30206	6.25139	6.21115	6.19494	6.1985	6.19361	6.22846	6.20427	6.24431	6.23717
2.31809	6.25077	6.21608	6.18672	6.20266	6.18778	6.22736	6.20494	6.23927	6.24279
2.33422	6.24149	6.23538	6.2007	6.20279	6.19226	6.22829	6.20797	6.23509	6.24565
2.35048	6.24604	6.22794	6.18561	6.20892	6.18624	6.2308	6.1982	6.23052	6.2317
2.36684	6.23287	6.23496	6.19414	6.18915	6.19667	6.22817	6.19777	6.23604	6.23787
2.38331	6.24883	6.22182	6.1855	6.1995	6.18637	6.22311	6.20199	6.24115	6.24105
2.3999	6.24385	6.20945	6.18607	6.20934	6.20335	6.22711	6.20538	6.24716	6.23535
2.41661	6.24921	6.2164	6.18507	6.20916	6.19629	6.22554	6.21777	6.24286	6.22116
2.43342	6.24708	6.21158	6.18058	6.20468	6.20291	6.21601	6.2009	6.23335	6.24683
2.45036	6.26276	6.2197	6.19733	6.20086	6.18729	6.23195	6.20311	6.22798	6.24791
2.46743	6.24217	6.22849	6.19665	6.20084	6.19456	6.22921	6.19938	6.22975	6.24307
2.4846	6.25861	6.20703	6.18628	6.21525	6.20255	6.22727	6.20251	6.24558	6.2452
2.50189	6.23974	6.21155	6.19517	6.2048	6.18953	6.22254	6.20116	6.24703	6.24822
2.5193	6.24882	6.23174	6.18899	6.20887	6.18696	6.22113	6.19918	6.24127	6.24158
2.53682	6.25455	6.22134	6.2	6.21369	6.18793	6.2178	6.20427	6.23623	6.23295
2.55449	6.25083	6.2271	6.20239	6.21186	6.20273	6.23529	6.20528	6.24447	6.24595
2.57226	6.25472	6.21586	6.19329	6.1953	6.19425	6.21519	6.19291	6.23768	6.23935
2.59016	6.23856	6.21747	6.19738	6.20128	6.18012	6.23014	6.20289	6.24234	6.24128
2.60819	6.24672	6.22966	6.19756	6.21469	6.1921	6.22651	6.21575	6.23865	6.23354
2.62634	6.2483	6.21533	6.20258	6.20127	6.19855	6.21794	6.21294	6.24215	6.23032
2.6446	6.24552	6.22326	6.19535	6.20061	6.1926	6.22096	6.20432	6.26083	6.23066
2.66301	6.23696	6.20009	6.18328	6.20051	6.19212	6.22454	6.19911	6.23337	6.23357
2.68154	6.2293	6.21525	6.199	6.21197	6.18899	6.22262	6.19729	6.23922	6.24469
2.70019	6.24531	6.22596	6.19225	6.21676	6.1943	6.2141	6.20638	6.24107	6.24539
2.71898	6.25277	6.22166	6.18944	6.18774	6.19217	6.22829	6.20406	6.24975	6.24361
2.7379	6.24936	6.22098	6.20318	6.19945	6.19382	6.23067	6.19643	6.24285	6.25242
2.75694	6.2536	6.22717	6.19994	6.20203	6.19172	6.21218	6.20061	6.25175	6.23799
2.77612	6.25275	6.22391	6.19851	6.20628	6.19971	6.21141	6.19932	6.24226	6.24356
2.79544	6.23979	6.22169	6.19932	6.20303	6.19628	6.21661	6.19745	6.23536	6.23291
2.81487	6.24869	6.22616	6.18259	6.20259	6.199	6.2211	6.19852	6.24611	6.24828
2.83446	6.24351	6.2244	6.19029	6.2166	6.19273	6.21156	6.19479	6.24159	6.2479
2.85418	6.24221	6.23371	6.18992	6.21181	6.18494	6.22665	6.19132	6.24351	6.23999
2.87404	6.24108	6.22308	6.19907	6.19985	6.18931	6.21858	6.20406	6.24584	6.2435
2.89403	6.24652	6.2298	6.19344	6.21	6.192	6.21873	6.19419	6.2374	6.24865
2.91415	6.24136	6.22344	6.19929	6.20277	6.19374	6.21533	6.2013	6.24903	6.23923
2.93443	6.24625	6.21636	6.19709	6.19964	6.18928	6.21153	6.2079	6.23837	6.23734
2.95484	6.25366	6.22302	6.18958	6.21438	6.1959	6.22161	6.19887	6.24604	6.24221
2.97539	6.24686	6.2206	6.19822	6.21005	6.1886	6.22331	6.19633	6.23574	6.24472
2.99607	6.25595	6.21769	6.19586	6.19948	6.1722	6.21299	6.197	6.23585	6.22977
3.01691	6.24722	6.21063	6.19072	6.19841	6.20137	6.22489	6.18348	6.24151	6.22887
3.0379	6.24822	6.22894	6.19964	6.19724	6.18459	6.23578	6.20372	6.24101	6.24569
3.05903	6.24615	6.21353	6.1984	6.19916	6.18972	6.22832	6.19492	6.24149	6.24202
3.0803	6.24145	6.22682	6.19315	6.2103	6.19485	6.22001	6.19977	6.23781	6.25146
3.10171	6.25244	6.21308	6.20721	6.20109	6.19186	6.21379	6.20631	6.23567	6.2293
3.12329	6.24584	6.22223	6.20199	6.19265	6.19907	6.20831	6.20262	6.243	6.23125
3.145	6.244	6.22228	6.19366	6.20648	6.19276	6.20869	6.19916	6.2392	6.22899
3.16687	6.25004	6.22416	6.20432	6.20586	6.19253	6.2308	6.18945	6.24698	6.23903
3.1889	6.24585	6.22929	6.19691	6.19327	6.19514	6.2317	6.20463	6.24126	6.23352
3.21108	6.2442	6.22765	6.19581	6.20489	6.1932	6.22195	6.20252	6.2374	6.23177
3.2334	6.25291	6.23599	6.20116	6.21086	6.19532	6.21723	6.20245	6.23547	6.24029
3.25588	6.25985	6.24031	6.20313	6.19658	6.18886	6.21898	6.19622	6.2463	6.23293
3.27851	6.25549	6.2242	6.19832	6.1977	6.1928	6.22895	6.19525	6.24021	6.23364
3.30131	6.25012	6.23337	6.19483	6.19929	6.19274	6.20893	6.19531	6.22555	6.23546
3.32426	6.25405	6.22552	6.204	6.19151	6.19383	6.22671	6.19664	6.23473	6.23606
3.34737	6.24495	6.22104	6.19431	6.20163	6.18403	6.21047	6.20471	6.2413	6.23263
3.37065	6.24285	6.22648	6.20415	6.21014	6.19496	6.22931	6.19617	6.23376	6.23899
3.39409	6.2618	6.22731	6.21192	6.20038	6.19458	6.21328	6.20273	6.2404	6.23527
3.41768	6.25112	6.22614	6.21185	6.19969	6.1886	6.21524	6.201	6.24241	6.236
3.44144	6.24895	6.2225	6.19846	6.19976	6.19461	6.22016	6.19955	6.24191	6.23544
3.46536	6.24602	6.23287	6.20425	6.20567	6.1948	6.22181	6.20479	6.22979	6.2338
3.48945	6.23428	6.22382	6.1964	6.20612	6.18669	6.21841	6.20232	6.23903	6.23536
3.51371	6.25434	6.22262	6.19905	6.21703	6.19044	6.21683	6.21059	6.24321	6.235
3.53814	6.23396	6.2233	6.20873	6.21531	6.19056	6.22748	6.19512	6.24636	6.23881
3.56273	6.25602	6.22391	6.19945	6.21903	6.18946	6.22024	6.21077	6.24846	6.22785
3.58749	6.25136	6.22438	6.21121	6.21662	6.19207	6.21625	6.20451	6.23338	6.23381
3.61243	6.25224	6.23603	6.21387	6.20582	6.18741	6.21677	6.20697	6.24158	6.23164
3.63754	6.25712	6.22123	6.20955	6.22308	6.18836	6.2134	6.20054	6.22978	6.24367
3.66283	6.24403	6.22837	6.20887	6.2054	6.19619	6.22233	6.19606	6.23389	6.24349
3.68829	6.24654	6.21439	6.21252	6.20275	6.18071	6.22702	6.2116	6.24563	6.23708
3.71391	6.24699	6.22949	6.20112	6.21113	6.18983	6.22754	6.20792	6.2373	6.24183
3.73973	6.24871	6.22721	6.20923	6.21695	6.18618	6.22856	6.20702	6.24035	6.23583
3.76572	6.25195	6.22261	6.20153	6.21496	6.18162	6.23199	6.20925	6.23479	6.24162
3.7919	6.24799	6.22565	6.21005	6.20482	6.18628	6.21626	6.19938	6.24977	6.24318
3.81825	6.249	6.22383	6.18967	6.20522	6.1924	6.22702	6.20528	6.22783	6.23691
3.84479	6.25027	6.23149	6.19203	6.21452	6.18505	6.22327	6.19972	6.24836	6.24385
3.8715	6.25266	6.23374	6.2022	6.21385	6.17798	6.21976	6.21548	6.25457	6.23654
3.89841	6.2468	6.22224	6.20648	6.20255	6.18562	6.23394	6.19984	6.23903	6.23506
3.9255	6.24729	6.2244	6.20414	6.20397	6.18581	6.23843	6.20892	6.24506	6.24854
3.95278	6.246	6.22523	6.19468	6.21453	6.19281	6.23499	6.21973	6.23487	6.24874
3.98025	6.24702	6.22462	6.19773	6.2191	6.20045	6.21911	6.20087	6.23395	6.24394
4.00791	6.2486	6.2315	6.19852	6.20322	6.19347	6.2293	6.20137	6.24333	6.24524
4.03576	6.24323	6.22701	6.19878	6.20943	6.18111	6.22171	6.2024	6.23683	6.24391
4.0638	6.24985	6.22891	6.20674	6.21235	6.18621	6.23674	6.20694	6.23676	6.24311
4.09204	6.24232	6.22267	6.20269	6.21032	6.2001	6.22288	6.20888	6.23407	6.23924
4.12047	6.24453	6.21986	6.19823	6.21826	6.18379	6.227	6.203	6.24177	6.23487
4.1491	6.24205	6.22611	6.20053	6.2095	6.1886	6.22805	6.20247	6.23289	6.24319
4.17794	6.23774	6.21592	6.19762	6.20906	6.19186	6.22942	6.20512	6.24235	6.24458
4.20696	6.25286	6.2307	6.19823	6.20794	6.20147	6.22944	6.21599	6.2449	6.23731
4.2362	6.25533	6.221	6.19	6.216	6.18738	6.23153	6.20192	6.24842	6.23531
4.26563	6.24961	6.2236	6.20478	6.20988	6.1934	6.23085	6.20577	6.24264	6.23626
4.29526	6.24901	6.21674	6.19664	6.22134	6.1878	6.22859	6.19423	6.24174	6.22861
4.32511	6.24851	6.21978	6.19611	6.19884	6.19651	6.22908	6.20699	6.24606	6.23234
4.35516	6.25322	6.21555	6.19624	6.215	6.19173	6.22051	6.20342	6.23608	6.23974
4.38541	6.24707	6.22783	6.20031	6.21169	6.19471	6.22348	6.19475	6.2368	6.23329
4.41589	6.25137	6.21908	6.19953	6.2125	6.19676	6.23615	6.19896	6.23721	6.2346
4.44656	6.24865	6.23345	6.19318	6.21935	6.18768	6.22089	6.20928	6.2508	6.23032
4.47745	6.244	6.22114	6.19119	6.20324	6.19929	6.21867	6.20588	6.23846	6.24486
4.50856	6.24637	6.22444	6.19858	6.20468	6.19903	6.21908	6.20728	6.24253	6.23023
4.53988	6.24849	6.22156	6.19028	6.21254	6.19969	6.21704	6.20393	6.24145	6.2331
4.57142	6.25712	6.21997	6.19771	6.20776	6.18933	6.22315	6.20061	6.23391	6.23465
4.60318	6.23947	6.23065	6.20146	6.21224	6.19966	6.22039	6.20519	6.23992	6.23536
4.63515	6.24882	6.22332	6.20544	6.20814	6.19406	6.22694	6.20776	6.24609	6.23451
4.66735	6.25332	6.21521	6.20128	6.20949	6.19531	6.22526	6.19398	6.2316	6.23106
4.69978	6.24503	6.21778	6.18793	6.21081	6.19765	6.21906	6.20333	6.23617	6.24112
4.73243	6.2514	6.21483	6.19167	6.21134	6.1983	6.21788	6.20558	6.24481	6.22742
4.76529	6.24511	6.22242	6.19838	6.20627	6.19987	6.21943	6.20955	6.23942	6.23684
4.79839	6.23983	6.21394	6.19528	6.20246	6.19649	6.22519	6.20574	6.2436	6.23431
4.83173	6.24526	6.22236	6.1961	6.1998	6.20293	6.222	6.20374	6.24221	6.22906
4.86529	6.24681	6.2124	6.20049	6.20573	6.19799	6.21748	6.19968	6.23373	6.22481
4.89908	6.24538	6.21925	6.19584	6.20436	6.1915	6.22388	6.19988	6.24622	6.23288
4.93311	6.24084	6.22973	6.19875	6.20729	6.18809	6.21457	6.20164	6.23896	6.22675
4.96737	6.2437	6.22467	6.19389	6.20664	6.19322	6.21851	6.20544	6.23647	6.23617
5.00187	6.24768	6.22281	6.19606	6.20581	6.19069	6.2118	6.19849	6.23957	6.23707
5.03661	6.25666	6.22792	6.19018	6.19374	6.18891	6.22046	6.20565	6.23619	6.2372
5.0716	6.24482	6.22453	6.19863	6.20387	6.18865	6.223	6.19881	6.23695	6.23209
5.10681	6.25035	6.22481	6.18915	6.20879	6.19804	6.21884	6.20014	6.23465	6.23276
5.14229	6.25126	6.23705	6.19592	6.19592	6.19356	6.21401	6.20352	6.2323	6.23755
5.178	6.24503	6.22805	6.19684	6.19408	6.18801	6.22741	6.19843	6.2393	6.24225
5.21396	6.2471	6.22766	6.20112	6.19822	6.20056	6.21321	6.20176	6.22905	6.24272
5.25017	6.23519	6.22378	6.19202	6.19745	6.20205	6.21785	6.20204	6.23779	6.23894
5.28664	6.24892	6.23009	6.19416	6.19938	6.19028	6.20813	6.19346	6.2317	6.23488
5.32335	6.24727	6.22265	6.19523	6.19997	6.19224	6.22107	6.20913	6.24311	6.24086
5.36031	6.24881	6.2265	6.19542	6.20957	6.19474	6.21082	6.20349	6.23262	6.23405
5.39754	6.25575	6.21711	6.19461	6.20974	6.19507	6.21885	6.20785	6.23348	6.23319
5.43503	6.24303	6.22635	6.19331	6.20167	6.20913	6.21766	6.20938	6.23663	6.24503
5.47277	6.24773	6.22002	6.18695	6.19663	6.20796	6.22365	6.209	6.2443	6.24087
5.51078	6.25049	6.2306	6.1932	6.20486	6.19333	6.21999	6.19332	6.23921	6.23716
5.54904	6.25438	6.22395	6.19535	6.19969	6.19806	6.22056	6.20335	6.23682	6.24108
5.58757	6.25218	6.22146	6.18338	6.19448	6.19411	6.21897	6.19154	6.23353	6.24594
5.62638	6.25517	6.22766	6.18338	6.1954	6.19904	6.22129	6.20029	6.25306	6.23649
5.66545	6.24877	6.22312	6.19123	6.20333	6.19495	6.22958	6.20484	6.24708	6.2346
5.70479	6.25316	6.21492	6.18614	6.20255	6.20009	6.22502	6.20487	6.24627	6.23129
5.7444	6.24959	6.22617	6.19646	6.20169	6.19988	6.23647	6.2023	6.23065	6.23878
5.78429	6.23925	6.21661	6.19945	6.21206	6.19973	6.23307	6.20814	6.24602	6.23784
5.82445	6.25472	6.21553	6.17863	6.20916	6.20525	6.2303	6.20411	6.23627	6.23947
5.86489	6.2442	6.22247	6.19075	6.21104	6.19871	6.22597	6.207	6.24886	6.23081
5.90561	6.24202	6.21875	6.18838	6.20902	6.20191	6.21999	6.20099	6.23697	6.24228
5.94663	6.24637	6.22247	6.18887	6.20693	6.19798	6.22023	6.20077	6.24437	6.23917
5.98791	6.24649	6.2117	6.19276	6.20779	6.20646	6.21825	6.20362	6.24338	6.23616
6.02949	6.24799	6.22208	6.19071	6.22535	6.20024	6.21622	6.20503	6.24798	6.24148
6.07135	6.23821	6.22017	6.19713	6.2182	6.19617	6.22184	6.2062	6.238	6.23867
6.1135	6.25061	6.21899	6.19586	6.21521	6.21127	6.23249	6.20128	6.23496	6.23936
6.15595	6.24775	6.22528	6.2016	6.20655	6.20149	6.23087	6.20984	6.24348	6.24226
6.19869	6.24062	6.22983	6.20084	6.2054	6.19671	6.22148	6.2101	6.24381	6.24458
6.24172	6.2388	6.22017	6.20523	6.206	6.20774	6.21486	6.20305	6.24069	6.24731
6.28506	6.24312	6.22374	6.19329	6.21689	6.20673	6.21602	6.20941	6.24097	6.2388
6.3287	6.25067	6.22414	6.20214	6.20878	6.19625	6.22331	6.20404	6.24114	6.24029
6.37264	6.24162	6.21696	6.20118	6.20527	6.21039	6.2223	6.20193	6.23933	6.24015
6.41687	6.24617	6.2165	6.20175	6.211	6.20567	6.21746	6.20168	6.24105	6.24515
6.46142	6.24529	6.22199	6.19915	6.20988	6.20947	6.22899	6.20483	6.23978	6.24423
6.50629	6.23989	6.22615	6.20524	6.21047	6.20315	6.22025	6.2037	6.23174	6.23792
6.55145	6.24022	6.22582	6.20859	6.20424	6.20897	6.22192	6.20254	6.24031	6.23618
6.59694	6.24796	6.21932	6.20846	6.21174	6.19974	6.23295	6.19476	6.24436	6.23836
6.64274	6.24354	6.2224	6.20344	6.21261	6.20502	6.22765	6.20791	6.24204	6.23812
6.68885	6.24666	6.21924	6.20796	6.21259	6.19701	6.22441	6.20875	6.23996	6.23656
6.73527	6.2384	6.21836	6.20394	6.20473	6.20024	6.22431	6.21162	6.23456	6.23993
6.78204	6.24308	6.21628	6.19723	6.20957	6.20204	6.23105	6.20967	6.24382	6.23757
6.82911	6.24395	6.22423	6.19418	6.21077	6.20362	6.23099	6.20921	6.23957	6.24012
6.87652	6.24299	6.22726	6.19879	6.20943	6.20398	6.23215	6.20872	6.24194	6.23174
6.92426	6.2493	6.22361	6.19825	6.21187	6.19923	6.22726	6.20243	6.24035	6.23144
6.97232	6.24944	6.22503	6.20416	6.21369	6.19682	6.22062	6.20807	6.24751	6.237
7.02072	6.24739	6.22297	6.20481	6.20816	6.20097	6.22752	6.21153	6.24636	6.23955
7.06946	6.25116	6.2222	6.19996	6.20624	6.20007	6.22936	6.2032	6.24448	6.24054
7.11853	6.23771	6.22332	6.19719	6.20675	6.20038	6.21796	6.21119	6.24903	6.23254
7.16794	6.24911	6.22422	6.20026	6.20877	6.20384	6.2265	6.20901	6.24181	6.23585
7.2177	6.24961	6.22813	6.19566	6.21282	6.20371	6.22523	6.20442	6.25082	6.23638
7.2678	6.2437	6.22122	6.19293	6.20924	6.20286	6.22813	6.20561	6.25115	6.23654
7.31825	6.25084	6.22563	6.20265	6.20557	6.20429	6.22103	6.20085	6.25091	6.24094
7.36904	6.24442	6.22649	6.19633	6.20784	6.20258	6.22191	6.20142	6.2518	6.23878
7.42019	6.25302	6.22562	6.1945	6.20961	6.19929	6.22373	6.19242	6.25342	6.23865
7.4717	6.25277	6.23741	6.19521	6.20262	6.20208	6.22079	6.20228	6.24664	6.23411
7.52355	6.25153	6.22179	6.20103	6.21201	6.20566	6.2281	6.19728	6.2486	6.24045
7.57578	6.23878	6.22504	6.19657	6.20572	6.20769	6.21914	6.19736	6.24112	6.23843
7.62836	6.24078	6.22728	6.19582	6.20832	6.207	6.22466	6.19633	6.24657	6.23513
7.6813	6.24575	6.22821	6.18943	6.20559	6.21146	6.22733	6.1986	6.25286	6.22614
7.73461	6.24077	6.22049	6.1957	6.21006	6.19793	6.22284	6.19017	6.24859	6.23399
7.7883	6.25307	6.22875	6.1963	6.21091	6.21159	6.22682	6.19601	6.23935	6.23421
7.84236	6.25242	6.22231	6.19729	6.21086	6.20824	6.23117	6.20146	6.2311	6.23564
7.89679	6.24039	6.22054	6.19992	6.20015	6.20707	6.22868	6.19969	6.24398	6.22904
7.95159	6.24773	6.22465	6.2079	6.20478	6.20043	6.22396	6.19148	6.2394	6.24121
8.00677	6.25386	6.22115	6.19625	6.20259	6.20108	6.22523	6.20139	6.24014	6.23103
8.06235	6.25024	6.22465	6.19926	6.20329	6.19343	6.21948	6.19634	6.23745	6.23633
8.1183	6.2521	6.21698	6.20239	6.20726	6.19925	6.21962	6.19443	6.23962	6.22962
8.17465	6.25397	6.21577	6.20251	6.20769	6.19437	6.22102	6.1976	6.23843	6.23803
8.23137	6.25296	6.21647	6.20017	6.20586	6.19482	6.22648	6.20038	6.23553	6.23606
8.28851	6.256	6.21817	6.20545	6.20579	6.19634	6.23399	6.20083	6.23705	6.2352
8.34603	6.25965	6.22045	6.18821	6.20905	6.19632	6.22551	6.1941	6.24094	6.23097
8.40395	6.25514	6.22445	6.19959	6.2086	6.19371	6.22139	6.19714	6.23594	6.23772
8.46227	6.26025	6.22079	6.1991	6.20885	6.19146	6.22565	6.19968	6.24052	6.24283
8.521	6.25289	6.23069	6.20565	6.21003	6.19625	6.22258	6.20149	6.24241	6.25033
8.58014	6.24803	6.22215	6.19412	6.20363	6.19197	6.22666	6.20641	6.24114	6.2494
8.63968	6.25256	6.2254	6.20348	6.20675	6.19578	6.22376	6.20964	6.23469	6.24314
8.69964	6.25738	6.22903	6.20517	6.20231	6.19516	6.22537	6.20284	6.23575	6.24993
8.76001	6.25501	6.23048	6.20742	6.20796	6.19928	6.22518	6.20832	6.2361	6.24886
8.8208	6.25115	6.22269	6.20687	6.21129	6.19341	6.22956	6.21457	6.24424	6.24226
8.88201	6.251	6.22095	6.19895	6.20458	6.20233	6.22963	6.20907	6.24556	6.2527
8.94365	6.25505	6.23577	6.20441	6.20591	6.19843	6.22992	6.20544	6.24097	6.24478
9.00571	6.24935	6.22289	6.20818	6.20611	6.19589	6.22546	6.19983	6.24528	6.23244
9.0682	6.24836	6.23672	6.20687	6.20844	6.19956	6.23462	6.21039	6.24652	6.23756
9.13114	6.24438	6.22057	6.20051	6.21569	6.19959	6.22495	6.20895	6.23322	6.24123
9.1945	6.24271	6.22648	6.2036	6.20549	6.20255	6.23166	6.20662	6.23562	6.24628
9.2583	6.23959	6.22555	6.20091	6.21002	6.19934	6.22439	6.20182	6.23618	6.23658
9.32254	6.24798	6.22578	6.19053	6.20681	6.197	6.22058	6.20446	6.23825	6.23571
9.38724	6.2362	6.21959	6.19722	6.20571	6.19229	6.2233	6.20424	6.24252	6.23829
9.45238	6.24565	6.22374	6.19768	6.20994	6.19192	6.2203	6.20339	6.23275	6.23559
9.51796	6.24315	6.21965	6.19572	6.20068	6.19655	6.22463	6.20981	6.24347	6.24118
9.58401	6.25007	6.22526	6.18867	6.20358	6.20763	6.23414	6.20454	6.23827	6.23846
9.65051	6.24794	6.22789	6.19125	6.20772	6.19757	6.22502	6.20341	6.24604	6.24119
9.71747	6.25047	6.22771	6.19682	6.2044	6.19846	6.23128	6.20922	6.24431	6.24123
9.7849	6.25652	6.22226	6.19304	6.20603	6.19294	6.23199	6.20598	6.24563	6.23862
9.8528	6.25724	6.23491	6.19367	6.21083	6.20054	6.2231	6.20665	6.24955	6.24885
9.92116	6.25066	6.22739	6.19277	6.21028	6.19315	6.22967	6.20475	6.23988	6.24021
10	6.25158	6.22954	6.19565	6.21465	6.19572	6.22268	6.19924	6.23565	6.23868
