7.5e-005	8.75201	8.66266	8.7096	8.77542	8.63113	8.76467	8.88857	8.88626	8.6328
0.0001375	8.70576	8.7262	8.69115	8.79935	8.63035	8.79199	8.82544	8.771	8.50592
0.0002125	8.7168	8.69882	8.72482	8.66261	8.67645	8.73032	8.82273	8.96044	8.39815
0.000275	8.67137	8.73221	8.69574	8.70947	8.71474	8.70966	8.90796	9.08505	8.50758
0.00035	8.63736	8.7838	8.69515	8.67226	8.74208	8.75951	8.87568	8.8928	8.60439
0.000425	8.6776	8.74827	8.74153	8.61987	8.84839	8.75717	8.93613	8.73292	8.58511
0.0005	8.67874	8.912	8.74826	8.60359	8.85068	8.77561	8.95268	8.76184	8.70218
0.0005625	8.4541	8.88306	8.69745	8.59474	8.87978	8.72946	8.84647	8.7644	8.72762
0.0006375	8.45978	8.7177	8.58467	8.67442	8.85136	8.55017	8.80026	8.8391	8.77933
0.0007125	8.55149	8.69827	8.51315	8.70127	8.88322	8.58489	8.78825	8.83078	8.80805
0.0007875	8.58777	8.85031	8.51411	8.70771	8.91632	8.72425	8.91923	8.85525	8.87583
0.0008625	8.55424	8.82044	8.64964	8.67765	8.81049	8.78701	8.85629	8.92859	8.96684
0.0009375	8.53267	8.71941	8.61637	8.6901	8.74485	8.72292	8.72007	8.88734	8.87222
0.0010125	8.7045	8.56524	8.64682	8.67897	8.86365	8.80119	8.66651	8.88732	8.72075
0.0010875	8.86192	8.54272	8.68527	8.73982	8.78394	8.88012	8.68569	8.78481	8.86703
0.0011625	9.05728	8.48488	8.79292	8.73308	8.73217	8.91642	8.76371	8.82477	8.92103
0.00125	8.90303	8.53174	8.77122	8.73015	8.84332	8.86304	8.81174	8.77512	8.85921
0.001325	8.95959	8.59272	8.75652	8.78966	8.85371	8.88093	8.71485	8.76218	8.91532
0.0014	9.05905	8.66906	8.85162	8.81318	8.87357	8.73292	8.71214	8.69743	8.82662
0.0014875	9.01564	8.72013	8.85364	8.80315	8.88481	8.69328	8.73293	8.65937	8.97658
0.0015625	8.96903	8.64788	8.88632	8.7712	8.91993	8.68069	8.66544	8.73048	8.96183
0.0016375	8.92657	8.69957	8.81908	8.83021	8.73205	8.84591	8.66423	8.69316	8.8887
0.001725	9.01917	8.83664	8.87332	8.88208	8.66562	8.92866	8.6588	8.80715	8.91177
0.0018	9.11171	8.86374	8.88226	8.75899	8.75572	8.84322	8.61511	8.78559	8.94278
0.0018875	9.17076	8.80849	8.97818	8.69408	8.77233	8.77888	8.72084	8.776	8.96579
0.0019625	8.99578	8.64359	8.88741	8.85652	8.78216	8.74804	8.70416	8.81902	8.9367
0.00205	8.95742	8.75987	8.88665	8.74371	8.74678	8.80928	8.78229	8.82938	8.89579
0.0021375	8.94137	8.71714	8.86709	8.88766	8.81076	8.81002	8.75968	8.74322	8.87209
0.0022125	8.96473	8.68274	8.7929	8.90165	8.82414	8.76943	8.73975	8.83747	8.79069
0.0023	8.95513	8.7074	8.72954	8.67804	8.73099	8.86108	8.81352	8.84678	8.79873
0.0023875	9.03919	8.61702	8.86055	8.6573	8.83843	8.91172	8.67646	8.77488	8.71907
0.002475	8.90718	8.49277	8.99281	8.72277	8.85647	8.80387	8.62076	8.74115	8.90978
0.0025625	8.85827	8.52282	8.75691	8.71131	8.84876	8.91602	8.60592	8.77963	8.75984
0.00265	8.92474	8.54144	8.6842	8.67858	8.816	8.84836	8.57918	8.83727	8.78033
0.0027375	8.86736	8.62997	8.83089	8.6506	8.77126	8.77386	8.65847	8.74804	8.79738
0.002825	8.77927	8.75031	8.96713	8.63322	8.65037	8.76386	8.5908	8.74158	8.78912
0.0029125	8.82883	8.66834	8.85495	8.61667	8.65466	8.84482	8.57994	8.79443	8.72805
0.003	8.87297	8.6498	8.93021	8.59852	8.74685	8.73568	8.56039	8.67679	8.68961
0.0030875	8.833	8.70781	8.87596	8.69278	8.69965	8.67414	8.63923	8.66588	8.77988
0.0031875	8.76117	8.53577	8.76217	8.6531	8.6882	8.69655	8.5237	8.78121	8.82807
0.003275	8.64928	8.5331	8.72968	8.63973	8.7877	8.8086	8.54717	8.81617	8.6888
0.0033625	8.58148	8.61297	8.64308	8.6073	8.82083	8.88165	8.55333	8.68888	8.69279
0.0034625	8.59622	8.48243	8.71318	8.71898	8.83103	8.91297	8.58426	8.57767	8.68624
0.00355	8.65798	8.45785	8.65754	8.62493	8.61595	8.81079	8.63337	8.71141	8.68439
0.00365	8.60082	8.62462	8.65924	8.70143	8.76128	8.7789	8.5367	8.73246	8.60235
0.0037375	8.67712	8.56332	8.77238	8.49412	8.60503	8.65607	8.56412	8.77538	8.67303
0.0038375	8.718	8.5404	8.65613	8.5517	8.64619	8.67063	8.64834	8.67291	8.65557
0.0039375	8.58375	8.51861	8.64105	8.56904	8.64209	8.66889	8.73419	8.5857	8.68785
0.004025	8.55256	8.56385	8.76042	8.63331	8.51403	8.66893	8.58633	8.6932	8.59749
0.004125	8.5657	8.65767	8.63164	8.53771	8.74171	8.72306	8.58679	8.58474	8.72624
0.004225	8.5633	8.69523	8.70319	8.56091	8.73867	8.91692	8.52129	8.61157	8.63505
0.004325	8.50181	8.60815	8.70409	8.54548	8.55229	8.70814	8.52634	8.61107	8.60321
0.004425	8.54786	8.67006	8.5893	8.46038	8.61883	8.79562	8.49597	8.5201	8.53798
0.004525	8.54167	8.62938	8.7199	8.61709	8.66349	8.839	8.50979	8.59902	8.58083
0.004625	8.57345	8.48967	8.88149	8.7228	8.65941	8.73538	8.53123	8.65834	8.55556
0.004725	8.51431	8.50874	8.74795	8.56067	8.69858	8.62294	8.64642	8.56985	8.66115
0.004825	8.54305	8.46386	8.54806	8.59763	8.77913	8.78125	8.75596	8.71445	8.62967
0.004925	8.52893	8.41059	8.58906	8.66574	8.69849	8.65376	8.75496	8.71275	8.49402
0.0050375	8.36851	8.64178	8.55686	8.58766	8.6632	8.71977	8.50204	8.62494	8.54416
0.0051375	8.39966	8.6604	8.49401	8.57668	8.62069	8.55505	8.53739	8.53835	8.47151
0.0052375	8.53378	8.52571	8.52215	8.62046	8.61299	8.52388	8.47703	8.52329	8.53827
0.00535	8.61907	8.47453	8.60296	8.60906	8.61528	8.58424	8.60111	8.58093	8.52601
0.00545	8.6668	8.46681	8.70636	8.61216	8.59331	8.58195	8.61795	8.53836	8.58855
0.0055625	8.59281	8.65591	8.76709	8.43917	8.60178	8.4706	8.45952	8.66726	8.6121
0.0056625	8.71466	8.74634	8.66337	8.52423	8.47522	8.6076	8.55062	8.6804	8.7544
0.005775	8.61116	8.58453	8.6484	8.44507	8.56297	8.66149	8.5772	8.60549	8.63031
0.0058875	8.6854	8.59499	8.63787	8.48214	8.56427	8.77148	8.50935	8.57053	8.63514
0.006	8.63506	8.40538	8.55212	8.55523	8.56335	8.72843	8.4611	8.55745	8.65009
0.0061125	8.56589	8.3933	8.50159	8.58264	8.63064	8.6533	8.49316	8.6358	8.617
0.0062125	8.56695	8.48614	8.59971	8.53372	8.61734	8.66416	8.59903	8.5897	8.51896
0.006325	8.68872	8.48723	8.71378	8.63625	8.57094	8.56296	8.55933	8.61908	8.51579
0.0064375	8.58662	8.43932	8.59894	8.61886	8.67698	8.57233	8.46783	8.63352	8.6887
0.0065625	8.5885	8.45511	8.52964	8.48303	8.55869	8.50418	8.48985	8.55262	8.50621
0.006675	8.67887	8.34409	8.55547	8.52135	8.52217	8.70865	8.49976	8.57037	8.50773
0.0067875	8.69697	8.39088	8.65748	8.48638	8.64535	8.70057	8.47815	8.55059	8.61014
0.0069	8.56178	8.46703	8.78991	8.64205	8.62453	8.62838	8.50591	8.59502	8.60177
0.007025	8.5828	8.46276	8.77772	8.50229	8.56666	8.64545	8.50001	8.67112	8.58979
0.0071375	8.6787	8.45202	8.64143	8.57067	8.6149	8.67126	8.49768	8.70733	8.68487
0.0072625	8.61193	8.36384	8.51216	8.56824	8.53844	8.48722	8.53366	8.54372	8.65003
0.007375	8.50929	8.45957	8.63516	8.63819	8.49198	8.5227	8.58193	8.47035	8.60125
0.0075	8.59908	8.40385	8.68111	8.42408	8.53969	8.65908	8.52211	8.55799	8.64163
0.007625	8.42256	8.37615	8.66282	8.37487	8.49218	8.55834	8.59086	8.61443	8.58148
0.0077375	8.50108	8.35203	8.55551	8.45759	8.66331	8.62212	8.51823	8.62266	8.57788
0.0078625	8.44152	8.46457	8.54855	8.49227	8.59881	8.58669	8.6013	8.68684	8.3956
0.0079875	8.5566	8.5031	8.53593	8.41682	8.48239	8.67773	8.66137	8.50813	8.40507
0.0081125	8.55635	8.43311	8.6306	8.50272	8.57154	8.54679	8.51233	8.56788	8.43605
0.0082375	8.48974	8.40953	8.5284	8.51554	8.55224	8.58207	8.50961	8.6667	8.5652
0.0083625	8.4446	8.44258	8.41203	8.53773	8.49635	8.646	8.54605	8.6666	8.53205
0.0084875	8.38778	8.46435	8.56154	8.53457	8.55836	8.68632	8.49829	8.59507	8.36801
0.008625	8.39395	8.46818	8.60779	8.58562	8.52098	8.56014	8.58432	8.56087	8.50712
0.00875	8.62639	8.58512	8.56259	8.47108	8.58544	8.55208	8.57517	8.55816	8.49468
0.008875	8.57244	8.48186	8.56093	8.30379	8.55844	8.77626	8.5225	8.54345	8.45443
0.0090125	8.50965	8.43768	8.59152	8.56747	8.55014	8.66722	8.47235	8.60122	8.39206
0.0091375	8.48402	8.46019	8.56981	8.55338	8.5219	8.58722	8.51076	8.54531	8.53113
0.009275	8.44607	8.45033	8.61475	8.57983	8.47025	8.45854	8.43641	8.38204	8.41066
0.0094125	8.56064	8.20221	8.38856	8.44382	8.50054	8.4792	8.40654	8.44068	8.52749
0.0095375	8.45178	8.32932	8.28771	8.32928	8.52761	8.48963	8.3782	8.59968	8.46553
0.009675	8.55387	8.46761	8.28731	8.37334	8.54576	8.45569	8.383	8.52818	8.3583
0.0098125	8.43083	8.53413	8.41245	8.37825	8.58496	8.61588	8.5463	8.53306	8.43946
0.00995	8.41804	8.44779	8.65606	8.44353	8.58775	8.6448	8.41878	8.3746	8.36759
0.0100875	8.49439	8.39457	8.55653	8.42727	8.50146	8.43992	8.47618	8.60208	8.43461
0.010225	8.48416	8.31947	8.51106	8.48348	8.51508	8.5415	8.43201	8.61264	8.42472
0.010375	8.43863	8.27924	8.53366	8.3771	8.44187	8.41031	8.37954	8.58391	8.39477
0.0105125	8.46798	8.34808	8.495	8.4828	8.3069	8.511	8.47762	8.4309	8.4068
0.01065	8.41219	8.34656	8.36312	8.40153	8.36987	8.54832	8.59328	8.52853	8.46135
0.0108	8.36089	8.36215	8.30382	8.31411	8.44884	8.65016	8.45688	8.49357	8.49697
0.0109375	8.43835	8.33231	8.31896	8.43035	8.43616	8.42444	8.43821	8.42053	8.4269
0.0110875	8.40456	8.27039	8.49175	8.32742	8.4486	8.44826	8.32037	8.52569	8.461
0.0112375	8.47546	8.29852	8.50573	8.40342	8.51638	8.37173	8.27549	8.54905	8.40935
0.011375	8.4181	8.34064	8.41732	8.30551	8.454	8.4255	8.28155	8.36663	8.5299
0.011525	8.34429	8.25343	8.45316	8.19013	8.40746	8.36663	8.27911	8.3587	8.35416
0.011675	8.40413	8.25139	8.42614	8.34518	8.54075	8.39845	8.28162	8.42531	8.43881
0.011825	8.39937	8.17355	8.36046	8.37384	8.44817	8.49084	8.32117	8.34619	8.55611
0.011975	8.41457	8.1916	8.41698	8.30595	8.45999	8.47779	8.34657	8.50154	8.35983
0.012125	8.51161	8.22119	8.40338	8.3003	8.49518	8.4632	8.30688	8.52437	8.31875
0.0122875	8.44723	8.2729	8.48114	8.54877	8.39505	8.48533	8.27818	8.52225	8.39682
0.0124375	8.30332	8.29456	8.47519	8.50805	8.38986	8.49956	8.33455	8.39166	8.22887
0.0126	8.36095	8.34675	8.40703	8.45402	8.46452	8.46662	8.45352	8.34928	8.3195
0.01275	8.43884	8.2525	8.47499	8.33501	8.467	8.46259	8.31501	8.36271	8.56266
0.0129125	8.26251	8.30011	8.39528	8.32701	8.49991	8.49082	8.30441	8.23803	8.58246
0.0130625	8.43446	8.23123	8.32538	8.40689	8.48108	8.51861	8.29998	8.32669	8.46469
0.013225	8.43513	8.24952	8.38123	8.35943	8.49849	8.45106	8.33328	8.3952	8.40621
0.0133875	8.42654	8.17179	8.42543	8.36518	8.41047	8.40517	8.31994	8.42569	8.3161
0.01355	8.40338	8.26855	8.36138	8.22559	8.36826	8.33625	8.22431	8.56746	8.38046
0.0137125	8.24501	8.31488	8.39382	8.38243	8.46204	8.4212	8.15629	8.39869	8.54768
0.013875	8.35793	8.21233	8.36695	8.39841	8.42849	8.36113	8.27862	8.39429	8.47466
0.0140375	8.3902	8.28009	8.39107	8.38102	8.32391	8.45006	8.29865	8.35142	8.40048
0.0142125	8.38272	8.11563	8.40035	8.32241	8.33366	8.34676	8.30457	8.24328	8.3524
0.014375	8.29069	8.19353	8.43281	8.26993	8.39117	8.35269	8.23896	8.29016	8.33879
0.01455	8.2672	8.25615	8.41872	8.20001	8.28733	8.32974	8.28824	8.39171	8.37146
0.0147125	8.19372	8.19493	8.25158	8.21915	8.28654	8.34408	8.30495	8.42347	8.27691
0.0148875	8.26347	8.24255	8.19294	8.17889	8.26195	8.30403	8.23734	8.32018	8.23102
0.0150625	8.3139	8.15851	8.27827	8.26155	8.26048	8.352	8.35738	8.22448	8.3283
0.0152375	8.20422	8.29826	8.27884	8.21252	8.31511	8.24123	8.24775	8.28997	8.35312
0.0154125	8.27892	8.11209	8.28828	8.2559	8.31491	8.27657	8.29397	8.28542	8.24988
0.0155875	8.38417	8.20768	8.39963	8.21144	8.34689	8.34635	8.22203	8.11032	8.28681
0.0157625	8.25974	8.10637	8.36929	8.22839	8.35189	8.33619	8.28442	8.21544	8.26746
0.0159375	8.30565	8.04009	8.32423	8.13916	8.24972	8.27357	8.3111	8.27863	8.32859
0.016125	8.21788	8.20416	8.26155	8.18372	8.21726	8.19087	8.25417	8.37896	8.40629
0.0163	8.32244	8.21249	8.29106	8.25358	8.24684	8.13125	8.33393	8.34842	8.22347
0.0164875	8.27456	8.03648	8.37527	8.21345	8.2842	8.19384	8.30683	8.34429	8.15348
0.0166625	8.17154	8.10588	8.34322	8.07647	8.3459	8.33932	8.21864	8.30792	8.16667
0.01685	8.18848	8.08849	8.26542	8.18907	8.3904	8.34544	8.14023	8.30765	8.31157
0.0170375	8.26479	8.19609	8.21232	8.19685	8.28408	8.26931	8.18414	8.29736	8.21962
0.017225	8.30148	8.18428	8.09455	8.23416	8.24975	8.25142	8.23508	8.34784	8.17876
0.0174125	8.29712	8.14528	8.21855	8.07155	8.1918	8.26104	8.22625	8.30838	8.25749
0.0176	8.12693	8.10964	8.3223	8.13739	8.24692	8.31523	8.22464	8.1973	8.29994
0.0178	8.14079	7.92546	8.28009	8.30895	8.25003	8.31163	8.12438	8.18396	8.12172
0.0179875	8.17048	8.01154	8.28121	8.23074	8.28456	8.13082	8.20321	8.26075	8.22288
0.0181875	8.22594	8.01379	8.24885	8.29218	8.25285	8.18716	8.088	8.31879	8.11571
0.018375	8.20499	7.98848	8.19214	8.14603	8.19619	8.21958	8.16993	8.24238	8.09745
0.018575	8.16637	8.11388	8.30255	8.22971	8.15622	8.14092	8.19963	8.22936	8.1891
0.018775	8.20307	8.09516	8.21395	8.22014	8.18759	8.30671	8.10447	8.27292	8.20177
0.018975	8.16061	7.95586	8.28158	8.26307	8.29022	8.36271	8.24997	8.32972	8.15607
0.019175	8.14892	8.10649	8.18288	8.22135	8.16754	8.29325	8.21918	8.35365	8.16187
0.019375	8.07405	8.1188	8.12763	8.2061	8.22027	8.30882	8.17009	8.28738	8.22833
0.019575	8.23666	8.08309	8.05897	8.12558	8.21414	8.34446	8.10235	8.28919	8.14285
0.0197875	8.23761	7.94007	8.16496	8.10202	8.23854	8.22525	8.23805	8.33981	8.24421
0.0199875	8.11024	7.97698	8.14908	7.99748	8.23886	8.21395	8.2443	8.32983	8.06871
0.0202	8.02385	8.04861	8.21046	8.05976	8.21533	8.22937	8.02804	8.13488	8.19736
0.0204125	8.14973	7.99222	8.20105	8.12961	8.19889	8.24235	8.11524	8.28962	8.22232
0.020625	8.11255	7.9982	8.176	8.12255	8.19901	8.20161	8.06989	8.27704	8.21829
0.0208375	8.13228	8.12528	8.11049	8.11517	8.12957	8.24808	8.1052	8.20486	8.17609
0.02105	8.17871	7.92751	8.12898	8.14473	8.19458	8.30457	8.03803	8.14886	8.18356
0.0212625	8.25653	8.12461	8.1004	8.08225	8.18736	8.18084	8.09276	8.18212	8.02636
0.021475	8.08324	8.04656	8.06118	8.06269	8.15735	8.04483	7.94977	8.16793	8.04305
0.0217	8.13883	8.09459	8.15839	8.09639	8.14365	8.16449	8.01573	8.20097	8.17473
0.0219125	8.13353	8.0029	8.12715	8.10465	8.20991	8.18525	8.00653	8.19474	8.209
0.0221375	8.07483	8.02198	8.08786	8.05061	8.19781	8.1418	7.98301	8.16081	8.14678
0.0223625	8.0786	8.0852	8.11043	8.01621	8.0996	8.26052	8.12506	8.20979	8.10991
0.0225875	8.08171	8.03721	8.07885	8.06032	8.19425	8.10139	8.1442	8.14954	8.22423
0.0228125	7.88363	8.15266	8.18869	8.05866	8.108	8.15914	8.09934	8.18561	8.02613
0.0230375	8.14672	7.92575	8.04219	8.08315	8.02191	8.15934	8.02411	8.063	8.12505
0.0232625	8.02466	7.91003	8.06602	8.10099	8.02319	8.1078	8.02519	8.17451	8.06119
0.0235	8.10753	8.06952	8.05617	8.04511	8.10391	8.13822	8.04766	8.04595	8.02589
0.023725	8.03611	8.05757	8.19755	8.02204	8.02253	8.15719	7.8933	8.08767	7.99692
0.0239625	8.10455	8.07272	8.00934	8.11806	8.09579	8.03547	8.03933	8.08124	8.04915
0.0242	8.10649	7.97008	7.98714	8.09627	8.19763	8.17945	7.951	8.11785	8.09301
0.0244375	8.03308	7.86341	8.16644	7.95545	8.14195	8.11456	8.0448	8.11442	8.03465
0.024675	8.0252	7.95361	8.01914	8.1212	8.04025	8.05601	7.99504	8.19222	8.05532
0.0249125	8.0305	8.02166	8.10697	8.05457	8.12688	8.11172	8.0076	8.08324	7.99839
0.02515	8.11607	7.98212	8.05145	7.99517	8.13299	8.06807	7.98208	8.0022	8.03083
0.0254	8.03861	8.05843	8.04142	8.13902	8.10591	8.09529	8.03837	8.0718	8.05848
0.02565	8.22816	8.01194	8.11797	8.09033	8.02909	8.08488	7.92707	8.01564	7.96823
0.0258875	8.11731	7.95995	7.97487	8.04449	8.01484	8.11329	7.97569	8.06231	8.07371
0.0261375	7.94333	7.93129	8.13286	8.0139	8.00235	8.1538	7.9912	8.13636	8.02448
0.0263875	8.00661	7.92078	8.05383	7.98377	7.9766	8.08174	7.98041	8.07335	7.99019
0.02665	8.0623	7.94246	8.065	7.96916	8.04478	8.04135	7.97325	8.03972	7.98416
0.0269	7.92509	7.80195	8.03845	7.89688	7.89533	8.08409	7.9019	8.05429	8.09887
0.02715	7.99111	7.89634	8.01324	7.89769	8.08427	8.10036	7.85073	8.09782	7.99347
0.0274125	7.91618	7.91179	8.01049	7.97269	8.05288	8.04144	7.89804	8.10589	7.98526
0.027675	7.98831	7.75312	7.96738	7.99077	8.04063	8.06748	7.9938	8.08002	7.87804
0.0279375	8.05135	7.93233	8.00828	7.94945	8.01168	8.00031	8.01393	8.02721	7.96655
0.0282	7.99425	7.82219	8.00188	7.95963	7.96678	8.03394	7.85755	8.02943	7.98566
0.0284625	7.82411	7.75881	8.03838	7.92334	7.93797	8.01946	7.91679	8.0277	7.82972
0.028725	7.84835	7.84617	8.02854	7.88848	7.95226	7.92764	7.85488	7.9947	7.97909
0.029	7.96442	7.88054	8.06105	7.97934	7.92183	7.96564	7.89537	8.03175	7.97293
0.0292625	7.95511	7.78018	8.01859	7.98806	7.85421	7.94429	7.89105	8.01695	8.02833
0.0295375	7.93808	7.84776	7.97684	7.91439	7.91333	7.9471	7.92419	8.06925	7.99757
0.0298125	7.96799	7.86952	8.0107	7.89808	7.8975	8.06615	7.90086	8.05922	7.96983
0.0300875	7.94848	7.76551	8.02039	7.90494	7.92766	7.97993	7.85305	7.85745	8.03703
0.0303625	7.76763	7.76546	7.98285	8.00335	7.95423	7.95103	7.86274	8.09582	7.97533
0.03065	7.89792	7.80647	7.92118	7.97097	7.8799	7.99445	7.85382	7.99669	7.92023
0.030925	7.86611	7.95609	7.90868	8.03185	7.9192	8.09699	7.90667	8.03237	7.91183
0.0312125	7.85071	7.71276	7.9016	7.92496	7.95344	8.05919	7.87794	7.99267	7.88856
0.0315	7.95907	7.88283	7.9551	7.99826	7.95944	7.96652	7.8484	7.89666	7.95599
0.0317875	7.86711	7.7606	8.01174	7.81173	7.9261	7.95938	7.8245	7.88282	7.92368
0.032075	7.84049	7.79713	7.86054	7.88056	7.99367	7.88208	7.78672	7.91545	7.91151
0.0323625	7.89305	7.76272	7.923	7.8911	7.9442	7.78154	7.86961	7.93031	7.88239
0.0326625	7.74891	7.83461	7.92249	7.92921	7.95139	7.84661	7.75531	7.97961	7.81817
0.03295	7.86295	7.76102	7.81531	7.79758	7.80058	7.97153	7.86063	7.93369	7.89432
0.03325	7.85103	7.76582	7.81632	7.81856	7.8699	7.97464	7.84666	7.91867	7.90558
0.03355	7.81286	7.69252	7.89058	7.9008	7.95785	7.80994	7.84407	7.91892	7.88416
0.03385	7.76083	7.7029	7.854	7.93121	7.84445	7.90567	7.7885	7.88645	7.91524
0.0341625	7.76753	7.74602	7.84217	7.86222	7.97498	7.93156	7.81122	7.93497	7.85954
0.0344625	7.87632	7.75204	7.79287	7.86114	7.87119	7.86829	7.78831	7.83815	7.90598
0.034775	7.72698	7.73228	7.83343	7.80709	7.82716	7.82674	7.77257	7.84197	7.91909
0.0350875	7.70334	7.69547	7.89246	7.72779	7.75749	7.89032	7.76739	7.88687	7.73107
0.0354	7.79296	7.783	7.92301	7.88451	7.7228	7.90249	7.78523	7.84398	7.73184
0.0357125	7.79486	7.63696	7.85711	7.803	7.73925	7.89998	7.82823	7.89169	7.73935
0.036025	7.75661	7.72701	7.83009	7.74595	7.88234	7.92776	7.84108	7.75244	7.77481
0.03635	7.78634	7.73587	7.93768	7.68206	7.90004	7.87136	7.8212	7.84395	7.67476
0.0366625	7.84763	7.72208	7.76206	7.73944	7.84756	7.97132	7.71111	7.93931	7.63758
0.0369875	7.70855	7.72257	7.67098	7.68629	7.84024	7.7625	7.79241	7.84466	7.76952
0.0373125	7.63691	7.79005	7.80076	7.7576	7.88226	7.72407	7.75028	7.87879	7.75533
0.0376375	7.75101	7.57103	7.85982	7.75638	7.89042	7.8451	7.73961	7.85849	7.72254
0.037975	7.72555	7.72628	7.80737	7.79665	7.81068	7.75935	7.71955	7.88083	7.77369
0.0383	7.66711	7.70514	7.75533	7.76048	7.78881	7.84982	7.72208	7.87723	7.72189
0.0386375	7.74654	7.7495	7.76818	7.72697	7.78594	7.84735	7.75967	7.93774	7.77979
0.038975	7.72771	7.59455	7.77382	7.7158	7.75165	7.81943	7.65166	7.87771	7.75537
0.0393125	7.71621	7.63014	7.79934	7.69734	7.70006	7.82816	7.6662	7.84322	7.71491
0.0396625	7.65928	7.64266	7.77249	7.82637	7.79639	7.80969	7.7235	7.823	7.78777
0.04	7.67657	7.69665	7.70209	7.70307	7.73418	7.90042	7.74525	7.73051	7.83347
0.04035	7.66417	7.59218	7.70163	7.67983	7.77972	7.80975	7.62844	7.70833	7.76516
0.0407	7.67469	7.64612	7.68516	7.74085	7.75523	7.76176	7.7456	7.76838	7.78497
0.04105	7.6773	7.71317	7.74903	7.66096	7.75204	7.7712	7.65879	7.79412	7.7379
0.0414	7.65937	7.72857	7.76842	7.65226	7.68379	7.82846	7.68896	7.78002	7.75186
0.0417625	7.67779	7.62561	7.69587	7.75639	7.79799	7.82173	7.69323	7.76102	7.71456
0.042125	7.62407	7.59209	7.71383	7.71475	7.78191	7.7741	7.69515	7.75165	7.60393
0.042475	7.64977	7.57529	7.76116	7.78241	7.78482	7.74819	7.66783	7.78247	7.67917
0.04285	7.64023	7.57005	7.70558	7.68284	7.68777	7.75664	7.63916	7.83715	7.71371
0.0432125	7.60768	7.59206	7.70282	7.62925	7.75173	7.86509	7.53173	7.8128	7.63778
0.043575	7.5515	7.65878	7.70075	7.67035	7.65588	7.711	7.74366	7.7764	7.56456
0.04395	7.61001	7.56247	7.68867	7.62355	7.62238	7.74682	7.73025	7.71508	7.61798
0.044325	7.62708	7.62208	7.55965	7.57666	7.7074	7.64663	7.72482	7.66218	7.72884
0.0447	7.66435	7.63074	7.63945	7.6714	7.77595	7.84338	7.69368	7.74625	7.69092
0.045075	7.63836	7.58118	7.71069	7.64381	7.74825	7.73501	7.66239	7.77532	7.6155
0.0454625	7.64415	7.53389	7.6329	7.65029	7.77737	7.5995	7.61995	7.69375	7.58198
0.04585	7.56635	7.51809	7.65592	7.596	7.64527	7.7829	7.61008	7.60688	7.5917
0.0462375	7.59545	7.49433	7.72348	7.63477	7.62061	7.63417	7.58109	7.76475	7.5527
0.046625	7.61818	7.55847	7.70314	7.58237	7.62856	7.73928	7.60251	7.71224	7.51297
0.0470125	7.57218	7.5975	7.58522	7.61159	7.66654	7.56739	7.62377	7.65329	7.59571
0.0474125	7.54254	7.56637	7.62582	7.62274	7.68516	7.69281	7.60853	7.71137	7.68923
0.0478125	7.52623	7.56074	7.667	7.59856	7.63251	7.7416	7.63278	7.674	7.59293
0.0482125	7.55534	7.58498	7.67094	7.62108	7.63385	7.65382	7.686	7.66362	7.53832
0.0486125	7.54306	7.53811	7.57731	7.53222	7.6983	7.65549	7.54876	7.67241	7.61538
0.049025	7.53842	7.53405	7.55516	7.54665	7.66272	7.65094	7.56966	7.65715	7.56397
0.049425	7.5493	7.53608	7.52804	7.61645	7.54906	7.60062	7.56031	7.61914	7.5311
0.0498375	7.56402	7.57334	7.59654	7.49393	7.54154	7.64709	7.58074	7.63735	7.55975
0.05025	7.49614	7.46364	7.57929	7.61181	7.65043	7.61345	7.65733	7.56599	7.52459
0.050675	7.47873	7.44137	7.57547	7.53134	7.57395	7.63702	7.62731	7.64405	7.52939
0.0511	7.50103	7.45358	7.64184	7.49653	7.55329	7.70294	7.541	7.54157	7.45213
0.0515125	7.46874	7.50797	7.64966	7.56815	7.48631	7.58644	7.52531	7.54883	7.66711
0.05195	7.4389	7.53715	7.61118	7.54312	7.54678	7.6402	7.5867	7.68049	7.51725
0.052375	7.48463	7.44091	7.56436	7.65778	7.64165	7.65349	7.53053	7.6742	7.527
0.0528	7.50482	7.59134	7.57527	7.62933	7.58259	7.56376	7.58438	7.62488	7.49656
0.0532375	7.48295	7.47288	7.60356	7.45938	7.54612	7.46778	7.56216	7.58684	7.48658
0.053675	7.49095	7.38521	7.53435	7.48889	7.52223	7.614	7.55546	7.53949	7.52739
0.054125	7.45299	7.46707	7.50548	7.50032	7.55449	7.55654	7.5097	7.55108	7.56377
0.0545625	7.43307	7.52581	7.45422	7.47535	7.58846	7.60544	7.54173	7.58573	7.43819
0.0550125	7.42421	7.38049	7.54513	7.51666	7.61368	7.58743	7.55053	7.62036	7.5238
0.0554625	7.47701	7.34026	7.56159	7.46642	7.56252	7.55603	7.49169	7.6075	7.53316
0.0559125	7.49117	7.47641	7.4581	7.51545	7.53112	7.51145	7.45511	7.59243	7.47927
0.056375	7.56404	7.42393	7.49479	7.5098	7.54414	7.52399	7.55948	7.60564	7.45315
0.0568375	7.44052	7.37709	7.4843	7.45155	7.64961	7.57884	7.5203	7.57457	7.41316
0.0573	7.40408	7.39881	7.4253	7.45755	7.49236	7.56632	7.50212	7.52988	7.46089
0.0577625	7.40875	7.44321	7.55398	7.48672	7.56197	7.45971	7.51349	7.53417	7.41609
0.0582375	7.42301	7.47626	7.53435	7.50353	7.51527	7.58317	7.59565	7.49694	7.42178
0.0587125	7.36908	7.55265	7.49584	7.451	7.53624	7.58269	7.53636	7.54904	7.38475
0.0591875	7.42091	7.43777	7.51851	7.43235	7.57512	7.53463	7.50403	7.48184	7.48121
0.0596625	7.44244	7.42844	7.4566	7.44094	7.5737	7.4775	7.46499	7.43045	7.47019
0.06015	7.39115	7.31912	7.53261	7.40758	7.46636	7.51921	7.4977	7.46313	7.40165
0.0606375	7.36674	7.27348	7.46277	7.37528	7.48506	7.62498	7.51473	7.46284	7.42811
0.061125	7.40572	7.44212	7.46137	7.58821	7.46293	7.53787	7.47294	7.53158	7.4364
0.0616125	7.45453	7.31971	7.44903	7.38132	7.53769	7.53827	7.48357	7.53634	7.45921
0.0621125	7.4754	7.37803	7.45613	7.41269	7.41512	7.48121	7.40874	7.48291	7.46818
0.0626125	7.37961	7.37019	7.4213	7.39756	7.46143	7.48136	7.5014	7.53198	7.36151
0.0631125	7.31915	7.36722	7.46254	7.34543	7.45523	7.44383	7.48916	7.4526	7.39558
0.063625	7.39561	7.38243	7.35737	7.4114	7.46608	7.42897	7.45122	7.44918	7.32498
0.064125	7.44315	7.38733	7.46866	7.44989	7.42872	7.47667	7.44346	7.47138	7.36887
0.06465	7.39679	7.40388	7.36861	7.41691	7.40535	7.43601	7.45562	7.43673	7.43398
0.0651625	7.38541	7.38176	7.40619	7.33403	7.42022	7.42437	7.34332	7.47188	7.38684
0.0656875	7.28299	7.36402	7.42217	7.41133	7.45586	7.40441	7.44471	7.47913	7.33111
0.0662125	7.34662	7.31612	7.42473	7.40521	7.35993	7.47504	7.41973	7.50288	7.35432
0.0667375	7.32481	7.31041	7.41065	7.44031	7.44558	7.45563	7.46917	7.4707	7.41348
0.0672625	7.34088	7.39613	7.40961	7.37901	7.39619	7.48895	7.50467	7.42621	7.34777
0.0678	7.36713	7.33551	7.43536	7.42733	7.45874	7.39088	7.41261	7.38749	7.33958
0.0683375	7.23474	7.32252	7.37144	7.36809	7.44504	7.45379	7.4434	7.38977	7.33873
0.0688875	7.27932	7.32582	7.40053	7.41289	7.44418	7.50447	7.38219	7.40065	7.37823
0.0694375	7.25694	7.30079	7.33948	7.40627	7.45238	7.45866	7.42604	7.4632	7.36695
0.0699875	7.28211	7.3037	7.30769	7.41552	7.38036	7.46922	7.4558	7.36311	7.29762
0.0705375	7.24719	7.30251	7.35816	7.37869	7.33804	7.45583	7.38483	7.43009	7.37434
0.0711	7.28571	7.28948	7.35418	7.27356	7.37873	7.43367	7.34836	7.4664	7.28615
0.0716625	7.31253	7.31222	7.40536	7.36825	7.37045	7.41878	7.39785	7.46711	7.36205
0.072225	7.38752	7.30342	7.37843	7.35754	7.42304	7.33214	7.38918	7.35297	7.40469
0.0728	7.24813	7.31787	7.32591	7.33519	7.40651	7.3818	7.41194	7.42288	7.32534
0.0733625	7.26711	7.27398	7.3571	7.30752	7.43555	7.37261	7.3834	7.41251	7.31948
0.07395	7.35779	7.30963	7.38402	7.39381	7.42279	7.42234	7.40468	7.40657	7.29502
0.074525	7.30514	7.25667	7.30011	7.34831	7.33676	7.39156	7.37945	7.40268	7.24845
0.0751125	7.30301	7.25679	7.31976	7.41723	7.39028	7.38496	7.37933	7.32043	7.34321
0.0757	7.2109	7.30784	7.37947	7.32482	7.40823	7.4335	7.37738	7.40315	7.29723
0.0763	7.32264	7.24885	7.33689	7.39994	7.33314	7.39194	7.37344	7.36574	7.2964
0.0769	7.26158	7.22009	7.36617	7.37364	7.37147	7.4249	7.40526	7.33481	7.23568
0.0775	7.27694	7.17984	7.28943	7.30171	7.28779	7.33976	7.36275	7.3742	7.3015
0.0781	7.27487	7.32758	7.28702	7.34574	7.33711	7.41905	7.36706	7.34479	7.24836
0.0787125	7.28005	7.15718	7.34381	7.36123	7.34558	7.42096	7.40232	7.37869	7.26743
0.079325	7.29537	7.37011	7.31127	7.32593	7.31239	7.39601	7.37503	7.34513	7.29234
0.07995	7.36354	7.16589	7.32444	7.28976	7.33201	7.46773	7.39972	7.36882	7.23786
0.080575	7.2806	7.23524	7.24916	7.31348	7.32989	7.37786	7.46735	7.33582	7.27915
0.0812	7.23716	7.21531	7.27937	7.3384	7.31801	7.4209	7.30153	7.34944	7.24083
0.0818375	7.21878	7.16132	7.32665	7.30385	7.3378	7.34372	7.29712	7.385	7.24536
0.082475	7.22695	7.15201	7.27572	7.31333	7.30476	7.35562	7.33839	7.383	7.26537
0.0831125	7.26545	7.23525	7.30359	7.22453	7.30013	7.32106	7.3694	7.30155	7.29798
0.08375	7.14055	7.20743	7.2595	7.30336	7.25249	7.33423	7.31602	7.3109	7.29811
0.0844	7.2414	7.20178	7.27263	7.2696	7.26768	7.38241	7.27493	7.28961	7.15489
0.0850625	7.26412	7.26796	7.36461	7.3438	7.30842	7.42604	7.29671	7.33093	7.27103
0.085725	7.24926	7.23032	7.2951	7.29759	7.29067	7.32758	7.29965	7.26736	7.20249
0.0863875	7.20411	7.21539	7.31767	7.25898	7.26774	7.31191	7.30589	7.27719	7.23169
0.08705	7.2596	7.23877	7.2489	7.30248	7.26072	7.37464	7.3429	7.35452	7.27708
0.087725	7.21277	7.18806	7.26149	7.31989	7.26158	7.3272	7.26811	7.28875	7.23126
0.0884	7.20447	7.19908	7.30087	7.32779	7.33212	7.27513	7.30095	7.37032	7.20121
0.0890875	7.2177	7.22429	7.20473	7.33132	7.33214	7.34712	7.33128	7.25801	7.19475
0.089775	7.17239	7.20318	7.32961	7.22065	7.25123	7.30808	7.24883	7.28565	7.15751
0.0904625	7.18246	7.13002	7.15374	7.29485	7.24776	7.2711	7.25017	7.27395	7.17625
0.0911625	7.19684	7.27198	7.25905	7.23918	7.18688	7.25179	7.26648	7.31101	7.19281
0.0918625	7.24798	7.18939	7.23607	7.26116	7.28946	7.29088	7.22796	7.26439	7.16026
0.0925625	7.1469	7.17673	7.1638	7.25134	7.2679	7.36243	7.28792	7.26523	7.24361
0.093275	7.19015	7.11105	7.2803	7.28585	7.23406	7.24257	7.32822	7.23404	7.23875
0.0939875	7.20037	7.19281	7.19675	7.2338	7.30256	7.23111	7.334	7.27924	7.19693
0.0947125	7.17467	7.21699	7.29326	7.18979	7.31318	7.24659	7.27632	7.24186	7.16294
0.0954375	7.21029	7.10036	7.21519	7.20785	7.36055	7.26818	7.26684	7.19064	7.2195
0.096175	7.18295	7.12616	7.25871	7.23607	7.24978	7.33216	7.29579	7.22571	7.15968
0.0969	7.18845	7.16021	7.2634	7.17101	7.26465	7.28262	7.17009	7.21221	7.13269
0.09765	7.12657	7.15118	7.20587	7.21614	7.18721	7.3688	7.2252	7.28041	7.13214
0.0983875	7.09919	7.15643	7.12902	7.18972	7.20188	7.21818	7.23624	7.31092	7.14613
0.09915	7.1807	7.17014	7.17356	7.22649	7.19598	7.22038	7.29905	7.28423	7.16225
0.0999	7.21674	7.15852	7.25616	7.17846	7.24264	7.29383	7.23331	7.24252	7.17125
0.100662	7.12008	7.15597	7.20998	7.21419	7.23847	7.22076	7.25287	7.22217	7.12841
0.101425	7.11143	7.1443	7.20574	7.18302	7.22256	7.26896	7.22794	7.29538	7.17747
0.1022	7.12153	7.11353	7.28804	7.18238	7.185	7.23239	7.23761	7.16144	7.20956
0.102975	7.14633	7.12757	7.17771	7.22577	7.22502	7.26919	7.23029	7.30164	7.13839
0.103762	7.08301	7.12648	7.19624	7.15198	7.12705	7.2248	7.20263	7.20488	7.15965
0.10455	7.19164	7.12418	7.19262	7.16447	7.16394	7.24892	7.23425	7.21542	7.14534
0.10535	7.18737	7.08216	7.20524	7.22375	7.18938	7.302	7.18514	7.19411	7.17135
0.10615	7.20436	7.15712	7.21208	7.23028	7.20804	7.19738	7.19662	7.18438	7.17652
0.10695	7.12168	7.13148	7.17694	7.23335	7.18377	7.28057	7.25259	7.25053	7.16312
0.107763	7.09225	7.12492	7.22488	7.19748	7.17758	7.23707	7.16777	7.25057	7.11605
0.108575	7.08625	7.11842	7.19642	7.20593	7.21922	7.21731	7.18077	7.24895	7.10765
0.1094	7.12902	7.15153	7.13217	7.2321	7.22881	7.27123	7.19596	7.17055	7.14049
0.110225	7.1594	7.05461	7.17409	7.18941	7.13474	7.23049	7.17265	7.15461	7.14223
0.111062	7.07203	7.09501	7.12766	7.19682	7.11532	7.22921	7.23055	7.23993	7.09799
0.1119	7.14133	7.04961	7.17368	7.18582	7.13928	7.17557	7.19884	7.18095	7.10241
0.11275	7.12512	7.13058	7.19867	7.165	7.08562	7.25223	7.21315	7.20619	7.17395
0.1136	7.11817	7.10416	7.15383	7.10174	7.15268	7.22613	7.21734	7.20597	7.03296
0.11445	7.13858	7.08191	7.19	7.11179	7.12615	7.15426	7.17444	7.19546	7.09692
0.115313	7.12102	7.12377	7.18027	7.1271	7.15088	7.20393	7.16524	7.20617	7.08818
0.116187	7.14737	7.07435	7.17415	7.14408	7.16858	7.23047	7.1879	7.18051	7.00364
0.117063	7.09646	7.06042	7.13927	7.13556	7.12714	7.19141	7.18628	7.26869	7.08925
0.117937	7.05086	7.0672	7.18167	7.15465	7.18526	7.14088	7.1516	7.21805	7.08167
0.118825	7.11892	7.12344	7.13287	7.1532	7.14376	7.26151	7.14713	7.13081	7.07224
0.119713	7.11693	7.10124	7.24796	7.17242	7.16942	7.22981	7.19427	7.20255	7.07781
0.120613	7.16183	7.07317	7.18054	7.12721	7.17927	7.21364	7.16998	7.18992	7.11403
0.121525	7.1136	7.07702	7.15083	7.16327	7.15397	7.19783	7.20592	7.18555	7.10665
0.122437	7.08513	7.05395	7.14107	7.18642	7.17994	7.27945	7.19449	7.17912	7.09582
0.12335	7.15336	7.07548	7.1368	7.16005	7.10735	7.2165	7.17929	7.1741	7.09629
0.124275	7.0651	7.06268	7.15783	7.14322	7.16426	7.18472	7.14945	7.15347	7.08386
0.125213	7.10065	7.09142	7.11479	7.09632	7.09085	7.14506	7.15803	7.12139	7.13401
0.12615	7.09532	7.0579	7.16569	7.16789	7.14867	7.18036	7.17861	7.12947	7.10054
0.127088	7.11572	7.05566	7.11517	7.23063	7.10607	7.21325	7.19524	7.1435	7.11937
0.128037	7.08682	7.07659	7.12124	7.19546	7.13406	7.16767	7.10087	7.16486	7.11753
0.129	7.102	7.1008	7.09775	7.12874	7.10003	7.17016	7.17926	7.18729	7.07357
0.129963	7.10191	7.08667	7.12924	7.15595	7.15199	7.19356	7.19105	7.10488	7.02962
0.130925	7.01693	7.09502	7.0899	7.10549	7.09124	7.18481	7.20819	7.13809	7.0685
0.1319	7.02235	7.04433	7.12951	7.11259	7.13245	7.18245	7.14055	7.16536	7.0646
0.132887	7.0705	7.10658	7.13104	7.11212	7.10425	7.16057	7.18599	7.15718	7.10565
0.133875	7.01602	7.03149	7.10314	7.11173	7.13358	7.19038	7.14669	7.21046	7.08242
0.134875	7.04699	7.06193	7.16594	7.17095	7.13667	7.24137	7.1207	7.22186	7.01754
0.135888	7.10302	7.02681	7.1101	7.14053	7.15078	7.20336	7.17627	7.1053	7.05384
0.136888	7.15183	7.02463	7.08905	7.05316	7.16062	7.20691	7.12601	7.1731	7.03986
0.137912	7.02425	7.04719	7.10211	7.13781	7.08387	7.14437	7.12296	7.1804	7.01864
0.138938	7.03604	7.05921	7.08605	7.12107	7.07656	7.13749	7.17368	7.1122	7.01309
0.139962	7.00894	7.05604	7.15547	7.10033	7.14986	7.15223	7.10861	7.13732	7.07701
0.141013	7.04943	7.01807	7.15155	7.05665	7.16226	7.16144	7.12297	7.18145	7.06948
0.14205	7.04245	7.09453	7.08351	7.13561	7.07972	7.1676	7.15784	7.15585	7.0494
0.143112	7.05573	7.12367	7.16932	7.2006	7.14359	7.1631	7.10094	7.18132	7.02282
0.144175	7.08252	7.04802	7.17462	7.13226	7.12215	7.15642	7.17369	7.1791	7.04485
0.145238	7.08229	7.02476	7.06398	7.09345	7.10871	7.14496	7.12957	7.17574	7.01565
0.146313	7.05249	7.00979	7.10251	7.15492	7.1161	7.14985	7.14523	7.13343	7.077
0.1474	7.09111	7.07702	7.09657	7.16271	7.07233	7.17365	7.18584	7.15699	7.02718
0.148487	7.06275	7.0529	7.16534	7.10952	7.12405	7.13669	7.12005	7.15808	7.05586
0.149587	7.01558	6.99536	7.11659	7.07127	7.16007	7.22239	7.12204	7.12358	7.01778
0.1507	7.08845	7.03012	7.10356	7.10435	7.09919	7.1046	7.18594	7.10458	6.98198
0.151812	7.03277	7.00569	7.12718	7.09822	7.1055	7.19548	7.16346	7.14088	7.03704
0.152925	7.12249	7.04465	7.06525	7.1107	7.11173	7.18978	7.11057	7.12867	7.06015
0.154062	7.03514	7.01687	7.09519	7.09611	7.10094	7.12739	7.15873	7.08923	7.00841
0.1552	7.01858	7.02544	7.07502	7.09945	7.07252	7.17237	7.0674	7.14471	7.04086
0.156337	7.04412	7.05589	7.0974	7.1178	7.08653	7.15085	7.10756	7.12505	7.06573
0.1575	7.01582	6.99116	7.09124	7.09348	7.06094	7.12968	7.15097	7.06051	7.04878
0.15865	7.06665	7.01413	7.0595	7.07426	7.103	7.16203	7.08415	7.06765	7.0263
0.159825	7.02447	7.03681	7.09477	7.08645	7.06961	7.16157	7.09547	7.10811	7.01349
0.161	7.08489	7.06737	7.13297	7.1314	7.08874	7.1285	7.15559	7.12305	7.02592
0.162188	7.05137	7.06103	7.09911	7.09717	7.13449	7.16156	7.08034	7.13309	7.0233
0.163375	7.06371	7.03528	7.0923	7.10257	7.07936	7.18533	7.11753	7.14281	7.01369
0.164587	7.02793	7.02976	7.09038	7.10213	7.09315	7.14356	7.10261	7.19397	6.9901
0.165788	7.07976	7.01054	7.03468	7.04851	7.08882	7.12156	7.11083	7.129	7.01866
0.167012	7.09395	7.08003	7.068	7.08685	7.06125	7.12914	7.09675	7.09436	7.08915
0.168238	7.02944	7.05549	7.08421	7.11134	7.02913	7.1481	7.13717	7.09188	7.00433
0.169475	7.03066	7.05075	7.08454	7.10432	7.08729	7.1481	7.11281	7.11803	7.0447
0.170713	7.0521	6.963	7.06349	7.09681	7.11967	7.19492	7.10326	7.15448	7.02934
0.171975	7.03699	6.99702	7.0682	7.07709	7.09644	7.14036	7.141	7.12256	7.0275
0.173238	7.0537	7.05525	7.06403	7.1288	7.11291	7.16183	7.09234	7.10496	7.01075
0.1745	7.01538	7.0551	7.07798	7.09667	7.09974	7.19605	7.09955	7.14464	6.97913
0.175775	6.9765	7.01798	7.04982	7.0786	7.11403	7.11167	7.04843	7.09474	7.00338
0.177062	7.01635	7.04044	7.11514	7.09551	7.12535	7.12193	7.10932	7.12496	7.03714
0.178363	7.00188	7.0137	7.04521	7.05612	7.0374	7.11132	7.09459	7.13215	6.95877
0.179675	7.01333	6.97452	7.05694	7.10512	7.07552	7.10799	7.08997	7.1035	6.98314
0.180988	7.01633	6.98615	7.06502	7.05702	7.0748	7.15317	7.06044	7.11645	7.00117
0.182313	7.0085	6.99001	7.10493	7.08718	7.07375	7.15335	7.09799	7.07392	7.03873
0.183637	7.06564	7.00842	7.0856	7.08176	7.02313	7.11198	7.1302	7.15133	7.0497
0.184988	6.94203	7.00331	7.10767	7.074	7.1013	7.14859	7.06798	7.10918	7.02466
0.186338	7.0149	7.01412	7.03117	7.09976	7.11987	7.08372	7.11275	7.14971	6.98338
0.1877	7.01612	7.02169	7.0675	7.10311	7.09777	7.13774	7.07791	7.0921	7.03621
0.189063	7.03899	6.9932	7.09846	7.07542	7.12228	7.13334	7.09893	7.12872	7.01967
0.19045	7.05334	7.00345	7.08454	7.11029	7.14094	7.15138	7.10962	7.09059	7.0074
0.191838	6.99997	6.99878	7.0615	7.07146	7.07303	7.14926	7.10939	7.09952	6.96397
0.193237	7.03812	6.98235	7.01333	7.07851	7.10398	7.05917	7.10877	7.14586	7.01621
0.19465	7.06058	7.04622	7.06732	7.08034	7.09248	7.14536	7.09689	7.10264	6.99235
0.196063	7.05026	6.98451	7.06339	7.06603	7.08702	7.14034	7.13587	7.14758	7.00584
0.197488	7.01109	7.00528	7.07936	7.10603	7.07124	7.14044	7.08108	7.10904	6.98728
0.198925	6.99763	6.96811	7.05484	7.06379	7.05967	7.14455	7.10221	7.11367	7.02412
0.200375	6.99721	6.99565	7.0515	7.09097	7.08605	7.12424	7.13115	7.08208	7.00589
0.201837	7.07116	7.00788	7.03556	7.07771	7.12915	7.1741	7.07273	7.09866	6.96593
0.2033	7.00936	7.02188	7.05796	7.05927	7.05913	7.14469	7.11556	7.14945	7.0117
0.204787	7.00343	7.01236	7.07146	7.08754	7.08049	7.15521	7.03035	7.10569	7.0294
0.206275	7.00626	7.00529	7.02315	7.06965	7.06045	7.16746	7.11232	7.08056	6.99916
0.207775	7.03902	6.97014	7.0612	7.06912	7.05346	7.1283	7.07077	7.08793	7.02068
0.209275	7.01808	7.0111	7.10487	7.05992	7.07841	7.14799	7.08137	7.15164	7.01234
0.2108	7.01046	6.97738	7.0616	7.04678	7.06453	7.14393	7.13843	7.12872	6.96362
0.212325	6.99613	6.97562	7.02809	7.07098	7.06451	7.12759	7.07521	7.08635	6.98043
0.213875	7.0175	6.99406	7.07884	7.04685	7.07488	7.11677	7.10169	7.07509	6.9798
0.215425	7.00652	7.01161	7.07397	7.1051	7.07242	7.12231	7.10562	7.09106	6.98042
0.216988	7.00356	7.00277	7.06099	7.07696	7.06401	7.12902	7.09209	7.09208	7.04704
0.218562	7.04131	6.98231	7.05889	7.06313	7.06569	7.06261	7.16645	7.1227	7.04744
0.22015	7.03309	7.01201	7.07069	7.05621	7.05513	7.14684	7.05399	7.10516	6.99783
0.221738	7.06709	6.98895	7.06793	7.07452	7.05683	7.19926	7.10212	7.1351	7.02874
0.22335	7.03703	6.99364	7.07442	7.07541	7.06026	7.13951	7.07911	7.09989	6.98511
0.224963	7.02985	6.98156	7.05172	7.07055	7.05694	7.0822	7.09589	7.1372	7.00552
0.226588	6.99174	7.0021	7.05628	7.07946	7.06531	7.09977	7.07312	7.08142	6.98338
0.228237	7.02124	6.9708	7.06225	7.07939	7.09964	7.0904	7.06852	7.1602	6.96254
0.229888	7.01377	6.99259	7.06595	7.07922	7.05337	7.14715	7.12453	7.10349	6.98131
0.23155	7.03641	7.01498	7.02028	7.00158	7.03354	7.13099	7.11685	7.12704	7.00156
0.233225	7.01667	7.01535	7.01837	7.11452	7.10188	7.10002	7.08091	7.11572	6.99911
0.234912	7.00358	6.99757	7.0427	7.03399	7.02347	7.07267	7.01359	7.12693	7.00095
0.2366	7.0169	6.99715	7.04962	7.0568	7.05439	7.1214	7.11899	7.11722	6.99757
0.238312	7.01876	6.97365	7.03899	7.1039	7.07292	7.10644	7.10663	7.13029	7.02463
0.240038	6.9793	6.98266	7.05213	7.07435	7.04885	7.11636	7.10298	7.09867	6.97435
0.241763	7.00576	6.98686	7.04443	7.04593	7.06464	7.131	7.09568	7.12136	7.00324
0.243512	7.02455	7.00582	7.08646	7.10048	7.04591	7.10608	7.12745	7.11553	7.00303
0.245275	6.9843	7.01695	7.0626	7.08627	7.04883	7.11145	7.07669	7.12039	6.97712
0.247038	7.04138	6.97415	7.0155	7.05844	7.03221	7.11274	7.10219	7.14273	6.96918
0.248825	6.9989	6.9894	7.08938	7.05081	7.06941	7.11585	7.10027	7.12196	6.97938
0.250612	7.03385	6.99112	7.07038	7.06295	7.01916	7.1421	7.08928	7.07694	6.99638
0.252425	7.02013	7.01448	7.02419	7.05919	7.07363	7.11727	7.09317	7.09023	6.99863
0.254238	6.98083	6.95691	7.0418	7.03082	7.04094	7.10841	7.07888	7.11787	7.00533
0.256075	7.00716	6.98779	7.00609	7.07677	7.08693	7.0831	7.10615	7.09199	7.03431
0.257912	7.01816	6.97833	7.02941	7.07774	7.03533	7.09516	7.08962	7.126	6.94745
0.259775	7.00754	7.01491	7.05318	7.05103	7.05253	7.12515	7.08211	7.07362	7.04074
0.26165	7.02391	7.01685	7.04287	7.03886	7.0515	7.11086	7.06106	7.06089	7.00377
0.263525	6.98363	6.97401	7.04282	7.03832	7.0505	7.13309	7.10939	7.11156	6.99132
0.265425	7.02103	6.97642	7.0256	7.05033	7.0466	7.13001	7.11528	7.0891	6.98997
0.267338	7.02574	6.98568	7.06241	7.08515	7.06909	7.13597	7.02715	7.09788	6.99829
0.26925	7.05557	6.95856	7.03376	7.04431	7.09847	7.13793	7.08078	7.11197	7.01628
0.271188	6.99009	6.98202	7.07705	7.06114	7.11507	7.12382	7.10608	7.10876	7.01234
0.273138	7.0024	7.02145	7.04099	7.04374	7.07919	7.08626	7.05394	7.09243	6.96343
0.2751	6.99609	6.99031	7.05956	7.08693	7.06058	7.11312	7.06046	7.0899	7.00156
0.277075	7.00909	6.99829	7.03954	7.05177	7.06876	7.09158	7.10823	7.07927	7.00521
0.279063	6.9994	6.98469	7.07066	7.05036	7.07648	7.12684	7.06907	7.09796	6.99952
0.281075	6.9826	7.00262	7.03379	7.06408	7.0599	7.12996	7.08096	7.07523	6.98171
0.283087	7.01305	6.99711	7.06052	7.05611	7.09418	7.08628	7.10585	7.08265	6.99879
0.285125	7.00515	6.98378	7.06218	7.0784	7.08068	7.10635	7.12993	7.09945	6.99103
0.287163	7.0106	6.98018	7.04074	7.05845	7.03933	7.10914	7.10523	7.11064	7.02741
0.289225	7.01553	6.98492	7.09779	7.02978	7.04923	7.10265	7.0787	7.0754	6.98495
0.2913	7.02626	7.0445	7.05941	7.06804	7.06901	7.13211	7.08769	7.07273	6.99521
0.293388	7.04054	7.01276	7.05555	7.03811	7.02452	7.10205	7.11478	7.12187	6.95931
0.295487	6.96556	6.96718	7.04516	7.0497	7.08622	7.08405	7.07068	7.10471	7.02633
0.297612	7.01831	6.97546	7.05631	7.04488	7.0992	7.12085	7.06522	7.09223	6.94647
0.299738	7.03306	6.97989	7.00999	7.06908	7.06643	7.15198	7.08325	7.08886	7.01829
0.301888	7.0143	7.01368	7.06619	7.04426	7.04403	7.12079	7.09383	7.05823	6.97796
0.30405	6.99897	6.98656	7.07738	7.06018	7.08971	7.11413	7.0971	7.08553	6.98582
0.306225	7.00124	7.00025	7.06326	7.0786	7.05576	7.11232	7.12414	7.08544	6.9897
0.308425	6.98892	6.99801	7.00548	7.05303	7.03965	7.13215	7.06078	7.09382	7.01833
0.310625	6.99423	7.02443	7.02337	7.07215	7.02179	7.10512	7.11947	7.10751	7.01038
0.31285	6.99628	6.98493	7.06224	7.05737	7.04468	7.12923	7.08068	7.13795	6.98698
0.315087	7.00976	6.96736	7.04101	7.04491	7.07644	7.08727	7.122	7.12079	7.00795
0.317338	6.99993	7.0088	7.04053	7.03537	7.06034	7.08814	7.10102	7.09181	6.98146
0.319613	7.03422	6.98868	7.05883	7.09576	7.07226	7.13819	7.06113	7.09787	6.99253
0.3219	6.99127	6.9764	7.06581	7.06942	7.04078	7.1307	7.07264	7.12557	7.02059
0.3242	7.00416	7.01	7.05195	7.07137	7.0825	7.11657	7.07887	7.11299	6.99762
0.326512	7.00084	7.01248	7.06224	7.05657	7.08619	7.13535	7.10556	7.11102	6.99937
0.32885	7.02079	6.98484	7.08791	7.05951	7.0636	7.12446	7.10161	7.06903	7.01754
0.331187	7.02635	7.00418	7.09649	7.01607	7.06426	7.11174	7.0631	7.06871	7.00818
0.333562	7.00477	6.96303	7.03909	7.07693	7.03583	7.12045	7.078	7.07576	6.99381
0.335938	7.00961	7.016	7.09987	7.05122	7.0332	7.09073	7.0808	7.09076	6.99631
0.338338	7.03774	7.02124	7.07529	7.05794	7.0506	7.11502	7.06786	7.13486	7.03099
0.34075	7.02295	7.01511	7.0614	7.03901	7.09154	7.12872	7.11545	7.11397	7.0021
0.343188	7.02012	6.98107	7.02815	7.08094	7.05317	7.06765	7.12531	7.11789	7.00736
0.345638	7.02576	7.00579	7.02854	7.04068	7.05119	7.12118	7.04204	7.15705	6.99033
0.3481	7.00713	6.97775	7.05423	7.05929	7.03291	7.09408	7.08219	7.07195	6.97453
0.350575	6.98651	6.99182	7.05914	7.05635	7.10231	7.12504	7.0867	7.09328	7.01696
0.353075	7.04622	6.99653	7.07252	7.07328	7.08081	7.15375	7.10651	7.10766	7.02214
0.3556	6.9615	6.9833	7.01576	7.0312	7.04926	7.12902	7.09165	7.14446	7.03675
0.358125	7.00421	7.01798	7.04975	7.05424	7.03215	7.11077	7.10996	7.11436	7.03183
0.360675	6.99903	7.0125	7.0751	7.03253	7.07044	7.14712	7.09631	7.0824	7.02189
0.36325	7.01269	6.97895	7.03795	7.08259	7.10017	7.095	7.07935	7.10906	7.01835
0.365838	7.02775	7.01627	7.05855	7.09288	7.05543	7.13096	7.09995	7.09864	6.98726
0.368437	7.00452	6.99918	7.02472	7.07042	7.06052	7.11306	7.08676	7.14317	7.00661
0.371062	7.05299	6.97117	7.08069	7.06414	7.06105	7.09463	7.09578	7.12821	7.01952
0.373713	7.07102	7.02747	7.04703	7.04504	7.07488	7.12045	7.07064	7.0913	7.01275
0.376363	7.01738	7.01392	7.04612	7.07278	7.0807	7.12058	7.09617	7.08033	6.9812
0.37905	7.04952	7.00934	7.08458	7.09188	7.07853	7.10998	7.07664	7.08121	6.99603
0.381738	6.99411	7.014	7.05501	7.06101	7.04825	7.11594	7.10803	7.09809	7.00792
0.384463	7.00184	7.01991	7.05461	7.05153	7.07	7.12312	7.07997	7.09629	6.99089
0.387188	7.01175	7.01158	7.12066	7.06418	7.06926	7.07693	7.06892	7.10397	7.0111
0.38995	6.99877	6.98074	7.052	7.07953	7.06737	7.09874	7.08614	7.10125	7.03047
0.392713	7.00424	7.04506	7.04516	7.06784	7.05683	7.12792	7.09723	7.08993	6.98868
0.395512	7.01189	6.98634	7.05205	7.07359	7.05707	7.12577	7.08448	7.07149	7.02319
0.398325	7.0027	6.99716	7.09902	7.05269	7.05914	7.1161	7.1113	7.07555	7.01785
0.40115	7.02002	6.99345	7.04907	7.05213	7.07186	7.1239	7.09895	7.09829	7.00358
0.404	6.98129	7.04122	7.04501	7.08547	7.0652	7.16012	7.09939	7.1031	7.02108
0.406875	7.01226	6.98435	7.04926	7.04755	7.05983	7.12372	7.07869	7.10097	6.99057
0.409763	7.01437	7.05397	7.06334	7.08613	7.06195	7.13351	7.0694	7.096	6.99173
0.412663	7.04232	7.035	7.09978	7.08774	7.06181	7.13708	7.07959	7.12913	6.98821
0.4156	7.02748	7.02629	7.03989	7.0566	7.08159	7.10246	7.09474	7.10977	7.01083
0.41855	7.05253	7.02837	7.06869	7.05381	7.0808	7.12622	7.09073	7.07575	6.9895
0.421525	6.99047	6.9794	7.01854	7.06962	7.05978	7.11689	7.09325	7.11471	7.01636
0.424513	7.0174	6.99759	7.05412	7.05937	7.07193	7.11649	7.09018	7.12242	7.01863
0.427525	6.99425	6.97038	7.07864	7.07697	7.06094	7.13922	7.09886	7.12217	7.00052
0.43055	7.03289	6.99551	7.02812	7.07712	7.05626	7.1299	7.09009	7.08332	7.00911
0.433612	7.05045	6.97693	7.05314	7.05975	7.07145	7.12354	7.10099	7.12615	6.98391
0.436687	7.01952	6.98787	7.06561	7.09773	7.114	7.1182	7.11758	7.13862	7.04231
0.439775	7.03005	7.03708	7.06852	7.09531	7.05832	7.13087	7.09829	7.11294	6.99374
0.4429	7.03794	7.00786	7.03092	7.07019	7.04487	7.11537	7.11346	7.1198	7.01375
0.446038	7.04337	7.03785	7.07622	7.03893	7.06518	7.11344	7.09941	7.09785	7.0211
0.4492	7.03046	7.00182	7.05867	7.05198	7.09446	7.13108	7.11819	7.10607	7.00546
0.452375	7.02969	7.00161	7.05411	7.08235	7.05954	7.13157	7.12688	7.12396	7.00162
0.455588	7.02531	7.01644	7.07378	7.05177	7.06499	7.12878	7.08851	7.11457	7.02009
0.458813	7.04411	7.02472	7.0808	7.06639	7.05624	7.11338	7.09689	7.10565	6.99298
0.462063	7.04467	7.01614	7.04796	7.04033	7.05455	7.13852	7.10464	7.12642	7.00098
0.465338	6.99637	6.98697	7.0565	7.08436	7.09519	7.13201	7.08638	7.11283	7.01159
0.468625	7.04199	6.99592	7.04261	7.08839	7.05983	7.10373	7.09521	7.08171	6.98492
0.47195	7.03459	7.01446	7.03585	7.0745	7.06759	7.12122	7.09399	7.09919	6.99093
0.475287	7.04642	7.02519	7.0733	7.09355	7.07127	7.11337	7.10764	7.10092	7.00385
0.47865	7.04876	6.9879	7.04282	7.08278	7.07834	7.1198	7.0975	7.1303	7.01631
0.482038	7.04481	7.01302	7.08684	7.07481	7.06746	7.15026	7.08582	7.13322	7.01715
0.48545	7.04106	7.02811	7.07988	7.06513	7.07235	7.15666	7.08292	7.12787	7.01724
0.488887	7.03798	6.99038	7.08448	7.07356	7.08017	7.12402	7.08283	7.10375	7.00237
0.492337	7.03345	7.01606	7.06678	7.06727	7.05246	7.11912	7.07592	7.0866	7.02455
0.495825	7.01036	7.03604	7.06292	7.10503	7.08496	7.13582	7.09883	7.09843	7.04137
0.499325	7.00396	7.01611	7.0471	7.08437	7.08495	7.14829	7.09597	7.10398	7.0018
0.502863	7.05366	7.02421	7.04954	7.06657	7.06829	7.12713	7.09366	7.12516	7.01529
0.506413	7.03648	7.01655	7.05473	7.075	7.09859	7.13331	7.1076	7.11266	7.0325
0.51	7.02322	7.0088	7.06938	7.09275	7.11081	7.1476	7.09861	7.09601	7.00642
0.5136	6.99651	7.01693	7.04522	7.05124	7.11341	7.11391	7.09361	7.09452	7.02201
0.517225	7.00983	7.01961	7.07541	7.09563	7.06853	7.09893	7.09641	7.12075	7.00958
0.520887	7.05975	7.05495	7.07906	7.0756	7.08488	7.11925	7.10892	7.14219	6.98612
0.524562	6.99966	7.05179	7.08099	7.08096	7.07512	7.12286	7.0784	7.11578	7.02087
0.528275	7.02042	7.02333	7.07721	7.09315	7.08799	7.11608	7.1075	7.11574	6.99086
0.532	6.99578	7.01206	7.09002	7.07944	7.07026	7.14863	7.10112	7.12214	6.99207
0.535762	7.03994	7.03886	7.06114	7.0913	7.05038	7.11482	7.12222	7.11495	7.02028
0.539537	7.05087	6.99055	7.06323	7.06334	7.08765	7.13048	7.0889	7.16505	7.02167
0.54335	7.04886	7.04844	7.08305	7.07466	7.09616	7.13294	7.08739	7.1318	7.00694
0.547188	7.02319	7.00955	7.06269	7.06091	7.08586	7.11802	7.08848	7.08106	7.01946
0.55105	7.04793	7.0108	7.06804	7.04961	7.09999	7.12453	7.13458	7.12043	7.01566
0.554937	7.04319	7.03678	7.04874	7.08639	7.10082	7.15916	7.12712	7.13399	7.02126
0.55885	7.02118	7.00801	7.05657	7.07924	7.08202	7.11787	7.08517	7.14015	7.01851
0.5628	7.02611	7.04128	7.09126	7.08033	7.06617	7.14815	7.10183	7.15729	6.99487
0.566763	7.0075	7.03735	7.06382	7.06371	7.07259	7.13722	7.10856	7.10797	7.01686
0.570763	7.02097	7.02471	7.04911	7.07519	7.0831	7.14727	7.06028	7.1512	7.03541
0.574787	7.01486	7.03469	7.05253	7.07308	7.08097	7.11735	7.12836	7.11109	6.99978
0.578838	7.0371	7.03185	7.09031	7.09433	7.09079	7.12311	7.11063	7.1166	6.98314
0.582925	7.03457	7.00366	7.0742	7.0971	7.07718	7.10597	7.11743	7.12098	7.0016
0.587038	7.03633	7.00727	7.08781	7.07843	7.09658	7.13634	7.10576	7.12155	7.00968
0.591175	7.04933	7.00788	7.05558	7.08491	7.06711	7.11889	7.10638	7.13548	7.03002
0.595338	7.0634	7.02059	7.05326	7.07511	7.06329	7.14107	7.10043	7.13985	7.03274
0.599537	7.03214	7.02006	7.07716	7.07513	7.07159	7.12994	7.10026	7.11368	7.02768
0.603763	7.02049	7.03529	7.07064	7.08995	7.08058	7.12056	7.08496	7.10226	7.02792
0.608012	7.02872	7.03407	7.04809	7.08523	7.0676	7.1355	7.10554	7.11839	7.02507
0.6123	7.0309	7.03577	7.08394	7.0599	7.09538	7.14987	7.10735	7.14155	7.0262
0.616612	7.02706	7.02041	7.06877	7.10835	7.09899	7.11622	7.10954	7.14174	6.98783
0.620963	7.04828	7.00767	7.06427	7.07274	7.0665	7.13305	7.12809	7.12201	7.02909
0.625325	7.02658	7.01587	7.07754	7.09551	7.09475	7.1427	7.10605	7.15477	6.99877
0.629737	7.01434	7.02703	7.06693	7.07815	7.10011	7.1252	7.08644	7.11502	7.03326
0.634175	7.03706	7.02694	7.08859	7.08074	7.09087	7.11971	7.08596	7.12442	7.01033
0.638637	7.02152	7.05049	7.07573	7.09648	7.08118	7.12963	7.08871	7.11549	7.01441
0.643125	7.0377	7.04335	7.05077	7.09115	7.10198	7.12452	7.10166	7.10988	7.01346
0.647663	7.05334	7.03991	7.08153	7.06941	7.08653	7.12981	7.10455	7.10308	7.02352
0.652213	7.05526	7.01837	7.07461	7.08692	7.104	7.12938	7.11536	7.1159	7.01027
0.656812	7.04052	7.03851	7.07782	7.08505	7.08519	7.13898	7.08229	7.1368	7.01421
0.661425	7.03145	7.04211	7.07803	7.06428	7.08963	7.13915	7.119	7.13388	7.00345
0.666088	7.03174	7.05318	7.06835	7.08043	7.08689	7.10186	7.1066	7.13041	7.02367
0.670775	7.02561	7.04757	7.08577	7.10219	7.09868	7.12991	7.1007	7.10107	7.01413
0.675488	7.0208	7.01965	7.0757	7.06145	7.06488	7.12088	7.10572	7.11829	7.02295
0.680237	7.03743	7.03561	7.0388	7.07583	7.093	7.13206	7.11441	7.12342	7.01815
0.685025	7.02229	7.03111	7.07324	7.06902	7.08852	7.08696	7.12802	7.15229	7.04857
0.689838	7.02653	7.02418	7.07303	7.08137	7.07587	7.16639	7.11736	7.11501	7.01
0.694687	7.03535	7.04197	7.0557	7.10932	7.06001	7.14377	7.12054	7.12734	7.00721
0.699575	7.05747	7.01904	7.07764	7.10917	7.07895	7.13043	7.1294	7.12965	7.02928
0.7045	7.05712	7.02626	7.07062	7.08979	7.07935	7.13454	7.09752	7.14049	6.99503
0.70945	7.05161	7.06577	7.08582	7.0862	7.08372	7.133	7.11428	7.12289	7.01882
0.714437	7.02506	7.03351	7.07193	7.11469	7.1033	7.12908	7.08565	7.12478	7.03295
0.719463	7.05563	7.02495	7.06482	7.09216	7.09789	7.12185	7.11606	7.1093	7.02801
0.724513	7.04626	7.01882	7.08067	7.08192	7.09222	7.12951	7.09866	7.11926	7.01778
0.7296	7.01718	7.01927	7.06725	7.06112	7.08751	7.12949	7.10641	7.16317	7.00458
0.734738	7.03712	7.02976	7.06874	7.06329	7.05948	7.14338	7.11563	7.14033	7.00706
0.7399	7.03902	7.01297	7.06065	7.09072	7.09982	7.11997	7.10417	7.10918	7.02116
0.745088	7.0402	7.05272	7.08866	7.08407	7.09938	7.14059	7.10568	7.12277	7.03247
0.750325	7.02255	7.03447	7.06775	7.11127	7.10752	7.16306	7.10459	7.13489	7.02982
0.7556	7.04107	7.01835	7.05919	7.12316	7.07632	7.13566	7.11987	7.12133	7.02096
0.7609	7.01924	7.01723	7.08155	7.09787	7.08829	7.11676	7.11394	7.14486	7.04238
0.76625	7.01434	7.02804	7.06058	7.08986	7.09804	7.11602	7.108	7.12779	7.0107
0.771625	7.05648	7.04366	7.07532	7.11842	7.10165	7.12767	7.12254	7.14262	7.01558
0.77705	7.05252	7.02071	7.04953	7.08174	7.07978	7.13739	7.13249	7.1374	7.00974
0.7825	7.03742	7.05341	7.06373	7.09831	7.08647	7.12329	7.12159	7.15567	7.01064
0.788	7.02656	7.03633	7.05995	7.1078	7.10451	7.15445	7.1016	7.13224	7.03175
0.793525	7.02365	7.04971	7.0776	7.0743	7.0998	7.13142	7.12758	7.14416	7.02976
0.7991	7.02591	7.05256	7.07164	7.09378	7.08857	7.14257	7.12739	7.13791	7.0172
0.8047	7.02176	7.0533	7.08135	7.09216	7.0817	7.16477	7.09662	7.13236	7.04443
0.81035	7.03932	7.05158	7.05454	7.08079	7.09419	7.13499	7.12682	7.13379	7.01698
0.816037	7.03272	7.01791	7.07877	7.09408	7.08442	7.14701	7.11635	7.13773	7.0266
0.821763	7.0271	7.02717	7.06521	7.08662	7.08679	7.13131	7.14465	7.12164	7.03651
0.827525	7.0167	7.03151	7.09363	7.08509	7.11193	7.13138	7.10244	7.13256	7.03286
0.833337	7.03041	7.01983	7.07008	7.09912	7.06492	7.13788	7.08862	7.12368	7.03547
0.839175	7.0472	7.0273	7.06085	7.09412	7.07059	7.12306	7.09654	7.11597	7.03109
0.845062	7.02486	7.06396	7.0854	7.10049	7.10571	7.13967	7.12547	7.15227	7.03716
0.851	7.04987	7.05129	7.08041	7.10082	7.11982	7.12798	7.09266	7.12446	7.03836
0.856963	7.03404	7.04132	7.05153	7.09256	7.08147	7.139	7.11976	7.11951	7.02155
0.862975	7.03646	7.05049	7.07442	7.08714	7.08476	7.14374	7.1262	7.12126	7.00992
0.869025	7.02587	7.02279	7.06829	7.09357	7.09971	7.14472	7.10741	7.12812	7.02754
0.875112	7.03134	7.03322	7.07543	7.07739	7.0961	7.13782	7.10753	7.13501	7.02645
0.88125	7.04508	7.03248	7.05735	7.09326	7.08572	7.14459	7.1165	7.11463	7.02703
0.887425	7.03374	7.02785	7.07965	7.07761	7.10087	7.1339	7.12816	7.11342	7.03971
0.89365	7.04596	7.03705	7.07915	7.08684	7.07679	7.13868	7.10886	7.12076	7.02392
0.899912	7.03277	7.03051	7.06031	7.0912	7.10605	7.13486	7.0991	7.13207	7.01912
0.906225	7.04999	7.04816	7.07569	7.09414	7.10439	7.12493	7.12873	7.13344	7.02108
0.912575	7.04317	7.02835	7.09094	7.12229	7.09433	7.12172	7.11111	7.14957	7.02706
0.918962	7.02999	7.03007	7.08305	7.09559	7.0934	7.12059	7.11519	7.14396	7.02697
0.9254	7.03528	7.05135	7.06866	7.05468	7.07706	7.14927	7.12335	7.14997	7.03067
0.931888	7.04627	7.03995	7.05655	7.12071	7.1038	7.1301	7.12761	7.13565	7.02623
0.938412	7.03035	7.04485	7.08523	7.10182	7.08635	7.14793	7.10931	7.11208	7.03098
0.944987	7.04242	7.04774	7.07356	7.07223	7.09	7.14225	7.12223	7.12505	7.0113
0.951612	7.03809	7.03212	7.09873	7.07495	7.10251	7.15451	7.11738	7.14843	7.02874
0.958275	7.02312	7.02234	7.08453	7.09577	7.08747	7.1504	7.11882	7.14426	7.02498
0.964988	7.03051	7.03212	7.07857	7.09205	7.08925	7.14507	7.0995	7.14505	7.0309
0.97175	7.02843	7.02864	7.07352	7.09798	7.09856	7.16864	7.11772	7.1254	7.02756
0.97855	7.03584	7.01638	7.06958	7.10006	7.11452	7.14053	7.13714	7.147	7.02365
0.9854	7.03176	7.04519	7.05928	7.11069	7.08955	7.136	7.11766	7.1098	7.00569
0.9923	7.03114	7.02906	7.06487	7.07741	7.09311	7.15559	7.10939	7.14911	7.02662
0.99925	7.03623	7.0241	7.08367	7.10954	7.10816	7.15732	7.09219	7.13306	7.01993
1.00625	7.02266	7.03496	7.06602	7.08269	7.09158	7.12388	7.11722	7.14878	7.01517
1.01329	7.042	7.04111	7.0872	7.11535	7.0908	7.15321	7.13016	7.13687	7.02508
1.02039	7.05945	7.01755	7.09033	7.11415	7.09772	7.13971	7.12506	7.12896	7.01915
1.02752	7.03981	7.01717	7.08203	7.09503	7.08655	7.14842	7.12478	7.13014	7.02119
1.03472	7.04926	7.03706	7.08718	7.09073	7.09508	7.13268	7.10929	7.12847	7.04487
1.04196	7.02728	7.01067	7.09027	7.10219	7.08595	7.14575	7.12442	7.15367	7.02405
1.04925	7.02564	7.02737	7.08001	7.09623	7.10347	7.15999	7.13247	7.14434	7.00593
1.0566	7.01352	7.03751	7.0911	7.09663	7.05764	7.14813	7.11862	7.11502	7.02951
1.06399	7.04034	7.02994	7.07807	7.107	7.10153	7.13093	7.1094	7.13789	7.03529
1.07144	7.0376	7.03351	7.06205	7.08935	7.09114	7.13635	7.12207	7.14875	7.00535
1.07893	7.02892	7.04313	7.06789	7.0856	7.09611	7.155	7.13402	7.15528	7.03167
1.08648	7.03505	7.03798	7.09262	7.08706	7.10025	7.14246	7.13998	7.11519	7.03347
1.09407	7.03079	7.04065	7.07675	7.10615	7.09311	7.13332	7.12331	7.14062	7.03083
1.10174	7.03621	7.05059	7.08456	7.10277	7.09581	7.15394	7.10817	7.13738	7.01663
1.10944	7.03242	7.03686	7.08206	7.11494	7.1168	7.15749	7.11412	7.13086	7.03881
1.1172	7.03422	7.03463	7.08663	7.11471	7.09286	7.14039	7.12001	7.13964	7.03075
1.12501	7.04917	7.03964	7.08893	7.10736	7.07678	7.13151	7.11553	7.14421	7.04257
1.13287	7.03727	7.03963	7.08591	7.09294	7.09995	7.15511	7.1198	7.13407	7.0268
1.1408	7.04111	7.03528	7.08137	7.08824	7.09816	7.16249	7.11682	7.13484	7.04152
1.14877	7.05043	7.03574	7.09871	7.10204	7.10746	7.157	7.11687	7.14496	7.02023
1.15681	7.03889	7.04186	7.088	7.08895	7.09873	7.13749	7.11772	7.14824	7.02852
1.1649	7.03477	7.0382	7.09836	7.1055	7.09498	7.13932	7.11825	7.13073	7.02839
1.17304	7.03115	7.05392	7.08583	7.12253	7.11102	7.13677	7.13529	7.13141	7.03114
1.18124	7.03077	7.04351	7.06781	7.10501	7.0827	7.13895	7.13204	7.14224	7.01817
1.1895	7.03127	7.02897	7.08253	7.07573	7.09326	7.1657	7.12346	7.13867	7.03448
1.19781	7.03918	7.03627	7.10071	7.08771	7.08936	7.13934	7.1185	7.13201	7.0474
1.20619	7.03572	7.06321	7.0834	7.10526	7.09579	7.13735	7.12266	7.159	7.03186
1.21461	7.05876	7.0349	7.08663	7.10705	7.11785	7.16154	7.1229	7.16243	7.01578
1.2231	7.03556	7.04855	7.07806	7.09504	7.10578	7.13861	7.12731	7.14133	7.0189
1.23165	7.03545	7.023	7.07615	7.11113	7.08959	7.14908	7.12941	7.13798	7.04684
1.24026	7.03157	7.04975	7.07051	7.09431	7.09422	7.13659	7.13089	7.15084	7.02777
1.24892	7.03679	7.04287	7.07945	7.11809	7.09714	7.15605	7.1334	7.11372	7.03573
1.25765	7.01147	7.04154	7.07552	7.09694	7.10814	7.14255	7.12555	7.1454	7.03883
1.26644	7.0215	7.05207	7.09191	7.11726	7.0964	7.16191	7.11806	7.13985	7.02839
1.27529	7.03967	7.03332	7.08847	7.09173	7.10208	7.1586	7.13608	7.15423	7.02888
1.2842	7.03603	7.03903	7.08425	7.09402	7.08163	7.15577	7.11932	7.1294	7.03547
1.29316	7.03009	7.0404	7.08833	7.09424	7.10579	7.15156	7.11927	7.14166	7.02813
1.3022	7.03534	7.03987	7.09751	7.10613	7.1097	7.15795	7.12598	7.15433	7.02864
1.3113	7.03279	7.03225	7.05911	7.0965	7.10716	7.14259	7.12722	7.13614	7.03089
1.32045	7.02872	7.05556	7.08789	7.10906	7.10702	7.15325	7.13204	7.13212	7.02845
1.32967	7.02165	7.0504	7.07719	7.09993	7.11767	7.15054	7.13	7.16419	7.03619
1.33896	7.02171	7.04214	7.09871	7.10265	7.1004	7.15301	7.13376	7.13253	7.02747
1.34831	7.02609	7.0351	7.07549	7.11584	7.09751	7.16754	7.13124	7.13748	7.03876
1.35773	7.03133	7.05518	7.09013	7.11608	7.10652	7.15629	7.14394	7.13742	7.02891
1.36721	7.03831	7.03803	7.09583	7.09471	7.10336	7.15992	7.14001	7.13092	7.01255
1.37675	7.05672	7.04546	7.08759	7.09245	7.09103	7.14221	7.13639	7.14066	7.04367
1.38636	7.03523	7.02712	7.08956	7.09126	7.0876	7.13418	7.12854	7.13387	7.05142
1.39605	7.03423	7.02646	7.08317	7.09488	7.11005	7.14342	7.13172	7.1348	7.02016
1.4058	7.03341	7.04773	7.09386	7.10505	7.1112	7.15292	7.13084	7.13976	7.05556
1.41561	7.0127	7.05457	7.09697	7.10605	7.08081	7.14565	7.1252	7.13153	7.03009
1.42549	7.0252	7.06297	7.09836	7.09797	7.1029	7.14946	7.12203	7.15518	7.03848
1.43544	7.02908	7.03747	7.08312	7.09299	7.09463	7.15498	7.12655	7.13202	7.03497
1.44546	7.03206	7.04771	7.08953	7.09974	7.09136	7.15845	7.13399	7.13762	7.02795
1.45555	7.03398	7.02177	7.09555	7.10333	7.09191	7.13845	7.12057	7.16481	7.02051
1.46571	7.04454	7.05224	7.09266	7.0981	7.10451	7.15357	7.11904	7.14958	7.04441
1.47594	7.04238	7.0373	7.08457	7.09443	7.09667	7.15487	7.12975	7.14539	7.02161
1.48624	7.05125	7.03595	7.09572	7.10087	7.09684	7.15	7.15033	7.14086	7.02473
1.49661	7.02419	7.03835	7.09027	7.09868	7.11107	7.15453	7.13698	7.15493	7.04773
1.50705	7.03931	7.03679	7.11122	7.10469	7.09012	7.14729	7.13657	7.13075	7.0399
1.51756	7.02931	7.02446	7.08619	7.11076	7.07909	7.13662	7.11755	7.14671	7.04296
1.52815	7.04046	7.04259	7.09487	7.09015	7.08878	7.16638	7.12007	7.16779	7.03933
1.53881	7.04439	7.02856	7.09276	7.10097	7.09826	7.16156	7.1314	7.14573	7.04124
1.54955	7.02579	7.04049	7.08603	7.10531	7.10114	7.15762	7.12934	7.13185	7.02976
1.56036	7.03672	7.02533	7.0895	7.08906	7.09716	7.15611	7.13825	7.13943	7.0387
1.57125	7.03518	7.02741	7.09264	7.10698	7.09508	7.16146	7.14439	7.15663	7.03933
1.58221	7.0293	7.03626	7.08011	7.10669	7.09151	7.16081	7.12583	7.14284	7.02842
1.59325	7.0475	7.02423	7.09979	7.09474	7.10039	7.15657	7.12891	7.14895	7.0362
1.60436	7.03708	7.03939	7.07913	7.10414	7.08635	7.16679	7.11368	7.13536	7.02847
1.61555	7.02268	7.0367	7.08923	7.09974	7.07935	7.146	7.12371	7.15713	7.03165
1.62681	7.03593	7.06115	7.08595	7.09289	7.10068	7.15911	7.14174	7.12122	7.02858
1.63816	7.04392	7.03194	7.07677	7.10603	7.10081	7.16485	7.12957	7.12339	7.03622
1.64959	7.04884	7.04481	7.06068	7.1002	7.08579	7.16379	7.15173	7.15526	7.02813
1.66109	7.03878	7.04235	7.10177	7.10414	7.09143	7.16017	7.11882	7.13611	7.04297
1.67268	7.03182	7.03879	7.08175	7.11199	7.09526	7.14805	7.12493	7.1381	7.03718
1.68434	7.04967	7.05429	7.07969	7.10849	7.09741	7.15956	7.13425	7.13217	7.0355
1.69609	7.03081	7.04471	7.09521	7.10093	7.08996	7.16558	7.12859	7.15255	7.03296
1.70791	7.01644	7.04595	7.08767	7.11168	7.10322	7.1405	7.11489	7.1401	7.04122
1.71981	7.03989	7.03387	7.10472	7.11009	7.08929	7.15931	7.11899	7.14633	7.04545
1.73181	7.04356	7.03993	7.08061	7.10689	7.10358	7.16154	7.13065	7.14086	7.04089
1.74388	7.04102	7.04609	7.08822	7.11873	7.10525	7.14088	7.121	7.14783	7.04194
1.75604	7.04092	7.04342	7.10595	7.08755	7.10153	7.16924	7.11801	7.14965	7.04873
1.76828	7.0276	7.0274	7.09932	7.11052	7.09388	7.15225	7.12715	7.14085	7.02836
1.7806	7.04971	7.04518	7.09036	7.11675	7.07956	7.1496	7.1275	7.14473	7.03047
1.79301	7.0403	7.04391	7.08589	7.11508	7.09214	7.14096	7.13214	7.14333	7.0279
1.80551	7.02162	7.04757	7.09373	7.12385	7.09228	7.14249	7.147	7.14185	7.03922
1.8181	7.03995	7.06237	7.08791	7.11883	7.08572	7.14981	7.11307	7.14995	7.02428
1.83078	7.03554	7.04791	7.08072	7.11678	7.09081	7.16798	7.11989	7.14459	7.02945
1.84354	7.03574	7.0521	7.08732	7.11253	7.09706	7.16782	7.13929	7.13082	7.02123
1.85637	7.03652	7.03063	7.09664	7.09818	7.10727	7.1573	7.12059	7.14869	7.03742
1.86931	7.05067	7.05773	7.09733	7.11847	7.08287	7.15692	7.12788	7.14855	7.05019
1.88234	7.03095	7.04532	7.09635	7.10906	7.10275	7.16343	7.13024	7.15041	7.04015
1.89546	7.03154	7.04209	7.09888	7.12894	7.09434	7.15723	7.12959	7.14473	7.04743
1.90866	7.02302	7.04567	7.07664	7.10342	7.09859	7.15888	7.13923	7.14557	7.04131
1.92196	7.04239	7.05147	7.07785	7.11843	7.09766	7.14408	7.1342	7.14491	7.03091
1.93536	7.03026	7.03969	7.08698	7.11738	7.08207	7.15689	7.12776	7.13805	7.04525
1.94885	7.03238	7.04078	7.06472	7.09783	7.09028	7.15953	7.13922	7.15495	7.02962
1.96242	7.03612	7.03815	7.08342	7.10927	7.08052	7.15146	7.13203	7.14545	7.03403
1.9761	7.04765	7.04419	7.08688	7.11511	7.08786	7.16236	7.12845	7.15341	7.0575
1.98986	7.04488	7.03093	7.1026	7.11629	7.10079	7.16334	7.12456	7.16613	7.01945
2.00373	7.03909	7.04557	7.08904	7.12452	7.09599	7.1557	7.1232	7.14564	7.0446
2.01769	7.05969	7.03265	7.08089	7.11136	7.08649	7.15824	7.13512	7.15361	7.03404
2.03174	7.03766	7.05234	7.0974	7.12503	7.10099	7.16048	7.14096	7.15407	7.05014
2.04589	7.03698	7.05421	7.08866	7.11935	7.10292	7.14376	7.13255	7.15762	7.05502
2.06014	7.04457	7.05762	7.0876	7.10515	7.09279	7.15703	7.13849	7.14772	7.04956
2.07449	7.04945	7.04174	7.09219	7.11956	7.08803	7.15096	7.12776	7.15733	7.05312
2.08894	7.04726	7.04802	7.09608	7.11784	7.09926	7.16468	7.13151	7.14884	7.05178
2.10349	7.02223	7.0488	7.08199	7.10849	7.0991	7.17072	7.13379	7.15686	7.04197
2.11814	7.04542	7.05414	7.07858	7.12767	7.10049	7.16069	7.13579	7.14956	7.04552
2.13289	7.03833	7.03367	7.09123	7.11445	7.10329	7.16338	7.1226	7.14729	7.04329
2.14775	7.03427	7.04659	7.10299	7.12148	7.10547	7.16606	7.13588	7.14141	7.03875
2.1627	7.04418	7.04729	7.08526	7.11049	7.09525	7.15857	7.13247	7.1409	7.05526
2.17776	7.02634	7.05576	7.09279	7.12087	7.09041	7.16905	7.13259	7.16044	7.0326
2.19292	7.01856	7.05676	7.08353	7.1167	7.08568	7.15895	7.13894	7.13827	7.03175
2.2082	7.04051	7.03745	7.10596	7.11959	7.11901	7.16464	7.13907	7.14305	7.03791
2.22358	7.05276	7.04781	7.09163	7.11594	7.08427	7.15517	7.1321	7.13964	7.04327
2.23905	7.03378	7.06639	7.09126	7.11621	7.10863	7.16666	7.15454	7.14977	7.03301
2.25465	7.04192	7.05376	7.08208	7.12888	7.10078	7.16189	7.13831	7.15041	7.0305
2.27034	7.02578	7.05189	7.08491	7.12071	7.08224	7.16132	7.14497	7.16396	7.04775
2.28615	7.03177	7.0567	7.08513	7.1181	7.10223	7.15302	7.13383	7.1422	7.02882
2.30206	7.01696	7.03107	7.0939	7.12003	7.09793	7.16216	7.14575	7.14586	7.03761
2.31809	7.05313	7.05351	7.08777	7.12109	7.10541	7.16531	7.14076	7.15982	7.03068
2.33422	7.04987	7.04269	7.09005	7.1087	7.08222	7.16467	7.13895	7.15757	7.03583
2.35048	7.03425	7.03579	7.09105	7.12799	7.10664	7.15618	7.14774	7.1491	7.0325
2.36684	7.0371	7.04879	7.0912	7.10647	7.10475	7.17678	7.13744	7.14631	7.01476
2.38331	7.0385	7.05279	7.08938	7.11467	7.0971	7.16408	7.13948	7.14179	7.03724
2.3999	7.03202	7.05857	7.08324	7.12418	7.11578	7.16669	7.15475	7.14076	7.02975
2.41661	7.0352	7.04385	7.08773	7.1241	7.10383	7.169	7.14585	7.13263	7.03218
2.43342	7.038	7.04537	7.08615	7.10662	7.10462	7.1561	7.15185	7.14238	7.02542
2.45036	7.0318	7.04135	7.08841	7.10901	7.10536	7.1629	7.14067	7.13429	7.03683
2.46743	7.03904	7.04923	7.10095	7.12087	7.08281	7.15522	7.1263	7.1552	7.03024
2.4846	7.02987	7.05231	7.09032	7.10896	7.09759	7.16999	7.14423	7.15643	7.06052
2.50189	7.03764	7.04429	7.08604	7.10839	7.09497	7.16168	7.13177	7.14764	7.04633
2.5193	7.03391	7.05239	7.08702	7.12542	7.09597	7.158	7.14154	7.15399	7.03887
2.53682	7.0459	7.05734	7.08752	7.1066	7.10737	7.16977	7.13243	7.15502	7.04681
2.55449	7.03262	7.03996	7.09307	7.11738	7.10405	7.17173	7.12313	7.1391	7.03666
2.57226	7.03858	7.04069	7.0918	7.10948	7.09118	7.1657	7.14734	7.14584	7.03235
2.59016	7.03608	7.0674	7.09641	7.11688	7.10341	7.15644	7.13165	7.13743	7.04564
2.60819	7.0295	7.04497	7.09802	7.12604	7.09845	7.17306	7.14388	7.13081	7.036
2.62634	7.03744	7.05336	7.09078	7.10459	7.10755	7.16094	7.13772	7.15261	7.03403
2.6446	7.03806	7.0506	7.0842	7.11037	7.08783	7.1571	7.13789	7.15291	7.03712
2.66301	7.05201	7.04543	7.07797	7.12285	7.10305	7.16298	7.14083	7.13681	7.03938
2.68154	7.03909	7.04573	7.08231	7.11495	7.1057	7.16322	7.1524	7.15346	7.02941
2.70019	7.03253	7.05657	7.07655	7.11622	7.09591	7.16793	7.14368	7.1605	7.03791
2.71898	7.03994	7.03811	7.09167	7.114	7.09964	7.17069	7.14882	7.14608	7.03629
2.7379	7.04161	7.04573	7.09751	7.11296	7.10538	7.16344	7.15959	7.14531	7.02694
2.75694	7.04083	7.04905	7.08918	7.12077	7.10113	7.16357	7.13906	7.1481	7.04956
2.77612	7.04456	7.05972	7.09047	7.11375	7.10132	7.16046	7.12867	7.14368	7.03839
2.79544	7.0472	7.05066	7.09676	7.12415	7.10227	7.1636	7.1416	7.14944	7.03172
2.81487	7.04262	7.05701	7.07259	7.11129	7.10496	7.17495	7.14667	7.14468	7.0445
2.83446	7.03224	7.05386	7.08473	7.12009	7.10303	7.17299	7.1301	7.13658	7.05267
2.85418	7.04154	7.05079	7.08351	7.11168	7.10977	7.16252	7.13125	7.15996	7.03572
2.87404	7.04239	7.05503	7.08463	7.12437	7.10285	7.16524	7.12796	7.15951	7.03645
2.89403	7.02578	7.06143	7.0919	7.11515	7.11277	7.16901	7.14046	7.15746	7.04628
2.91415	7.04057	7.04985	7.08814	7.10973	7.09916	7.17086	7.14119	7.14857	7.03948
2.93443	7.04462	7.06084	7.0929	7.10774	7.09795	7.17401	7.13283	7.14355	7.04238
2.95484	7.03298	7.0513	7.08944	7.12892	7.10598	7.15408	7.12967	7.14549	7.04594
2.97539	7.04407	7.05511	7.08501	7.11963	7.1071	7.16221	7.13301	7.16418	7.04553
2.99607	7.03981	7.05985	7.08338	7.11065	7.11451	7.16358	7.13499	7.15248	7.0343
3.01691	7.04423	7.06727	7.0852	7.11905	7.09596	7.16602	7.14265	7.1498	7.04014
3.0379	7.04444	7.05608	7.09011	7.12139	7.11196	7.15585	7.14109	7.15831	7.04683
3.05903	7.0452	7.06262	7.08647	7.1117	7.10536	7.16203	7.14222	7.15168	7.05117
3.0803	7.03974	7.05758	7.09833	7.1105	7.11101	7.16674	7.13811	7.15499	7.0605
3.10171	7.03237	7.04498	7.08251	7.11421	7.11229	7.16768	7.14677	7.16718	7.04187
3.12329	7.04843	7.05312	7.09349	7.11776	7.10363	7.17035	7.13852	7.15692	7.03208
3.145	7.04017	7.04673	7.08472	7.11062	7.09675	7.16443	7.13364	7.15011	7.0509
3.16687	7.03535	7.05881	7.09679	7.12521	7.09837	7.16903	7.14045	7.15318	7.04432
3.1889	7.0347	7.05688	7.08991	7.1148	7.1078	7.15787	7.1365	7.14732	7.04759
3.21108	7.02878	7.06208	7.0805	7.1189	7.10882	7.1605	7.14338	7.16238	7.05347
3.2334	7.04705	7.05362	7.09263	7.12132	7.10318	7.16426	7.1339	7.15799	7.04916
3.25588	7.05575	7.05426	7.08202	7.12461	7.10991	7.1719	7.15446	7.15762	7.03583
3.27851	7.04425	7.06086	7.10265	7.1217	7.12135	7.17722	7.14901	7.15838	7.04304
3.30131	7.05093	7.07269	7.08863	7.12094	7.10394	7.16788	7.15202	7.15342	7.04333
3.32426	7.05213	7.0579	7.08902	7.12558	7.10941	7.17186	7.13913	7.14457	7.04953
3.34737	7.04318	7.06083	7.09147	7.11994	7.10906	7.17473	7.14723	7.16683	7.0533
3.37065	7.05446	7.06474	7.08972	7.12243	7.10559	7.16613	7.14273	7.16088	7.04677
3.39409	7.0499	7.05488	7.08909	7.12558	7.12357	7.16918	7.1464	7.15316	7.04737
3.41768	7.05637	7.05526	7.09772	7.12048	7.10304	7.17359	7.14861	7.15225	7.04919
3.44144	7.05574	7.06589	7.09601	7.12334	7.11641	7.16339	7.14959	7.15781	7.06765
3.46536	7.05751	7.06062	7.10105	7.11327	7.11671	7.15852	7.15318	7.15605	7.0574
3.48945	7.05752	7.06607	7.09089	7.12871	7.11726	7.16874	7.1385	7.15082	7.04634
3.51371	7.05136	7.07427	7.09127	7.12002	7.11975	7.16963	7.14397	7.16092	7.05483
3.53814	7.0454	7.05646	7.09223	7.13094	7.10518	7.18099	7.15443	7.15184	7.04993
3.56273	7.04687	7.06253	7.09677	7.12432	7.11433	7.17376	7.14991	7.15657	7.05177
3.58749	7.04835	7.05725	7.08752	7.11433	7.10971	7.17673	7.15291	7.15562	7.05063
3.61243	7.063	7.06044	7.10025	7.13203	7.1081	7.17265	7.15073	7.14462	7.04836
3.63754	7.06635	7.06263	7.08838	7.12399	7.11225	7.18067	7.14833	7.16972	7.05213
3.66283	7.05725	7.05495	7.0972	7.1375	7.11667	7.17248	7.15842	7.1598	7.05204
3.68829	7.0583	7.0661	7.09152	7.11974	7.11726	7.17837	7.14353	7.16422	7.0546
3.71391	7.05828	7.05646	7.09179	7.11815	7.11352	7.17894	7.15397	7.16749	7.05726
3.73973	7.04773	7.05518	7.1035	7.11852	7.10838	7.17835	7.16223	7.15707	7.05658
3.76572	7.05321	7.05098	7.10333	7.12367	7.11523	7.1807	7.14976	7.16895	7.05517
3.7919	7.0614	7.06049	7.0945	7.1205	7.11342	7.18104	7.15661	7.15486	7.05611
3.81825	7.05903	7.06791	7.09869	7.11332	7.12078	7.16685	7.15048	7.15812	7.05438
3.84479	7.05108	7.06086	7.09057	7.12919	7.12059	7.17715	7.16074	7.15794	7.04767
3.8715	7.06062	7.0682	7.10344	7.13096	7.10718	7.17147	7.15164	7.1606	7.04454
3.89841	7.0505	7.05711	7.09564	7.12551	7.1056	7.18805	7.15705	7.16582	7.05268
3.9255	7.06518	7.05612	7.10161	7.12265	7.10561	7.19305	7.14862	7.16259	7.05222
3.95278	7.0685	7.0786	7.09514	7.14029	7.12097	7.18639	7.15736	7.15678	7.05407
3.98025	7.0625	7.05474	7.10566	7.12489	7.11026	7.17509	7.14115	7.15756	7.05028
4.00791	7.05405	7.07064	7.11141	7.12471	7.11949	7.17945	7.15186	7.17034	7.05131
4.03576	7.07308	7.05451	7.1021	7.12078	7.11592	7.18283	7.14944	7.1619	7.05334
4.0638	7.06152	7.05919	7.10929	7.1199	7.11472	7.17089	7.15839	7.15392	7.06217
4.09204	7.04587	7.05218	7.10515	7.12609	7.10853	7.18505	7.15784	7.15056	7.05041
4.12047	7.05664	7.04837	7.10305	7.11793	7.10827	7.17936	7.1469	7.15151	7.04861
4.1491	7.06027	7.04901	7.10717	7.13162	7.11355	7.17732	7.14585	7.16802	7.06082
4.17794	7.04725	7.06181	7.10613	7.12314	7.11659	7.18058	7.15582	7.15778	7.05877
4.20696	7.05637	7.05329	7.10484	7.12997	7.12311	7.17781	7.1511	7.16353	7.0596
4.2362	7.05772	7.05805	7.10223	7.12892	7.11255	7.18109	7.14463	7.16351	7.06506
4.26563	7.0574	7.06579	7.10352	7.12596	7.11755	7.18149	7.15506	7.15546	7.05893
4.29526	7.05193	7.0665	7.11326	7.13326	7.12454	7.17379	7.14333	7.1638	7.07344
4.32511	7.04928	7.06578	7.10161	7.13108	7.11394	7.18823	7.1518	7.1569	7.07184
4.35516	7.05847	7.06001	7.1046	7.13196	7.11809	7.17922	7.15182	7.16548	7.06457
4.38541	7.05265	7.07502	7.11588	7.12239	7.12673	7.17443	7.14572	7.17097	7.05811
4.41589	7.05432	7.06113	7.10681	7.12988	7.11016	7.16701	7.14312	7.16659	7.06815
4.44656	7.06303	7.05536	7.09845	7.13084	7.12874	7.17155	7.14354	7.16742	7.05238
4.47745	7.05994	7.05247	7.11125	7.13009	7.1123	7.17586	7.14896	7.15979	7.06662
4.50856	7.05577	7.0695	7.10938	7.13228	7.12706	7.18353	7.15543	7.15152	7.06053
4.53988	7.04881	7.0639	7.09641	7.12684	7.1184	7.174	7.14164	7.16026	7.06282
4.57142	7.05082	7.0731	7.09694	7.12366	7.11428	7.17882	7.15318	7.15769	7.05282
4.60318	7.06316	7.06464	7.11644	7.12768	7.12793	7.18422	7.14214	7.15728	7.05208
4.63515	7.05467	7.07205	7.1015	7.13064	7.11355	7.1809	7.15265	7.14923	7.05276
4.66735	7.05931	7.06288	7.10174	7.13098	7.11175	7.17145	7.14146	7.15751	7.04814
4.69978	7.05282	7.07063	7.10041	7.12089	7.1211	7.18288	7.15207	7.155	7.06635
4.73243	7.06518	7.06035	7.10287	7.115	7.1208	7.17711	7.14541	7.15914	7.0545
4.76529	7.06907	7.0641	7.08907	7.11231	7.12735	7.1734	7.15762	7.15938	7.06321
4.79839	7.05557	7.0632	7.10256	7.12432	7.12635	7.17647	7.14326	7.15593	7.05044
4.83173	7.06193	7.07172	7.10587	7.11742	7.12014	7.16381	7.14942	7.15887	7.05345
4.86529	7.06603	7.06279	7.10427	7.13088	7.12731	7.18121	7.15042	7.15745	7.05635
4.89908	7.05798	7.07155	7.10078	7.11754	7.11235	7.16899	7.14061	7.16177	7.05428
4.93311	7.06161	7.06966	7.10421	7.12133	7.12571	7.17572	7.15483	7.15724	7.05803
4.96737	7.06776	7.07092	7.10907	7.10648	7.11538	7.16908	7.14333	7.1567	7.04939
5.00187	7.05737	7.07114	7.10545	7.12968	7.12532	7.17454	7.14511	7.15756	7.05017
5.03661	7.05866	7.07107	7.10449	7.11858	7.12279	7.18009	7.1471	7.16237	7.0455
5.0716	7.06153	7.07435	7.10644	7.12718	7.12372	7.17783	7.14431	7.15407	7.05632
5.10681	7.05697	7.05379	7.10472	7.107	7.1264	7.18808	7.13983	7.1561	7.06719
5.14229	7.06027	7.06824	7.1046	7.12015	7.12446	7.17101	7.15301	7.16229	7.04549
5.178	7.0627	7.07011	7.10402	7.12853	7.13117	7.17285	7.1418	7.16275	7.0575
5.21396	7.05957	7.0664	7.107	7.11375	7.12185	7.17274	7.15185	7.15988	7.05326
5.25017	7.06756	7.06839	7.10799	7.11962	7.12632	7.17446	7.14721	7.1531	7.05699
5.28664	7.07026	7.06283	7.11973	7.12245	7.11433	7.16948	7.14876	7.16242	7.0517
5.32335	7.06293	7.06724	7.10864	7.1254	7.11436	7.1817	7.14652	7.1676	7.05181
5.36031	7.05981	7.06477	7.10745	7.11108	7.11642	7.17032	7.1528	7.16791	7.05721
5.39754	7.07035	7.06575	7.11859	7.11863	7.11531	7.18009	7.14094	7.16678	7.05604
5.43503	7.06783	7.07434	7.11029	7.12576	7.12003	7.17135	7.1493	7.17009	7.06248
5.47277	7.06748	7.06358	7.10059	7.12201	7.12687	7.16945	7.14855	7.17241	7.06178
5.51078	7.06669	7.0671	7.10631	7.13205	7.11644	7.17439	7.15864	7.17146	7.05937
5.54904	7.06277	7.06205	7.1084	7.12254	7.11487	7.17537	7.14778	7.17364	7.06381
5.58757	7.05815	7.06441	7.10253	7.12122	7.12384	7.17145	7.14598	7.16151	7.06478
5.62638	7.07256	7.06268	7.1158	7.12223	7.12536	7.17395	7.15387	7.16844	7.05624
5.66545	7.06674	7.07185	7.1148	7.12729	7.12905	7.17736	7.15718	7.17167	7.0617
5.70479	7.05918	7.06725	7.09822	7.12352	7.13021	7.17449	7.15067	7.16395	7.05763
5.7444	7.06523	7.06977	7.10737	7.12583	7.13542	7.17667	7.15421	7.16742	7.06252
5.78429	7.0525	7.06489	7.11139	7.13032	7.13251	7.18212	7.14668	7.16373	7.0616
5.82445	7.06273	7.06411	7.10726	7.12776	7.1301	7.17113	7.16153	7.17005	7.06088
5.86489	7.06691	7.06567	7.11398	7.13526	7.13171	7.17717	7.14916	7.16581	7.07139
5.90561	7.05814	7.07101	7.10824	7.11798	7.12992	7.18325	7.15605	7.15873	7.07132
5.94663	7.06836	7.06747	7.0983	7.13556	7.12313	7.17666	7.15081	7.16651	7.06275
5.98791	7.06191	7.06615	7.09894	7.12623	7.12783	7.17792	7.15383	7.16676	7.06217
6.02949	7.05813	7.06969	7.11458	7.12357	7.12333	7.17571	7.15039	7.17166	7.06229
6.07135	7.06603	7.0745	7.10455	7.12818	7.12324	7.17947	7.14813	7.16831	7.06286
6.1135	7.06031	7.05864	7.11682	7.13871	7.12496	7.17366	7.14659	7.15949	7.06828
6.15595	7.06393	7.06724	7.11256	7.13181	7.12425	7.1831	7.15403	7.172	7.06594
6.19869	7.06491	7.05812	7.09826	7.13665	7.12718	7.17638	7.16082	7.16146	7.05872
6.24172	7.06366	7.06825	7.11328	7.12825	7.12486	7.18806	7.15254	7.16876	7.06468
6.28506	7.06815	7.06773	7.10683	7.12908	7.11342	7.19279	7.15544	7.16458	7.06603
6.3287	7.06485	7.06504	7.1093	7.13621	7.11834	7.19354	7.1558	7.16168	7.06199
6.37264	7.05976	7.06812	7.10725	7.1296	7.1112	7.18305	7.14989	7.16088	7.0592
6.41687	7.05977	7.06804	7.11297	7.141	7.11683	7.17475	7.1523	7.15848	7.06497
6.46142	7.06399	7.06776	7.1149	7.1356	7.12622	7.18281	7.14911	7.17078	7.07541
6.50629	7.05897	7.06792	7.1114	7.13651	7.11693	7.18759	7.15213	7.16639	7.05866
6.55145	7.05581	7.07896	7.10948	7.13739	7.11615	7.18066	7.14531	7.15875	7.06074
6.59694	7.0597	7.07471	7.11151	7.13231	7.11723	7.19206	7.15028	7.1671	7.05835
6.64274	7.07282	7.07559	7.11478	7.13711	7.11596	7.1924	7.14755	7.15937	7.05791
6.68885	7.05923	7.08111	7.10829	7.14098	7.12911	7.18417	7.1551	7.16676	7.05699
6.73527	7.05554	7.07582	7.11041	7.13983	7.11441	7.19008	7.14508	7.17301	7.0632
6.78204	7.06221	7.07149	7.10587	7.14105	7.12627	7.18121	7.15024	7.17672	7.06
6.82911	7.06701	7.0766	7.10243	7.13399	7.12337	7.18545	7.14244	7.16891	7.05713
6.87652	7.06562	7.07122	7.09969	7.12286	7.12205	7.18283	7.14548	7.16596	7.06213
6.92426	7.06757	7.07667	7.09963	7.13594	7.12338	7.17839	7.14855	7.17145	7.04786
6.97232	7.05988	7.06427	7.10949	7.13222	7.11996	7.18652	7.15346	7.1797	7.06133
7.02072	7.06568	7.07724	7.11651	7.1347	7.13394	7.18143	7.14547	7.16913	7.06644
7.06946	7.05709	7.0737	7.10704	7.13078	7.11945	7.18181	7.15112	7.17018	7.05775
7.11853	7.07545	7.07871	7.10622	7.1283	7.12493	7.18823	7.15645	7.16888	7.0633
7.16794	7.06934	7.07626	7.1145	7.13074	7.12778	7.18697	7.15485	7.17502	7.06134
7.2177	7.07483	7.07332	7.11952	7.13082	7.12343	7.18912	7.15328	7.17092	7.0608
7.2678	7.0691	7.06885	7.11358	7.13951	7.11741	7.18501	7.14951	7.17936	7.05512
7.31825	7.06636	7.07973	7.11301	7.13808	7.12135	7.18836	7.1527	7.17217	7.06155
7.36904	7.06603	7.08024	7.10964	7.12871	7.12821	7.18991	7.14225	7.18333	7.06298
7.42019	7.07299	7.06718	7.11217	7.13611	7.12928	7.18685	7.1624	7.17695	7.06708
7.4717	7.07398	7.07275	7.11737	7.13808	7.1236	7.19289	7.14921	7.17557	7.06217
7.52355	7.07297	7.06973	7.11288	7.14183	7.12399	7.18378	7.15519	7.1757	7.06945
7.57578	7.07813	7.06451	7.11767	7.14342	7.12763	7.18409	7.16065	7.17271	7.06269
7.62836	7.05949	7.074	7.11762	7.13703	7.13011	7.19234	7.16124	7.16846	7.06149
7.6813	7.06883	7.07345	7.11815	7.1382	7.12498	7.19053	7.15984	7.18447	7.06479
7.73461	7.06653	7.08372	7.10926	7.13494	7.12973	7.18392	7.16412	7.17582	7.06648
7.7883	7.07126	7.07577	7.11088	7.14284	7.12915	7.1911	7.15729	7.18428	7.07083
7.84236	7.06231	7.06551	7.10689	7.1439	7.12505	7.19856	7.15731	7.18193	7.06095
7.89679	7.06507	7.07165	7.11483	7.14135	7.13138	7.18358	7.15327	7.17285	7.06238
7.95159	7.05393	7.07519	7.11223	7.15121	7.13168	7.18265	7.16084	7.18293	7.06254
8.00677	7.06348	7.07755	7.10466	7.14641	7.13412	7.19295	7.15712	7.18201	7.06647
8.06235	7.06721	7.07699	7.10639	7.14225	7.13742	7.19792	7.16394	7.17627	7.0574
8.1183	7.06292	7.07133	7.11919	7.14611	7.13582	7.19428	7.15971	7.17878	7.0611
8.17465	7.06193	7.07989	7.10704	7.14113	7.13695	7.19019	7.16801	7.18227	7.06686
8.23137	7.05942	7.06813	7.11281	7.14427	7.13197	7.18851	7.16299	7.17868	7.06845
8.28851	7.06047	7.07674	7.11179	7.14133	7.14105	7.18895	7.15791	7.18279	7.06633
8.34603	7.0642	7.07563	7.10529	7.14492	7.13889	7.18449	7.16745	7.17024	7.0641
8.40395	7.06967	7.07366	7.10807	7.14324	7.14191	7.18833	7.1649	7.17372	7.06437
8.46227	7.06145	7.07407	7.10969	7.13628	7.13598	7.19642	7.16827	7.17367	7.05773
8.521	7.0543	7.07896	7.11907	7.13595	7.1356	7.18858	7.15949	7.17616	7.07036
8.58014	7.06572	7.07933	7.11007	7.14547	7.13315	7.18718	7.1687	7.16792	7.06206
8.63968	7.06424	7.07895	7.11372	7.14236	7.1331	7.18854	7.17307	7.17532	7.06417
8.69964	7.05959	7.08023	7.11396	7.13855	7.13994	7.19482	7.17358	7.17038	7.06987
8.76001	7.05891	7.07839	7.10819	7.1376	7.14165	7.19231	7.16997	7.17203	7.06536
8.8208	7.05973	7.07432	7.11776	7.14065	7.13506	7.18542	7.16603	7.1765	7.07141
8.88201	7.07314	7.0797	7.11961	7.13686	7.12913	7.19244	7.16086	7.16831	7.07087
8.94365	7.06012	7.08012	7.11999	7.13689	7.13367	7.19325	7.17359	7.17732	7.07747
9.00571	7.06697	7.07591	7.11882	7.14604	7.13688	7.19328	7.16742	7.17526	7.06992
9.0682	7.06548	7.07495	7.11251	7.14921	7.1319	7.19123	7.1624	7.18224	7.07474
9.13114	7.06602	7.07223	7.1165	7.14769	7.13586	7.19588	7.15776	7.1759	7.0701
9.1945	7.07402	7.06975	7.1111	7.14793	7.13093	7.19541	7.15483	7.17892	7.07249
9.2583	7.07506	7.08145	7.10849	7.14383	7.1345	7.19266	7.15192	7.17847	7.07424
9.32254	7.07202	7.07852	7.11524	7.14413	7.13094	7.19412	7.15203	7.17772	7.06297
9.38724	7.07091	7.08013	7.1204	7.14889	7.12834	7.19482	7.15362	7.18101	7.06991
9.45238	7.07692	7.08371	7.11218	7.1476	7.12391	7.18997	7.15762	7.17812	7.06595
9.51796	7.07508	7.07602	7.11738	7.14192	7.12761	7.19145	7.16062	7.18166	7.05953
9.58401	7.07513	7.07628	7.11543	7.14952	7.12422	7.18416	7.16467	7.18352	7.07037
9.65051	7.08245	7.08392	7.1234	7.1422	7.13421	7.19051	7.16895	7.17501	7.06186
9.71747	7.07278	7.08202	7.11769	7.14223	7.12752	7.19747	7.16618	7.17782	7.06895
9.7849	7.0822	7.07675	7.11333	7.14624	7.1247	7.18834	7.15794	7.17548	7.0629
9.8528	7.08053	7.08722	7.11644	7.13323	7.12855	7.19994	7.16174	7.18218	7.07021
9.92116	7.07981	7.08319	7.11985	7.13213	7.12469	7.1903	7.16865	7.17871	7.06865
10	7.07989	7.0828	7.11619	7.137	7.12825	7.19006	7.16099	7.17597	7.0655