7.5E-5	7.88766	7.97216	8.00985	7.90019	8.02812	8.09878	8.02714	7.71025
1.375E-4	7.86491	7.82609	8.033	7.87414	8.12225	8.09803	8.03138	7.8466
2.125E-4	7.8404	7.90341	8.02592	7.91401	8.14333	8.04256	7.98371	7.89038
2.75E-4	7.8302	7.87346	7.98635	7.88593	8.21648	8.01039	7.90642	7.85572
3.5E-4	7.8301	7.83034	7.94623	7.96602	8.32984	8.05052	8.07175	7.90989
4.25E-4	7.92091	7.87071	8.02535	8.00492	8.24547	8.1284	8.16546	7.8227
5E-4	7.90308	7.87823	8.02226	8.07073	8.12335	8.07757	8.21328	7.75719
5.625E-4	7.85059	7.87874	8.06748	7.95749	8.18746	8.03364	8.24759	7.78557
6.375E-4	7.9774	7.87212	8.04151	7.99533	8.09342	8.08262	8.38289	7.67291
7.125E-4	8.09704	7.73715	7.90638	7.97225	7.97055	8.03313	8.28667	7.79279
7.875E-4	8.06005	7.79809	7.99348	7.96082	7.91378	8.12664	8.11181	7.75022
8.625E-4	7.94666	7.89779	8.10155	7.97879	7.84533	8.1459	7.99332	7.82913
9.375E-4	7.99527	7.95233	7.97856	7.88831	7.91813	8.12536	7.99284	7.88156
0.0010125	8.05851	7.9044	7.90892	7.99251	7.93465	8.03155	8.167	7.66612
0.0010875	8.02874	7.85699	7.85838	7.8888	7.86563	8.07127	7.98713	7.62309
0.0011625	7.99744	7.84689	7.63871	7.78755	7.91887	8.16105	7.90151	7.68938
0.00125	7.92311	7.97034	7.58611	7.77108	7.98759	8.09903	7.92508	7.75672
0.001325	8.00552	8.03409	7.66773	7.80154	7.92432	8.07042	8.05983	7.773
0.0014	8.13075	7.9209	7.84067	7.83891	7.82241	8.00606	8.04468	7.75545
0.0014875	8.1381	7.88541	7.82572	7.74331	7.98059	8.0628	8.04918	7.77709
0.0015625	8.1586	7.80846	7.75443	7.79773	8.04908	8.00815	7.96964	7.65366
0.0016375	8.20958	7.8319	7.71562	7.83731	7.97898	8.0175	7.97244	7.68405
0.001725	7.99852	7.92857	7.96035	7.82037	8.0024	7.96576	8.05778	7.72388
0.0018	8.12459	7.84783	7.91358	7.80795	7.9796	7.97592	8.14627	7.75812
0.0018875	8.07304	7.81241	7.73431	7.86614	7.98769	7.98447	8.17337	7.66724
0.0019625	8.073	7.73553	7.79313	7.7959	8.06078	7.94889	8.0529	7.64494
0.00205	8.04894	7.71014	7.88812	7.86814	8.03433	7.8956	8.06287	7.59878
0.0021375	8.01422	7.71937	7.85551	7.72917	8.00668	7.78801	8.08476	7.76778
0.0022125	8.07608	7.79984	7.8965	7.78744	8.03706	7.82704	8.07871	7.67411
0.0023	8.04737	7.8242	7.8843	7.81235	8.06232	7.97513	8.1642	7.70367
0.0023875	8.09347	7.84408	7.74404	7.88514	8.02343	7.94091	8.08968	7.70055
0.002475	8.11295	7.78769	7.86822	7.8142	8.03639	7.97417	8.07226	7.66162
0.0025625	8.07735	7.69399	7.86672	7.96686	7.99254	7.94316	8.16286	7.72911
0.00265	8.05305	7.75779	7.80605	7.94848	7.96241	7.84914	8.13103	7.69433
0.0027375	7.95171	7.75806	7.71621	7.8002	7.96605	7.844	8.03261	7.70315
0.002825	7.99583	7.75805	7.7415	7.9692	7.91986	7.90205	8.13031	7.82186
0.0029125	8.07024	7.68523	7.73899	7.95727	7.98787	7.95895	7.90249	7.87454
0.003	8.12819	7.65476	7.77033	7.96659	7.86603	7.98981	7.95394	7.74804
0.0030875	8.01805	7.75132	7.80397	7.87193	7.81456	7.94427	7.93681	7.63899
0.0031875	8.04023	7.84554	7.68831	7.8481	7.90818	8.00214	7.91976	7.67034
0.003275	8.06268	7.79305	7.63425	7.77626	7.8964	7.99266	8.01558	7.6647
0.0033625	8.09285	7.75946	7.70121	7.83164	7.89254	8.03932	8.14069	7.65939
0.0034625	7.97191	7.85265	7.68833	7.85498	7.83647	8.11751	8.01108	7.69391
0.00355	7.89525	7.80765	7.70863	7.8847	7.87696	8.03851	8.01549	7.65664
0.00365	7.99167	7.74894	7.74219	7.8345	7.8798	8.04874	8.06476	7.74309
0.0037375	8.08749	7.80357	7.72844	7.80142	7.83695	7.96919	7.93372	7.64505
0.0038375	8.01143	7.79675	7.72165	7.82757	7.94905	7.95275	7.9995	7.62201
0.0039375	7.97189	7.77502	7.80535	7.85489	7.80643	7.88584	8.12019	7.76715
0.004025	7.80967	7.79008	7.63754	7.99692	7.86302	8.01791	7.94513	7.68632
0.004125	7.89793	7.85834	7.65416	7.95347	7.87875	7.92429	7.93219	7.56133
0.004225	8.0019	7.84618	7.58376	7.78721	7.90216	7.97846	7.97462	7.60409
0.004325	8.08184	7.79542	7.60878	7.82658	7.79198	7.99708	7.9681	7.65466
0.004425	7.97441	7.7694	7.65485	7.82766	7.88286	7.94037	7.90018	7.67776
0.004525	7.9113	7.7422	7.7754	7.79692	7.82277	7.86303	7.9948	7.69135
0.004625	7.90257	7.76991	7.71211	7.85571	7.93945	7.98786	7.93873	7.75418
0.004725	8.05475	7.72577	7.68821	7.76581	7.84504	7.98985	7.8625	7.81186
0.004825	8.06126	7.78039	7.74422	7.82034	7.79869	7.98697	7.97794	7.70063
0.004925	8.12396	7.82897	7.80285	7.87421	7.99866	7.90211	7.97879	7.76256
0.0050375	7.91353	7.78788	7.79089	7.79473	7.88665	7.91645	7.96786	7.60918
0.0051375	7.89364	7.7354	7.85979	7.90817	7.86903	7.95014	7.96133	7.61329
0.0052375	7.9746	7.78582	7.71854	7.7336	7.82717	7.86364	7.99497	7.57403
0.00535	8.03423	7.79217	7.59534	7.74393	7.90956	8.00156	7.9904	7.56067
0.00545	7.96236	7.73374	7.60918	7.69202	7.85139	7.92963	7.82953	7.61645
0.0055625	7.91669	7.76283	7.80468	7.70734	7.92997	7.94705	7.91997	7.69618
0.0056625	7.97793	7.73972	7.72426	7.78569	7.89146	8.06776	8.00588	7.70946
0.005775	7.97326	7.73577	7.6091	7.77193	7.77813	7.98367	7.99973	7.66179
0.0058875	7.87936	7.80035	7.56044	7.89652	7.88406	7.86956	7.91476	7.58306
0.006	7.88705	7.83277	7.69067	7.75721	7.90613	7.77643	8.05328	7.61193
0.0061125	8.01206	7.77432	7.65848	7.68205	7.81366	7.79807	8.00226	7.62549
0.0062125	8.03123	7.67473	7.61774	7.71255	7.73731	7.86971	8.06438	7.65654
0.006325	7.97339	7.68435	7.63597	7.76156	7.76417	7.78076	7.90247	7.71377
0.0064375	7.91309	7.74021	7.68875	7.82129	7.79397	7.85578	7.92138	7.56048
0.0065625	7.93879	7.77372	7.88656	7.78632	7.79844	7.90435	7.87918	7.56882
0.006675	7.96818	7.76451	7.75766	7.77135	7.76615	7.92056	8.01056	7.675
0.0067875	8.08516	7.70061	7.71065	7.75985	7.76649	7.78816	7.94949	7.67105
0.0069	7.93991	7.77296	7.78153	7.79369	7.73384	7.80299	7.97519	7.63884
0.007025	7.80936	7.71934	7.6493	7.76227	7.82579	7.86383	7.98843	7.63938
0.0071375	7.93305	7.63744	7.72494	7.73978	7.87053	7.81411	7.935	7.41165
0.0072625	7.77497	7.69113	7.75494	7.69993	7.82979	7.90384	7.91301	7.54272
0.007375	7.84935	7.65275	7.76554	7.79717	7.79177	7.88976	7.91418	7.57076
0.0075	7.86501	7.6845	7.76377	7.81853	7.7573	7.95713	7.93276	7.56997
0.007625	7.89157	7.72274	7.68346	7.63051	7.83063	7.87406	7.88106	7.58179
0.0077375	7.93756	7.65408	7.61112	7.71288	7.79881	7.85671	7.96474	7.57677
0.0078625	7.83645	7.73726	7.75568	7.81719	7.68939	7.88818	7.85359	7.54051
0.0079875	7.89217	7.74881	7.64523	7.77792	7.76544	7.83815	7.88416	7.58854
0.0081125	7.97978	7.61394	7.70583	7.65078	7.83343	7.96304	7.87486	7.53029
0.0082375	7.93856	7.69286	7.64176	7.72547	7.72452	7.94506	7.85077	7.63849
0.0083625	7.94047	7.74641	7.60095	7.72223	7.8328	7.79771	7.96477	7.65254
0.0084875	7.90854	7.80212	7.71902	7.74906	7.88757	7.91555	7.89851	7.50043
0.008625	7.88684	7.80648	7.71193	7.74837	7.91731	7.87759	7.92871	7.59421
0.00875	7.91581	7.73205	7.6498	7.73386	7.84725	7.93482	7.82036	7.655
0.008875	7.83859	7.74087	7.61665	7.69792	7.79568	7.89366	7.88697	7.62622
0.0090125	7.87133	7.7516	7.7207	7.65206	7.86005	7.80165	7.92368	7.56761
0.0091375	7.74312	7.62996	7.72647	7.63859	7.94094	7.75647	7.8687	7.54282
0.009275	7.74464	7.61999	7.70536	7.75223	7.85832	7.84073	7.84603	7.49735
0.0094125	7.76421	7.60331	7.77731	7.68234	7.78216	7.82588	7.85063	7.35096
0.0095375	7.94164	7.64185	7.60445	7.741	7.76504	7.73311	7.88912	7.46227
0.009675	7.83712	7.67862	7.53359	7.80197	7.64931	7.85491	7.87964	7.61738
0.0098125	7.8707	7.74072	7.51758	7.74739	7.70966	7.83777	7.73635	7.53102
0.00995	7.88626	7.57804	7.71366	7.78402	7.80088	7.95944	7.92007	7.53203
0.0100875	7.86705	7.6439	7.73192	7.65272	7.77325	7.77038	7.81911	7.47708
0.010225	7.87382	7.68023	7.56396	7.57666	7.86784	7.78982	7.78491	7.54404
0.010375	7.82598	7.64794	7.60934	7.48622	7.85303	7.71033	7.74224	7.56952
0.0105125	7.7561	7.64856	7.63411	7.69136	7.77232	7.66055	7.89806	7.57358
0.01065	7.85844	7.6214	7.58559	7.68342	7.82893	7.72624	7.85268	7.54441
0.0108	7.89231	7.69439	7.66305	7.70166	7.82693	7.81312	7.86662	7.49265
0.0109375	7.80938	7.7378	7.60625	7.78897	7.77505	7.84336	7.81758	7.50638
0.0110875	7.81747	7.69399	7.71106	7.72758	7.68285	7.7283	7.85086	7.59544
0.0112375	7.74789	7.58892	7.57296	7.66422	7.79321	7.87375	7.7781	7.5215
0.011375	7.83357	7.53442	7.58708	7.64344	7.8153	7.74745	7.76842	7.51708
0.011525	7.66693	7.63523	7.67375	7.71014	7.77533	7.55757	7.86134	7.5632
0.011675	7.81603	7.5934	7.5723	7.74501	7.75773	7.67616	7.84136	7.45993
0.011825	7.90488	7.61825	7.48538	7.67822	7.70121	7.70118	7.90025	7.54271
0.011975	7.80214	7.60212	7.5628	7.69507	7.72891	7.78943	7.82413	7.6263
0.012125	7.77621	7.65933	7.61681	7.68209	7.72637	7.73813	7.8248	7.586
0.0122875	7.74193	7.71285	7.64757	7.72014	7.67613	7.80396	7.7711	7.6386
0.0124375	7.77521	7.69917	7.62433	7.68615	7.61541	7.80463	7.77797	7.38253
0.0126	7.72258	7.69177	7.59109	7.61231	7.72991	7.75748	7.83589	7.46017
0.01275	7.72981	7.68035	7.58769	7.74822	7.75624	7.76392	7.93044	7.51531
0.0129125	7.68801	7.61594	7.6153	7.8598	7.86878	7.71033	7.87885	7.49282
0.0130625	7.72013	7.73	7.55281	7.70766	7.73581	7.6332	7.86175	7.43084
0.013225	7.79958	7.5799	7.62631	7.61532	7.66445	7.82927	7.81852	7.52338
0.0133875	7.74935	7.60721	7.65487	7.53962	7.69521	7.77838	7.81233	7.52619
0.01355	7.72228	7.72781	7.5723	7.60063	7.64301	7.7827	7.687	7.35912
0.0137125	7.72714	7.64828	7.50545	7.59749	7.69392	7.74892	7.73568	7.34452
0.013875	7.73025	7.56178	7.61524	7.53082	7.74355	7.81347	7.82529	7.48221
0.0140375	7.69152	7.62148	7.4914	7.61525	7.70844	7.8108	7.9432	7.42709
0.0142125	7.77339	7.70463	7.5394	7.56171	7.73834	7.83782	7.90639	7.45693
0.014375	7.70942	7.60242	7.59045	7.59168	7.69643	7.76505	7.75973	7.5396
0.01455	7.70907	7.62137	7.52702	7.67555	7.6785	7.69198	7.73975	7.48886
0.0147125	7.66229	7.64063	7.47526	7.68825	7.70374	7.67849	7.68129	7.41183
0.0148875	7.76512	7.54558	7.52586	7.68802	7.64202	7.68188	7.72631	7.43653
0.0150625	7.66149	7.41223	7.48705	7.69727	7.65458	7.56661	7.73334	7.30124
0.0152375	7.69658	7.56711	7.59856	7.5432	7.7201	7.75059	7.72813	7.34973
0.0154125	7.70025	7.56477	7.42618	7.5423	7.66827	7.68858	7.84603	7.4453
0.0155875	7.6478	7.5811	7.41672	7.58941	7.57604	7.75355	7.61893	7.42769
0.0157625	7.71561	7.55611	7.52873	7.59785	7.61917	7.77399	7.58445	7.39827
0.0159375	7.73529	7.56443	7.47899	7.5727	7.59771	7.64596	7.65407	7.43646
0.016125	7.6235	7.54623	7.47506	7.6021	7.60112	7.64506	7.68523	7.51887
0.0163	7.78462	7.58207	7.4957	7.49524	7.64497	7.58542	7.60942	7.43502
0.0164875	7.66579	7.52062	7.48431	7.57225	7.64485	7.5419	7.58527	7.4131
0.0166625	7.63971	7.59819	7.42182	7.58001	7.59076	7.56138	7.71276	7.44263
0.01685	7.60319	7.49382	7.48171	7.55727	7.54857	7.63214	7.73925	7.2988
0.0170375	7.8067	7.51258	7.49089	7.59044	7.59409	7.69805	7.62487	7.32289
0.017225	7.73091	7.53671	7.53056	7.50055	7.72985	7.67548	7.76213	7.39063
0.0174125	7.68796	7.57095	7.55927	7.57686	7.61496	7.67578	7.74436	7.40342
0.0176	7.67937	7.54624	7.49174	7.58223	7.73061	7.67792	7.76951	7.4345
0.0178	7.52678	7.59694	7.58048	7.60936	7.51697	7.65465	7.70504	7.30514
0.0179875	7.7423	7.51755	7.48647	7.61851	7.65977	7.62274	7.70652	7.38143
0.0181875	7.6541	7.51869	7.51898	7.58505	7.57823	7.55959	7.74624	7.5149
0.018375	7.63274	7.49487	7.57275	7.52557	7.63572	7.64133	7.63153	7.4195
0.018575	7.59926	7.49547	7.53859	7.5934	7.66374	7.70431	7.59295	7.49324
0.018775	7.70482	7.45799	7.46684	7.55237	7.65517	7.69047	7.69356	7.49075
0.018975	7.63797	7.52093	7.42961	7.59795	7.59719	7.56738	7.64371	7.42471
0.019175	7.73806	7.44513	7.55558	7.63726	7.52815	7.74701	7.72947	7.42155
0.019375	7.59628	7.41349	7.57084	7.58282	7.49834	7.6793	7.67753	7.37451
0.019575	7.57997	7.42918	7.60224	7.59718	7.68573	7.58568	7.68426	7.2839
0.0197875	7.69859	7.50435	7.51924	7.50078	7.66853	7.67495	7.67565	7.27997
0.0199875	7.58481	7.55492	7.52114	7.56898	7.60972	7.76008	7.7512	7.40373
0.0202	7.5656	7.43699	7.40228	7.65569	7.54414	7.72967	7.6262	7.34121
0.0204125	7.62927	7.3537	7.44749	7.62073	7.49665	7.52159	7.70949	7.37321
0.020625	7.58824	7.47519	7.30779	7.52588	7.48362	7.68296	7.708	7.37356
0.0208375	7.5914	7.41885	7.37038	7.4425	7.61629	7.61525	7.64778	7.3344
0.02105	7.60234	7.45068	7.39871	7.42604	7.65408	7.64639	7.56964	7.42832
0.0212625	7.64221	7.42322	7.43183	7.51575	7.65366	7.54956	7.53396	7.32356
0.021475	7.58398	7.52505	7.42051	7.52217	7.62586	7.64291	7.60582	7.29584
0.0217	7.57965	7.43098	7.34369	7.43953	7.52422	7.65979	7.60668	7.25055
0.0219125	7.52761	7.41273	7.4114	7.48458	7.59695	7.48619	7.62552	7.40948
0.0221375	7.56987	7.32639	7.48814	7.39318	7.57157	7.64797	7.5775	7.40143
0.0223625	7.61453	7.40323	7.42516	7.47708	7.68481	7.68659	7.59046	7.21961
0.0225875	7.64167	7.42805	7.44315	7.48774	7.52122	7.51384	7.55757	7.34791
0.0228125	7.67694	7.44212	7.35251	7.46314	7.58412	7.51502	7.63725	7.38349
0.0230375	7.55834	7.42058	7.40193	7.44578	7.64072	7.50737	7.59153	7.31538
0.0232625	7.48224	7.38116	7.39104	7.59962	7.63695	7.55766	7.57657	7.25008
0.0235	7.57503	7.43442	7.34664	7.43728	7.63904	7.5953	7.54461	7.27997
0.023725	7.61526	7.39822	7.43112	7.49117	7.49402	7.65686	7.61096	7.1613
0.0239625	7.56816	7.44585	7.43542	7.45166	7.53175	7.61304	7.65914	7.23462
0.0242	7.62022	7.37816	7.43189	7.54008	7.52273	7.57555	7.70362	7.35625
0.0244375	7.53183	7.44044	7.39173	7.50399	7.52361	7.49971	7.57673	7.32172
0.024675	7.41456	7.32197	7.3776	7.36715	7.4898	7.47533	7.5166	7.29289
0.0249125	7.47785	7.30982	7.41689	7.47365	7.56817	7.41487	7.54234	7.2018
0.02515	7.5174	7.40343	7.30997	7.53846	7.51134	7.49513	7.62137	7.31086
0.0254	7.5516	7.35178	7.44495	7.54939	7.35509	7.67274	7.56852	7.37244
0.02565	7.53883	7.39097	7.42886	7.48624	7.53423	7.56985	7.65611	7.25659
0.0258875	7.5884	7.35052	7.40105	7.45893	7.52062	7.4978	7.61432	7.21473
0.0261375	7.53782	7.39099	7.42512	7.50537	7.51179	7.47212	7.51697	7.26962
0.0263875	7.42478	7.42235	7.38396	7.38615	7.46423	7.46419	7.49472	7.2526
0.02665	7.521	7.3452	7.30921	7.28956	7.52283	7.49403	7.57666	7.16309
0.0269	7.57198	7.3784	7.30842	7.39736	7.60636	7.46411	7.62748	7.21987
0.02715	7.60062	7.38073	7.37217	7.36696	7.5092	7.42225	7.52235	7.22684
0.0274125	7.5371	7.34947	7.37813	7.33937	7.5469	7.59073	7.58357	7.26278
0.027675	7.47307	7.3178	7.30219	7.38038	7.4603	7.44174	7.57144	7.2081
0.0279375	7.4922	7.4531	7.29453	7.35726	7.52543	7.4713	7.54826	7.24643
0.0282	7.52432	7.41839	7.36407	7.31117	7.50155	7.50898	7.48952	7.26061
0.0284625	7.53526	7.27315	7.39114	7.48487	7.45192	7.50037	7.50145	7.26376
0.028725	7.43257	7.2994	7.27455	7.30589	7.40949	7.44874	7.44754	7.27494
0.029	7.49136	7.3397	7.31575	7.44353	7.37747	7.42092	7.47058	7.18696
0.0292625	7.48529	7.34111	7.33731	7.39078	7.45405	7.47843	7.47048	7.19306
0.0295375	7.54598	7.3721	7.39859	7.34366	7.47089	7.47332	7.45638	7.24254
0.0298125	7.59425	7.35313	7.33437	7.35934	7.45868	7.39435	7.45589	7.17887
0.0300875	7.46991	7.26949	7.29613	7.32851	7.40792	7.46916	7.41327	7.11847
0.0303625	7.42737	7.34065	7.19952	7.30015	7.50735	7.45393	7.52548	7.09633
0.03065	7.47019	7.34086	7.29494	7.31497	7.47081	7.57522	7.50133	7.17632
0.030925	7.49932	7.34416	7.29599	7.30561	7.45205	7.45869	7.541	7.12831
0.0312125	7.44557	7.16971	7.27885	7.37562	7.41065	7.39096	7.50675	7.11869
0.0315	7.43084	7.26084	7.33444	7.4266	7.40089	7.3906	7.50865	7.25426
0.0317875	7.50955	7.25435	7.29887	7.30986	7.42494	7.42951	7.40837	7.15573
0.032075	7.50219	7.26658	7.29961	7.32073	7.42057	7.4487	7.43827	7.24377
0.0323625	7.46713	7.30888	7.3135	7.33829	7.51143	7.32766	7.41572	7.18965
0.0326625	7.48709	7.31143	7.2257	7.34188	7.41931	7.51148	7.54863	7.11982
0.03295	7.46057	7.26536	7.19835	7.30446	7.36913	7.37336	7.48559	7.13602
0.03325	7.51229	7.33115	7.29338	7.29018	7.43678	7.32089	7.50512	7.06521
0.03355	7.47327	7.2488	7.25761	7.24256	7.33443	7.39836	7.57097	7.11945
0.03385	7.35347	7.21358	7.26161	7.28753	7.29819	7.39289	7.44818	7.14591
0.0341625	7.35518	7.28687	7.19713	7.27943	7.31657	7.40449	7.45264	7.11009
0.0344625	7.34299	7.23269	7.19015	7.29054	7.3843	7.40664	7.51458	7.18758
0.034775	7.39697	7.25877	7.23519	7.241	7.39613	7.30263	7.43647	7.1687
0.0350875	7.44654	7.24945	7.14213	7.32897	7.35323	7.35047	7.4021	7.11665
0.0354	7.46634	7.19675	7.21574	7.26946	7.39632	7.41003	7.35124	7.15639
0.0357125	7.37188	7.21532	7.21645	7.20501	7.37243	7.38459	7.39035	7.12975
0.036025	7.39411	7.26802	7.16405	7.26093	7.43506	7.31361	7.43119	7.12855
0.03635	7.34486	7.24562	7.186	7.21066	7.31013	7.25491	7.44867	7.11809
0.0366625	7.32438	7.1612	7.14423	7.20744	7.3987	7.31653	7.49687	7.12061
0.0369875	7.33201	7.15083	7.17593	7.30678	7.33891	7.3395	7.37956	7.14728
0.0373125	7.35182	7.21156	7.24718	7.22206	7.30345	7.26147	7.43167	7.13558
0.0376375	7.33534	7.21152	7.11105	7.26005	7.30225	7.31713	7.41507	7.12587
0.037975	7.36158	7.14565	7.1736	7.28466	7.25541	7.34105	7.3802	7.11407
0.0383	7.38687	7.23321	7.21765	7.20444	7.26891	7.40951	7.48159	7.03029
0.0386375	7.3897	7.18958	7.19614	7.31077	7.34233	7.27253	7.37485	7.07748
0.038975	7.3477	7.08407	7.19879	7.23391	7.26374	7.42294	7.23408	7.08279
0.0393125	7.29161	7.16273	7.12953	7.23996	7.23472	7.40246	7.35348	6.99967
0.0396625	7.32674	7.17998	7.11793	7.36705	7.2788	7.36925	7.32655	7.11931
0.04	7.30792	7.20716	7.22188	7.1924	7.2633	7.32515	7.37912	7.06396
0.04035	7.29902	7.22491	7.06489	7.22031	7.36283	7.29156	7.38385	7.01308
0.0407	7.30008	7.17041	7.12123	7.30776	7.251	7.36292	7.32403	7.16427
0.04105	7.29615	7.17462	7.13696	7.28672	7.23117	7.28123	7.33254	7.10486
0.0414	7.35131	7.22103	7.18373	7.34617	7.25392	7.27231	7.32523	7.02011
0.0417625	7.29172	7.19648	7.0626	7.19618	7.14794	7.31959	7.33604	7.01905
0.042125	7.27878	7.20722	7.14784	7.19207	7.25463	7.34945	7.34839	7.05914
0.042475	7.25216	7.14378	7.09433	7.20035	7.2342	7.30784	7.38808	7.00025
0.04285	7.29362	7.18676	7.16508	7.21113	7.2725	7.25745	7.27118	6.95547
0.0432125	7.26866	7.06514	7.0605	7.20201	7.21028	7.25195	7.3108	7.04292
0.043575	7.294	7.0869	7.16288	7.28042	7.2739	7.29127	7.3151	7.12121
0.04395	7.21926	7.06179	7.0815	7.19382	7.20118	7.26952	7.37054	7.06634
0.044325	7.31781	7.12373	7.12377	7.12489	7.25029	7.28742	7.2261	7.02557
0.0447	7.27127	7.16111	7.10768	7.18329	7.28986	7.2747	7.27906	7.09958
0.045075	7.31256	7.08445	7.0891	7.13324	7.30098	7.33528	7.27167	7.01882
0.0454625	7.28707	7.13824	7.0558	7.19509	7.23124	7.2374	7.27405	7.04699
0.04585	7.28085	7.1233	7.15468	7.18857	7.1838	7.17482	7.26963	7.08805
0.0462375	7.27209	7.1205	7.15005	7.12917	7.21954	7.28768	7.27891	7.004
0.046625	7.18269	7.14206	7.03433	7.11684	7.21652	7.17572	7.28741	7.04916
0.0470125	7.19546	7.146	7.09802	7.25832	7.23504	7.21294	7.28857	6.99401
0.0474125	7.32026	7.09048	7.0441	7.21475	7.16626	7.23788	7.34784	6.98937
0.0478125	7.21754	7.07555	7.13896	7.10269	7.21691	7.27704	7.26479	7.0204
0.0482125	7.21702	7.04704	7.09604	7.11816	7.19884	7.22216	7.25207	6.91424
0.0486125	7.17648	7.07737	7.10665	7.15306	7.16899	7.25323	7.25695	6.96834
0.049025	7.22918	7.0411	7.04772	7.08395	7.22369	7.27886	7.30572	6.94434
0.049425	7.12608	7.09451	7.07596	7.13127	7.19643	7.12618	7.29257	6.91606
0.0498375	7.17596	7.0388	7.08183	7.1862	7.18226	7.20391	7.24131	6.95558
0.05025	7.13216	7.05182	7.03446	7.06206	7.15482	7.15332	7.20563	6.96616
0.050675	7.12575	7.12123	7.02745	7.1143	7.13702	7.20187	7.28749	6.97441
0.0511	7.26546	6.99643	6.96969	7.05807	7.06571	7.23283	7.2612	6.92865
0.0515125	7.18503	7.04261	6.99361	7.05713	7.10844	7.1739	7.21311	6.94632
0.05195	7.23336	7.02377	7.12151	7.07658	7.27568	7.23635	7.18871	6.90348
0.052375	7.21619	7.05421	7.00542	7.05479	7.1915	7.14429	7.22817	6.98498
0.0528	7.17502	7.02537	6.9811	7.11659	7.1857	7.1625	7.13231	7.0006
0.0532375	7.14203	7.07597	7.00653	7.14833	7.05469	7.13331	7.18272	6.92922
0.053675	7.17164	7.10993	7.09454	7.10118	7.23556	7.18122	7.14838	7.01498
0.054125	7.1516	6.99283	7.06387	7.06966	7.15495	7.19822	7.18959	6.96469
0.0545625	7.18257	7.02385	7.04277	7.05711	7.11681	7.11454	7.18998	6.88354
0.0550125	7.18572	7.06538	7.06019	7.05244	7.15032	7.17203	7.18461	6.96914
0.0554625	7.12482	7.06878	7.04375	7.06771	7.06363	7.15364	7.18192	6.93684
0.0559125	7.1019	6.99034	7.01275	7.10472	7.13224	7.13393	7.22108	6.91408
0.056375	7.04329	6.9898	7.00168	7.07701	7.10086	7.17032	7.22484	6.93038
0.0568375	7.19598	7.03829	6.93397	7.13275	7.11663	7.11034	7.23328	6.93452
0.0573	7.08508	7.04573	6.98426	7.09377	7.12089	7.15865	7.14455	6.91159
0.0577625	7.11068	7.0258	6.93647	6.99609	7.05121	7.13536	7.14926	6.90588
0.0582375	7.09416	7.04467	7.03828	7.09262	7.09833	7.14684	7.18651	6.85231
0.0587125	7.09346	6.97932	7.04474	6.9965	7.10459	7.13633	7.16043	6.92488
0.0591875	7.10419	6.95053	6.89237	7.01458	7.16125	7.09706	7.16161	6.85228
0.0596625	7.14455	6.9541	6.99979	7.01939	7.1441	7.0859	7.18507	6.90422
0.06015	7.06822	6.98505	7.02721	7.02526	7.07262	7.14389	7.13304	6.92513
0.0606375	7.04735	7.02278	6.95941	6.98843	7.1076	7.0207	7.14308	6.89044
0.061125	7.04231	6.98847	6.95322	7.00825	7.1834	7.02491	7.16201	6.88023
0.0616125	7.08712	6.99176	6.96914	7.00594	7.01974	7.04349	7.07277	6.86835
0.0621125	7.10198	6.9862	6.97056	6.98932	7.08124	7.10397	7.05931	6.93153
0.0626125	7.0535	6.99968	6.92182	7.04851	7.08553	7.11535	7.11185	6.9594
0.0631125	7.05649	6.99794	6.93064	7.0593	7.10484	7.12397	7.15114	6.88889
0.063625	7.04787	6.9914	6.99711	6.95543	7.07819	7.09557	7.11902	6.73729
0.064125	7.04949	7.03752	6.95037	6.9164	7.10241	7.09603	7.08534	6.75392
0.06465	7.09957	6.97539	6.93567	7.01058	7.12568	7.03512	7.10407	6.84608
0.0651625	7.0913	6.90773	6.91267	7.01813	7.03321	7.06736	7.09523	6.84443
0.0656875	7.05222	6.97482	6.94281	6.9335	7.09014	7.0925	7.09335	6.9146
0.0662125	7.00731	6.97374	6.90678	6.94458	6.99995	7.04683	7.07778	6.91239
0.0667375	7.06278	6.87895	6.91781	6.94362	7.06061	7.07401	6.98088	6.81094
0.0672625	7.06241	6.94967	7.01405	6.98119	7.01447	7.04859	7.04153	6.87899
0.0678	7.0417	6.85266	6.96737	7.00668	7.00417	7.06342	7.03874	6.81511
0.0683375	6.9881	6.89105	6.9551	6.93477	7.0237	7.03724	7.124	6.80546
0.0688875	6.95219	6.93468	6.94963	6.96021	7.03854	7.0075	7.0692	6.73304
0.0694375	7.01724	6.89489	6.95769	6.90258	7.02929	6.91893	7.04248	6.79111
0.0699875	6.99688	6.85731	6.89706	6.93911	6.97845	7.00606	7.09368	6.86449
0.0705375	6.97294	6.91533	6.89912	6.9552	6.99215	7.00205	7.0281	6.7391
0.0711	6.98873	6.92716	6.8908	6.99807	7.01439	7.02821	7.09361	6.79566
0.0716625	6.97993	6.88319	6.8948	6.88551	6.98642	6.96993	7.06445	6.76909
0.072225	7.01244	6.89308	6.83297	6.87998	6.96635	6.979	7.00633	6.8205
0.0728	6.95391	6.96186	6.85501	6.89528	7.0583	7.03519	7.00813	6.79569
0.0733625	6.99737	6.91106	6.83999	6.87023	6.99243	7.01847	7.00193	6.78814
0.07395	7.0267	6.88098	6.80638	6.89598	6.94216	6.97062	7.10229	6.8486
0.074525	6.94245	6.82971	6.87422	6.91064	6.95589	6.99503	7.02921	6.77608
0.0751125	7.0194	6.8386	6.88604	6.81997	6.90366	6.9974	7.05713	6.80135
0.0757	6.92819	6.89738	6.80041	6.91449	6.93157	6.96032	7.06831	6.74458
0.0763	6.95286	6.88061	6.8617	6.89592	6.92817	6.93667	6.96175	6.76548
0.0769	6.84985	6.86183	6.78922	6.88253	6.93211	6.9228	6.92834	6.70164
0.0775	6.88023	6.95622	6.81206	6.80992	6.98738	6.94598	7.03157	6.76404
0.0781	6.98553	6.83781	6.84392	6.86992	6.93379	6.91337	7.07113	6.81066
0.0787125	6.93185	6.95402	6.83068	6.88984	6.94977	6.89279	6.93165	6.77763
0.079325	6.90635	6.84968	6.78945	6.8969	6.93061	6.95019	6.96612	6.73409
0.07995	6.94619	6.80331	6.76841	6.93443	6.93704	6.92797	6.93848	6.73917
0.080575	6.92543	6.79107	6.81585	6.81475	6.9803	6.92669	6.95632	6.72819
0.0812	6.95098	6.84616	6.82183	6.8568	6.90553	6.81153	6.96435	6.74141
0.0818375	6.92652	6.88774	6.76284	6.85938	6.98604	6.91909	6.97398	6.72372
0.082475	6.94603	6.85317	6.84941	6.85823	6.96038	6.86123	6.92769	6.72164
0.0831125	6.86228	6.78497	6.75746	6.8237	6.85093	6.87722	6.94944	6.71215
0.08375	6.88297	6.78476	6.83976	6.84675	6.90781	6.85954	6.97085	6.67605
0.0844	6.88713	6.80428	6.81783	6.80291	6.89989	6.89395	6.92635	6.77192
0.0850625	6.95952	6.83172	6.70735	6.85494	6.90436	6.95506	6.95515	6.66399
0.085725	6.79932	6.78563	6.72292	6.83679	6.88214	6.87682	6.87469	6.66861
0.0863875	6.88558	6.79155	6.80359	6.79006	6.90461	6.903	7.01169	6.63258
0.08705	6.90127	6.75793	6.79415	6.82593	6.93972	6.9475	6.88327	6.69916
0.087725	6.90235	6.78184	6.75728	6.81236	6.87969	6.87899	6.95276	6.72139
0.0884	6.88319	6.79675	6.77559	6.78066	6.88593	6.90114	6.8909	6.69843
0.0890875	6.89526	6.84012	6.69505	6.80956	6.98508	6.9186	6.91797	6.73428
0.089775	6.86954	6.80476	6.71087	6.80634	6.88794	6.84644	6.8768	6.61466
0.0904625	6.80859	6.76202	6.73552	6.81554	6.89044	6.84825	6.86937	6.65058
0.0911625	6.84827	6.7655	6.79484	6.83593	6.86803	6.81578	6.95294	6.6706
0.0918625	6.81504	6.79335	6.77044	6.7413	6.87382	6.83851	6.91941	6.62006
0.0925625	6.78599	6.74802	6.7705	6.81716	6.87884	6.85085	6.91715	6.61529
0.093275	6.84592	6.78799	6.7407	6.74058	6.83715	6.84027	6.84703	6.61045
0.0939875	6.78267	6.78677	6.71812	6.77632	6.8667	6.91652	6.89275	6.65226
0.0947125	6.85544	6.71777	6.7037	6.82644	6.8231	6.81405	6.89861	6.66894
0.0954375	6.8385	6.77946	6.77267	6.70917	6.81767	6.79127	6.84923	6.62988
0.096175	6.77589	6.75754	6.79226	6.78382	6.82578	6.85147	6.84448	6.60983
0.0969	6.86134	6.74787	6.69785	6.76956	6.86936	6.80462	6.83176	6.6262
0.09765	6.81641	6.71876	6.76247	6.79365	6.83333	6.80642	6.84394	6.62016
0.0983875	6.78705	6.69036	6.77699	6.78542	6.83523	6.77938	6.85234	6.64651
0.09915	6.74282	6.69609	6.73703	6.78875	6.81769	6.85066	6.93297	6.59131
0.0999	6.78527	6.71318	6.64733	6.66826	6.85517	6.82719	6.82199	6.59055
0.100662	6.81565	6.70003	6.71579	6.73901	6.77135	6.85474	6.86108	6.58792
0.101425	6.77293	6.68423	6.67911	6.7656	6.78528	6.85927	6.80118	6.55561
0.1022	6.77674	6.70159	6.69526	6.82069	6.81756	6.88991	6.8417	6.62585
0.102975	6.75362	6.6804	6.62308	6.76396	6.76675	6.79063	6.85892	6.60227
0.103762	6.76996	6.6998	6.63828	6.71283	6.80976	6.74009	6.76052	6.5386
0.10455	6.75451	6.69249	6.68146	6.75307	6.78037	6.74755	6.81511	6.57643
0.10535	6.80622	6.69511	6.70178	6.72782	6.7686	6.75785	6.89427	6.60586
0.10615	6.75876	6.73964	6.68172	6.72908	6.86259	6.82586	6.79977	6.57335
0.10695	6.72981	6.6671	6.66361	6.75044	6.85473	6.79428	6.80756	6.59764
0.107763	6.71476	6.69796	6.66038	6.6924	6.78162	6.8199	6.84707	6.57039
0.108575	6.72911	6.64791	6.6332	6.7363	6.77644	6.79839	6.86953	6.60804
0.1094	6.73229	6.71217	6.63366	6.70659	6.71835	6.76481	6.77749	6.58502
0.110225	6.76127	6.72635	6.63546	6.69956	6.73253	6.70837	6.82611	6.524
0.111062	6.83563	6.60139	6.61598	6.65127	6.76128	6.74554	6.81178	6.51127
0.1119	6.69774	6.65328	6.68599	6.73659	6.81852	6.78898	6.79352	6.49093
0.11275	6.66507	6.67603	6.67574	6.68996	6.74495	6.71683	6.78042	6.51855
0.1136	6.74497	6.64485	6.62805	6.6703	6.74201	6.76226	6.77494	6.55522
0.11445	6.70574	6.67256	6.60532	6.65701	6.75949	6.76427	6.81059	6.50643
0.115313	6.77447	6.67895	6.63053	6.63863	6.75038	6.71721	6.80527	6.55117
0.116187	6.69983	6.63217	6.62257	6.66134	6.78272	6.69644	6.73398	6.55347
0.117063	6.73798	6.58975	6.63886	6.65154	6.71512	6.7099	6.73273	6.499
0.117937	6.68978	6.6336	6.59357	6.65976	6.73338	6.70918	6.79435	6.56991
0.118825	6.7166	6.64158	6.61726	6.66399	6.67354	6.72412	6.81754	6.49909
0.119713	6.73467	6.6387	6.62354	6.64364	6.70424	6.72748	6.74414	6.50338
0.120613	6.74348	6.64113	6.56378	6.63945	6.71816	6.70473	6.73097	6.48944
0.121525	6.68857	6.65548	6.60559	6.68751	6.74154	6.72472	6.69416	6.52512
0.122437	6.73211	6.62751	6.63675	6.65393	6.72438	6.78537	6.73333	6.48829
0.12335	6.75742	6.64488	6.53858	6.59649	6.70473	6.7283	6.78081	6.49713
0.124275	6.64441	6.65146	6.60584	6.61466	6.67461	6.72558	6.75774	6.52113
0.125213	6.71736	6.61252	6.56726	6.60009	6.68662	6.74035	6.74451	6.48773
0.12615	6.69411	6.60504	6.57069	6.66537	6.7475	6.6924	6.75675	6.49912
0.127088	6.68281	6.57784	6.62405	6.64673	6.73745	6.7065	6.69438	6.49927
0.128037	6.65342	6.59238	6.60129	6.63467	6.72905	6.73718	6.77839	6.49622
0.129	6.67358	6.59121	6.61536	6.66148	6.70231	6.67449	6.72399	6.518
0.129963	6.68287	6.65185	6.59856	6.60516	6.7271	6.65928	6.72699	6.48863
0.130925	6.63542	6.60736	6.56146	6.613	6.73381	6.70199	6.67371	6.468
0.1319	6.68514	6.66423	6.58415	6.55777	6.71281	6.6681	6.71093	6.50346
0.132887	6.60875	6.57485	6.61404	6.58241	6.68858	6.70172	6.6733	6.41684
0.133875	6.68726	6.60127	6.51759	6.57544	6.68609	6.63962	6.74622	6.4449
0.134875	6.64635	6.57267	6.56783	6.63347	6.716	6.65702	6.68315	6.50307
0.135888	6.67033	6.5522	6.53669	6.62687	6.67435	6.68902	6.67559	6.44764
0.136888	6.69465	6.58011	6.57692	6.6406	6.69144	6.68091	6.66983	6.4977
0.137912	6.63773	6.58764	6.544	6.60328	6.64564	6.59429	6.69489	6.45572
0.138938	6.57483	6.54365	6.56341	6.60197	6.67183	6.69001	6.65254	6.51146
0.139962	6.6375	6.58461	6.57738	6.59728	6.62881	6.63757	6.64309	6.44966
0.141013	6.54662	6.55454	6.50914	6.61389	6.70284	6.61997	6.68961	6.46755
0.14205	6.641	6.52832	6.54314	6.59887	6.65339	6.63749	6.71775	6.51637
0.143112	6.6074	6.55926	6.51344	6.61963	6.70581	6.64935	6.7155	6.46209
0.144175	6.60017	6.57028	6.52164	6.59853	6.66409	6.66135	6.69929	6.48284
0.145238	6.60029	6.56675	6.50477	6.56796	6.68731	6.59205	6.70198	6.49413
0.146313	6.61031	6.55343	6.53293	6.52968	6.64214	6.64668	6.64558	6.4306
0.1474	6.6151	6.53208	6.50763	6.52107	6.61179	6.6328	6.70403	6.4097
0.148487	6.622	6.53368	6.52292	6.53561	6.64035	6.61346	6.67373	6.4555
0.149587	6.55861	6.51854	6.50054	6.57755	6.68034	6.59059	6.67206	6.44584
0.1507	6.64728	6.49907	6.53701	6.52855	6.6541	6.61782	6.67166	6.42028
0.151812	6.58335	6.50545	6.49312	6.52647	6.63292	6.59806	6.66331	6.3553
0.152925	6.62425	6.48872	6.54274	6.56448	6.67679	6.60509	6.63043	6.44078
0.154062	6.5956	6.54611	6.47087	6.5494	6.66068	6.58813	6.69436	6.44044
0.1552	6.54204	6.50836	6.44699	6.5868	6.59303	6.5829	6.60286	6.43634
0.156337	6.55761	6.49302	6.4579	6.60625	6.69525	6.60339	6.57753	6.4279
0.1575	6.59955	6.57062	6.476	6.50433	6.64851	6.6551	6.64623	6.39666
0.15865	6.59134	6.5373	6.50303	6.5447	6.63945	6.6482	6.60882	6.37658
0.159825	6.60989	6.51916	6.50791	6.52175	6.60296	6.61661	6.59628	6.38891
0.161	6.61706	6.47581	6.47473	6.52076	6.60614	6.58224	6.63932	6.42678
0.162188	6.57362	6.49437	6.47947	6.5458	6.54503	6.58974	6.62958	6.4228
0.163375	6.56007	6.48836	6.46888	6.53573	6.55646	6.6004	6.62455	6.41532
0.164587	6.58829	6.49856	6.54158	6.56946	6.60972	6.59397	6.61862	6.40424
0.165788	6.57147	6.51061	6.50551	6.53164	6.61248	6.5573	6.62186	6.36782
0.167012	6.53919	6.55045	6.41339	6.5036	6.583	6.59287	6.60469	6.37792
0.168238	6.56317	6.44857	6.45798	6.52055	6.61579	6.54725	6.57268	6.4358
0.169475	6.55953	6.50111	6.44741	6.51717	6.55688	6.56377	6.59997	6.3907
0.170713	6.53143	6.45807	6.45441	6.47192	6.58058	6.56609	6.61354	6.34263
0.171975	6.56865	6.48508	6.41729	6.52484	6.60666	6.57941	6.64943	6.37231
0.173238	6.55675	6.49604	6.45004	6.46589	6.5739	6.60645	6.56929	6.39051
0.1745	6.55072	6.45258	6.44435	6.47419	6.60207	6.55691	6.60353	6.32464
0.175775	6.56231	6.42967	6.45255	6.44446	6.57665	6.58972	6.60087	6.33097
0.177062	6.56696	6.48816	6.44695	6.50109	6.54519	6.5773	6.55585	6.35271
0.178363	6.52081	6.43155	6.44071	6.48125	6.55743	6.53921	6.57783	6.39407
0.179675	6.51962	6.44626	6.4442	6.46066	6.61348	6.60364	6.57003	6.37141
0.180988	6.48531	6.43076	6.461	6.50613	6.57833	6.58604	6.56873	6.34751
0.182313	6.54128	6.47378	6.47281	6.50493	6.53199	6.54462	6.56192	6.33789
0.183637	6.55499	6.47462	6.47536	6.53086	6.55634	6.55934	6.58217	6.39348
0.184988	6.52435	6.45228	6.43982	6.46651	6.5851	6.53878	6.59458	6.35316
0.186338	6.53966	6.43636	6.42215	6.44518	6.55655	6.54906	6.57812	6.37458
0.1877	6.5367	6.46468	6.41828	6.47772	6.55844	6.53049	6.57804	6.32788
0.189063	6.53229	6.43861	6.42875	6.50866	6.55648	6.53853	6.54925	6.32137
0.19045	6.53041	6.47417	6.42156	6.48434	6.54019	6.5336	6.62311	6.34937
0.191838	6.48475	6.40253	6.42703	6.45568	6.54073	6.49128	6.54817	6.32901
0.193237	6.49539	6.42039	6.42731	6.46789	6.55423	6.52715	6.59239	6.31777
0.19465	6.50418	6.44171	6.38191	6.44017	6.50938	6.50965	6.58675	6.31773
0.196063	6.53987	6.4305	6.42599	6.48155	6.53497	6.51964	6.52212	6.31549
0.197488	6.51944	6.41468	6.42703	6.4702	6.53876	6.52958	6.59997	6.35371
0.198925	6.53751	6.39327	6.40907	6.45825	6.52273	6.52978	6.52486	6.32913
0.200375	6.51746	6.43942	6.42175	6.44702	6.55437	6.51949	6.55059	6.28999
0.201837	6.46605	6.40451	6.40361	6.43201	6.52712	6.51667	6.54424	6.30707
0.2033	6.52311	6.43015	6.40588	6.43706	6.54095	6.50654	6.57151	6.33191
0.204787	6.50719	6.43187	6.38618	6.47979	6.5317	6.58013	6.514	6.31353
0.206275	6.48685	6.42589	6.39208	6.44624	6.56454	6.529	6.57592	6.31191
0.207775	6.49428	6.42451	6.38757	6.47689	6.54116	6.55569	6.53204	6.28227
0.209275	6.5031	6.3818	6.42672	6.44494	6.51523	6.51143	6.52247	6.31433
0.2108	6.49958	6.4332	6.41552	6.46031	6.49458	6.53537	6.52818	6.28728
0.212325	6.51324	6.39381	6.38418	6.44163	6.51723	6.50349	6.53134	6.31517
0.213875	6.47363	6.42045	6.37168	6.4614	6.49235	6.54029	6.5506	6.33834
0.215425	6.48464	6.45388	6.38303	6.42059	6.52527	6.55198	6.541	6.24416
0.216988	6.45803	6.41901	6.35624	6.43585	6.45265	6.47624	6.50977	6.32454
0.218562	6.49496	6.43276	6.3534	6.41641	6.50294	6.47062	6.51799	6.26609
0.22015	6.49264	6.36958	6.39975	6.45584	6.4835	6.5175	6.53341	6.27786
0.221738	6.49273	6.42459	6.35419	6.42851	6.50734	6.48563	6.534	6.29771
0.22335	6.48853	6.38148	6.42625	6.42423	6.50216	6.47229	6.52459	6.26818
0.224963	6.49767	6.39323	6.35599	6.41767	6.54666	6.49255	6.54816	6.33758
0.226588	6.46188	6.40585	6.38236	6.4328	6.52172	6.47221	6.53155	6.26964
0.228237	6.44265	6.4218	6.39463	6.40647	6.53596	6.48851	6.5246	6.31909
0.229888	6.47655	6.38682	6.34164	6.40006	6.53539	6.4734	6.49532	6.27815
0.23155	6.46739	6.41256	6.38064	6.3953	6.4772	6.45983	6.53803	6.33352
0.233225	6.49617	6.38676	6.36702	6.45301	6.51342	6.49915	6.55174	6.29328
0.234912	6.46104	6.36399	6.35127	6.4148	6.49542	6.43755	6.50156	6.27993
0.2366	6.46671	6.38843	6.33535	6.38366	6.49736	6.47544	6.49828	6.29697
0.238312	6.46842	6.37588	6.3477	6.42812	6.49888	6.44982	6.50578	6.22111
0.240038	6.47614	6.40698	6.3125	6.43468	6.48859	6.47885	6.48815	6.29293
0.241763	6.43567	6.33701	6.41649	6.41041	6.46429	6.48003	6.50213	6.32619
0.243512	6.43591	6.36395	6.31834	6.38609	6.51652	6.46933	6.52128	6.2641
0.245275	6.45704	6.36172	6.35308	6.42178	6.48524	6.49686	6.51251	6.27613
0.247038	6.44304	6.38282	6.35929	6.42822	6.47218	6.47132	6.48124	6.29638
0.248825	6.43833	6.34895	6.37032	6.3758	6.53766	6.45231	6.51651	6.25542
0.250612	6.41979	6.3832	6.33297	6.3817	6.48072	6.48305	6.51977	6.28645
0.252425	6.41728	6.35534	6.35652	6.35199	6.46848	6.47159	6.49434	6.30617
0.254238	6.43426	6.3467	6.3756	6.40735	6.47149	6.43191	6.4695	6.19771
0.256075	6.4538	6.35997	6.34689	6.41693	6.5011	6.4605	6.47097	6.29248
0.257912	6.44733	6.36015	6.35236	6.38132	6.44847	6.42378	6.48576	6.22751
0.259775	6.41419	6.33876	6.34895	6.38076	6.4604	6.47035	6.45667	6.25785
0.26165	6.44239	6.38347	6.33371	6.38451	6.47815	6.46432	6.48116	6.26374
0.263525	6.43785	6.37222	6.36247	6.37164	6.49415	6.45668	6.47145	6.26044
0.265425	6.42929	6.3891	6.36025	6.40793	6.43354	6.45253	6.45807	6.26638
0.267338	6.39612	6.37369	6.35059	6.36083	6.43305	6.4851	6.49261	6.26633
0.26925	6.42572	6.3495	6.31995	6.40562	6.47259	6.45673	6.48879	6.26731
0.271188	6.44364	6.35168	6.34531	6.38022	6.45744	6.4504	6.47957	6.25588
0.273138	6.40623	6.31883	6.34141	6.38978	6.44574	6.48072	6.45839	6.2564
0.2751	6.4309	6.37089	6.32233	6.35326	6.43347	6.4414	6.4608	6.25129
0.277075	6.42471	6.32494	6.34368	6.34993	6.44204	6.43832	6.51917	6.28772
0.279063	6.41171	6.34376	6.31545	6.36048	6.447	6.44814	6.44185	6.28092
0.281075	6.42475	6.36948	6.33855	6.37887	6.46365	6.44586	6.51197	6.26432
0.283087	6.41971	6.3353	6.31931	6.37263	6.42918	6.45713	6.46224	6.25575
0.285125	6.42681	6.35795	6.31781	6.3501	6.43552	6.4479	6.47728	6.22877
0.287163	6.40445	6.33872	6.32625	6.37484	6.41907	6.46975	6.49389	6.21781
0.289225	6.40489	6.35792	6.35517	6.37497	6.46068	6.42673	6.44304	6.24538
0.2913	6.41662	6.35219	6.35562	6.36509	6.42444	6.43851	6.45026	6.23969
0.293388	6.3978	6.34919	6.32884	6.35361	6.43048	6.43966	6.40977	6.26129
0.295487	6.4431	6.31131	6.31338	6.35191	6.44689	6.42537	6.43301	6.25418
0.297612	6.38843	6.35059	6.27575	6.34193	6.47028	6.43638	6.42785	6.23006
0.299738	6.41879	6.35041	6.34587	6.35649	6.41973	6.46753	6.45368	6.24824
0.301888	6.37122	6.34066	6.33141	6.37239	6.41885	6.4572	6.45435	6.21791
0.30405	6.40534	6.3205	6.34947	6.36658	6.42064	6.40722	6.45622	6.18908
0.306225	6.39124	6.32571	6.29724	6.34773	6.43151	6.4323	6.43579	6.24007
0.308425	6.39677	6.36289	6.29613	6.33931	6.46893	6.43656	6.47093	6.23646
0.310625	6.36389	6.34192	6.33004	6.36726	6.46918	6.4004	6.44752	6.2238
0.31285	6.40822	6.30771	6.3073	6.36687	6.44748	6.4337	6.44437	6.22126
0.315087	6.39175	6.31746	6.29945	6.36054	6.44143	6.47141	6.42506	6.19383
0.317338	6.40877	6.32047	6.32328	6.38116	6.42741	6.39718	6.43457	6.21401
0.319613	6.37953	6.30869	6.27766	6.34996	6.43284	6.4543	6.47884	6.20388
0.3219	6.37142	6.35773	6.32803	6.38297	6.43349	6.43948	6.44127	6.22303
0.3242	6.39403	6.30752	6.32316	6.36718	6.47106	6.43295	6.42153	6.22792
0.326512	6.37188	6.31014	6.33586	6.33037	6.42227	6.42067	6.41251	6.21798
0.32885	6.38315	6.36139	6.34949	6.34757	6.42795	6.4102	6.48696	6.23028
0.331187	6.36785	6.34581	6.31391	6.38433	6.46354	6.43822	6.42197	6.21653
0.333562	6.40436	6.31804	6.32965	6.33926	6.4329	6.42187	6.45143	6.22155
0.335938	6.41278	6.32836	6.31936	6.34127	6.45166	6.4414	6.43718	6.19774
0.338338	6.39051	6.32932	6.28845	6.36148	6.44055	6.44902	6.46563	6.23715
0.34075	6.38259	6.34206	6.29778	6.3576	6.43384	6.41618	6.42411	6.2557
0.343188	6.36256	6.3018	6.30512	6.37919	6.40305	6.42179	6.45116	6.20883
0.345638	6.39108	6.32251	6.3086	6.34554	6.43401	6.41799	6.44565	6.24168
0.3481	6.38647	6.32076	6.26956	6.34523	6.40515	6.39556	6.43817	6.21194
0.350575	6.40401	6.30796	6.26379	6.32137	6.43708	6.45084	6.4578	6.22564
0.353075	6.39225	6.33827	6.28549	6.34041	6.41961	6.45102	6.4264	6.21309
0.3556	6.3943	6.32012	6.27129	6.33561	6.40547	6.41554	6.43815	6.21727
0.358125	6.39671	6.32399	6.29217	6.3124	6.42091	6.42408	6.43702	6.22948
0.360675	6.39435	6.31527	6.27981	6.32903	6.4361	6.40525	6.44892	6.24449
0.36325	6.3882	6.30329	6.28013	6.34025	6.43684	6.38564	6.41328	6.20414
0.365838	6.38714	6.27829	6.30742	6.32332	6.3965	6.41633	6.41343	6.21739
0.368437	6.38557	6.3294	6.29997	6.31775	6.40384	6.39465	6.41716	6.197
0.371062	6.37182	6.27267	6.29423	6.32807	6.42872	6.39902	6.43409	6.23644
0.373713	6.37438	6.25355	6.27462	6.34324	6.42636	6.38228	6.43445	6.22236
0.376363	6.38946	6.30853	6.31043	6.33665	6.40035	6.40003	6.44134	6.23051
0.37905	6.39006	6.31538	6.28393	6.34434	6.39019	6.39375	6.44507	6.23366
0.381738	6.39395	6.30605	6.27806	6.32314	6.37479	6.38896	6.4378	6.22
0.384463	6.39977	6.27731	6.27525	6.32969	6.40626	6.41402	6.43309	6.24258
0.387188	6.38985	6.32609	6.28772	6.2888	6.44764	6.42648	6.42526	6.22393
0.38995	6.39922	6.28942	6.28476	6.32226	6.40953	6.37881	6.42966	6.21325
0.392713	6.38451	6.30221	6.27604	6.34672	6.39988	6.39619	6.40371	6.23651
0.395512	6.36684	6.31543	6.28587	6.31359	6.36872	6.38679	6.41777	6.21924
0.398325	6.35365	6.31439	6.3178	6.31207	6.41106	6.38406	6.43697	6.2226
0.40115	6.37159	6.30096	6.30044	6.29239	6.37083	6.39168	6.42405	6.19733
0.404	6.39424	6.32055	6.25567	6.34338	6.39292	6.39865	6.39788	6.19491
0.406875	6.33879	6.31911	6.29653	6.34654	6.38583	6.40544	6.43999	6.21263
0.409763	6.35264	6.31125	6.26613	6.34433	6.41117	6.38055	6.44097	6.19677
0.412663	6.40424	6.30464	6.29353	6.33669	6.40459	6.4236	6.45153	6.20877
0.4156	6.36689	6.28391	6.26964	6.29392	6.40048	6.36865	6.4286	6.21736
0.41855	6.36338	6.32327	6.30187	6.33546	6.39128	6.39142	6.38977	6.22628
0.421525	6.3499	6.26022	6.29171	6.33319	6.39693	6.38721	6.42977	6.21007
0.424513	6.3691	6.30071	6.29371	6.34768	6.38194	6.38552	6.44899	6.21691
0.427525	6.35733	6.29804	6.29233	6.30774	6.40166	6.41926	6.42684	6.19499
0.43055	6.37926	6.30698	6.2871	6.31719	6.39367	6.40608	6.41897	6.22014
0.433612	6.37208	6.29222	6.27925	6.31084	6.40051	6.39151	6.42825	6.2201
0.436687	6.38485	6.28888	6.25644	6.29269	6.37544	6.39636	6.38324	6.19631
0.439775	6.37089	6.28616	6.2858	6.28471	6.39965	6.37386	6.41768	6.20709
0.4429	6.36351	6.31043	6.27038	6.29132	6.37397	6.38905	6.41765	6.22928
0.446038	6.388	6.28119	6.27882	6.33264	6.41757	6.37238	6.39069	6.19065
0.4492	6.36398	6.2696	6.28063	6.30906	6.38689	6.41151	6.43768	6.23294
0.452375	6.36154	6.28615	6.25401	6.28629	6.37474	6.39252	6.39894	6.16616
0.455588	6.36946	6.27482	6.27978	6.31392	6.39095	6.36231	6.40233	6.19103
0.458813	6.34988	6.28526	6.29616	6.31832	6.35857	6.36921	6.39824	6.21745
0.462063	6.36679	6.31979	6.2702	6.35435	6.38111	6.39025	6.39658	6.20681
0.465338	6.37208	6.30631	6.26442	6.31415	6.402	6.39079	6.39576	6.17626
0.468625	6.35772	6.30194	6.25251	6.31722	6.39454	6.39603	6.40565	6.17549
0.47195	6.39609	6.30617	6.24294	6.32305	6.4147	6.37886	6.40468	6.19857
0.475287	6.39403	6.28924	6.25257	6.28719	6.40237	6.39196	6.43349	6.18825
0.47865	6.37089	6.27713	6.25635	6.31605	6.38475	6.38004	6.39483	6.17734
0.482038	6.37369	6.30056	6.27299	6.3276	6.38659	6.38682	6.40655	6.19493
0.48545	6.37076	6.31207	6.27736	6.30264	6.3862	6.38036	6.40042	6.20513
0.488887	6.36961	6.31026	6.2604	6.31952	6.40992	6.36919	6.39883	6.19178
0.492337	6.39492	6.29515	6.23075	6.31975	6.39096	6.38101	6.42299	6.18603
0.495825	6.35753	6.27809	6.27066	6.30628	6.36016	6.38557	6.40258	6.20996
0.499325	6.36537	6.26397	6.28656	6.31176	6.3789	6.38876	6.42177	6.21587
0.502863	6.34999	6.28111	6.27124	6.3135	6.39686	6.36291	6.40354	6.1896
0.506413	6.39957	6.28864	6.30299	6.26936	6.3834	6.35939	6.42366	6.19937
0.51	6.40743	6.28895	6.2951	6.31566	6.42379	6.38394	6.4183	6.20657
0.5136	6.37802	6.28707	6.29983	6.27697	6.38885	6.38253	6.40724	6.18325
0.517225	6.35919	6.28908	6.27007	6.29781	6.38153	6.3526	6.42235	6.18638
0.520887	6.34779	6.29706	6.27336	6.3071	6.38	6.38616	6.39722	6.18976
0.524562	6.37242	6.2849	6.25874	6.29284	6.40843	6.37284	6.3988	6.20958
0.528275	6.38639	6.30156	6.29663	6.28425	6.39211	6.38654	6.44464	6.18295
0.532	6.36131	6.28757	6.27899	6.30918	6.38779	6.38394	6.38506	6.19876
0.535762	6.35978	6.27725	6.26482	6.32831	6.39422	6.41253	6.41885	6.18491
0.539537	6.37384	6.29057	6.27763	6.34491	6.38586	6.37437	6.38486	6.1926
0.54335	6.34783	6.28581	6.26044	6.315	6.40497	6.37665	6.40657	6.20005
0.547188	6.35177	6.30133	6.27166	6.31585	6.3941	6.38201	6.42125	6.20429
0.55105	6.33662	6.3033	6.2359	6.34666	6.42977	6.39908	6.38395	6.21187
0.554937	6.34165	6.27275	6.26792	6.32186	6.37975	6.35193	6.40901	6.20749
0.55885	6.4023	6.27336	6.2624	6.2918	6.38088	6.34435	6.41921	6.21871
0.5628	6.35672	6.26212	6.24156	6.29946	6.36362	6.35788	6.41369	6.18276
0.566763	6.34001	6.26648	6.26327	6.3059	6.38835	6.3775	6.39668	6.20143
0.570763	6.36194	6.27045	6.25486	6.32441	6.40002	6.34285	6.42301	6.18438
0.574787	6.36388	6.26855	6.25892	6.30724	6.37643	6.34907	6.41201	6.20352
0.578838	6.34784	6.30076	6.28296	6.32361	6.37865	6.38387	6.41737	6.1908
0.582925	6.36497	6.27119	6.26855	6.27824	6.38444	6.37617	6.4103	6.17946
0.587038	6.36457	6.27384	6.26845	6.30529	6.35001	6.38015	6.40234	6.18414
0.591175	6.34699	6.30911	6.26545	6.31301	6.38013	6.38152	6.42878	6.20226
0.595338	6.36928	6.28162	6.24211	6.30296	6.38241	6.37658	6.40017	6.1957
0.599537	6.36632	6.29093	6.26371	6.31185	6.40201	6.37772	6.38764	6.18548
0.603763	6.36715	6.29982	6.26196	6.30915	6.37543	6.37658	6.41029	6.17467
0.608012	6.36632	6.26919	6.25753	6.29814	6.37817	6.3926	6.397	6.1797
0.6123	6.36495	6.27101	6.26267	6.28345	6.3677	6.36939	6.40833	6.19859
0.616612	6.35687	6.29456	6.25891	6.31202	6.39515	6.40218	6.39162	6.18635
0.620963	6.37104	6.28272	6.24236	6.30026	6.38187	6.37923	6.41241	6.19556
0.625325	6.3432	6.27159	6.26808	6.32554	6.36921	6.36506	6.3883	6.17976
0.629737	6.36676	6.25744	6.25832	6.30755	6.37798	6.36424	6.40033	6.19689
0.634175	6.354	6.29896	6.25757	6.32615	6.37509	6.36907	6.4367	6.18521
0.638637	6.3419	6.26875	6.259	6.29085	6.37533	6.38935	6.39732	6.16521
0.643125	6.3665	6.2738	6.26408	6.29493	6.36774	6.39838	6.3923	6.19123
0.647663	6.35006	6.25867	6.23768	6.29699	6.38368	6.3642	6.40903	6.19154
0.652213	6.32772	6.26374	6.25451	6.31716	6.41132	6.39154	6.41086	6.18414
0.656812	6.3737	6.27905	6.24513	6.29004	6.38494	6.35324	6.43067	6.1935
0.661425	6.33324	6.27483	6.26695	6.29955	6.36236	6.37431	6.41829	6.16842
0.666088	6.34427	6.28235	6.26992	6.30582	6.36684	6.39761	6.39591	6.20541
0.670775	6.37403	6.27161	6.24888	6.28734	6.37267	6.38001	6.3829	6.18036
0.675488	6.35051	6.30223	6.25019	6.29137	6.36426	6.36532	6.42694	6.1737
0.680237	6.36594	6.26067	6.25794	6.31983	6.39082	6.39167	6.39883	6.16877
0.685025	6.37059	6.28161	6.26832	6.28366	6.38968	6.36672	6.40594	6.17428
0.689838	6.35589	6.29212	6.26014	6.33327	6.33079	6.35317	6.41207	6.18341
0.694687	6.37149	6.27917	6.24361	6.29765	6.41093	6.36596	6.41456	6.17071
0.699575	6.35374	6.28354	6.24627	6.28087	6.33526	6.37745	6.38594	6.17818
0.7045	6.34026	6.26969	6.27946	6.32758	6.37474	6.37057	6.41135	6.17338
0.70945	6.3685	6.26021	6.25501	6.29722	6.37209	6.37571	6.38971	6.18316
0.714437	6.33905	6.28213	6.26595	6.28664	6.36163	6.37494	6.40697	6.17846
0.719463	6.35469	6.27895	6.26812	6.28702	6.35133	6.3988	6.3619	6.17595
0.724513	6.34596	6.28693	6.27097	6.30026	6.37616	6.37645	6.39812	6.17858
0.7296	6.36227	6.28554	6.25204	6.29644	6.37466	6.35893	6.40895	6.18994
0.734738	6.35219	6.27095	6.26371	6.30456	6.35757	6.38606	6.40687	6.21214
0.7399	6.382	6.2975	6.25619	6.27485	6.36113	6.35272	6.397	6.17744
0.745088	6.37189	6.27711	6.2522	6.30155	6.37536	6.35916	6.41171	6.18794
0.750325	6.37487	6.27678	6.24782	6.30023	6.37221	6.37502	6.40336	6.19656
0.7556	6.33792	6.25235	6.28567	6.28904	6.37565	6.36712	6.39496	6.16699
0.7609	6.36869	6.28182	6.25209	6.3062	6.37455	6.36799	6.38786	6.19009
0.76625	6.32673	6.26324	6.24412	6.30382	6.37976	6.35483	6.41701	6.18815
0.771625	6.34222	6.25479	6.26773	6.30568	6.35456	6.37611	6.38759	6.17871
0.77705	6.37009	6.2483	6.25873	6.28385	6.38817	6.36436	6.39699	6.18671
0.7825	6.34616	6.28052	6.26187	6.29298	6.40118	6.36789	6.40065	6.18958
0.788	6.33913	6.24985	6.23645	6.28317	6.39089	6.39179	6.39156	6.18645
0.793525	6.36576	6.28625	6.25328	6.29232	6.37493	6.33918	6.40011	6.18865
0.7991	6.37141	6.27645	6.25917	6.3044	6.38519	6.361	6.38221	6.19501
0.8047	6.35076	6.26451	6.2521	6.29033	6.39213	6.37063	6.39745	6.19812
0.81035	6.35836	6.27329	6.2664	6.29445	6.35036	6.37509	6.39987	6.17444
0.816037	6.35111	6.2911	6.27677	6.31146	6.37719	6.3758	6.38739	6.21068
0.821763	6.34642	6.26809	6.25928	6.31003	6.37892	6.35761	6.39288	6.17584
0.827525	6.35697	6.28764	6.25384	6.30633	6.36852	6.39923	6.40266	6.17108
0.833337	6.34342	6.27619	6.25196	6.29021	6.36602	6.35746	6.39906	6.18696
0.839175	6.34212	6.27846	6.25662	6.28853	6.37419	6.36488	6.40112	6.19948
0.845062	6.35515	6.25671	6.2414	6.2928	6.37743	6.37893	6.39108	6.19436
0.851	6.34319	6.29465	6.24309	6.29514	6.3884	6.37073	6.35888	6.18816
0.856963	6.33489	6.29933	6.24648	6.28106	6.37653	6.3667	6.3922	6.17093
0.862975	6.34443	6.25176	6.2551	6.30572	6.393	6.36491	6.40114	6.19387
0.869025	6.34735	6.2508	6.25733	6.304	6.37742	6.3647	6.39062	6.19454
0.875112	6.33919	6.2645	6.26584	6.29052	6.37464	6.37244	6.39736	6.17655
0.88125	6.36249	6.26739	6.25243	6.30621	6.37068	6.37231	6.36871	6.18195
0.887425	6.35291	6.26728	6.24996	6.28692	6.37541	6.35247	6.40109	6.19449
0.89365	6.34471	6.28461	6.2675	6.28811	6.38223	6.37363	6.37691	6.16876
0.899912	6.34094	6.28138	6.25596	6.31148	6.36468	6.38066	6.40541	6.18898
0.906225	6.35126	6.25264	6.25623	6.2856	6.37645	6.36599	6.39851	6.19546
0.912575	6.37358	6.28567	6.2359	6.29001	6.37221	6.36861	6.39793	6.17107
0.918962	6.32771	6.28462	6.23905	6.30159	6.37427	6.37999	6.42849	6.17673
0.9254	6.34062	6.28336	6.24463	6.28981	6.37803	6.39429	6.39804	6.18189
0.931888	6.36241	6.28439	6.2548	6.28359	6.37913	6.35893	6.40478	6.18301
0.938412	6.34938	6.26427	6.24525	6.30991	6.36445	6.38773	6.39607	6.19612
0.944987	6.36212	6.26587	6.24976	6.27895	6.3617	6.36668	6.39147	6.18351
0.951612	6.3412	6.26984	6.24534	6.30172	6.38761	6.36238	6.39478	6.18374
0.958275	6.33293	6.26517	6.23438	6.29756	6.3764	6.37632	6.41038	6.20285
0.964988	6.33663	6.27529	6.24099	6.28583	6.37044	6.37475	6.36998	6.19706
0.97175	6.34596	6.27848	6.27235	6.27959	6.37651	6.35834	6.4153	6.16356
0.97855	6.35296	6.27887	6.25544	6.26495	6.36666	6.39053	6.39748	6.1877
0.9854	6.35443	6.28186	6.26115	6.28891	6.35457	6.37548	6.40347	6.18192
0.9923	6.35331	6.27293	6.25028	6.28838	6.35943	6.35456	6.40056	6.18047
0.99925	6.35784	6.2684	6.24615	6.29853	6.38863	6.37431	6.38961	6.19252
1.00625	6.35501	6.28175	6.25922	6.2883	6.35548	6.36672	6.39073	6.17635
1.01329	6.3423	6.26774	6.2364	6.3002	6.35872	6.35663	6.39529	6.18013
1.02039	6.34959	6.27501	6.26796	6.28042	6.36752	6.36888	6.39574	6.18724
1.02752	6.36673	6.2593	6.26858	6.29751	6.36269	6.35861	6.423	6.20251
1.03472	6.33872	6.26203	6.25044	6.3134	6.35937	6.36464	6.39812	6.18645
1.04196	6.33705	6.27791	6.25815	6.30377	6.36051	6.37258	6.38517	6.18044
1.04925	6.36745	6.27637	6.25597	6.3031	6.37114	6.37474	6.39994	6.19567
1.0566	6.34748	6.27272	6.25873	6.29176	6.37539	6.39242	6.39978	6.18357
1.06399	6.34905	6.25595	6.25992	6.29091	6.35191	6.36146	6.40503	6.16461
1.07144	6.34222	6.26414	6.24971	6.27576	6.37187	6.37388	6.39919	6.17409
1.07893	6.35391	6.27226	6.24203	6.27859	6.35486	6.37059	6.40667	6.19349
1.08648	6.33353	6.2728	6.25794	6.29531	6.3675	6.37895	6.40986	6.19584
1.09407	6.35523	6.29161	6.25373	6.2919	6.36348	6.35065	6.39886	6.19514
1.10174	6.33947	6.25124	6.26455	6.29962	6.38585	6.37526	6.41149	6.1835
1.10944	6.32989	6.28095	6.2547	6.29302	6.35486	6.36892	6.42189	6.1935
1.1172	6.34385	6.28553	6.25559	6.29217	6.38166	6.37751	6.39979	6.18484
1.12501	6.33939	6.25856	6.2597	6.29848	6.37367	6.37661	6.38713	6.16948
1.13287	6.33454	6.26771	6.24868	6.28812	6.37551	6.36449	6.41139	6.1729
1.1408	6.34421	6.28174	6.25446	6.29217	6.38243	6.35765	6.41565	6.16293
1.14877	6.34626	6.27702	6.25604	6.28116	6.37443	6.35024	6.39993	6.20161
1.15681	6.3657	6.27725	6.26871	6.27735	6.36794	6.38003	6.38853	6.18556
1.1649	6.33942	6.29543	6.2593	6.27555	6.36509	6.34646	6.40239	6.18262
1.17304	6.34297	6.2759	6.23889	6.2735	6.36426	6.36486	6.38672	6.18149
1.18124	6.35131	6.27146	6.25998	6.28101	6.36146	6.37213	6.38988	6.19028
1.1895	6.34511	6.27401	6.25299	6.29984	6.36677	6.35996	6.39877	6.18898
1.19781	6.35876	6.29205	6.24587	6.30763	6.37521	6.36476	6.40941	6.17944
1.20619	6.33595	6.26864	6.26256	6.28731	6.37209	6.35805	6.39193	6.16556
1.21461	6.3465	6.26376	6.24803	6.28	6.36293	6.33968	6.38024	6.17816
1.2231	6.34052	6.25978	6.24642	6.2972	6.38811	6.37801	6.38925	6.17546
1.23165	6.34401	6.27068	6.26414	6.29672	6.38522	6.3519	6.39976	6.19145
1.24026	6.3488	6.29868	6.26144	6.28169	6.34852	6.36218	6.38952	6.17217
1.24892	6.34412	6.28746	6.25716	6.27863	6.36097	6.37522	6.38885	6.19453
1.25765	6.3369	6.27644	6.2592	6.2939	6.38434	6.36685	6.41034	6.1803
1.26644	6.34897	6.26955	6.25496	6.29459	6.37941	6.36091	6.41162	6.17371
1.27529	6.36129	6.27598	6.25985	6.29596	6.3702	6.36535	6.37576	6.17957
1.2842	6.36208	6.2754	6.25533	6.28263	6.37584	6.3711	6.40137	6.1725
1.29316	6.34571	6.29278	6.24388	6.30063	6.37261	6.36376	6.39712	6.17803
1.3022	6.32676	6.27274	6.25908	6.29405	6.36689	6.35283	6.39336	6.19111
1.3113	6.36024	6.27824	6.27134	6.28948	6.38126	6.37035	6.3903	6.17986
1.32045	6.35454	6.25648	6.23913	6.28896	6.35774	6.37002	6.3736	6.18694
1.32967	6.35375	6.25571	6.25005	6.28644	6.35301	6.37899	6.38985	6.18174
1.33896	6.35114	6.26485	6.24158	6.29918	6.36281	6.36083	6.39665	6.17925
1.34831	6.36133	6.26221	6.2458	6.28368	6.36498	6.3672	6.40094	6.1791
1.35773	6.34448	6.27975	6.25055	6.27951	6.3623	6.37212	6.40272	6.19618
1.36721	6.34079	6.29167	6.24304	6.28633	6.35588	6.36865	6.39985	6.18833
1.37675	6.32512	6.27473	6.24468	6.28602	6.36279	6.3638	6.38604	6.16987
1.38636	6.35221	6.26572	6.2629	6.30892	6.35611	6.37338	6.37661	6.16359
1.39605	6.34143	6.26042	6.25233	6.28648	6.35253	6.36884	6.39703	6.19939
1.4058	6.34403	6.28301	6.23589	6.30165	6.37099	6.35539	6.40477	6.16824
1.41561	6.35173	6.26335	6.2606	6.2922	6.37988	6.3761	6.39709	6.19037
1.42549	6.34928	6.27789	6.2496	6.28791	6.3651	6.37346	6.39787	6.18111
1.43544	6.36305	6.26607	6.26185	6.28502	6.37925	6.36308	6.3896	6.17992
1.44546	6.35276	6.27051	6.26245	6.29763	6.35892	6.34891	6.39792	6.18614
1.45555	6.35525	6.28217	6.26021	6.29348	6.36751	6.35346	6.4011	6.17261
1.46571	6.34803	6.29137	6.24742	6.2951	6.37967	6.38226	6.40201	6.16758
1.47594	6.35818	6.29054	6.254	6.26746	6.38107	6.35364	6.40823	6.18373
1.48624	6.34835	6.28244	6.25001	6.29335	6.36308	6.36522	6.3865	6.16511
1.49661	6.33517	6.26745	6.25111	6.29316	6.36809	6.37008	6.39258	6.17617
1.50705	6.36436	6.27678	6.24981	6.30228	6.35836	6.3633	6.39767	6.17392
1.51756	6.34552	6.28157	6.23296	6.28694	6.37518	6.3698	6.39796	6.19104
1.52815	6.34784	6.276	6.26083	6.29726	6.36324	6.35336	6.41099	6.19668
1.53881	6.33643	6.26758	6.24529	6.29662	6.35076	6.35527	6.40725	6.18598
1.54955	6.35694	6.26929	6.26042	6.28987	6.37911	6.35286	6.39114	6.19278
1.56036	6.33936	6.29772	6.24446	6.29532	6.38216	6.36165	6.40246	6.19505
1.57125	6.35135	6.27961	6.2477	6.2937	6.36172	6.3668	6.38568	6.19882
1.58221	6.35413	6.27257	6.24661	6.29836	6.36625	6.35828	6.39671	6.18046
1.59325	6.36084	6.28094	6.26374	6.29776	6.36891	6.36983	6.40419	6.1915
1.60436	6.35084	6.27726	6.24829	6.27739	6.36653	6.36067	6.40719	6.18512
1.61555	6.34824	6.26863	6.23823	6.29523	6.36176	6.35903	6.39441	6.18903
1.62681	6.35479	6.26734	6.26409	6.29337	6.34354	6.36163	6.39415	6.17728
1.63816	6.34561	6.27391	6.23992	6.28768	6.36421	6.3672	6.40305	6.16496
1.64959	6.3552	6.27925	6.2536	6.30094	6.35798	6.35347	6.40266	6.17839
1.66109	6.33987	6.27269	6.25485	6.29458	6.36357	6.36382	6.39559	6.17341
1.67268	6.34083	6.28929	6.25421	6.27025	6.36365	6.37022	6.39716	6.17812
1.68434	6.34668	6.26414	6.25112	6.29936	6.36727	6.36548	6.39744	6.18676
1.69609	6.33616	6.2664	6.25904	6.28993	6.36377	6.35662	6.40501	6.19833
1.70791	6.35227	6.27025	6.25088	6.29982	6.36581	6.37733	6.39708	6.1944
1.71981	6.35293	6.26836	6.26502	6.30004	6.36895	6.36716	6.39008	6.18607
1.73181	6.35563	6.29161	6.24805	6.29903	6.35813	6.36006	6.39353	6.18549
1.74388	6.34583	6.27964	6.2424	6.30802	6.36531	6.36359	6.41094	6.18423
1.75604	6.35802	6.2811	6.26176	6.28316	6.35272	6.35784	6.41198	6.20021
1.76828	6.34523	6.27324	6.24035	6.28871	6.35773	6.35957	6.3801	6.18904
1.7806	6.34307	6.26971	6.2496	6.3004	6.3641	6.3595	6.40325	6.18795
1.79301	6.34874	6.26384	6.24841	6.29348	6.35878	6.36824	6.40697	6.18978
1.80551	6.34584	6.28053	6.26301	6.29796	6.37431	6.37002	6.39563	6.18274
1.8181	6.34712	6.27019	6.24292	6.28668	6.36128	6.3513	6.3896	6.17978
1.83078	6.33823	6.27792	6.27199	6.29107	6.36907	6.36117	6.38726	6.19193
1.84354	6.34232	6.27025	6.25784	6.28907	6.36678	6.36764	6.38577	6.1762
1.85637	6.34646	6.26342	6.2578	6.31354	6.3643	6.36624	6.39761	6.17871
1.86931	6.34784	6.26198	6.25131	6.30518	6.35425	6.36636	6.39294	6.18208
1.88234	6.35385	6.27876	6.26403	6.30369	6.37204	6.36457	6.398	6.18428
1.89546	6.3429	6.2828	6.26593	6.28794	6.37737	6.36781	6.39948	6.19218
1.90866	6.36691	6.27231	6.2547	6.29694	6.37651	6.36935	6.38709	6.18042
1.92196	6.34652	6.2806	6.25352	6.27873	6.362	6.36514	6.39109	6.18995
1.93536	6.35212	6.28218	6.25511	6.28442	6.35929	6.37069	6.39481	6.18898
1.94885	6.33756	6.26738	6.26362	6.31419	6.37581	6.36912	6.4029	6.18216
1.96242	6.34126	6.27203	6.26014	6.28444	6.37817	6.37261	6.39109	6.19207
1.9761	6.33321	6.27063	6.25661	6.28653	6.37995	6.36911	6.38632	6.18631
1.98986	6.35796	6.26986	6.26129	6.30456	6.37776	6.36184	6.3687	6.18106
2.00373	6.35731	6.27643	6.25291	6.29967	6.35969	6.36349	6.39498	6.17125
2.01769	6.33869	6.275	6.25703	6.28701	6.36362	6.37697	6.38657	6.1772
2.03174	6.35754	6.28121	6.26276	6.30191	6.36516	6.3693	6.38887	6.1707
2.04589	6.35461	6.26155	6.26408	6.30317	6.37144	6.3606	6.38716	6.16454
2.06014	6.33922	6.26385	6.25071	6.30338	6.37874	6.35767	6.38675	6.18327
2.07449	6.34731	6.27019	6.2475	6.28426	6.36804	6.36574	6.38551	6.17959
2.08894	6.35329	6.2757	6.24841	6.29135	6.37432	6.37187	6.38768	6.18347
2.10349	6.35629	6.27234	6.24889	6.30259	6.36614	6.36917	6.40196	6.17652
2.11814	6.35569	6.26035	6.24268	6.2827	6.36295	6.37011	6.39445	6.19222
2.13289	6.36359	6.26774	6.26172	6.2886	6.36658	6.36527	6.39269	6.17515
2.14775	6.35451	6.27268	6.26004	6.29602	6.36302	6.37374	6.38877	6.18314
2.1627	6.35964	6.27098	6.25041	6.28539	6.3682	6.35973	6.3906	6.17162
2.17776	6.34499	6.2703	6.25166	6.3111	6.36623	6.36248	6.3929	6.18244
2.19292	6.35857	6.28706	6.24627	6.29331	6.36443	6.37067	6.40419	6.1823
2.2082	6.35242	6.27138	6.25877	6.29149	6.36246	6.37372	6.39728	6.17549
2.22358	6.34977	6.27911	6.24688	6.29466	6.3803	6.35946	6.39082	6.17833
2.23905	6.35114	6.26285	6.25774	6.29663	6.37259	6.37103	6.38875	6.18543
2.25465	6.35663	6.27315	6.25069	6.29552	6.37157	6.34906	6.39028	6.1801
2.27034	6.35951	6.2748	6.25573	6.28425	6.36215	6.38205	6.4028	6.1897
2.28615	6.35101	6.27283	6.26748	6.3018	6.36819	6.3712	6.38987	6.18489
2.30206	6.35974	6.27759	6.25619	6.29143	6.37252	6.36774	6.38246	6.19167
2.31809	6.34993	6.27995	6.25695	6.29759	6.38094	6.37178	6.38408	6.19052
2.33422	6.34508	6.27853	6.24735	6.29214	6.36736	6.37087	6.38392	6.18278
2.35048	6.3592	6.28012	6.24613	6.30745	6.37102	6.37309	6.39115	6.18846
2.36684	6.3525	6.26729	6.25706	6.29872	6.3713	6.38318	6.3961	6.1842
2.38331	6.35097	6.27211	6.25608	6.30071	6.36936	6.37705	6.40356	6.17998
2.3999	6.3564	6.27541	6.25641	6.29852	6.38222	6.37259	6.40841	6.19994
2.41661	6.35132	6.28637	6.25417	6.28841	6.36428	6.36517	6.2173	6.19177
2.43342	6.35982	6.26551	6.26016	6.29636	6.36606	6.36568	6.26646	6.19961
2.45036	6.35824	6.27205	6.25621	6.30626	6.37985	6.35367	6.38901	6.1905
2.46743	6.35724	6.27386	6.26221	6.29883	6.36969	6.37478	6.4065	6.19622
2.4846	6.35052	6.26971	6.26298	6.30309	6.37087	6.37126	6.39316	6.18245
2.50189	6.35283	6.27626	6.26259	6.28495	6.36853	6.36188	6.40579	6.18872
2.5193	6.35938	6.27752	6.24945	6.30116	6.37513	6.36814	6.40874	6.18431
2.53682	6.36887	6.27697	6.27296	6.30152	6.3711	6.36001	6.40611	6.18841
2.55449	6.36147	6.27307	6.26866	6.31135	6.36836	6.37424	6.41199	6.1771
2.57226	6.36264	6.26835	6.25474	6.31105	6.36999	6.37105	6.41791	6.18436
2.59016	6.36504	6.27249	6.26601	6.30183	6.36686	6.36579	6.40911	6.18581
2.60819	6.35987	6.27494	6.25312	6.29172	6.38129	6.37411	6.41976	6.19718
2.62634	6.35964	6.28578	6.25197	6.31007	6.37884	6.3692	6.41369	6.17875
2.6446	6.35301	6.29127	6.25552	6.28883	6.3743	6.35847	6.40881	6.18033
2.66301	6.35159	6.27554	6.2628	6.29216	6.36959	6.37232	6.39749	6.18064
2.68154	6.36353	6.29166	6.25709	6.30413	6.36505	6.36145	6.41086	6.18957
2.70019	6.34791	6.28165	6.25787	6.29296	6.36576	6.36614	6.40436	6.18356
2.71898	6.3599	6.28177	6.24982	6.28622	6.375	6.36524	6.39469	6.20043
2.7379	6.36419	6.27354	6.25276	6.29642	6.38109	6.35971	6.40986	6.1895
2.75694	6.34946	6.27898	6.25092	6.30626	6.37087	6.3637	6.41241	6.1779
2.77612	6.35598	6.27525	6.26094	6.29433	6.36231	6.35744	6.39437	6.18439
2.79544	6.36305	6.28502	6.24071	6.29057	6.37271	6.37028	6.41131	6.17452
2.81487	6.36799	6.26818	6.25815	6.29693	6.37787	6.36871	6.41418	6.189
2.83446	6.3608	6.28212	6.26244	6.29323	6.36171	6.35908	6.40654	6.18029
2.85418	6.34849	6.28375	6.26885	6.31473	6.36894	6.36895	6.40194	6.1738
2.87404	6.36152	6.27973	6.25753	6.29881	6.36822	6.37212	6.39954	6.17806
2.89403	6.3701	6.29285	6.26049	6.29845	6.36367	6.37466	6.39487	6.18743
2.91415	6.34767	6.27648	6.255	6.29886	6.36144	6.36727	6.40125	6.18962
2.93443	6.36525	6.28811	6.26392	6.31062	6.36507	6.37066	6.40578	6.1862
2.95484	6.36876	6.28906	6.25069	6.30595	6.37288	6.38142	6.39485	6.19086
2.97539	6.35995	6.28062	6.25551	6.29765	6.37151	6.3657	6.38251	6.18212
2.99607	6.35928	6.28097	6.25265	6.29849	6.38457	6.36232	6.40414	6.17987
3.01691	6.34873	6.27658	6.25876	6.30131	6.37532	6.37321	6.40326	6.18778
3.0379	6.35798	6.27983	6.24456	6.30064	6.36714	6.36505	6.39202	6.18504
3.05903	6.35442	6.2727	6.26102	6.2978	6.37744	6.35937	6.4008	6.18578
3.0803	6.35066	6.27548	6.26147	6.30537	6.37484	6.37546	6.39298	6.19772
3.10171	6.35736	6.28032	6.25934	6.28736	6.38195	6.35649	6.39284	6.19884
3.12329	6.3546	6.27909	6.26249	6.29094	6.37168	6.37905	6.40147	6.18384
3.145	6.34437	6.28626	6.25492	6.30637	6.36639	6.37113	6.39691	6.18736
3.16687	6.35789	6.27771	6.25803	6.30676	6.37711	6.36716	6.40063	6.19023
3.1889	6.34848	6.27213	6.2619	6.29207	6.37109	6.35758	6.40814	6.19398
3.21108	6.34208	6.28396	6.26582	6.30161	6.38225	6.36273	6.39494	6.19476
3.2334	6.36184	6.28337	6.25712	6.30307	6.37319	6.35214	6.4001	6.1808
3.25588	6.3411	6.2737	6.2544	6.29808	6.3762	6.3633	6.39556	6.1913
3.27851	6.35213	6.27204	6.25464	6.29685	6.36738	6.36353	6.39605	6.18414
3.30131	6.35132	6.28007	6.25787	6.29846	6.37086	6.36338	6.39666	6.19986
3.32426	6.36134	6.28197	6.25345	6.30122	6.37775	6.37452	6.40108	6.1827
3.34737	6.35557	6.2771	6.25094	6.30127	6.3678	6.36862	6.37854	6.19921
3.37065	6.34977	6.27837	6.25284	6.30096	6.3699	6.35722	6.4004	6.17864
3.39409	6.35594	6.29258	6.25262	6.3014	6.36487	6.36108	6.39537	6.1847
3.41768	6.35393	6.27972	6.25025	6.29855	6.37427	6.36368	6.39414	6.19347
3.44144	6.34983	6.27577	6.26797	6.2869	6.37738	6.35465	6.3977	6.18509
3.46536	6.35637	6.28212	6.25827	6.29285	6.36555	6.36941	6.39309	6.1879
3.48945	6.34805	6.27894	6.24621	6.30691	6.37288	6.37646	6.38848	6.18617
3.51371	6.36038	6.27935	6.2547	6.30259	6.36596	6.36387	6.38605	6.18507
3.53814	6.36026	6.27719	6.26384	6.29209	6.36785	6.36434	6.39454	6.18472
3.56273	6.34951	6.27698	6.26078	6.29863	6.36242	6.36295	6.39378	6.193
3.58749	6.35529	6.28133	6.25683	6.29888	6.37528	6.35989	6.40011	6.18893
3.61243	6.35812	6.27674	6.25276	6.30878	6.37043	6.36102	6.38526	6.18591
3.63754	6.36434	6.27925	6.24524	6.3039	6.37756	6.35554	6.39295	6.1919
3.66283	6.34336	6.27362	6.2511	6.29848	6.36899	6.35546	6.39522	6.18277
3.68829	6.34796	6.27302	6.2515	6.30069	6.37348	6.36303	6.38507	6.18824
3.71391	6.34413	6.28143	6.25094	6.29459	6.37096	6.36746	6.38424	6.18776
3.73973	6.36191	6.28664	6.25727	6.3008	6.37422	6.35707	6.39795	6.1838
3.76572	6.3499	6.27281	6.25669	6.30602	6.37841	6.35238	6.38361	6.19294
3.7919	6.35236	6.26811	6.25504	6.30036	6.37446	6.35965	6.37976	6.18859
3.81825	6.353	6.28265	6.2528	6.29697	6.37579	6.36779	6.38889	6.18794
3.84479	6.34916	6.28395	6.25564	6.29552	6.36804	6.36297	6.38466	6.18108
3.8715	6.35508	6.28126	6.26165	6.30717	6.36554	6.37415	6.40072	6.18779
3.89841	6.35923	6.27747	6.26199	6.28796	6.37309	6.35073	6.39705	6.18386
3.9255	6.35031	6.27701	6.2597	6.29304	6.37789	6.3625	6.39932	6.18299
3.95278	6.35136	6.27083	6.26264	6.3012	6.35567	6.37034	6.38007	6.18799
3.98025	6.35442	6.2707	6.24848	6.29763	6.37519	6.36449	6.38747	6.18973
4.00791	6.34706	6.274	6.24174	6.29102	6.37046	6.35777	6.39019	6.19302
4.03576	6.35267	6.27269	6.25383	6.30527	6.36415	6.3619	6.38981	6.19235
4.0638	6.35245	6.26403	6.25979	6.30662	6.37458	6.35727	6.39876	6.19539
4.09204	6.35188	6.27692	6.26113	6.29042	6.36821	6.3653	6.37824	6.19355
4.12047	6.34767	6.27577	6.26221	6.29582	6.36747	6.3633	6.38597	6.19468
4.1491	6.36181	6.2756	6.25096	6.30793	6.37347	6.36102	6.39572	6.18518
4.17794	6.34859	6.27452	6.26	6.30055	6.37127	6.36641	6.39538	6.20134
4.20696	6.35065	6.27039	6.25826	6.29995	6.36177	6.3734	6.38988	6.19335
4.2362	6.34209	6.26178	6.25321	6.2998	6.37027	6.3675	6.40476	6.1897
4.26563	6.34514	6.26311	6.25301	6.2939	6.38513	6.36667	6.38612	6.18788
4.29526	6.35104	6.26415	6.25499	6.294	6.37093	6.08746	6.39041	6.19334
4.32511	6.34418	6.26809	6.25632	6.30204	6.37281	6.35475	6.37935	6.19469
4.35516	6.34773	6.26377	6.25292	6.29884	6.36969	6.37099	6.3846	6.19384
4.38541	6.35155	6.27605	6.25536	6.29965	6.37647	6.36986	6.38648	6.1882
4.41589	6.34523	6.26687	6.24976	6.29749	6.368	6.3869	6.39716	6.19374
4.44656	6.34461	6.26906	6.26215	6.30218	6.37435	6.38013	6.39956	6.18251
4.47745	6.34979	6.27197	6.24961	6.29573	6.37435	6.38394	6.38879	6.19456
4.50856	6.34582	6.27986	6.25119	6.31408	6.37578	6.38452	6.39243	6.18811
4.53988	6.34974	6.27424	6.25341	6.30905	6.36866	6.38725	6.39723	6.20003
4.57142	6.34493	6.26714	6.24442	6.30506	6.37904	6.38662	6.39161	6.19843
4.60318	6.34289	6.27015	6.25112	6.30554	6.37367	6.39079	6.39568	6.19284
4.63515	6.35037	6.26508	6.26249	6.30071	6.37289	6.39029	6.38497	6.19596
4.66735	6.34892	6.27117	6.25376	6.29889	6.36943	6.38509	6.38765	6.18328
4.69978	6.34953	6.27291	6.25701	6.2984	6.37292	6.39193	6.39369	6.19656
4.73243	6.35321	6.26788	6.25522	6.30246	6.37001	6.38964	6.39333	6.19854
4.76529	6.35358	6.27668	6.25544	6.30042	6.37416	6.38148	6.38758	6.18314
4.79839	6.34874	6.27008	6.26385	6.30551	6.36003	6.37405	6.3858	6.18573
4.83173	6.34336	6.27249	6.26166	6.30439	6.36411	6.37268	6.39614	6.18334
4.86529	6.34913	6.27868	6.25394	6.29549	6.37205	6.36385	6.39458	6.19819
4.89908	6.35069	6.27925	6.2585	6.30322	6.38239	6.36387	6.39019	6.18878
4.93311	6.34987	6.26555	6.25671	6.30349	6.36973	6.37126	6.38111	6.18838
4.96737	6.34773	6.26725	6.25576	6.29154	6.38257	6.37086	6.39557	6.18579
5.00187	6.34432	6.27765	6.26348	6.29544	6.37307	6.3705	6.39121	6.188
5.03661	6.33294	6.27503	6.26078	6.30306	6.37788	6.36292	6.39506	6.19064
5.0716	6.3461	6.27369	6.26106	6.30365	6.37383	6.37728	6.39619	6.18945
5.10681	6.35217	6.288	6.25396	6.29717	6.36534	6.37393	6.39506	6.19465
5.14229	6.35474	6.27641	6.25622	6.3046	6.37605	6.37216	6.39911	6.1961
5.178	6.35398	6.27477	6.25609	6.30899	6.36621	6.36887	6.39432	6.18939
5.21396	6.35467	6.27581	6.26674	6.29835	6.3744	6.37	6.38747	6.18754
5.25017	6.34732	6.27558	6.2489	6.30404	6.36832	6.36883	6.39789	6.19104
5.28664	6.35801	6.27948	6.2456	6.30275	6.37548	6.36739	6.4023	6.2013
5.32335	6.35075	6.27259	6.24673	6.29471	6.36568	6.36934	6.39535	6.19377
5.36031	6.35429	6.27732	6.24475	6.29784	6.38151	6.37295	6.39851	6.19416
5.39754	6.35677	6.28147	6.24922	6.29085	6.36044	6.37394	6.38802	6.19598
5.43503	6.35599	6.27936	6.25763	6.29697	6.37193	6.37171	6.40229	6.19223
5.47277	6.35346	6.28171	6.25238	6.29527	6.36792	6.37308	6.39178	6.19395
5.51078	6.35129	6.27673	6.24422	6.29503	6.36726	6.37081	6.39336	6.18737
5.54904	6.35457	6.28056	6.24777	6.29823	6.37648	6.36345	6.39395	6.1938
5.58757	6.34932	6.28176	6.24902	6.29516	6.37385	6.37398	6.39364	6.19851
5.62638	6.35864	6.27567	6.25154	6.30006	6.36851	6.36698	6.39936	6.1998
5.66545	6.35128	6.28306	6.25233	6.30064	6.38196	6.37709	6.39414	6.18869
5.70479	6.35426	6.28147	6.25725	6.28332	6.37326	6.36736	6.39538	6.20027
5.7444	6.35504	6.28306	6.25059	6.2849	6.36801	6.37351	6.39663	6.19561
5.78429	6.34542	6.27046	6.24716	6.29516	6.36362	6.3742	6.39995	6.20104
5.82445	6.35027	6.28196	6.256	6.30432	6.35785	6.37136	6.40075	6.19269
5.86489	6.35122	6.2765	6.24293	6.29138	6.36839	6.37119	6.39813	6.19204
5.90561	6.3521	6.27422	6.25187	6.29994	6.36986	6.37897	6.39683	6.19149
5.94663	6.35003	6.27513	6.25213	6.30013	6.38181	6.37023	6.39692	6.19091
5.98791	6.35962	6.27608	6.25606	6.30024	6.38016	6.36851	6.38813	6.20077
6.02949	6.3534	6.28845	6.25105	6.29225	6.37167	6.36588	6.40128	6.19524
6.07135	6.35712	6.27352	6.25194	6.29613	6.38099	6.36869	6.3925	6.18965
6.1135	6.35419	6.27943	6.25694	6.30037	6.38471	6.37185	6.39788	6.19447
6.15595	6.35217	6.28054	6.25153	6.30855	6.37492	6.36596	6.27053	6.18681
6.19869	6.36595	6.27993	6.25716	6.30757	6.37998	6.36741	6.40353	6.19443
6.24172	6.36463	6.27668	6.25617	6.29747	6.37543	6.36982	6.40104	6.18781
6.28506	6.36212	6.28398	6.2519	6.30044	6.37524	6.37324	6.40823	6.19293
6.3287	6.3559	6.28481	6.26201	6.30386	6.37943	6.36758	6.40313	6.18649
6.37264	6.35386	6.28092	6.26021	6.30184	6.38216	6.37024	6.40608	6.19499
6.41687	6.35355	6.28535	6.2608	6.29447	6.37165	6.37163	6.41061	6.19585
6.46142	6.35029	6.27545	6.26459	6.29472	6.3771	6.36443	6.40872	6.19768
6.50629	6.35582	6.28444	6.26084	6.29685	6.37696	6.36494	6.4088	6.19491
6.55145	6.3496	6.27755	6.26273	6.29565	6.37619	6.37212	6.4047	6.19344
6.59694	6.34923	6.27566	6.2623	6.29184	6.37309	6.3696	6.40209	6.20113
6.64274	6.35352	6.27674	6.26459	6.30329	6.36876	6.38424	6.3996	6.1947
6.68885	6.35465	6.27332	6.26511	6.30338	6.37076	6.36893	6.39629	6.19727
6.73527	6.35334	6.27123	6.25685	6.29827	6.37091	6.36679	6.38804	6.19964
6.78204	6.35143	6.27072	6.25216	6.30688	6.37802	6.37183	6.39474	6.19453
6.82911	6.34813	6.28322	6.25783	6.30005	6.36473	6.37731	6.4013	6.1998
6.87652	6.35376	6.28144	6.25795	6.30098	6.37029	6.37448	6.40157	6.20061
6.92426	6.35291	6.27973	6.25703	6.30178	6.36743	6.36517	6.3948	6.19814
6.97232	6.36132	6.27381	6.26411	6.30397	6.37579	6.37032	6.39952	6.19498
7.02072	6.35304	6.2684	6.27011	6.29158	6.37396	6.37338	6.40045	6.19334
7.06946	6.35235	6.27688	6.26493	6.29693	6.36734	6.37503	6.39648	6.19786
7.11853	6.35003	6.26645	6.25161	6.29711	6.36759	6.3807	6.39199	6.20146
7.16794	6.35003	6.27364	6.25985	6.30254	6.37528	6.37006	6.39476	6.20057
7.2177	6.34706	6.2773	6.25291	6.29969	6.37324	6.37552	6.39791	6.20378
7.2678	6.35711	6.27352	6.25947	6.29857	6.37426	6.37188	6.3875	6.20379
7.31825	6.36115	6.27305	6.25449	6.29411	6.37443	6.36866	6.38029	6.20279
7.36904	6.35338	6.27238	6.25735	6.29528	6.37121	6.37186	6.38666	6.20761
7.42019	6.34954	6.27159	6.2548	6.30082	6.36953	6.37071	6.39511	6.20422
7.4717	6.35333	6.27273	6.25705	6.29433	6.36917	6.37599	6.38525	6.19378
7.52355	6.36219	6.27332	6.2488	6.30331	6.37537	6.36983	6.39866	6.20526
7.57578	6.35675	6.26671	6.25664	6.29749	6.37164	6.36205	6.39843	6.20627
7.62836	6.35405	6.27617	6.25474	6.29638	6.37093	6.36429	6.39753	6.19667
7.6813	6.35389	6.27877	6.25376	6.29544	6.37978	6.36146	6.38142	6.18977
7.73461	6.35482	6.26624	6.25863	6.30649	6.38171	6.36988	6.38918	6.19596
7.7883	6.35942	6.27042	6.25653	6.2972	6.37576	6.25689	6.39233	6.1972
7.84236	6.36028	6.28525	6.25382	6.30031	6.3735	6.21698	6.39539	6.19741
7.89679	6.36177	6.28055	6.25883	6.30185	6.37266	6.38144	6.39894	6.1955
7.95159	6.36316	6.27622	6.25949	6.29694	6.38186	6.39493	6.39442	6.19804
8.00677	6.35131	6.28795	6.25514	6.2978	6.37473	6.39876	6.39081	6.20073
8.06235	6.35743	6.28259	6.25559	6.30156	6.37895	6.39409	6.38621	6.19527
8.1183	6.35368	6.27916	6.25247	6.30422	6.37545	6.39223	6.3862	6.20173
8.17465	6.35117	6.27796	6.25582	6.29903	6.37313	6.39538	6.39407	6.20046
8.23137	6.35659	6.2783	6.26294	6.30248	6.3737	6.3831	6.39676	6.2059
8.28851	6.35404	6.28209	6.25852	6.29074	6.37445	6.38017	6.39293	6.19836
8.34603	6.35441	6.27999	6.26257	6.29966	6.37324	6.37158	6.39716	6.20221
8.40395	6.35023	6.27704	6.25507	6.29937	6.37387	6.37483	6.39207	6.19847
8.46227	6.35385	6.2851	6.26414	6.299	6.37743	6.36622	6.39181	6.20791
8.521	6.35086	6.28273	6.26136	6.29553	6.37187	6.37836	6.39659	6.20549
8.58014	6.35358	6.28267	6.2589	6.30215	6.37306	6.38743	6.39687	6.19882
8.63968	6.35591	6.28695	6.26634	6.29285	6.37685	6.37854	6.39053	6.19899
8.69964	6.34873	6.27715	6.24878	6.29464	6.37705	6.36912	6.39426	6.20204
8.76001	6.36227	6.27684	6.25351	6.3035	6.38075	6.36928	6.38712	6.20145
8.8208	6.34302	6.28121	6.25594	6.29707	6.37611	6.36515	6.39736	6.19942
8.88201	6.34714	6.28335	6.25568	6.29877	6.37009	6.36626	6.3899	6.20101
8.94365	6.34952	6.27717	6.25736	6.29909	6.3737	6.37319	6.39167	6.19711
9.00571	6.34869	6.27817	6.25373	6.30501	6.37069	6.36363	6.38203	6.20509
9.0682	6.35313	6.27146	6.25708	6.30627	6.37085	6.3625	6.39194	6.20346
9.13114	6.3463	6.27548	6.26089	6.3071	6.37736	6.35948	6.38651	6.20338
9.1945	6.35389	6.2814	6.2505	6.29695	6.37331	6.3661	6.39182	6.20011
9.2583	6.35751	6.28282	6.25681	6.2974	6.3713	6.36237	6.39593	6.20213
9.32254	6.355	6.281	6.25886	6.29448	6.37359	6.36511	6.38808	6.19941
9.38724	6.35271	6.26868	6.2563	6.29827	6.37303	6.36554	6.38886	6.19909
9.45238	6.35011	6.27708	6.25243	6.30027	6.37753	6.36307	6.3927	6.20928
9.51796	6.35638	6.2771	6.25817	6.29507	6.3793	6.36722	6.38614	6.20344
9.58401	6.35773	6.2722	6.25907	6.30325	6.37797	6.36747	6.38839	6.19745
9.65051	6.35447	6.27561	6.26333	6.30093	6.36723	6.35907	6.38595	6.20531
9.71747	6.35334	6.28178	6.2611	6.30469	6.36668	6.35773	6.39052	6.19952
9.7849	6.35682	6.28232	6.25979	6.30743	6.36967	6.35933	6.39379	6.19843
9.8528	6.35647	6.2798	6.26113	6.30139	6.3678	6.36236	6.39171	6.20923
9.92116	6.35802	6.27901	6.27305	6.29936	6.36784	6.36219	6.3929	6.2026
10	6.35351	6.27761	6.25641	6.29862	6.37365	6.37252	6.39427	6.20457
