7.5E-5	7.79989	7.86207	8.23339	7.83927	8.19298	8.03027
1.375E-4	7.88683	7.88667	8.20921	7.86914	8.34702	8.0023
2.125E-4	7.93559	7.8297	8.0354	7.80573	8.25848	7.97286
2.75E-4	7.95133	7.86535	8.06052	7.89692	8.2149	7.95406
3.5E-4	7.95036	7.96324	7.98962	8.01349	8.20218	7.98982
4.25E-4	7.95619	7.94541	8.04379	7.89524	8.19477	7.9524
5E-4	7.98792	7.9246	8.03454	7.96773	8.09247	7.83874
5.625E-4	7.88244	8.0649	7.98355	7.99804	8.07272	7.86463
6.375E-4	7.89408	8.09206	8.07606	7.86466	8.1127	7.84636
7.125E-4	7.978	8.06254	8.04753	7.70777	8.09192	7.8803
7.875E-4	7.87746	8.01805	7.99583	7.78044	8.12989	7.92052
8.625E-4	7.87949	8.09207	8.03142	7.92544	8.07	7.85754
9.375E-4	7.96179	8.014	8.07231	7.94181	8.08566	7.93793
0.0010125	7.95126	7.95103	8.05297	8.03115	8.05867	7.94763
0.0010875	7.95432	8.0454	8.10289	7.92598	8.00649	7.92497
0.0011625	7.84606	8.12583	8.10085	7.92587	7.95269	7.80802
0.00125	7.85909	8.02756	8.03788	8.04599	7.94363	7.85311
0.001325	7.96647	8.03784	8.0356	8.07541	7.96871	7.92093
0.0014	8.02384	7.97494	8.18172	8.16506	8.0416	7.90622
0.0014875	8.05321	8.10929	8.1743	8.16896	8.116	7.88145
0.0015625	7.92648	8.16179	8.15528	8.04479	8.06925	7.84217
0.0016375	8.0056	8.0733	8.03297	8.04304	8.17781	7.98869
0.001725	8.02917	8.09017	7.97233	8.06221	8.19642	8.01432
0.0018	8.00422	8.08158	8.01381	8.06331	8.123	8.16141
0.0018875	7.96718	8.06612	8.1285	8.09006	8.11742	8.07956
0.0019625	8.0754	8.13309	8.15893	8.05444	8.07263	7.9367
0.00205	8.10004	8.04742	8.18979	8.03835	8.16996	7.89071
0.0021375	8.15476	7.94438	8.16843	8.10388	8.26133	8.02984
0.0022125	8.16721	8.05537	8.11621	8.12594	8.07763	8.03479
0.0023	8.09967	8.16755	8.07791	8.0239	7.96403	8.03238
0.0023875	8.07207	8.04582	7.94557	7.97395	7.96485	7.93664
0.002475	8.0251	8.0761	8.02468	8.02571	8.06687	7.92753
0.0025625	7.88099	8.00442	8.13086	8.07249	8.03795	8.0503
0.00265	7.84951	8.00236	8.14359	8.11138	8.08568	7.96332
0.0027375	7.92968	8.03767	8.16978	8.06018	8.09836	7.90007
0.002825	7.97798	8.04158	8.10352	7.96624	7.98541	7.98689
0.0029125	7.98084	8.00856	7.99454	7.9802	7.98825	8.01209
0.003	8.10825	7.94341	7.96157	8.15177	7.95112	7.94497
0.0030875	8.02955	8.05357	7.97452	8.06722	7.93183	7.92467
0.0031875	7.8912	8.03564	8.07879	7.94747	8.00742	7.86985
0.003275	7.97616	7.81674	8.03352	8.05776	8.04064	7.9811
0.0033625	8.00795	7.86897	7.99889	8.04134	8.07808	7.93957
0.0034625	8.04003	7.91089	7.98895	8.11363	8.06612	7.75954
0.00355	7.94297	7.74419	8.05888	8.03425	8.09919	7.77875
0.00365	7.93568	7.79313	7.94219	7.91293	8.09866	7.86601
0.0037375	8.01799	7.81739	8.00917	7.90609	7.95707	7.90769
0.0038375	7.98458	7.9144	7.93688	7.8393	8.00383	7.86909
0.0039375	7.96621	7.91786	7.9242	7.87953	7.94125	7.91988
0.004025	8.01657	7.90956	8.02546	7.89012	7.94832	7.86581
0.004125	8.10685	7.85303	8.02533	7.85492	7.9507	7.78719
0.004225	8.04181	7.89616	7.99928	7.80746	7.92248	7.90306
0.004325	8.09241	7.97656	8.0652	7.82976	8.05693	7.89564
0.004425	8.09114	7.94571	8.01587	7.82974	8.03375	7.83309
0.004525	7.98563	7.87122	8.01134	7.88072	8.11933	7.85601
0.004625	7.90248	7.87955	7.93693	7.94572	8.03526	8.00135
0.004725	7.93374	7.87281	7.94428	7.92468	7.98003	7.92048
0.004825	7.99417	7.85125	7.94857	7.93296	7.94521	7.8834
0.004925	8.05044	7.83921	7.87853	7.95413	8.08775	7.77728
0.0050375	7.97303	7.76138	8.00865	7.99997	8.10074	7.85744
0.0051375	7.90029	7.80087	7.94505	7.90034	7.91302	7.82791
0.0052375	8.02127	7.9035	7.92237	7.86732	7.8562	7.7781
0.00535	7.86502	7.91355	8.01254	7.98532	8.03863	7.81934
0.00545	7.95753	7.90043	8.02452	7.96227	8.07192	7.7932
0.0055625	7.92503	7.87448	8.05197	7.95377	8.02719	7.87048
0.0056625	7.83025	7.90034	7.93894	7.87085	8.02717	7.89009
0.005775	7.95802	7.78376	8.00505	7.92007	7.96013	7.80012
0.0058875	7.93506	7.81589	7.93643	7.96953	7.96288	7.87162
0.006	7.88964	7.86359	7.96255	7.85306	7.83548	7.81727
0.0061125	7.86527	7.85766	7.96953	7.83653	7.91443	7.76062
0.0062125	7.8182	7.97615	7.98024	7.77612	7.97501	7.74175
0.006325	7.86705	7.86295	7.93961	7.77392	7.92284	7.8702
0.0064375	7.90669	7.82825	7.99216	7.89789	7.89487	7.84101
0.0065625	7.98913	7.81159	8.06759	7.92667	7.77073	7.85998
0.006675	8.04613	7.9343	7.91156	7.93618	7.88806	7.85123
0.0067875	7.98133	7.92544	7.91728	7.89283	7.98501	7.80959
0.0069	7.82665	7.88815	7.93239	7.84694	7.89621	7.80838
0.007025	7.79308	7.78504	7.89548	7.99855	7.7821	7.74694
0.0071375	7.79261	7.88647	7.95847	7.81797	7.93931	7.78947
0.0072625	7.9373	7.85287	7.97312	7.78886	7.90213	7.79936
0.007375	8.0034	7.8581	7.96903	7.89511	7.83819	7.82409
0.0075	8.00032	7.84663	7.8968	7.81013	7.89735	7.8372
0.007625	7.97014	7.88684	7.94733	7.86236	7.99389	7.88384
0.0077375	7.79813	7.78899	7.99116	8.03319	7.99611	7.8975
0.0078625	7.81167	7.7137	8.05186	7.88707	7.93664	7.77955
0.0079875	7.74151	7.78887	7.98707	7.99242	7.96348	7.82595
0.0081125	7.73258	7.77113	7.99321	7.86143	7.90207	7.73288
0.0082375	7.83035	7.79149	7.89748	7.81523	7.89443	7.77632
0.0083625	7.98085	7.9996	7.88828	7.84123	7.81937	7.82009
0.0084875	7.72764	7.94411	7.91477	7.82397	7.70518	7.77333
0.008625	7.75894	7.823	7.88038	7.8003	7.95013	7.83881
0.00875	7.82442	7.75689	7.90357	7.86029	7.85637	7.76295
0.008875	7.78051	7.74586	7.89402	7.85877	7.8399	7.80277
0.0090125	7.86262	7.77295	7.99529	7.93486	7.94629	7.79473
0.0091375	7.90631	7.65053	7.90006	7.88373	7.97832	7.77947
0.009275	7.90586	7.61463	7.73767	7.76726	7.86416	7.74783
0.0094125	7.82636	7.67091	7.83202	7.77793	7.92857	7.73207
0.0095375	7.78015	7.69698	7.84483	7.82893	7.88193	7.74119
0.009675	7.79863	7.80685	7.90484	7.88476	7.82529	7.79769
0.0098125	7.89495	7.86509	7.8935	7.77021	7.8816	7.83359
0.00995	7.76258	7.66518	7.94252	7.84435	7.83519	7.85084
0.0100875	7.78107	7.75656	7.80737	7.89304	7.80885	7.74416
0.010225	7.74096	7.64787	7.92555	7.8126	7.88535	7.78823
0.010375	7.87748	7.79906	7.88799	7.77746	7.8306	7.82054
0.0105125	7.79601	7.75342	7.88409	7.9558	7.76366	7.82361
0.01065	7.79091	7.69392	7.82129	7.7558	7.80027	7.78921
0.0108	7.71949	7.77303	8.0123	7.86206	7.81682	7.9113
0.0109375	7.87411	7.76001	7.9057	7.96076	7.81743	7.75949
0.0110875	7.81526	7.69864	7.8764	7.81394	7.73464	7.77269
0.0112375	7.85423	7.69947	7.78536	7.86441	7.88025	7.73238
0.011375	7.83588	7.6995	7.79437	7.75169	7.79584	7.79916
0.011525	7.62365	7.71877	7.81362	7.60719	7.88548	7.80964
0.011675	7.78764	7.70718	7.82636	7.78455	7.92731	7.71048
0.011825	7.72991	7.76726	7.85022	7.84667	7.75883	7.7034
0.011975	7.80117	7.69811	7.93887	7.79858	7.82746	7.77089
0.012125	7.76428	7.69491	7.95385	7.77508	7.85917	7.76514
0.0122875	7.80655	7.70325	7.77299	7.71018	7.89556	7.73912
0.0124375	7.78758	7.74065	7.82821	7.71375	7.79332	7.75563
0.0126	7.68564	7.70321	7.86674	7.71243	7.91391	7.7035
0.01275	7.61965	7.77614	7.80307	7.77449	7.81582	7.79102
0.0129125	7.75703	7.69386	7.77298	7.76958	7.78246	7.69052
0.0130625	7.70763	7.71187	7.8732	7.78615	7.66067	7.70875
0.013225	7.74882	7.69406	7.84152	7.75322	7.68498	7.6968
0.0133875	7.75817	7.6707	7.90452	7.79941	7.78404	7.73054
0.01355	7.673	7.61002	7.81586	7.7707	7.72067	7.69636
0.0137125	7.72653	7.71466	7.84708	7.72316	7.7938	7.79628
0.013875	7.70163	7.67904	7.77034	7.69417	7.83722	7.64455
0.0140375	7.72306	7.66037	7.94353	7.75937	7.79476	7.75524
0.0142125	7.7327	7.76052	7.88093	7.77321	7.82031	7.76654
0.014375	7.64147	7.69267	7.7878	7.81529	7.71313	7.74632
0.01455	7.67272	7.68007	7.77248	7.82854	7.75307	7.73647
0.0147125	7.6067	7.67816	7.71063	7.80408	7.77076	7.63423
0.0148875	7.6329	7.64423	7.77587	7.77879	7.77684	7.67749
0.0150625	7.55255	7.72593	7.91388	7.7921	7.82589	7.69923
0.0152375	7.61908	7.61224	7.87345	7.72591	7.74228	7.6331
0.0154125	7.78042	7.7472	7.71839	7.65289	7.74858	7.73443
0.0155875	7.77603	7.705	7.78895	7.71237	7.76653	7.6472
0.0157625	7.73307	7.62324	7.60136	7.72604	7.81553	7.6795
0.0159375	7.69321	7.55266	7.67762	7.65687	7.77945	7.6064
0.016125	7.69647	7.72341	7.67215	7.78418	7.74899	7.64268
0.0163	7.61149	7.78752	7.77977	7.68464	7.73631	7.59716
0.0164875	7.56033	7.7401	7.66713	7.82496	7.73273	7.67822
0.0166625	7.50233	7.68129	7.71635	7.77822	7.74554	7.69166
0.01685	7.58313	7.50416	7.70063	7.668	7.64663	7.529
0.0170375	7.59609	7.51994	7.70115	7.77256	7.64693	7.68924
0.017225	7.55056	7.63608	7.63013	7.723	7.72697	7.64026
0.0174125	7.54267	7.6672	7.77061	7.74446	7.73338	7.61994
0.0176	7.63238	7.51351	7.69757	7.7231	7.74494	7.69564
0.0178	7.65005	7.53247	7.6733	7.68693	7.66376	7.66476
0.0179875	7.59684	7.60007	7.70796	7.75062	7.7338	7.72005
0.0181875	7.72267	7.56901	7.68184	7.81194	7.79762	7.68752
0.018375	7.78436	7.55185	7.64786	7.6826	7.60775	7.63195
0.018575	7.69675	7.52709	7.5851	7.62063	7.63279	7.52031
0.018775	7.53174	7.60641	7.67639	7.54359	7.70773	7.49265
0.018975	7.56648	7.63115	7.76721	7.65917	7.70248	7.56188
0.019175	7.6383	7.65271	7.78497	7.64342	7.81342	7.55226
0.019375	7.5848	7.50836	7.74056	7.58761	7.70285	7.49198
0.019575	7.69487	7.60229	7.68975	7.66323	7.62377	7.63056
0.0197875	7.62519	7.64785	7.68695	7.67529	7.68744	7.64327
0.0199875	7.64533	7.56461	7.61775	7.58637	7.66211	7.62837
0.0202	7.58908	7.53509	7.57379	7.6569	7.5847	7.6926
0.0204125	7.62975	7.65204	7.6495	7.72826	7.58801	7.5928
0.020625	7.55601	7.54345	7.70591	7.62687	7.66883	7.58663
0.0208375	7.50768	7.54987	7.68047	7.6061	7.6001	7.68207
0.02105	7.506	7.56385	7.63693	7.68001	7.65336	7.65489
0.0212625	7.44228	7.47894	7.62691	7.68165	7.56384	7.54812
0.021475	7.43001	7.46338	7.64928	7.66941	7.70344	7.50021
0.0217	7.55537	7.6033	7.66242	7.58192	7.64344	7.47495
0.0219125	7.52961	7.59979	7.58996	7.62819	7.57557	7.62224
0.0221375	7.52414	7.56458	7.56458	7.63907	7.65519	7.57535
0.0223625	7.58772	7.56258	7.57222	7.56229	7.63351	7.60713
0.0225875	7.54617	7.55209	7.68129	7.63209	7.69708	7.5877
0.0228125	7.58678	7.61428	7.60486	7.7045	7.63911	7.69642
0.0230375	7.51545	7.44005	7.63441	7.56074	7.61692	7.56882
0.0232625	7.59969	7.53891	7.61824	7.56383	7.66958	7.56331
0.0235	7.61707	7.54222	7.57549	7.6715	7.55927	7.56802
0.023725	7.51722	7.49051	7.63119	7.62567	7.53823	7.52296
0.0239625	7.55408	7.45093	7.53911	7.5838	7.61939	7.46751
0.0242	7.48404	7.52091	7.59934	7.4903	7.60016	7.62177
0.0244375	7.47029	7.44856	7.55053	7.50456	7.6055	7.63468
0.024675	7.44961	7.50052	7.65014	7.64097	7.64686	7.59176
0.0249125	7.45062	7.48215	7.58351	7.55519	7.58498	7.49052
0.02515	7.38914	7.50556	7.62275	7.5955	7.50509	7.52918
0.0254	7.54374	7.36085	7.61903	7.59505	7.56167	7.47273
0.02565	7.42615	7.474	7.61128	7.51348	7.60395	7.46832
0.0258875	7.44849	7.46853	7.6036	7.5856	7.63909	7.5411
0.0261375	7.45534	7.49881	7.55903	7.51733	7.57617	7.41244
0.0263875	7.47662	7.49451	7.56741	7.48045	7.57294	7.43932
0.02665	7.44718	7.46787	7.5331	7.51601	7.52428	7.52642
0.0269	7.46738	7.4952	7.54013	7.53991	7.57023	7.55039
0.02715	7.42741	7.58097	7.64049	7.51955	7.56198	7.55407
0.0274125	7.43929	7.49253	7.65428	7.48043	7.51095	7.49999
0.027675	7.48373	7.43798	7.57266	7.5541	7.50421	7.53952
0.0279375	7.53221	7.57075	7.5777	7.44041	7.53402	7.46538
0.0282	7.50121	7.47026	7.57531	7.48699	7.53877	7.44122
0.0284625	7.52908	7.44156	7.62743	7.46594	7.46893	7.45007
0.028725	7.38135	7.34398	7.56295	7.5153	7.47901	7.39121
0.029	7.39356	7.50924	7.55212	7.50022	7.56008	7.409
0.0292625	7.45365	7.45513	7.45753	7.48316	7.4285	7.46328
0.0295375	7.41029	7.47756	7.59052	7.4618	7.54283	7.44357
0.0298125	7.43115	7.5314	7.5385	7.44786	7.44052	7.31904
0.0300875	7.40286	7.44073	7.64139	7.56251	7.53442	7.45553
0.0303625	7.41421	7.37731	7.52294	7.41989	7.5588	7.43898
0.03065	7.37152	7.45374	7.51951	7.41258	7.44268	7.3466
0.030925	7.40733	7.40387	7.47827	7.5001	7.48464	7.40877
0.0312125	7.43633	7.46545	7.52491	7.41264	7.45303	7.43705
0.0315	7.45557	7.42669	7.44636	7.48025	7.44779	7.41725
0.0317875	7.40096	7.39507	7.47063	7.50122	7.52527	7.51759
0.032075	7.33355	7.36002	7.58536	7.48652	7.51146	7.33724
0.0323625	7.37502	7.37502	7.47355	7.38076	7.47717	7.33916
0.0326625	7.36529	7.36183	7.49897	7.3813	7.38761	7.35279
0.03295	7.40828	7.37084	7.42794	7.45632	7.45512	7.43266
0.03325	7.34203	7.32528	7.50628	7.53467	7.51436	7.46547
0.03355	7.40434	7.2492	7.43213	7.41606	7.50475	7.3481
0.03385	7.33355	7.32712	7.3216	7.38093	7.4408	7.37214
0.0341625	7.3072	7.35571	7.39719	7.35506	7.48933	7.38914
0.0344625	7.29982	7.31841	7.34822	7.33911	7.48957	7.46081
0.034775	7.30715	7.30385	7.3746	7.31929	7.39058	7.35072
0.0350875	7.30445	7.37184	7.50406	7.39062	7.38557	7.37611
0.0354	7.28691	7.43888	7.46139	7.41546	7.39193	7.46279
0.0357125	7.41156	7.39957	7.44175	7.25424	7.42583	7.31471
0.036025	7.40011	7.27736	7.45156	7.33907	7.51551	7.35845
0.03635	7.38073	7.24843	7.44095	7.35078	7.40082	7.36096
0.0366625	7.4121	7.30905	7.41567	7.43833	7.40817	7.30165
0.0369875	7.26016	7.27672	7.46679	7.3599	7.41837	7.34516
0.0373125	7.30786	7.26774	7.38829	7.39845	7.29374	7.42917
0.0376375	7.28237	7.23006	7.48264	7.31421	7.40267	7.33878
0.037975	7.25695	7.3076	7.32489	7.33772	7.4333	7.2682
0.0383	7.30036	7.29062	7.42121	7.41622	7.42387	7.2986
0.0386375	7.27863	7.26905	7.42475	7.37511	7.44194	7.41171
0.038975	7.37191	7.34213	7.39088	7.2267	7.31978	7.36541
0.0393125	7.29452	7.18404	7.34583	7.33433	7.34505	7.28984
0.0396625	7.38855	7.26434	7.31236	7.31805	7.42517	7.22185
0.04	7.34	7.33057	7.37078	7.35058	7.44765	7.28564
0.04035	7.28275	7.30864	7.34794	7.32018	7.39638	7.29325
0.0407	7.26637	7.24381	7.40744	7.25877	7.31934	7.208
0.04105	7.28291	7.22793	7.43771	7.38602	7.35436	7.2655
0.0414	7.34067	7.32613	7.37745	7.23453	7.27637	7.27843
0.0417625	7.22175	7.24867	7.40311	7.16213	7.30448	7.28269
0.042125	7.26125	7.2105	7.29431	7.257	7.33502	7.25512
0.042475	7.12695	7.25954	7.36858	7.26265	7.36399	7.27408
0.04285	7.14345	7.25487	7.38978	7.26539	7.32866	7.2322
0.0432125	7.1636	7.14015	7.31743	7.25283	7.34029	7.1852
0.043575	7.31536	7.13699	7.34864	7.29897	7.34524	7.21886
0.04395	7.27746	7.17978	7.31547	7.26011	7.38562	7.22285
0.044325	7.2767	7.30243	7.29551	7.2535	7.23941	7.24709
0.0447	7.30331	7.26677	7.37426	7.23906	7.378	7.26068
0.045075	7.26569	7.18729	7.28791	7.23782	7.34633	7.24761
0.0454625	7.24589	7.14147	7.32285	7.18013	7.23994	7.17827
0.04585	7.21108	7.15413	7.28681	7.27037	7.32832	7.11732
0.0462375	7.15189	7.17738	7.36499	7.20534	7.35842	7.24001
0.046625	7.15237	7.17163	7.29554	7.2423	7.27363	7.13069
0.0470125	7.17969	7.13963	7.36375	7.22032	7.21358	7.17097
0.0474125	7.19131	7.12084	7.30744	7.15491	7.26145	7.21623
0.0478125	7.23523	7.15059	7.26783	7.09371	7.2889	7.24651
0.0482125	7.22854	7.12548	7.28557	7.21089	7.25441	7.22122
0.0486125	7.25304	7.14949	7.26074	7.18249	7.21688	7.12887
0.049025	7.25349	7.1741	7.27902	7.21156	7.26119	7.17045
0.049425	7.17087	7.11696	7.30535	7.17415	7.23423	7.09392
0.0498375	7.14821	7.14417	7.22219	7.18481	7.35573	7.21543
0.05025	7.19355	7.07293	7.20958	7.12723	7.26336	7.23819
0.050675	7.12941	7.123	7.21435	7.17423	7.33111	7.19136
0.0511	7.20013	7.10341	7.18765	7.11348	7.2767	7.17473
0.0515125	7.22462	7.08446	7.16131	7.1375	7.22585	7.2742
0.05195	7.20849	7.12362	7.27407	7.14065	7.17864	7.18187
0.052375	7.10028	7.15019	7.1888	7.19135	7.20078	7.22827
0.0528	7.16526	7.09166	7.25141	7.16647	7.26938	7.06355
0.0532375	7.17197	7.15334	7.23367	7.14583	7.18327	7.18295
0.053675	7.13599	7.10822	7.15523	7.10699	7.27692	7.11096
0.054125	7.0719	7.0633	7.22391	7.11582	7.18843	7.15341
0.0545625	7.14196	7.0896	7.17799	7.12098	7.24711	7.12524
0.0550125	7.07061	6.99573	7.21178	7.12626	7.20569	7.08669
0.0554625	7.06998	7.09537	7.25552	7.13315	7.22702	7.16402
0.0559125	7.02586	7.1469	7.1846	7.12819	7.23815	7.08614
0.056375	7.09856	7.06037	7.25238	7.0686	7.13482	7.14163
0.0568375	7.04253	7.03114	7.28052	6.99641	7.24217	7.09907
0.0573	7.12155	6.99823	7.19926	7.06523	7.22406	7.11036
0.0577625	7.11333	7.05126	7.23578	7.1715	7.16574	7.09307
0.0582375	7.06074	7.09508	7.20505	7.05699	7.24161	7.05626
0.0587125	7.04319	7.04236	7.20205	7.0695	7.2015	7.16121
0.0591875	7.0873	7.05808	7.19531	7.08078	7.1268	7.06802
0.0596625	7.04993	7.03209	7.25076	7.02214	7.16662	7.09803
0.06015	6.99887	7.03206	7.24095	7.04417	7.10659	7.07772
0.0606375	7.03272	7.06787	7.24208	7.02695	7.2059	7.00207
0.061125	7.04104	7.03931	7.16182	7.09036	7.2597	7.05512
0.0616125	7.09309	7.04331	7.13119	7.02687	7.24673	6.96518
0.0621125	7.11502	7.06925	7.19644	7.0132	7.16591	7.10758
0.0626125	7.00526	7.02255	7.12819	7.05163	7.22932	7.04987
0.0631125	7.09522	7.00206	7.13942	7.02155	7.26107	7.01897
0.063625	7.04764	6.99793	7.14934	7.0053	7.19805	7.0459
0.064125	7.08898	7.0584	7.15558	7.02072	7.15688	7.02919
0.06465	7.03818	7.05989	7.09414	6.94349	7.14696	6.99515
0.0651625	6.96944	6.94641	7.08825	6.99208	7.1423	6.95363
0.0656875	7.03838	6.97278	7.17646	6.98012	7.17315	7.00053
0.0662125	7.01634	7.01883	7.12015	7.09983	7.1966	6.99119
0.0667375	6.98664	7.02424	7.11458	7.06489	7.09439	7.03978
0.0672625	7.109	6.91353	7.05208	6.95643	7.161	6.97876
0.0678	7.02242	7.01656	7.07846	6.94296	7.14294	6.94687
0.0683375	6.93204	6.91562	7.19935	6.97599	7.10817	6.9408
0.0688875	6.91499	6.87441	7.16089	7.00818	7.12316	6.93784
0.0694375	7.03346	6.97018	7.12068	6.93865	7.12558	6.95492
0.0699875	6.98874	6.89242	7.06285	7.01492	7.0595	6.88792
0.0705375	7.00013	6.96373	7.07068	7.00935	7.07679	6.93328
0.0711	6.94011	6.97379	7.02783	6.97792	7.11539	7.02859
0.0716625	6.96965	6.97206	7.03127	7.01849	7.00747	6.97298
0.072225	6.95702	6.91259	7.13879	6.93438	7.15388	6.90994
0.0728	6.91059	6.94739	7.10509	6.90887	7.10843	6.9957
0.0733625	7.02615	6.97379	7.04935	6.94061	7.0579	7.05278
0.07395	6.94592	6.90193	7.05578	6.89688	7.06713	6.98465
0.074525	6.89416	6.84994	7.11216	6.94022	7.04194	7.0184
0.0751125	6.92619	6.96886	7.08289	6.93571	7.04417	6.9444
0.0757	6.98228	6.89999	7.11543	6.86269	7.12158	6.91917
0.0763	6.88896	6.90589	7.05069	6.9379	7.06743	6.94051
0.0769	6.95072	6.86089	7.11524	6.96713	7.0217	6.96367
0.0775	6.94604	6.88483	7.0008	6.9285	7.1001	6.92567
0.0781	6.94628	6.86999	7.04572	6.87694	6.98271	6.91617
0.0787125	7.00933	6.94698	7.07514	6.94545	7.04186	6.90033
0.079325	6.92138	6.89055	7.00778	6.94796	7.03749	6.92864
0.07995	6.92346	6.9154	7.06162	6.91438	7.08279	6.92625
0.080575	6.92775	6.91249	6.9746	6.86948	7.08197	6.94557
0.0812	6.94046	6.83832	7.0359	6.92702	7.07328	6.96507
0.0818375	6.97385	6.89623	7.06809	6.88075	7.05918	6.89698
0.082475	6.8887	6.89528	7.05438	6.8809	7.06425	6.92618
0.0831125	6.88211	6.90668	7.05926	6.91298	7.03021	6.91387
0.08375	6.83959	6.90287	7.04862	6.83418	6.9939	6.86023
0.0844	6.94113	6.94007	6.98909	6.91247	6.93567	6.8989
0.0850625	6.93623	6.93259	7.02923	6.89409	6.98715	6.86983
0.085725	6.86364	6.81265	7.01093	6.86174	7.00803	6.93631
0.0863875	6.9032	6.84111	6.91299	6.84734	7.04633	6.90462
0.08705	6.83963	6.83611	7.0246	6.90196	6.99653	6.90928
0.087725	6.83398	6.87555	6.98306	6.92114	6.97446	6.89128
0.0884	6.86448	6.83816	7.04557	6.89273	7.00704	6.90752
0.0890875	6.85154	6.81382	6.96921	6.82476	6.96061	6.85388
0.089775	6.87668	6.87999	6.97645	6.84495	6.99977	6.91378
0.0904625	6.86899	6.88892	7.01169	6.77587	6.96455	6.88853
0.0911625	6.85872	6.81261	6.93701	6.8156	6.96069	6.8478
0.0918625	6.80563	6.84259	6.92693	6.77894	6.94591	6.84023
0.0925625	6.84506	6.82964	6.91608	6.8516	6.96281	6.83052
0.093275	6.87516	6.78642	6.98426	6.82395	6.99842	6.84225
0.0939875	6.81746	6.80589	6.96578	6.80161	6.94417	6.84837
0.0947125	6.82638	6.80828	6.94429	6.88503	6.98762	6.84511
0.0954375	6.81242	6.83036	6.9206	6.81083	6.95701	6.87903
0.096175	6.85549	6.80541	6.87374	6.8254	6.96892	6.84148
0.0969	6.82783	6.82645	6.96706	6.77931	6.92152	6.83463
0.09765	6.78313	6.84375	6.95441	6.78448	6.93185	6.82654
0.0983875	6.77798	6.79878	6.91935	6.78	6.95076	6.80018
0.09915	6.82659	6.74604	6.88826	6.83191	6.94933	6.85409
0.0999	6.81826	6.74889	6.93438	6.88121	6.94556	6.79879
0.100662	6.78667	6.80755	6.90746	6.80806	6.90396	6.83771
0.101425	6.8232	6.85465	6.88982	6.80639	6.95005	6.78671
0.1022	6.80577	6.8423	6.92681	6.81754	6.96349	6.80125
0.102975	6.81885	6.77807	6.89871	6.82353	6.90043	6.84008
0.103762	6.7699	6.72348	6.92682	6.80721	6.91672	6.81057
0.10455	6.73341	6.8195	6.94145	6.8015	6.88172	6.85418
0.10535	6.77549	6.76957	6.91514	6.79417	6.85562	6.80061
0.10615	6.81417	6.81031	6.83495	6.77583	6.88709	6.77974
0.10695	6.79565	6.76913	6.83213	6.80873	6.92011	6.79898
0.107763	6.74083	6.76649	6.91817	6.7988	6.89267	6.81991
0.108575	6.82919	6.7934	6.87877	6.78749	6.91002	6.80374
0.1094	6.72911	6.6921	6.92563	6.78712	6.89633	6.80428
0.110225	6.81476	6.79619	6.89492	6.72209	6.91197	6.78037
0.111062	6.68914	6.79802	6.87642	6.78245	6.92068	6.70644
0.1119	6.75483	6.76539	6.84342	6.83514	6.95506	6.78342
0.11275	6.75732	6.78185	6.84506	6.7901	6.98795	6.79162
0.1136	6.754	6.74451	6.83218	6.73098	6.8516	6.75876
0.11445	6.73084	6.75328	6.83754	6.78296	6.90008	6.74445
0.115313	6.70835	6.72314	6.89529	6.74512	6.90677	6.75902
0.116187	6.76146	6.74715	6.88424	6.76784	6.8584	6.77838
0.117063	6.78126	6.75543	6.88999	6.73867	6.84386	6.7783
0.117937	6.77721	6.73182	6.83992	6.81041	6.90209	6.76207
0.118825	6.71434	6.76433	6.83971	6.6955	6.91157	6.76866
0.119713	6.77649	6.68806	6.93825	6.69451	6.80564	6.74373
0.120613	6.67796	6.77389	6.84434	6.76142	6.88298	6.75788
0.121525	6.6985	6.66229	6.80429	6.79057	6.82695	6.74287
0.122437	6.7526	6.68149	6.86582	6.75539	6.92915	6.80085
0.12335	6.77607	6.73646	6.90154	6.7061	6.91118	6.77106
0.124275	6.72388	6.78476	6.92374	6.77373	6.92209	6.72674
0.125213	6.76161	6.67949	6.81231	6.71162	6.84691	6.75824
0.12615	6.7141	6.7109	6.86285	6.7336	6.84643	6.68272
0.127088	6.75715	6.67601	6.83841	6.7091	6.81987	6.76255
0.128037	6.71799	6.7358	6.81634	6.70938	6.82623	6.67506
0.129	6.69954	6.6861	6.79135	6.72015	6.85273	6.68678
0.129963	6.7536	6.69531	6.7948	6.70536	6.8571	6.76352
0.130925	6.73805	6.72424	6.92547	6.71686	6.82076	6.7294
0.1319	6.73103	6.76879	6.83833	6.69966	6.83974	6.69308
0.132887	6.75149	6.69454	6.77208	6.72315	6.85156	6.69489
0.133875	6.70578	6.66818	6.77641	6.72483	6.82347	6.72795
0.134875	6.72787	6.64924	6.83465	6.71892	6.78519	6.70947
0.135888	6.69733	6.68885	6.84353	6.67569	6.86125	6.71011
0.136888	6.68638	6.6917	6.81105	6.67766	6.81374	6.70003
0.137912	6.68013	6.60705	6.87352	6.63471	6.76148	6.6476
0.138938	6.78539	6.68389	6.77043	6.66423	6.85848	6.66067
0.139962	6.75097	6.64799	6.8341	6.6752	6.88929	6.70717
0.141013	6.65394	6.69461	6.80514	6.68084	6.76811	6.71803
0.14205	6.6614	6.67761	6.80773	6.67709	6.87305	6.72731
0.143112	6.72886	6.68682	6.80242	6.66483	6.81557	6.67018
0.144175	6.68283	6.72884	6.80157	6.69598	6.8401	6.69264
0.145238	6.63569	6.68848	6.80374	6.66921	6.82458	6.71725
0.146313	6.67313	6.68275	6.75558	6.64099	6.79915	6.64488
0.1474	6.72446	6.65811	6.80771	6.62954	6.78474	6.70502
0.148487	6.68365	6.69247	6.73188	6.61459	6.81955	6.72746
0.149587	6.64615	6.65914	6.77005	6.64909	6.78281	6.66691
0.1507	6.68505	6.68129	6.81805	6.68265	6.76779	6.69218
0.151812	6.63521	6.66656	6.75144	6.67299	6.79284	6.68812
0.152925	6.65561	6.65924	6.7785	6.68561	6.78772	6.68826
0.154062	6.68889	6.66264	6.74631	6.64053	6.83674	6.67523
0.1552	6.64507	6.63751	6.80027	6.66547	6.76228	6.67023
0.156337	6.63742	6.63369	6.76023	6.69761	6.74282	6.65424
0.1575	6.60728	6.64227	6.77754	6.68074	6.80558	6.63851
0.15865	6.64729	6.69573	6.79109	6.63872	6.79521	6.68409
0.159825	6.62864	6.6174	6.7658	6.65301	6.81471	6.68693
0.161	6.62753	6.66692	6.78836	6.644	6.78411	6.68689
0.162188	6.65058	6.60992	6.78538	6.6244	6.78737	6.67343
0.163375	6.6494	6.61919	6.77308	6.69122	6.78952	6.69364
0.164587	6.6397	6.64025	6.75698	6.6024	6.72563	6.67322
0.165788	6.6672	6.63282	6.75586	6.63497	6.8097	6.62578
0.167012	6.68313	6.63688	6.70408	6.61846	6.76909	6.62004
0.168238	6.67687	6.62372	6.77421	6.63552	6.77845	6.65211
0.169475	6.68157	6.62923	6.7648	6.63498	6.7529	6.64494
0.170713	6.68686	6.65824	6.76968	6.6613	6.78023	6.71121
0.171975	6.62802	6.61725	6.7284	6.65818	6.752	6.63162
0.173238	6.64448	6.59063	6.77429	6.68356	6.6942	6.62687
0.1745	6.633	6.58642	6.73774	6.62532	6.76849	6.68512
0.175775	6.63112	6.62587	6.70199	6.60577	6.73529	6.64107
0.177062	6.64463	6.6189	6.73229	6.59134	6.7475	6.60884
0.178363	6.61274	6.6429	6.75701	6.61642	6.73795	6.68146
0.179675	6.61354	6.62774	6.7405	6.61811	6.74759	6.67043
0.180988	6.65364	6.64902	6.73838	6.60414	6.76225	6.63877
0.182313	6.62142	6.60403	6.77381	6.56964	6.78568	6.59887
0.183637	6.63803	6.62985	6.74246	6.58362	6.77198	6.65268
0.184988	6.65507	6.60859	6.78786	6.61875	6.7616	6.60196
0.186338	6.61651	6.58219	6.7307	6.61302	6.70767	6.65794
0.1877	6.62837	6.61796	6.69721	6.63646	6.70992	6.64664
0.189063	6.63476	6.63216	6.67506	6.62145	6.71713	6.60468
0.19045	6.56705	6.60146	6.74763	6.69036	6.75067	6.66273
0.191838	6.61093	6.62959	6.76352	6.61569	6.72867	6.62521
0.193237	6.63927	6.61508	6.70601	6.6456	6.78019	6.60651
0.19465	6.64739	6.58594	6.72054	6.66807	6.71914	6.61521
0.196063	6.63906	6.56507	6.76483	6.56553	6.74238	6.58751
0.197488	6.6464	6.57291	6.72989	6.60868	6.72719	6.62362
0.198925	6.59652	6.61374	6.74208	6.60605	6.76435	6.61143
0.200375	6.57972	6.56989	6.73216	6.59952	6.71402	6.63766
0.201837	6.62352	6.617	6.76045	6.61695	6.76259	6.60575
0.2033	6.5684	6.59103	6.72603	6.64613	6.75653	6.61695
0.204787	6.61556	6.56795	6.74003	6.58832	6.74235	6.64381
0.206275	6.61548	6.55629	6.7664	6.6177	6.76925	6.5776
0.207775	6.62331	6.59309	6.7466	6.55169	6.7269	6.61257
0.209275	6.58955	6.58995	6.73045	6.59926	6.71091	6.59462
0.2108	6.64317	6.58691	6.70953	6.62553	6.7178	6.65149
0.212325	6.58857	6.618	6.7033	6.58622	6.75347	6.61387
0.213875	6.62054	6.57935	6.69253	6.60534	6.72386	6.62922
0.215425	6.57408	6.58202	6.72947	6.57952	6.72489	6.60523
0.216988	6.59102	6.5863	6.71646	6.55256	6.73391	6.62191
0.218562	6.60327	6.60654	6.73973	6.57205	6.67888	6.60475
0.22015	6.58248	6.60175	6.70105	6.58581	6.72577	6.591
0.221738	6.60745	6.57033	6.73086	6.55453	6.73484	6.63595
0.22335	6.58056	6.5921	6.73611	6.63042	6.73499	6.58193
0.224963	6.59024	6.58716	6.71673	6.57944	6.72871	6.62677
0.226588	6.60123	6.53202	6.70803	6.59645	6.68349	6.59312
0.228237	6.58899	6.5804	6.69989	6.56459	6.71649	6.67615
0.229888	6.58197	6.54861	6.70515	6.56568	6.68279	6.58755
0.23155	6.59056	6.61575	6.67942	6.5945	6.72444	6.6094
0.233225	6.55302	6.61442	6.71564	6.59974	6.71075	6.6029
0.234912	6.5779	6.61752	6.73531	6.5943	6.71118	6.61351
0.2366	6.55901	6.61754	6.70849	6.62331	6.70997	6.60337
0.238312	6.57898	6.54579	6.67427	6.54878	6.6928	6.57167
0.240038	6.56877	6.55668	6.67962	6.57546	6.70579	6.56492
0.241763	6.62319	6.55765	6.70137	6.58888	6.74423	6.53237
0.243512	6.58237	6.58317	6.70039	6.62794	6.72	6.57956
0.245275	6.56962	6.60985	6.71296	6.57245	6.65103	6.58133
0.247038	6.62484	6.58227	6.70799	6.60088	6.69263	6.5584
0.248825	6.55467	6.59794	6.70987	6.56037	6.72077	6.61401
0.250612	6.56689	6.55522	6.69165	6.57527	6.72308	6.59134
0.252425	6.56041	6.60774	6.69248	6.56671	6.6765	6.63974
0.254238	6.5508	6.56395	6.68542	6.57087	6.6563	6.62558
0.256075	6.56607	6.55142	6.71265	6.59462	6.72602	6.62742
0.257912	6.6029	6.55044	6.68111	6.57678	6.68603	6.58492
0.259775	6.60127	6.57037	6.69512	6.55413	6.70495	6.57726
0.26165	6.58794	6.57211	6.73012	6.60097	6.66141	6.63785
0.263525	6.60123	6.56544	6.70796	6.60651	6.72405	6.65493
0.265425	6.60592	6.53119	6.6847	6.56521	6.71277	6.59075
0.267338	6.55725	6.57006	6.68066	6.61579	6.71896	6.60227
0.26925	6.59075	6.56604	6.69992	6.59439	6.68807	6.63153
0.271188	6.58735	6.58796	6.66796	6.59004	6.70631	6.58746
0.273138	6.55554	6.53705	6.71103	6.58455	6.73138	6.65707
0.2751	6.59869	6.57033	6.64497	6.6217	6.72351	6.62302
0.277075	6.57581	6.57565	6.7341	6.54197	6.69502	6.61745
0.279063	6.58955	6.57358	6.67545	6.57022	6.68876	6.6217
0.281075	6.59309	6.57408	6.70403	6.56054	6.70827	6.58258
0.283087	6.5584	6.59129	6.69176	6.52775	6.72026	6.62221
0.285125	6.6065	6.59151	6.69012	6.56805	6.72383	6.62277
0.287163	6.54704	6.60919	6.6839	6.56585	6.66389	6.60716
0.289225	6.63884	6.57518	6.68871	6.58497	6.69485	6.64887
0.2913	6.56483	6.57259	6.7012	6.60397	6.68516	6.61386
0.293388	6.55077	6.58881	6.72196	6.57263	6.66082	6.58683
0.295487	6.56782	6.59414	6.69033	6.59347	6.6628	6.60906
0.297612	6.59808	6.56553	6.72427	6.60609	6.70934	6.60138
0.299738	6.58092	6.58288	6.68157	6.53376	6.70869	6.6085
0.301888	6.57446	6.56796	6.71413	6.56417	6.68939	6.57736
0.30405	6.57813	6.58997	6.68555	6.59397	6.68516	6.61328
0.306225	6.59449	6.57701	6.70078	6.57024	6.70609	6.60096
0.308425	6.5802	6.58645	6.6573	6.58725	6.68514	6.60243
0.310625	6.58244	6.57509	6.66626	6.57911	6.74735	6.60899
0.31285	6.56905	6.54953	6.69702	6.54987	6.71482	6.58199
0.315087	6.57918	6.5574	6.73398	6.60833	6.70528	6.58775
0.317338	6.59084	6.58711	6.71509	6.58484	6.72458	6.5865
0.319613	6.57795	6.55108	6.70581	6.62639	6.70196	6.64055
0.3219	6.5637	6.56425	6.66831	6.5853	6.70324	6.5607
0.3242	6.57427	6.53679	6.72148	6.61041	6.6983	6.59326
0.326512	6.59204	6.58637	6.7118	6.57054	6.6976	6.62427
0.32885	6.58731	6.60271	6.67661	6.62086	6.69164	6.59324
0.331187	6.55889	6.58102	6.69327	6.59193	6.72925	6.60326
0.333562	6.58834	6.55804	6.67424	6.57861	6.67089	6.58713
0.335938	6.55666	6.55501	6.6994	6.57985	6.66978	6.58916
0.338338	6.56879	6.5673	6.71956	6.58977	6.69159	6.59134
0.34075	6.55371	6.57794	6.68084	6.55091	6.69257	6.60142
0.343188	6.56004	6.57932	6.71503	6.55033	6.67117	6.58265
0.345638	6.5901	6.55292	6.71392	6.57358	6.73046	6.55906
0.3481	6.55869	6.59603	6.70636	6.60178	6.70402	6.63287
0.350575	6.56866	6.57561	6.71788	6.58428	6.71266	6.61411
0.353075	6.55392	6.58529	6.72355	6.5467	6.66793	6.61307
0.3556	6.59041	6.59858	6.72578	6.5688	6.71262	6.61955
0.358125	6.61079	6.56896	6.69909	6.56909	6.7325	6.61136
0.360675	6.58667	6.56733	6.71131	6.58911	6.72835	6.58445
0.36325	6.59625	6.57532	6.66698	6.56931	6.70993	6.59889
0.365838	6.58946	6.56975	6.72012	6.55702	6.72964	6.61298
0.368437	6.56915	6.57462	6.68729	6.57756	6.71923	6.55981
0.371062	6.60983	6.56734	6.74256	6.60821	6.71783	6.63778
0.373713	6.59059	6.57494	6.72107	6.59531	6.72277	6.61123
0.376363	6.58893	6.59572	6.73535	6.55452	6.69464	6.56985
0.37905	6.59897	6.59219	6.72615	6.55352	6.71439	6.57659
0.381738	6.56884	6.60298	6.69757	6.57915	6.72252	6.62491
0.384463	6.57025	6.55764	6.66602	6.56848	6.69324	6.5712
0.387188	6.60968	6.55955	6.70051	6.58429	6.71502	6.62188
0.38995	6.55188	6.57088	6.71602	6.55741	6.70735	6.56564
0.392713	6.59223	6.59589	6.68369	6.55954	6.72006	6.62297
0.395512	6.60048	6.55069	6.70718	6.60161	6.70494	6.60284
0.398325	6.59161	6.5501	6.67836	6.62046	6.69858	6.6158
0.40115	6.57538	6.56538	6.71637	6.5809	6.68882	6.61864
0.404	6.61104	6.62254	6.70884	6.58181	6.70781	6.61428
0.406875	6.57785	6.55692	6.737	6.5651	6.70507	6.58239
0.409763	6.59804	6.56231	6.69187	6.59769	6.73546	6.59408
0.412663	6.61822	6.55762	6.69015	6.56118	6.72698	6.63066
0.4156	6.60044	6.58676	6.73015	6.55882	6.72389	6.61289
0.41855	6.56491	6.5791	6.71424	6.5652	6.72395	6.61074
0.421525	6.58297	6.57313	6.68725	6.58183	6.72605	6.60386
0.424513	6.58345	6.58721	6.69978	6.58575	6.70776	6.59828
0.427525	6.57267	6.62533	6.73086	6.57545	6.70897	6.63808
0.43055	6.58486	6.60039	6.72082	6.59452	6.73536	6.59155
0.433612	6.61292	6.58163	6.71816	6.60293	6.7217	6.62145
0.436687	6.58639	6.5793	6.70656	6.57978	6.71195	6.60756
0.439775	6.60236	6.60726	6.7119	6.59367	6.72861	6.61766
0.4429	6.61066	6.58602	6.69914	6.59345	6.68267	6.57893
0.446038	6.61265	6.56621	6.71244	6.60009	6.72124	6.61495
0.4492	6.57815	6.59183	6.73051	6.61671	6.72368	6.62077
0.452375	6.61025	6.5689	6.67979	6.60535	6.71036	6.64506
0.455588	6.60436	6.59346	6.7269	6.59789	6.68646	6.58941
0.458813	6.58495	6.60322	6.70184	6.59202	6.71535	6.59064
0.462063	6.59221	6.5915	6.70498	6.5834	6.71425	6.62394
0.465338	6.62237	6.58751	6.71424	6.59395	6.73797	6.63615
0.468625	6.58415	6.59238	6.70961	6.58399	6.73598	6.61546
0.47195	6.58092	6.57954	6.74349	6.60631	6.71602	6.60439
0.475287	6.6039	6.57925	6.70662	6.59676	6.75105	6.61456
0.47865	6.61163	6.6042	6.71362	6.58465	6.70318	6.59383
0.482038	6.5873	6.6132	6.70061	6.61877	6.71708	6.60251
0.48545	6.58037	6.62231	6.70288	6.62689	6.70954	6.62397
0.488887	6.5887	6.62473	6.71428	6.58542	6.71202	6.61567
0.492337	6.5697	6.60085	6.70782	6.60278	6.70513	6.61283
0.495825	6.59574	6.59221	6.72851	6.61106	6.71673	6.59628
0.499325	6.61996	6.5883	6.72103	6.59154	6.70109	6.61786
0.502863	6.58536	6.60437	6.74817	6.58597	6.74191	6.61317
0.506413	6.59284	6.61668	6.69676	6.60397	6.73115	6.60439
0.51	6.64246	6.57726	6.73004	6.60698	6.7479	6.61061
0.5136	6.60027	6.59769	6.71211	6.61104	6.72549	6.62399
0.517225	6.63046	6.59869	6.74527	6.61745	6.73819	6.61478
0.520887	6.59906	6.59454	6.71237	6.58951	6.72587	6.63412
0.524562	6.61889	6.6053	6.72256	6.60782	6.72694	6.61324
0.528275	6.59395	6.61181	6.72134	6.61811	6.75965	6.62097
0.532	6.61333	6.59245	6.70842	6.59654	6.74074	6.63619
0.535762	6.5823	6.59113	6.73031	6.5839	6.70887	6.65398
0.539537	6.59588	6.58048	6.7299	6.56667	6.75171	6.6224
0.54335	6.61249	6.60176	6.71501	6.60495	6.74791	6.61479
0.547188	6.58426	6.62338	6.71826	6.62229	6.7464	6.62635
0.55105	6.61065	6.63948	6.68614	6.62709	6.71793	6.63309
0.554937	6.60376	6.60198	6.75508	6.61186	6.73601	6.60884
0.55885	6.6274	6.62694	6.73388	6.60059	6.70214	6.6407
0.5628	6.60544	6.61205	6.74228	6.59734	6.74777	6.63508
0.566763	6.60486	6.61761	6.70216	6.584	6.74054	6.61563
0.570763	6.6303	6.61066	6.71009	6.59377	6.74	6.63349
0.574787	6.63422	6.58075	6.73458	6.60582	6.74971	6.60362
0.578838	6.61734	6.58767	6.73286	6.61156	6.74187	6.6276
0.582925	6.59978	6.6171	6.70658	6.594	6.74186	6.61823
0.587038	6.61975	6.61869	6.72805	6.61091	6.772	6.63883
0.591175	6.61295	6.61964	6.72809	6.62769	6.76654	6.64026
0.595338	6.62267	6.61553	6.72871	6.59974	6.74505	6.64245
0.599537	6.62566	6.60891	6.74627	6.63002	6.74966	6.61127
0.603763	6.60392	6.62754	6.72868	6.60759	6.75453	6.63028
0.608012	6.63094	6.6267	6.71095	6.61075	6.74501	6.61373
0.6123	6.61686	6.61971	6.75436	6.59327	6.73983	6.60432
0.616612	6.63058	6.62513	6.73719	6.62453	6.7414	6.63245
0.620963	6.61194	6.63823	6.73865	6.615	6.75159	6.63439
0.625325	6.61683	6.60241	6.7203	6.63686	6.73121	6.64678
0.629737	6.61842	6.61876	6.73164	6.61895	6.72202	6.62702
0.634175	6.61063	6.62731	6.73329	6.62606	6.73411	6.64918
0.638637	6.62413	6.59881	6.74332	6.60984	6.75553	6.65584
0.643125	6.60858	6.59321	6.75149	6.60937	6.73979	6.64162
0.647663	6.63512	6.61608	6.70981	6.63523	6.73665	6.62658
0.652213	6.62199	6.58672	6.7269	6.62756	6.73664	6.63688
0.656812	6.60638	6.61555	6.7454	6.61028	6.75025	6.64265
0.661425	6.60332	6.61011	6.75764	6.61932	6.7337	6.62657
0.666088	6.6182	6.62378	6.74958	6.62975	6.7522	6.65423
0.670775	6.63755	6.64225	6.72875	6.62325	6.74998	6.63298
0.675488	6.64442	6.60755	6.73243	6.62298	6.73645	6.6536
0.680237	6.63392	6.59255	6.74328	6.63071	6.7387	6.63579
0.685025	6.6427	6.61805	6.72045	6.63623	6.75932	6.63561
0.689838	6.63427	6.58965	6.75349	6.6312	6.75229	6.63799
0.694687	6.63379	6.62498	6.76488	6.64355	6.73575	6.6554
0.699575	6.64107	6.62533	6.74059	6.61909	6.74879	6.64022
0.7045	6.60629	6.61093	6.72069	6.63199	6.73373	6.62805
0.70945	6.6299	6.6427	6.73319	6.63163	6.74188	6.65925
0.714437	6.62083	6.63857	6.7361	6.63522	6.711	6.67031
0.719463	6.62762	6.61981	6.74216	6.6207	6.74578	6.63345
0.724513	6.61148	6.62224	6.74095	6.63573	6.73156	6.64121
0.7296	6.59957	6.61881	6.72802	6.61626	6.75448	6.64835
0.734738	6.62492	6.61674	6.73676	6.62942	6.73331	6.66914
0.7399	6.63376	6.60875	6.72745	6.61963	6.76163	6.66721
0.745088	6.6525	6.62376	6.72034	6.61202	6.74798	6.65035
0.750325	6.61228	6.63279	6.74582	6.63252	6.73584	6.64848
0.7556	6.60464	6.61442	6.75041	6.6198	6.7585	6.65995
0.7609	6.63641	6.61935	6.7254	6.59966	6.75718	6.64253
0.76625	6.62568	6.61897	6.74922	6.62933	6.77215	6.65242
0.771625	6.64439	6.63574	6.74046	6.63524	6.73549	6.64018
0.77705	6.62626	6.63307	6.74784	6.61462	6.74292	6.65084
0.7825	6.61879	6.62608	6.76084	6.63596	6.74865	6.65001
0.788	6.62414	6.63246	6.75614	6.62974	6.74082	6.64283
0.793525	6.61897	6.61471	6.74706	6.6392	6.74803	6.62946
0.7991	6.6558	6.64163	6.76197	6.62291	6.77667	6.63917
0.8047	6.63514	6.61031	6.73798	6.61751	6.75738	6.65083
0.81035	6.6416	6.62687	6.78743	6.63571	6.77436	6.63365
0.816037	6.62959	6.61391	6.75541	6.63535	6.76773	6.64201
0.821763	6.66739	6.61966	6.74116	6.62689	6.75633	6.63342
0.827525	6.64241	6.61742	6.76073	6.63276	6.74169	6.65631
0.833337	6.62448	6.62202	6.75645	6.62949	6.76235	6.64055
0.839175	6.65945	6.64876	6.78086	6.66041	6.76061	6.62716
0.845062	6.65104	6.62312	6.75414	6.61282	6.76374	6.66099
0.851	6.64356	6.59861	6.75273	6.61464	6.74246	6.62348
0.856963	6.64881	6.60803	6.7515	6.65376	6.75864	6.6603
0.862975	6.64764	6.63885	6.75593	6.65136	6.7617	6.66471
0.869025	6.64135	6.63775	6.74384	6.62174	6.75762	6.64971
0.875112	6.65809	6.62491	6.7571	6.62456	6.75839	6.64426
0.88125	6.62923	6.64424	6.75597	6.62354	6.7604	6.64258
0.887425	6.6548	6.61243	6.75615	6.63366	6.74873	6.65778
0.89365	6.64185	6.63096	6.75539	6.63435	6.74907	6.64954
0.899912	6.63417	6.62604	6.74542	6.63319	6.76064	6.6707
0.906225	6.65405	6.63057	6.75405	6.63237	6.78784	6.65554
0.912575	6.62703	6.61434	6.76595	6.6301	6.75562	6.65017
0.918962	6.6321	6.63692	6.77514	6.63101	6.75887	6.68131
0.9254	6.64088	6.6372	6.75489	6.64062	6.76923	6.66587
0.931888	6.64798	6.62327	6.74316	6.62383	6.79001	6.63304
0.938412	6.63637	6.63256	6.76713	6.62988	6.75079	6.64912
0.944987	6.63599	6.6423	6.74087	6.6232	6.78407	6.65308
0.951612	6.65694	6.63161	6.73653	6.62022	6.77481	6.65791
0.958275	6.64559	6.62238	6.7606	6.66436	6.78354	6.64003
0.964988	6.64454	6.62708	6.76589	6.64736	6.76048	6.64992
0.97175	6.6423	6.65086	6.74461	6.64994	6.76937	6.66382
0.97855	6.6526	6.60566	6.74918	6.65227	6.74896	6.66229
0.9854	6.64542	6.63902	6.74777	6.64922	6.78561	6.67206
0.9923	6.64106	6.63968	6.74708	6.66028	6.75592	6.63976
0.99925	6.65459	6.6447	6.77284	6.65367	6.75921	6.67976
1.00625	6.63571	6.63398	6.77154	6.64031	6.76709	6.65807
1.01329	6.66309	6.63441	6.75617	6.64846	6.76135	6.65912
1.02039	6.66325	6.63758	6.75171	6.65135	6.74372	6.64226
1.02752	6.641	6.63751	6.76433	6.64215	6.75519	6.64295
1.03472	6.65916	6.63337	6.76297	6.63538	6.7828	6.65536
1.04196	6.64611	6.65091	6.74925	6.6575	6.78208	6.66234
1.04925	6.65398	6.62016	6.75957	6.62666	6.75194	6.65339
1.0566	6.64598	6.62721	6.73699	6.64501	6.79055	6.65151
1.06399	6.62688	6.6171	6.76111	6.64226	6.76393	6.65054
1.07144	6.64443	6.65471	6.7504	6.64996	6.76296	6.68382
1.07893	6.62408	6.62999	6.75836	6.67415	6.76846	6.68744
1.08648	6.65179	6.64221	6.77887	6.6286	6.76761	6.67606
1.09407	6.64859	6.63689	6.75511	6.65152	6.76937	6.66255
1.10174	6.63858	6.66857	6.75984	6.65933	6.76545	6.66341
1.10944	6.6426	6.64045	6.75383	6.66311	6.78053	6.68824
1.1172	6.64141	6.63504	6.76719	6.65319	6.76821	6.67677
1.12501	6.64242	6.6495	6.75013	6.66616	6.76586	6.67104
1.13287	6.65108	6.6565	6.74582	6.63929	6.76707	6.65197
1.1408	6.65575	6.63174	6.77154	6.64472	6.76017	6.67483
1.14877	6.6415	6.63416	6.75876	6.66153	6.77447	6.6708
1.15681	6.64641	6.63521	6.77387	6.65575	6.76799	6.6761
1.1649	6.65301	6.64702	6.76128	6.64891	6.78462	6.67408
1.17304	6.64123	6.64565	6.76318	6.65904	6.77923	6.65242
1.18124	6.65419	6.65269	6.76255	6.63961	6.76366	6.66246
1.1895	6.66275	6.64332	6.75649	6.65312	6.76222	6.68213
1.19781	6.6475	6.63963	6.7685	6.67055	6.76875	6.65678
1.20619	6.6613	6.64379	6.79283	6.64568	6.76832	6.66594
1.21461	6.64939	6.63422	6.78537	6.64593	6.76793	6.65969
1.2231	6.65785	6.63174	6.77014	6.66547	6.7829	6.66235
1.23165	6.64094	6.63166	6.77373	6.67975	6.79225	6.67253
1.24026	6.65152	6.64541	6.75811	6.65294	6.77574	6.66917
1.24892	6.65712	6.65899	6.78254	6.64428	6.77843	6.6605
1.25765	6.65521	6.62804	6.7629	6.64747	6.77497	6.67906
1.26644	6.65115	6.64214	6.77353	6.65288	6.74619	6.68789
1.27529	6.64345	6.64962	6.7557	6.66893	6.78167	6.68741
1.2842	6.66339	6.63135	6.75734	6.64369	6.77606	6.68045
1.29316	6.64738	6.65686	6.76144	6.65236	6.78301	6.66095
1.3022	6.64471	6.64638	6.78309	6.64551	6.77122	6.67
1.3113	6.66139	6.64772	6.76391	6.65662	6.77508	6.70013
1.32045	6.66012	6.63885	6.75135	6.65743	6.77531	6.67813
1.32967	6.66374	6.65704	6.75851	6.64627	6.77142	6.6778
1.33896	6.65736	6.64702	6.77212	6.66423	6.77451	6.67081
1.34831	6.66035	6.63814	6.77413	6.63744	6.77764	6.66344
1.35773	6.64418	6.66857	6.77058	6.64252	6.75129	6.6763
1.36721	6.65561	6.63749	6.77589	6.66054	6.77095	6.6609
1.37675	6.64765	6.64946	6.75967	6.65389	6.78157	6.65708
1.38636	6.6612	6.64594	6.76979	6.64026	6.75705	6.66557
1.39605	6.65391	6.65718	6.76644	6.65107	6.76499	6.67646
1.4058	6.66994	6.65226	6.76516	6.66026	6.77414	6.67616
1.41561	6.65402	6.65682	6.75816	6.66752	6.79167	6.67746
1.42549	6.6733	6.64526	6.76148	6.64735	6.77571	6.67316
1.43544	6.6604	6.65269	6.76055	6.64491	6.77946	6.67857
1.44546	6.66149	6.64696	6.7727	6.6669	6.77123	6.68849
1.45555	6.65692	6.63727	6.78635	6.66818	6.78003	6.67493
1.46571	6.65352	6.65461	6.75356	6.66044	6.79299	6.67914
1.47594	6.65263	6.66301	6.75369	6.65431	6.78675	6.67687
1.48624	6.63718	6.63487	6.7632	6.66993	6.77385	6.68939
1.49661	6.64915	6.64475	6.75305	6.64467	6.7876	6.68258
1.50705	6.67395	6.64649	6.76695	6.65916	6.77348	6.67258
1.51756	6.66042	6.66605	6.76062	6.64325	6.77212	6.66949
1.52815	6.65131	6.64982	6.76567	6.67457	6.77597	6.66374
1.53881	6.66388	6.67024	6.7818	6.68253	6.77352	6.66665
1.54955	6.65817	6.6417	6.76973	6.67365	6.76934	6.68055
1.56036	6.64355	6.65885	6.76908	6.67422	6.78017	6.67711
1.57125	6.65337	6.6583	6.75226	6.65766	6.78153	6.67055
1.58221	6.66605	6.65302	6.76688	6.6499	6.77243	6.68572
1.59325	6.66131	6.64661	6.78714	6.6534	6.78754	6.68991
1.60436	6.67035	6.66846	6.76944	6.6499	6.76021	6.68338
1.61555	6.65548	6.63766	6.77617	6.65574	6.78862	6.67726
1.62681	6.66239	6.64833	6.76223	6.65852	6.79098	6.67078
1.63816	6.65111	6.63541	6.77844	6.64546	6.77028	6.68002
1.64959	6.65863	6.66369	6.77587	6.66789	6.77423	6.68473
1.66109	6.65664	6.63501	6.76503	6.64623	6.76153	6.67371
1.67268	6.65708	6.64952	6.78108	6.65675	6.77154	6.67914
1.68434	6.66068	6.6487	6.77742	6.66491	6.78516	6.68727
1.69609	6.65931	6.64661	6.76488	6.66293	6.78655	6.68343
1.70791	6.64988	6.64525	6.77784	6.66917	6.77578	6.68826
1.71981	6.66353	6.65475	6.77204	6.65372	6.7694	6.66405
1.73181	6.65827	6.64464	6.76103	6.65223	6.78362	6.68826
1.74388	6.65361	6.65295	6.77077	6.64756	6.77623	6.6652
1.75604	6.66808	6.65341	6.77337	6.64955	6.79414	6.68656
1.76828	6.65191	6.652	6.77747	6.65341	6.7841	6.67278
1.7806	6.65304	6.66137	6.76676	6.67084	6.78115	6.67957
1.79301	6.64855	6.65055	6.78729	6.66339	6.77839	6.67905
1.80551	6.65075	6.64994	6.77719	6.64516	6.78612	6.6852
1.8181	6.63186	6.64576	6.76006	6.64608	6.76194	6.67212
1.83078	6.63795	6.65697	6.77294	6.65918	6.77035	6.66186
1.84354	6.6378	6.66085	6.74909	6.66617	6.78376	6.67074
1.85637	6.64107	6.65271	6.76793	6.65996	6.78633	6.67435
1.86931	6.64524	6.65677	6.76723	6.66294	6.79237	6.68472
1.88234	6.65147	6.65293	6.77855	6.66428	6.7879	6.68593
1.89546	6.65826	6.6673	6.79113	6.67538	6.78288	6.67374
1.90866	6.66346	6.64833	6.7738	6.67223	6.77928	6.67567
1.92196	6.63985	6.63971	6.77954	6.65363	6.77181	6.67637
1.93536	6.65498	6.65175	6.76948	6.66125	6.77894	6.68513
1.94885	6.65232	6.64684	6.77526	6.65862	6.79769	6.67625
1.96242	6.64395	6.65502	6.77783	6.66422	6.7836	6.67864
1.9761	6.64869	6.64855	6.78115	6.6614	6.78021	6.67209
1.98986	6.64972	6.65607	6.77256	6.66048	6.77388	6.67756
2.00373	6.64762	6.66135	6.78062	6.66091	6.78419	6.66965
2.01769	6.63534	6.65918	6.76806	6.66455	6.77592	6.68378
2.03174	6.65424	6.64881	6.76476	6.65999	6.78018	6.68093
2.04589	6.65275	6.65164	6.77982	6.66453	6.78565	6.68021
2.06014	6.64461	6.66768	6.77017	6.66109	6.7846	6.67953
2.07449	6.65292	6.66027	6.77545	6.66351	6.79357	6.67454
2.08894	6.64515	6.65154	6.78709	6.66487	6.80432	6.67248
2.10349	6.64792	6.66001	6.76782	6.67037	6.78094	6.68049
2.11814	6.6648	6.65753	6.76181	6.65622	6.79087	6.68886
2.13289	6.65477	6.65733	6.77519	6.6525	6.78154	6.68808
2.14775	6.67177	6.65582	6.76904	6.6712	6.79937	6.66629
2.1627	6.6381	6.64584	6.77123	6.6596	6.77663	6.68714
2.17776	6.65162	6.66193	6.77291	6.65318	6.78154	6.69273
2.19292	6.66191	6.64916	6.78249	6.65696	6.7873	6.67698
2.2082	6.6547	6.65681	6.78448	6.67286	6.78584	6.68568
2.22358	6.65519	6.64719	6.7691	6.66269	6.78039	6.68322
2.23905	6.66068	6.65039	6.76973	6.66006	6.78438	6.68537
2.25465	6.64719	6.65714	6.7788	6.65743	6.79527	6.69705
2.27034	6.65989	6.64592	6.78244	6.6747	6.78207	6.67559
2.28615	6.66344	6.66022	6.79156	6.66798	6.77398	6.67216
2.30206	6.65025	6.65211	6.77704	6.65535	6.7788	6.69003
2.31809	6.65524	6.65928	6.78024	6.65313	6.79402	6.69714
2.33422	6.65168	6.65221	6.77889	6.66667	6.78765	6.67447
2.35048	6.63982	6.65708	6.78379	6.66254	6.77718	6.68807
2.36684	6.6646	6.66464	6.7813	6.65253	6.77268	6.66996
2.38331	6.65264	6.64576	6.78317	6.6702	6.78936	6.69198
2.3999	6.65523	6.65351	6.78766	6.65381	6.78744	6.69342
2.41661	6.65837	6.64548	6.77952	6.65701	6.79092	6.68607
2.43342	6.64901	6.67226	6.76366	6.66567	6.79474	6.67728
2.45036	6.65836	6.65373	6.78229	6.66364	6.78551	6.68879
2.46743	6.66132	6.66398	6.76122	6.6694	6.78959	6.69858
2.4846	6.64825	6.66737	6.77024	6.66556	6.79149	6.68489
2.50189	6.64846	6.64727	6.77856	6.65723	6.78599	6.67684
2.5193	6.65225	6.64716	6.77395	6.66574	6.79237	6.67789
2.53682	6.65007	6.6562	6.77259	6.6592	6.78876	6.68319
2.55449	6.6554	6.65787	6.78326	6.66018	6.79021	6.67485
2.57226	6.64034	6.67005	6.78099	6.6761	6.78649	6.68011
2.59016	6.65283	6.662	6.78405	6.67909	6.79385	6.69514
2.60819	6.66524	6.65175	6.77683	6.65666	6.79319	6.68628
2.62634	6.65426	6.65728	6.78059	6.6676	6.80409	6.69109
2.6446	6.65174	6.67178	6.77835	6.67305	6.78837	6.67837
2.66301	6.64948	6.65847	6.77514	6.66729	6.79033	6.67327
2.68154	6.65398	6.66078	6.78391	6.66873	6.7972	6.69809
2.70019	6.66445	6.66374	6.78685	6.6661	6.78672	6.68532
2.71898	6.66152	6.67279	6.77246	6.66629	6.78974	6.67249
2.7379	6.64008	6.65648	6.77617	6.66618	6.78371	6.67187
2.75694	6.66481	6.66015	6.79088	6.67505	6.79838	6.66861
2.77612	6.64624	6.66155	6.76861	6.66627	6.79206	6.68015
2.79544	6.64254	6.66366	6.77589	6.66475	6.78521	6.67889
2.81487	6.65866	6.66024	6.7885	6.66343	6.79431	6.66953
2.83446	6.65456	6.66036	6.77834	6.65874	6.78825	6.68623
2.85418	6.65307	6.66512	6.77792	6.67163	6.78497	6.68045
2.87404	6.64594	6.65785	6.77645	6.65518	6.79256	6.67663
2.89403	6.66433	6.65527	6.7806	6.6566	6.78177	6.6729
2.91415	6.64782	6.66062	6.77719	6.67932	6.80104	6.66046
2.93443	6.6554	6.66003	6.78056	6.65913	6.79327	6.69063
2.95484	6.66428	6.65869	6.785	6.67055	6.80021	6.67196
2.97539	6.6518	6.65606	6.77484	6.66539	6.78431	6.67429
2.99607	6.66119	6.65663	6.77438	6.6688	6.78201	6.68634
3.01691	6.66189	6.65423	6.7717	6.66646	6.79957	6.67213
3.0379	6.66046	6.67288	6.76896	6.66887	6.78426	6.67375
3.05903	6.65089	6.65025	6.77991	6.67323	6.78379	6.67834
3.0803	6.64401	6.66032	6.77242	6.66242	6.78542	6.67377
3.10171	6.65429	6.66415	6.79625	6.67425	6.78801	6.67699
3.12329	6.63972	6.65701	6.77018	6.66423	6.78863	6.67609
3.145	6.64836	6.66261	6.76986	6.66401	6.8042	6.67158
3.16687	6.64676	6.65393	6.77606	6.66652	6.78383	6.6754
3.1889	6.64823	6.655	6.78002	6.66287	6.78611	6.68093
3.21108	6.66739	6.65849	6.7838	6.67198	6.7855	6.6801
3.2334	6.65628	6.65684	6.78197	6.67644	6.7935	6.68224
3.25588	6.64868	6.65453	6.7922	6.6625	6.77638	6.68497
3.27851	6.66206	6.65445	6.78296	6.67245	6.78985	6.67907
3.30131	6.6539	6.66562	6.78419	6.66568	6.79136	6.68034
3.32426	6.66209	6.6596	6.78941	6.66633	6.77959	6.6702
3.34737	6.65112	6.66482	6.78397	6.65833	6.80343	6.66946
3.37065	6.65024	6.66588	6.78459	6.6722	6.79152	6.68515
3.39409	6.64859	6.64847	6.78346	6.66527	6.79086	6.67001
3.41768	6.65143	6.66118	6.77036	6.67152	6.78652	6.68173
3.44144	6.65391	6.65973	6.78592	6.66537	6.80195	6.68242
3.46536	6.66336	6.65126	6.78524	6.671	6.79741	6.67322
3.48945	6.65642	6.65373	6.78055	6.6668	6.79377	6.68276
3.51371	6.6504	6.65585	6.78256	6.66871	6.79217	6.68537
3.53814	6.6539	6.65865	6.78769	6.67661	6.79915	6.67867
3.56273	6.64703	6.66211	6.77817	6.66068	6.79171	6.67747
3.58749	6.64955	6.65629	6.78796	6.68538	6.79145	6.69209
3.61243	6.6552	6.65337	6.77866	6.66698	6.80338	6.68597
3.63754	6.65373	6.65115	6.7713	6.67119	6.78618	6.6815
3.66283	6.66859	6.64541	6.77908	6.6744	6.79692	6.68089
3.68829	6.664	6.64513	6.78461	6.67833	6.79665	6.68454
3.71391	6.64943	6.64677	6.78083	6.66761	6.79027	6.66977
3.73973	6.64631	6.64595	6.78304	6.67809	6.79446	6.68457
3.76572	6.64886	6.65754	6.77367	6.65809	6.78799	6.67918
3.7919	6.65362	6.64581	6.77754	6.67536	6.79548	6.68587
3.81825	6.64455	6.65377	6.77699	6.67982	6.79328	6.6725
3.84479	6.64805	6.65862	6.78862	6.66822	6.78997	6.67976
3.8715	6.65231	6.65262	6.7746	6.66827	6.79832	6.67713
3.89841	6.64897	6.65356	6.77993	6.67274	6.79344	6.69047
3.9255	6.65988	6.65733	6.78676	6.67292	6.79913	6.68059
3.95278	6.64908	6.65265	6.77826	6.67589	6.80274	6.6729
3.98025	6.65514	6.64867	6.78377	6.67391	6.79557	6.68182
4.00791	6.64957	6.65131	6.78346	6.66487	6.79754	6.68161
4.03576	6.65814	6.65989	6.777	6.66336	6.80448	6.67775
4.0638	6.65884	6.6478	6.78242	6.67396	6.80442	6.68714
4.09204	6.64887	6.66834	6.78188	6.6739	6.80366	6.6731
4.12047	6.65472	6.65626	6.77906	6.66505	6.78776	6.68457
4.1491	6.66289	6.6487	6.78919	6.66203	6.7944	6.68137
4.17794	6.65154	6.65591	6.77888	6.66194	6.80037	6.68327
4.20696	6.65749	6.66706	6.78568	6.67185	6.80057	6.69447
4.2362	6.65478	6.66715	6.77972	6.66841	6.79765	6.69077
4.26563	6.6412	6.65113	6.78899	6.66783	6.79216	6.68195
4.29526	6.66095	6.6631	6.78881	6.66542	6.80277	6.6741
4.32511	6.65506	6.66988	6.78708	6.6612	6.78501	6.67856
4.35516	6.66525	6.65541	6.78091	6.66791	6.79958	6.68143
4.38541	6.65472	6.66233	6.78317	6.67214	6.78742	6.6836
4.41589	6.65741	6.66379	6.78358	6.68198	6.78892	6.68031
4.44656	6.65837	6.65816	6.78659	6.67255	6.77793	6.68514
4.47745	6.65013	6.66637	6.79192	6.66615	6.7929	6.68408
4.50856	6.66028	6.66573	6.78751	6.67269	6.78152	6.68394
4.53988	6.66629	6.66357	6.79145	6.6663	6.79027	6.67781
4.57142	6.65634	6.67036	6.79099	6.66294	6.79335	6.67874
4.60318	6.65462	6.65925	6.78449	6.66647	6.77916	6.68497
4.63515	6.66538	6.65948	6.79739	6.67136	6.789	6.68136
4.66735	6.65424	6.66503	6.79122	6.66694	6.78938	6.6953
4.69978	6.66145	6.66403	6.78924	6.67158	6.79172	6.6841
4.73243	6.66337	6.64801	6.78744	6.67171	6.78923	6.68676
4.76529	6.65924	6.66885	6.7862	6.66284	6.79482	6.67946
4.79839	6.65717	6.6631	6.78556	6.67377	6.78894	6.69337
4.83173	6.66405	6.66658	6.7916	6.66402	6.78104	6.68585
4.86529	6.66242	6.6583	6.78514	6.66616	6.78007	6.68922
4.89908	6.66583	6.65342	6.77976	6.67462	6.78755	6.68072
4.93311	6.65815	6.66423	6.79085	6.66902	6.78022	6.68867
4.96737	6.65258	6.65636	6.78502	6.66664	6.78254	6.68656
5.00187	6.6593	6.65619	6.7854	6.66541	6.78884	6.6876
5.03661	6.66753	6.65867	6.78333	6.67251	6.78424	6.69011
5.0716	6.6615	6.65746	6.78675	6.66037	6.77817	6.68445
5.10681	6.66753	6.65446	6.783	6.66406	6.78632	6.69438
5.14229	6.65304	6.66344	6.78526	6.65776	6.77628	6.68541
5.178	6.66774	6.6617	6.77538	6.65893	6.78058	6.68997
5.21396	6.66344	6.65968	6.78043	6.66383	6.78763	6.70052
5.25017	6.65473	6.65106	6.77644	6.6669	6.7843	6.6895
5.28664	6.66255	6.65992	6.78184	6.66226	6.77883	6.69105
5.32335	6.66204	6.65702	6.77931	6.65615	6.78959	6.68724
5.36031	6.66683	6.65663	6.77709	6.65723	6.78798	6.69903
5.39754	6.66271	6.66012	6.78011	6.66632	6.77838	6.69099
5.43503	6.66491	6.66577	6.78023	6.66735	6.79006	6.68597
5.47277	6.65476	6.66019	6.77698	6.65996	6.79086	6.68904
5.51078	6.66205	6.66108	6.77931	6.6609	6.77893	6.694
5.54904	6.65952	6.66212	6.7918	6.67496	6.78873	6.69128
5.58757	6.65453	6.66161	6.78726	6.6781	6.78207	6.68746
5.62638	6.65728	6.6642	6.78185	6.66151	6.78737	6.69347
5.66545	6.65381	6.66493	6.78739	6.66184	6.78919	6.6887
5.70479	6.66155	6.66101	6.77851	6.67411	6.79679	6.69178
5.7444	6.6541	6.66486	6.77862	6.66781	6.79131	6.67785
5.78429	6.64995	6.66608	6.78511	6.66834	6.79289	6.6891
5.82445	6.65286	6.66584	6.78058	6.67029	6.78434	6.6815
5.86489	6.66501	6.66459	6.78257	6.66422	6.79604	6.68561
5.90561	6.64971	6.66348	6.79443	6.66124	6.78632	6.68595
5.94663	6.64472	6.66915	6.78159	6.66669	6.79283	6.68353
5.98791	6.65162	6.66056	6.78767	6.66608	6.78952	6.67618
6.02949	6.65505	6.66458	6.78237	6.67904	6.79118	6.68202
6.07135	6.65054	6.66127	6.78454	6.66108	6.78275	6.68044
6.1135	6.64497	6.65809	6.78568	6.66583	6.78243	6.67724
6.15595	6.65809	6.6662	6.78303	6.66071	6.78024	6.68286
6.19869	6.65545	6.66361	6.78186	6.67985	6.78491	6.6857
6.24172	6.65947	6.66613	6.78095	6.66641	6.78363	6.6736
6.28506	6.66662	6.66524	6.77996	6.67228	6.78964	6.67781
6.3287	6.66288	6.66878	6.79135	6.66209	6.7863	6.66517
6.37264	6.66337	6.66719	6.78994	6.66941	6.79201	6.66602
6.41687	6.65484	6.66246	6.79332	6.65885	6.791	6.67386
6.46142	6.6548	6.67206	6.78818	6.66675	6.78215	6.67576
6.50629	6.65457	6.66635	6.78696	6.6692	6.79004	6.68069
6.55145	6.65738	6.66433	6.78194	6.66213	6.79371	6.67801
6.59694	6.6586	6.66269	6.78964	6.66012	6.78734	6.68129
6.64274	6.65646	6.66593	6.78509	6.65728	6.79266	6.68166
6.68885	6.65822	6.65831	6.7787	6.65835	6.80046	6.67773
6.73527	6.65977	6.66509	6.77959	6.66751	6.79689	6.68296
6.78204	6.65783	6.66898	6.7843	6.67368	6.78726	6.69281
6.82911	6.65809	6.66803	6.78448	6.66857	6.7903	6.6791
6.87652	6.65255	6.66634	6.79155	6.67115	6.79377	6.6786
6.92426	6.66101	6.67217	6.78545	6.66538	6.79496	6.68959
6.97232	6.66756	6.66782	6.78724	6.67038	6.79277	6.68569
7.02072	6.67006	6.662	6.78991	6.66976	6.79837	6.68216
7.06946	6.64915	6.66696	6.79548	6.67252	6.80359	6.68716
7.11853	6.66156	6.66667	6.79433	6.67828	6.80081	6.67953
7.16794	6.65692	6.66413	6.78236	6.67411	6.79705	6.68884
7.2177	6.66014	6.65853	6.79732	6.67291	6.78988	6.68208
7.2678	6.66089	6.66523	6.79098	6.67304	6.7912	6.68248
7.31825	6.6687	6.66442	6.79068	6.67347	6.79632	6.68388
7.36904	6.6659	6.66404	6.78689	6.67237	6.79716	6.67979
7.42019	6.65937	6.66083	6.78554	6.67469	6.79385	6.6892
7.4717	6.6637	6.66233	6.78901	6.67061	6.79238	6.68794
7.52355	6.67218	6.67024	6.78928	6.67337	6.80553	6.68224
7.57578	6.66645	6.66299	6.78433	6.68063	6.79899	6.67977
7.62836	6.66206	6.66093	6.79018	6.6774	6.80763	6.68307
7.6813	6.67373	6.66286	6.79144	6.66801	6.80895	6.67389
7.73461	6.66656	6.66344	6.78193	6.68101	6.79778	6.68227
7.7883	6.66639	6.66677	6.78664	6.67107	6.79648	6.6867
7.84236	6.65895	6.66206	6.79169	6.6748	6.79919	6.67556
7.89679	6.66577	6.66961	6.78557	6.67187	6.80022	6.67882
7.95159	6.65665	6.66319	6.79546	6.67256	6.78944	6.68259
8.00677	6.66094	6.66181	6.79007	6.67523	6.7933	6.67938
8.06235	6.65996	6.67137	6.79727	6.67253	6.80282	6.6815
8.1183	6.6602	6.66693	6.79209	6.67373	6.79178	6.68453
8.17465	6.66104	6.66695	6.78783	6.6748	6.78545	6.68556
8.23137	6.66647	6.66049	6.78882	6.6791	6.79618	6.67868
8.28851	6.66704	6.67622	6.79275	6.67455	6.79579	6.68184
8.34603	6.66262	6.67087	6.78523	6.67849	6.80198	6.6801
8.40395	6.66755	6.66168	6.7915	6.67648	6.79492	6.67664
8.46227	6.66705	6.66883	6.79555	6.66717	6.78819	6.67946
8.521	6.66703	6.6625	6.79116	6.66871	6.79413	6.68127
8.58014	6.66688	6.66404	6.79607	6.67226	6.78947	6.68505
8.63968	6.67519	6.66052	6.79298	6.68413	6.79852	6.68419
8.69964	6.66892	6.65988	6.79509	6.66972	6.79092	6.68507
8.76001	6.6602	6.66208	6.78639	6.6764	6.79704	6.68595
8.8208	6.66049	6.6623	6.79683	6.6743	6.796	6.68606
8.88201	6.66961	6.66124	6.79412	6.67202	6.80124	6.68569
8.94365	6.66351	6.6592	6.79272	6.67693	6.79457	6.68489
9.00571	6.66085	6.66105	6.77958	6.66981	6.8024	6.68425
9.0682	6.67063	6.65969	6.79646	6.6685	6.80139	6.68514
9.13114	6.66356	6.66659	6.79273	6.66902	6.79457	6.69364
9.1945	6.66518	6.66457	6.79644	6.6701	6.80052	6.68819
9.2583	6.66726	6.65537	6.79749	6.6762	6.79977	6.68557
9.32254	6.66028	6.66144	6.78958	6.66815	6.79923	6.68445
9.38724	6.66283	6.65518	6.78931	6.66792	6.79112	6.68444
9.45238	6.65959	6.66426	6.79685	6.66176	6.7961	6.68086
9.51796	6.66248	6.65886	6.78835	6.675	6.79648	6.68153
9.58401	6.66255	6.6635	6.78818	6.67025	6.79508	6.68819
9.65051	6.66234	6.66526	6.79263	6.67075	6.7928	6.6882
9.71747	6.65624	6.66684	6.79752	6.67716	6.79516	6.69072
9.7849	6.66302	6.66096	6.78334	6.67071	6.78996	6.68652
9.8528	6.66228	6.66384	6.79595	6.67028	6.79783	6.68982
9.92116	6.66597	6.66042	6.79076	6.67854	6.79012	6.69074
10	6.66994	6.65472	6.79607	6.67179	6.79373	6.68778
