7.5E-5	7.88782	8.24924	8.09045	8.40407	8.49238	8.57321	8.11981	8.08403	8.05489
1.375E-4	8.03581	8.28332	8.43889	8.54886	8.45339	8.37908	7.95464	7.98909	7.80473
2.125E-4	8.28084	8.37101	8.39081	8.27729	8.54373	8.03847	8.00881	8.1613	7.49921
2.75E-4	8.28412	8.26519	8.13418	8.06338	8.50585	8.22421	8.04816	8.08284	7.4092
3.5E-4	8.06893	8.13239	8.38435	7.92676	8.70623	8.24074	8.15267	8.36483	7.92979
4.25E-4	8.03398	8.32596	7.93584	8.16298	8.56063	8.2486	8.0044	8.14399	8.34299
5E-4	8.00958	8.13799	7.98196	7.91666	8.74345	8.10153	7.83637	8.28117	8.42421
5.625E-4	7.909	8.60147	8.15628	7.96807	8.27633	8.27448	7.57759	8.15867	8.24773
6.375E-4	8.07334	8.66617	8.26456	8.16673	8.23319	8.42284	7.5548	8.04395	8.12449
7.125E-4	8.13679	8.3571	8.44758	8.34149	8.37157	8.52703	7.88327	8.02396	8.05091
7.875E-4	8.34777	8.32301	8.46704	7.93201	8.3376	8.50149	8.12521	8.32409	8.02626
8.625E-4	8.34093	8.14132	8.35434	7.66999	8.3128	8.20413	8.29268	8.06493	7.9713
9.375E-4	8.52726	7.97356	7.96833	7.55279	8.21233	8.13358	7.84016	8.4441	7.78476
0.0010125	8.57992	7.78039	7.73684	7.89348	8.09451	8.29534	8.17198	8.47099	8.27291
0.0010875	8.32141	8.11	7.87185	7.81619	7.94146	8.19546	7.78541	7.97493	7.97998
0.0011625	7.93179	8.10311	7.96701	7.72959	8.04947	8.16642	7.76297	7.9123	7.75958
0.00125	7.63615	7.95038	7.97252	7.993	8.41887	8.02806	7.9112	8.2482	8.00584
0.001325	8.1194	7.59572	7.86135	7.98402	7.98551	7.95502	8.18458	8.25916	8.10308
0.0014	8.53667	7.67292	7.7547	8.31146	7.99062	8.04432	8.44293	8.03128	7.71563
0.0014875	8.40522	7.96643	8.18976	8.58298	8.0818	8.29808	8.23816	8.2164	7.80793
0.0015625	8.21364	8.1263	8.09097	8.32408	7.96722	8.34171	8.04057	8.29238	8.34628
0.0016375	8.14773	8.04747	8.06309	8.15751	8.06061	8.25988	7.85801	8.30297	8.39388
0.001725	8.05124	8.01292	8.04019	7.89345	7.96587	8.26897	7.93793	8.06818	8.20496
0.0018	7.93207	8.0905	8.05096	8.09037	8.10811	8.19366	8.02524	7.9634	7.98617
0.0018875	8.41728	8.00443	8.11301	8.2899	8.07508	8.38609	7.86905	8.08122	7.67563
0.0019625	8.21453	8.21548	7.99375	7.99504	7.81072	8.03193	7.9001	7.94384	7.58094
0.00205	7.89968	7.99935	8.05745	8.01436	7.87841	8.13119	8.09227	8.21808	7.72799
0.0021375	8.27741	7.86072	8.17574	7.79407	8.02366	8.1479	7.94554	8.1658	7.86715
0.0022125	8.25304	8.16448	8.2122	7.86696	8.02308	8.12023	7.7404	7.98242	8.1921
0.0023	7.83818	8.27658	8.31477	8.26456	8.18581	7.92448	7.43585	7.65987	7.92315
0.0023875	8.05266	8.20877	8.29612	7.90647	7.9932	7.99067	7.93775	7.84372	7.71106
0.002475	8.03661	8.05396	7.88087	8.03113	7.9173	7.91939	8.0387	7.8133	7.94665
0.0025625	7.76365	7.67882	8.45261	8.24556	7.79493	7.97792	8.01036	8.16284	8.12531
0.00265	8.03463	7.74722	8.4366	8.50592	7.94844	8.26328	8.09503	7.91829	7.99749
0.0027375	7.85712	7.80664	8.66821	8.05512	8.15883	8.28645	7.99942	7.89262	7.99485
0.002825	7.79585	8.0267	8.52206	8.08502	8.14543	7.72302	8.21268	8.08198	7.77951
0.0029125	7.67594	7.96613	8.33129	7.93878	8.07797	7.99657	8.27822	8.06292	7.5161
0.003	7.57586	8.30924	8.40293	7.98147	8.2894	8.01405	7.97472	7.83512	7.51224
0.0030875	7.6659	8.25722	7.92329	8.05588	7.74881	8.11682	8.06467	8.00066	7.8528
0.0031875	7.75597	7.84641	7.91888	8.0577	7.82238	7.98659	8.46791	7.50927	7.76512
0.003275	7.73237	7.91027	7.98788	8.05232	7.93551	7.95479	8.17921	7.82893	8.02283
0.0033625	7.56638	8.03272	8.0689	8.05994	8.11851	7.90302	8.03807	8.00336	8.23097
0.0034625	7.49048	8.10516	8.06096	7.85352	8.43705	7.95207	7.94463	7.7606	7.48499
0.00355	7.70312	8.19536	7.94896	7.52588	8.54331	7.75151	8.21304	8.19316	7.93006
0.00365	7.90788	7.99021	8.02376	7.71915	8.65158	7.83213	8.21076	8.28979	8.31472
0.0037375	7.80653	7.90467	8.11924	7.76348	8.35382	7.73149	8.07545	7.91569	8.52196
0.0038375	7.90992	8.17729	8.06964	7.69222	8.76587	8.17759	7.83492	7.93247	8.33329
0.0039375	7.91823	8.51829	7.81325	8.06908	8.18705	8.20228	7.61622	7.89845	7.79944
0.004025	8.33333	8.64719	8.01582	8.01357	8.25889	8.21499	7.58095	7.92119	8.21371
0.004125	8.13976	8.33447	8.09959	7.95605	8.08305	8.28897	7.47643	8.03153	7.97537
0.004225	8.0557	8.76472	8.43046	7.94045	8.32983	8.01772	7.67527	7.9051	7.90596
0.004325	8.06753	8.50245	8.10811	7.93888	8.17235	7.85769	7.77857	8.18432	7.78717
0.004425	8.1195	8.04765	7.68725	7.61036	8.57836	7.83802	7.6918	8.21006	7.82512
0.004525	7.67815	8.18597	7.7732	8.18336	8.41171	7.88304	7.93734	8.31366	7.89818
0.004625	8.08504	7.95166	7.78158	7.92701	8.30515	7.78727	7.92534	7.88729	8.28997
0.004725	8.29285	8.01884	7.98491	7.77856	8.30659	8.26111	7.86528	7.74721	8.40853
0.004825	7.98907	7.81962	8.01158	7.72333	8.54678	8.00175	8.25796	7.85744	8.20585
0.004925	8.17068	7.52936	7.91137	7.88104	7.98317	7.67226	8.10129	7.9411	7.98758
0.0050375	8.02096	8.21054	7.94351	8.25988	7.7734	7.99051	8.04169	8.05622	7.87999
0.0051375	7.90558	8.14925	8.21833	8.00288	8.09895	7.82056	8.1079	7.9983	8.10542
0.0052375	8.10199	8.01436	7.73255	7.80313	8.23326	8.02714	8.36394	7.94477	7.71102
0.00535	8.20444	8.41987	7.92323	7.49785	7.90826	8.02939	8.32845	7.70093	8.00103
0.00545	8.18716	8.48292	8.19141	8.17454	7.99367	7.94163	8.05348	7.70754	7.76866
0.0055625	8.26893	7.99123	8.24592	8.25606	8.13457	7.68661	7.84247	7.57522	7.72749
0.0056625	8.1951	7.84858	8.49551	8.1319	8.37734	8.07788	8.19679	7.47344	7.92645
0.005775	8.27504	7.94478	8.07924	7.97401	7.98353	7.92806	8.2467	7.9024	7.85685
0.0058875	8.50157	8.0188	7.93125	7.94117	7.69686	8.06023	8.29381	7.97467	8.00897
0.006	8.48471	8.12842	8.02529	8.33308	8.33244	8.03795	7.97331	8.20708	7.97823
0.0061125	8.16099	8.36973	8.47318	8.33376	8.04096	7.82312	7.84296	8.03538	7.77371
0.0062125	7.7041	8.20614	8.40696	7.90592	7.57587	7.94528	8.00887	8.06413	8.21537
0.006325	7.86469	8.21799	8.32899	7.519	8.31595	7.78844	7.91035	7.99835	8.10151
0.0064375	8.01607	8.23253	8.5371	7.70509	8.22699	7.66134	7.97931	7.92362	7.78824
0.0065625	8.0893	8.00236	8.26149	7.78175	7.97271	8.26847	8.02876	8.09865	7.62968
0.006675	8.16922	8.03218	8.03643	7.60485	7.95876	7.91071	8.17127	8.33965	7.93192
0.0067875	7.9491	8.0899	8.18959	7.51785	8.33641	8.05051	7.77242	8.37457	7.91207
0.0069	7.95113	8.26154	8.01653	8.09527	8.01742	7.97093	7.57406	8.24255	7.9526
0.007025	8.29309	8.14602	8.06814	7.91734	7.82629	8.0651	8.11209	8.28957	8.22737
0.0071375	8.2814	7.9187	8.45362	7.69824	7.7622	7.78015	8.06082	8.2187	8.08496
0.0072625	8.15556	7.81737	8.15129	7.84286	7.68358	8.11514	7.80313	7.81885	8.13161
0.007375	8.36569	7.78021	8.1422	8.05188	8.06099	7.96673	7.80261	8.01226	7.91809
0.0075	8.23735	7.72291	8.34096	8.33744	8.08259	7.70985	7.95419	8.11534	7.73485
0.007625	7.84248	7.89109	8.11681	7.91736	7.96145	7.73514	7.68795	8.24771	7.76469
0.0077375	8.23763	8.31464	8.07646	8.21355	7.92065	7.62133	7.72205	7.76136	7.75653
0.0078625	8.29774	8.2975	8.15921	7.96549	8.23059	7.9575	8.0541	8.27063	7.63302
0.0079875	8.39437	7.92508	7.99114	8.06425	8.21586	8.24077	7.78296	8.14189	8.17113
0.0081125	8.1405	8.16735	7.66713	8.40097	8.0862	7.93907	7.68393	7.95902	7.84751
0.0082375	7.9798	8.03681	7.82437	8.55859	7.78473	7.81675	7.50889	7.86191	8.01454
0.0083625	8.25857	7.88304	7.98403	8.31507	8.05979	7.669	7.90323	7.72748	8.50826
0.0084875	8.1319	8.23151	8.50342	8.14166	7.87897	8.20748	7.82166	7.91611	7.80315
0.008625	8.244	8.20702	8.07298	8.01868	7.7082	8.12407	7.97463	8.14215	7.85754
0.00875	8.24016	8.02896	8.09301	8.21047	7.88252	7.62497	7.80829	7.76142	7.8437
0.008875	8.23851	7.90797	8.55389	7.8757	8.31819	7.91109	7.68597	7.9271	8.00844
0.0090125	8.0398	7.92805	8.54017	7.9974	8.13977	7.84255	8.11611	7.86499	8.08213
0.0091375	8.06319	7.98844	8.05412	7.93617	8.01649	7.72268	8.08141	8.05768	7.98465
0.009275	7.82523	7.98355	8.10536	7.78929	8.19324	8.06182	8.08255	8.05824	7.42831
0.0094125	7.95841	7.54743	7.85212	8.19853	8.03944	7.77693	8.11021	8.16461	7.83231
0.0095375	7.9313	8.00559	7.90337	8.1079	8.16443	8.34265	8.02828	8.15902	8.1901
0.009675	7.80193	7.85321	8.31446	7.61178	7.81353	8.07417	7.96955	7.99344	7.96036
0.0098125	7.81921	7.80102	8.07033	7.96621	8.39272	8.18029	8.12375	7.79102	7.72675
0.00995	8.11649	7.68302	8.13904	8.26036	7.96865	8.54249	8.23907	8.0795	7.77721
0.0100875	8.58009	7.85099	8.24938	7.80064	7.26579	7.96916	8.14787	8.00593	7.91583
0.010225	8.0714	7.9829	7.8417	8.14231	7.48168	8.33327	8.17683	8.19173	7.87539
0.010375	8.13944	8.234	7.79216	7.99259	7.6639	8.15623	7.69558	8.1491	8.04292
0.0105125	8.03888	8.36599	7.8294	7.98546	8.20418	8.19842	7.88644	7.86701	7.81675
0.01065	7.86946	7.80052	7.94508	8.09922	7.96984	8.17444	7.94475	7.96689	8.22384
0.0108	7.8457	8.33783	8.01629	7.73427	8.13925	8.03279	8.04158	7.85915	8.01281
0.0109375	8.48066	8.06075	7.92388	8.08032	8.26958	7.88838	7.67207	8.45481	7.90297
0.0110875	8.27441	7.98124	8.09299	8.04777	8.17419	7.95115	8.0239	8.3048	7.92423
0.0112375	8.08092	7.76428	7.79941	7.99667	7.95892	8.03743	7.99165	8.2153	8.08626
0.011375	8.07513	8.02897	7.97069	8.05524	8.28788	8.04653	7.93548	8.26091	8.10482
0.011525	8.08979	8.20571	7.88462	7.63894	7.93893	8.51706	8.21024	8.17498	8.42909
0.011675	8.0362	8.16532	7.96521	7.70917	7.95239	8.157	7.78272	7.91729	7.99283
0.011825	8.21421	8.3055	7.96561	7.83536	7.80721	8.19447	8.09425	7.9651	8.0976
0.011975	8.27787	8.01228	7.57031	8.06538	7.70869	7.94943	7.83124	7.93676	7.51833
0.012125	8.40794	7.92946	8.1571	7.95911	8.21784	8.20448	7.76959	7.6392	7.62804
0.0122875	8.14873	7.93292	8.04682	8.26338	8.0629	7.95728	7.82758	7.87395	7.76241
0.0124375	8.28407	8.54912	8.01026	8.32093	7.87486	7.84766	7.76961	8.10999	7.80984
0.0126	7.88316	8.41005	8.18858	8.35093	7.81128	7.9712	7.55135	8.07375	7.64188
0.01275	7.96781	8.09519	8.02578	7.96185	8.09322	7.83489	7.55719	8.29058	8.07274
0.0129125	8.35415	7.92816	8.11654	8.0312	7.97204	7.61001	7.88164	8.24505	7.81914
0.0130625	8.14675	7.94952	7.96084	7.9446	7.92225	8.10658	7.89911	7.87699	7.86643
0.013225	8.2854	7.92022	7.74161	7.77131	7.88408	7.93154	8.2412	8.07318	7.73333
0.0133875	8.0522	8.00625	7.8466	7.87873	8.11659	7.72763	7.7986	7.96587	8.13175
0.01355	7.80872	8.19711	7.9988	7.88056	8.20812	8.03921	8.02106	8.00399	7.64033
0.0137125	7.94491	8.21586	8.18768	7.98233	8.43859	7.69727	8.3124	7.9625	7.66335
0.013875	7.98751	7.89096	8.22067	7.98432	8.25456	7.99361	8.09452	8.07384	7.92593
0.0140375	7.97597	8.11156	8.27518	8.14833	7.98095	8.10478	8.21385	7.63638	8.00882
0.0142125	7.87351	8.19914	7.98585	8.13056	7.71626	7.84927	8.06997	8.02647	8.11889
0.014375	7.91842	8.08405	8.04555	7.93647	8.17502	7.8122	7.7868	7.93569	7.69807
0.01455	8.07606	7.99267	7.75427	7.86561	8.02708	7.88972	7.89397	7.92547	7.65095
0.0147125	8.25352	8.07003	7.50916	7.68055	7.48153	7.87668	7.79644	7.92413	8.09196
0.0148875	8.06925	7.91015	7.84598	7.84699	8.24906	7.77187	8.18833	7.93203	7.9535
0.0150625	7.84666	8.21813	8.28743	7.82201	7.93273	8.00928	7.68895	7.83073	8.11172
0.0152375	7.99392	8.11948	8.11262	7.92121	8.03156	8.05303	7.68388	7.50303	7.89081
0.0154125	7.91983	7.96979	8.27053	7.71787	7.62691	8.11831	7.99716	8.14882	8.02886
0.0155875	7.66377	7.86759	8.1362	8.15393	7.71293	8.18382	7.66643	8.27467	7.82286
0.0157625	7.97913	7.82123	8.00066	8.05746	7.9167	8.04012	7.71872	8.1187	7.88092
0.0159375	8.21023	7.90538	8.00946	8.1389	8.10404	8.10229	7.49051	7.75619	8.07285
0.016125	8.0282	8.2361	7.82588	7.55954	7.65057	8.05767	8.01476	7.67979	7.66729
0.0163	8.05655	8.09172	8.05895	7.784	8.03036	7.97524	8.00713	8.03918	7.7956
0.0164875	8.0403	7.78966	8.04712	7.97887	8.00172	8.15108	8.02885	7.86226	8.16883
0.0166625	8.00579	8.01	7.86859	7.70367	8.38377	7.75918	7.75359	7.91132	7.88061
0.01685	7.8038	7.66556	7.94742	7.74053	7.99763	7.81418	7.9479	8.03294	7.87798
0.0170375	8.34956	7.92591	8.19985	7.94278	7.76708	7.96315	7.99512	7.90052	7.89457
0.017225	8.14895	8.39495	7.93503	8.27768	8.22232	8.31464	7.73858	7.65546	7.73434
0.0174125	7.53869	8.0692	7.96663	8.30916	8.41223	8.38184	8.14739	7.85371	7.97735
0.0176	7.89828	7.81959	8.17243	7.91122	7.61038	8.09556	7.99849	7.7039	7.87954
0.0178	7.98829	7.98712	8.06507	8.03475	7.75827	7.68188	8.08381	7.78899	8.02847
0.0179875	8.08901	8.26981	8.13734	8.10905	8.139	7.91283	7.87483	7.68309	8.03684
0.0181875	8.31563	7.68477	8.24756	7.67132	8.04385	8.06725	8.11239	7.63069	8.04675
0.018375	7.93158	7.86008	8.09544	7.73144	7.98571	7.98613	7.93361	8.02566	8.05769
0.018575	7.99597	8.31917	8.05667	7.87628	7.63263	7.73878	8.01482	7.81647	7.94186
0.018775	7.93281	8.12923	7.84581	7.78054	8.18768	8.15946	8.30523	7.95826	8.00909
0.018975	7.82409	7.98541	8.01514	7.81705	7.95928	8.11368	7.9177	8.00358	7.87034
0.019175	7.9667	8.17523	8.17245	7.82993	7.89902	8.06923	7.90475	8.14449	7.53736
0.019375	7.94296	7.95212	7.99423	7.7435	7.57132	7.86166	7.88182	8.14964	7.90339
0.019575	8.03765	7.9227	8.0202	7.81849	8.08064	7.89216	8.03936	8.16248	7.7305
0.0197875	8.00772	8.0564	8.03884	8.06829	7.88925	7.66615	7.95346	8.03417	7.72316
0.0199875	8.37736	7.86824	7.78688	8.11338	7.89644	7.66034	7.89228	7.96604	7.85853
0.0202	8.07122	8.3036	7.96447	8.07893	8.03014	7.96163	7.94533	7.85449	7.82497
0.0204125	7.97272	7.87221	7.94348	7.90635	7.86908	7.89323	8.04111	7.70377	7.89084
0.020625	7.97731	7.97593	8.14129	7.91097	8.07002	7.94453	8.1618	8.04486	7.96812
0.0208375	7.99823	7.80481	8.22907	7.99015	7.96854	7.92077	8.24213	7.6885	8.0322
0.02105	7.74441	7.88922	7.86469	7.93666	7.79821	7.93051	7.89448	7.90852	8.05844
0.0212625	7.97211	7.75425	7.84774	8.00308	7.85045	7.9533	8.06717	8.11168	8.15729
0.021475	8.17697	7.80298	8.04554	7.96724	7.88048	7.77177	7.91812	8.02472	7.72275
0.0217	7.90232	7.93624	7.88015	7.85697	8.12629	7.80195	8.08589	7.9155	7.70622
0.0219125	7.84074	7.89342	8.01453	7.9493	8.08931	7.8359	7.94338	8.16016	8.0015
0.0221375	7.98424	8.26259	7.93681	7.80134	8.04977	7.75435	7.79349	7.84544	8.15111
0.0223625	8.22143	8.05772	8.06879	8.03043	8.07492	7.64371	7.70546	7.73201	7.93791
0.0225875	8.07844	8.05709	7.55833	7.87361	8.1916	7.956	7.6779	7.93558	7.98636
0.0228125	7.75224	7.89698	7.66528	7.96211	7.80634	8.13811	8.00541	7.7256	7.84141
0.0230375	8.09595	7.83404	7.83406	8.02842	7.862	7.90797	7.54671	7.85465	7.9928
0.0232625	8.10527	8.02255	7.86311	8.05031	7.62209	7.91171	7.95909	8.07672	7.93776
0.0235	8.06885	7.84648	7.94101	7.65481	8.00323	7.9253	7.85484	8.31001	7.98719
0.023725	8.15894	7.78847	8.03407	8.0027	8.16626	8.06215	7.77566	8.01323	8.2234
0.0239625	8.07596	8.12252	8.00135	8.13005	7.79771	8.05595	7.59242	7.86574	7.68091
0.0242	7.99969	7.89552	8.28346	7.90709	7.92917	7.97857	7.75727	8.01536	7.73515
0.0244375	7.91582	8.02482	8.1043	7.64956	7.8151	7.93674	8.10742	7.97775	7.75652
0.024675	8.27585	7.99268	8.09383	8.01754	8.06208	8.10246	7.80551	8.02742	8.08195
0.0249125	7.92723	7.72278	8.02064	7.99219	7.92075	7.57654	7.79342	7.84142	7.91685
0.02515	8.07467	7.73992	7.90594	7.98537	7.82444	7.82243	7.79893	7.81506	7.99116
0.0254	8.19303	8.16201	7.95491	7.99018	7.88369	8.00847	7.97085	7.88446	7.81038
0.02565	7.92519	8.00092	8.00755	7.80012	7.69584	8.02814	7.75441	7.91004	7.75816
0.0258875	7.71578	8.02077	7.8321	7.68996	7.98709	7.78204	8.0569	7.80555	7.95495
0.0261375	8.09141	8.22906	7.70526	7.91084	7.8051	8.01054	7.71213	7.91714	7.92519
0.0263875	7.7878	7.92418	7.9284	7.94889	7.88072	7.71338	7.8127	7.71299	7.91632
0.02665	7.82023	8.01691	7.87974	7.69685	7.76758	7.79912	7.69831	7.78825	7.61064
0.0269	8.02542	7.89344	8.2181	8.20311	8.24776	7.81237	7.97325	7.796	7.47065
0.02715	8.23269	7.62783	8.02461	8.01834	8.23681	7.83285	7.87413	7.78259	7.61608
0.0274125	7.94421	8.05565	7.96307	8.00003	8.04883	7.83541	7.78491	7.74587	7.86399
0.027675	7.83468	8.03813	7.83592	8.00353	7.91689	7.61344	7.35928	7.61105	8.01805
0.0279375	8.11842	7.83162	7.67879	7.98296	7.98755	7.88672	7.59033	8.20306	8.04343
0.0282	7.90162	7.95234	8.29777	7.95411	8.07881	7.87382	7.57696	8.04169	7.68888
0.0284625	7.8808	7.85594	8.11005	7.93075	8.09551	8.09281	8.01321	8.02858	7.59561
0.028725	7.95688	7.88246	7.76706	7.58205	7.68655	7.96293	7.87682	7.99757	7.82391
0.029	7.90974	7.86557	7.89568	7.89115	7.97412	7.85847	7.94326	7.70301	7.64885
0.0292625	7.72552	7.65705	8.05927	8.0545	7.69139	8.18248	8.15741	7.72686	7.73413
0.0295375	7.97095	7.95139	7.86487	7.96059	7.891	8.03212	7.90515	7.7275	7.94155
0.0298125	7.68905	7.90975	7.68811	8.07014	7.41485	8.17271	7.90363	7.93207	8.0191
0.0300875	7.9799	7.99026	8.00637	7.83868	8.01591	7.97779	7.73292	8.02659	8.03614
0.0303625	8.18553	8.0397	8.1872	7.86049	8.00159	7.89589	7.97915	7.80392	7.90043
0.03065	7.88615	8.00819	8.01012	8.1425	7.68579	8.15436	7.57223	7.91153	7.87135
0.030925	7.71377	8.02863	7.57712	8.03783	7.52227	8.04122	7.6636	7.72431	7.77212
0.0312125	7.86674	7.78617	7.58363	7.91837	7.96995	7.94929	7.76009	7.53807	7.50915
0.0315	7.88955	7.95016	7.76651	8.05786	7.91302	7.81751	7.90081	8.10856	7.78472
0.0317875	7.90986	8.09634	7.79726	7.85163	7.89457	7.97487	7.83351	8.00774	7.75232
0.032075	7.90769	8.06432	7.89369	7.95051	7.5352	7.90136	7.83006	7.96955	7.49944
0.0323625	7.83275	7.94614	8.00493	8.09299	7.9172	7.91678	7.53627	8.02079	7.92503
0.0326625	7.98628	7.71821	7.81919	7.83003	7.95145	8.0973	7.77046	7.71412	7.81119
0.03295	7.75564	7.85854	7.96646	8.08887	7.89979	8.30798	7.57908	7.70042	7.97883
0.03325	7.56512	7.96363	7.9061	7.95271	7.69353	7.77339	7.80612	7.7378	7.74501
0.03355	7.63651	8.12874	7.9191	8.1331	7.86825	7.98116	7.82559	7.66351	7.90055
0.03385	7.71244	8.18036	8.08962	8.06343	7.84887	7.89173	7.64982	8.2563	7.79517
0.0341625	7.76312	8.15224	7.789	7.84544	7.94175	7.85893	8.01731	7.83685	7.87966
0.0344625	7.80815	8.18333	7.88347	7.85991	7.81138	8.00185	7.77184	7.75077	8.01974
0.034775	7.88058	8.14044	8.16235	7.69993	7.77318	7.97132	7.87266	7.8169	7.94369
0.0350875	7.58869	8.01274	7.8008	7.98909	7.88746	7.66936	7.82554	7.82258	7.98556
0.0354	8.03875	7.97633	8.09157	7.93625	7.88792	7.74683	7.90797	7.92173	7.6459
0.0357125	8.16447	7.55774	7.88286	7.61642	7.92269	7.60004	7.90074	7.78979	7.7439
0.036025	8.19947	7.94549	7.87851	7.95263	7.68609	7.77562	7.83778	7.84898	7.88937
0.03635	7.99221	7.96119	8.03522	7.70622	7.99546	8.03514	7.90787	8.27438	7.80345
0.0366625	7.81163	7.85573	7.89932	7.73986	7.93799	8.12806	7.86667	7.84297	8.04266
0.0369875	7.91332	7.91036	7.71188	7.89695	7.57491	7.79394	7.9457	7.84542	8.05813
0.0373125	7.6709	7.86379	7.8811	7.76936	7.91909	7.99212	7.75022	7.76508	7.78106
0.0376375	8.02834	7.73744	7.67085	7.77131	7.77403	7.98446	7.90522	7.79174	7.81512
0.037975	7.80802	7.86476	7.73981	7.89652	7.8352	8.03714	7.9344	7.82863	7.82467
0.0383	7.88476	7.81972	7.67226	7.85589	7.73062	7.69241	7.77097	7.65248	7.98853
0.0386375	7.91537	7.97344	7.98141	7.78237	7.66956	7.73927	8.03593	7.66505	7.99436
0.038975	7.909	7.91067	7.86107	7.74513	7.66581	7.86763	7.79413	7.51316	7.89779
0.0393125	7.68185	7.95042	7.71815	8.05437	7.68285	7.84886	7.71445	8.10267	7.77323
0.0396625	7.94741	7.85709	7.72337	8.11193	7.64278	7.73039	7.70612	8.17284	7.5272
0.04	7.99485	7.88535	7.66995	7.61489	7.94245	7.89632	7.51008	7.76154	7.71267
0.04035	7.93633	7.83209	7.78956	8.11872	7.90512	7.73453	7.76201	7.86986	7.7296
0.0407	7.59302	7.85596	7.8599	7.80792	7.81502	7.91449	7.81273	7.82064	7.89779
0.04105	8.03583	7.92783	8.08049	7.70335	7.72746	7.69846	7.57215	7.84495	7.72924
0.0414	7.85073	7.8295	7.92358	7.66437	8.01746	7.71447	7.66936	7.75816	7.76452
0.0417625	7.9093	7.84803	8.15453	7.78369	7.81781	7.99595	7.57855	7.82446	7.88679
0.042125	7.97174	7.66157	7.97431	8.06193	8.2319	7.96048	7.5465	7.61889	7.75093
0.042475	7.89545	7.86659	7.9007	7.81586	7.93129	8.03137	7.8096	7.68551	7.84147
0.04285	8.03316	7.75704	7.82839	7.87151	7.78129	7.74521	7.55817	7.65882	7.84928
0.0432125	7.66267	7.75968	7.9843	7.60901	8.09325	7.87957	7.56735	7.72211	7.78522
0.043575	7.86	7.70711	8.02802	8.01331	7.71356	8.25774	7.81195	7.78105	7.84687
0.04395	7.87247	7.53189	7.99985	7.69288	7.87913	7.84152	7.75239	7.68147	7.81842
0.044325	7.73669	7.55122	7.87785	7.62725	7.9912	7.78899	7.43299	7.84413	7.79792
0.0447	7.67915	7.8026	7.6975	7.83377	7.85467	7.95198	7.68304	7.67872	7.82358
0.045075	7.70598	7.78035	7.98467	7.68938	7.77086	7.61461	7.81306	8.02277	7.73413
0.0454625	7.83054	7.96541	7.88296	7.75964	7.8217	8.13182	7.65336	7.96061	7.67081
0.04585	7.6561	7.71631	7.93573	7.74889	7.75395	7.91297	7.81269	7.77281	7.57213
0.0462375	7.66976	7.91873	7.89058	7.75547	7.95179	7.74853	7.454	7.92775	7.58369
0.046625	7.77316	7.82871	8.04768	7.90314	8.01081	7.86568	7.91667	7.97109	7.74507
0.0470125	7.56181	7.804	7.9367	7.69809	7.73357	7.71364	7.77609	7.81412	8.03563
0.0474125	7.81565	7.70708	7.8917	7.71148	7.828	7.61682	7.81865	7.80036	7.75972
0.0478125	7.86161	8.08431	8.22127	7.88617	7.7046	7.78738	7.67689	7.91388	7.85351
0.0482125	7.90092	7.82805	8.0035	7.8231	7.97304	7.83699	7.54881	7.70496	7.69437
0.0486125	7.90296	7.88002	7.84975	7.63223	7.75753	7.94655	7.80015	7.98472	7.5227
0.049025	7.97124	8.04152	7.88712	7.67918	7.74144	7.77621	7.4964	7.78738	7.62807
0.049425	7.71685	8.0868	8.15378	7.78274	7.61732	7.57022	7.65904	7.85003	7.93467
0.0498375	7.83554	8.03142	7.80195	7.84423	7.91883	7.82559	7.59493	7.83114	7.74358
0.05025	7.91183	7.80267	7.87605	8.12904	7.78043	7.7913	7.57957	7.66832	7.92717
0.050675	7.85224	7.87302	7.80139	7.8337	7.86438	7.76104	7.84924	7.86863	7.73875
0.0511	7.95334	7.93131	8.00445	7.84087	7.72342	7.85124	7.67584	7.88525	7.59253
0.0515125	7.54327	7.7662	8.03413	7.79763	8.00523	7.74864	7.5161	7.83776	7.74106
0.05195	7.79215	7.77681	7.97411	7.85561	7.90825	7.86711	7.55355	7.98808	7.67441
0.052375	7.83098	7.63668	8.06559	7.54053	7.89135	8.10784	7.47336	7.83195	7.89901
0.0528	7.85704	7.60654	7.69853	7.79808	7.66613	7.87515	7.71025	7.8364	7.74163
0.0532375	8.22706	7.64698	7.71038	7.77633	7.85222	7.89431	7.71766	7.93791	7.65974
0.053675	7.85697	7.68819	7.86598	7.65693	8.04878	7.70025	7.52235	7.47445	7.80562
0.054125	8.1017	7.85755	7.9718	7.64748	8.06239	7.56145	7.55303	7.55479	7.67506
0.0545625	7.91049	7.78523	8.10108	7.81405	7.86112	7.81643	7.70181	7.66668	7.80272
0.0550125	7.5417	8.02571	8.04065	7.71001	7.92347	7.71606	7.52536	7.85224	7.78193
0.0554625	7.72613	7.78464	8.06098	7.78181	7.97304	7.67398	7.41944	7.76478	7.65226
0.0559125	7.79481	7.77705	7.97468	7.54621	7.81716	7.7341	7.7104	8.10223	7.61233
0.056375	7.69342	7.87968	7.92218	7.83655	7.79739	7.65348	7.61638	7.98711	7.69056
0.0568375	7.73187	7.95752	7.90025	7.85688	8.02878	7.81687	7.76716	7.70258	7.75384
0.0573	7.64763	7.54636	7.90736	7.67947	7.81547	7.98171	7.74289	7.92406	7.65788
0.0577625	7.7415	7.78003	7.95796	7.83504	7.74914	7.93544	7.57111	7.77226	7.77893
0.0582375	7.92216	7.82675	7.92328	7.7059	7.81123	7.78469	7.4875	7.89553	8.03572
0.0587125	7.95811	7.96033	7.93168	7.6053	7.58646	7.83579	7.45586	7.97571	7.89329
0.0591875	7.9155	7.9427	7.66876	7.56311	7.63534	7.58836	7.75073	7.71643	7.87511
0.0596625	7.8787	7.80699	7.69025	7.598	7.74369	7.76065	7.54782	7.85535	7.54511
0.06015	7.66604	7.58093	7.79006	7.7845	7.87583	7.60656	7.84781	7.3754	7.66918
0.0606375	7.59595	7.92237	7.91877	7.69425	7.57696	7.64335	7.72145	7.64221	7.75671
0.061125	7.6268	7.76812	7.77666	7.7883	7.76532	7.82417	7.78711	7.69006	7.67966
0.0616125	7.81319	7.99682	7.77896	7.71725	7.74219	7.46414	7.78689	7.87148	7.72179
0.0621125	7.64837	7.81984	7.95733	7.69601	7.92846	7.64358	7.55038	7.68937	7.568
0.0626125	7.85898	7.78106	8.06734	7.52339	7.53316	7.81815	7.57173	7.47379	7.42545
0.0631125	8.0505	7.84271	7.78011	7.72483	7.74139	7.6168	7.60971	7.4044	7.61683
0.063625	7.68251	7.77788	7.76251	7.61566	7.89127	7.65621	7.8914	7.68724	7.58259
0.064125	7.76994	7.60693	7.6972	7.73088	7.93209	7.72277	7.65491	7.62642	7.74932
0.06465	7.8356	7.82619	7.71057	7.78471	7.80975	7.75802	7.68146	7.70403	7.66872
0.0651625	7.74919	7.75808	7.80962	7.87158	7.75707	7.91404	7.82531	7.81024	7.61929
0.0656875	7.82618	7.80364	7.9004	7.95695	7.82123	7.63767	7.52135	7.67759	7.58618
0.0662125	7.98071	7.5429	8.03159	7.75421	7.71164	7.73895	7.68188	7.74398	7.9155
0.0667375	7.62304	7.59645	7.60532	7.78937	7.86256	7.62222	7.40237	7.69029	7.62661
0.0672625	7.78968	7.71535	7.59525	7.61356	7.77443	7.73589	7.53219	7.66586	7.86286
0.0678	8.07806	7.70889	7.93788	7.77423	8.02448	7.58799	7.62902	7.64258	7.61459
0.0683375	7.96676	7.89045	7.90289	8.03104	7.70191	7.78108	7.48715	7.64976	7.84677
0.0688875	7.7571	7.96042	7.71132	7.69171	7.77914	7.6843	7.59728	7.62128	7.70816
0.0694375	7.7186	7.74442	7.58573	7.75004	7.71899	7.68862	7.73285	7.59985	7.60466
0.0699875	7.88057	7.64761	7.8071	7.87021	7.8702	7.59968	7.55822	7.5546	7.61326
0.0705375	7.7128	7.90483	7.86862	7.38527	7.81755	7.71169	7.42812	7.47405	7.48909
0.0711	7.86124	7.80235	7.71018	7.84651	7.91713	7.844	7.66453	7.76806	7.70909
0.0716625	7.90251	7.87363	7.78756	7.69775	7.73709	7.95452	7.6639	7.5714	7.61319
0.072225	7.70042	7.66817	7.75961	7.50952	7.62757	7.51761	7.83233	7.80467	7.80851
0.0728	7.89351	7.76435	7.83385	7.64864	7.80715	7.77626	7.69953	7.82587	7.75482
0.0733625	7.82351	7.68879	7.89357	7.60868	7.57432	7.46862	7.71699	7.39942	7.68293
0.07395	7.7527	7.7941	7.78571	7.71704	7.77551	7.62601	7.79563	7.83856	7.61455
0.074525	7.8818	7.57126	7.71047	7.88915	7.85036	7.51551	7.44227	7.47163	7.63571
0.0751125	7.79511	7.69136	7.84029	7.79378	7.85141	7.66655	7.58341	7.71145	7.5919
0.0757	7.60012	7.79745	7.77153	7.61054	7.65033	7.61213	7.61198	7.56874	7.514
0.0763	7.61807	7.74377	7.85502	7.49051	7.56506	7.51075	7.54057	7.40576	7.58933
0.0769	7.51197	7.72213	7.78407	7.75199	7.7957	7.74073	7.61964	7.77062	7.75174
0.0775	7.77606	7.71127	7.67251	7.52751	7.7934	7.50926	7.43157	7.8907	7.67631
0.0781	7.78757	7.71784	7.75336	7.81405	7.70687	7.74911	7.3624	7.70502	7.6932
0.0787125	7.55221	7.88238	7.78835	7.54904	7.65239	7.77519	7.41614	7.43423	7.68637
0.079325	7.60974	7.46777	7.66651	7.8665	7.87544	7.62378	7.48149	7.68319	7.65323
0.07995	7.85296	7.7337	7.90931	7.7099	7.49958	7.54714	7.64907	7.58976	7.54801
0.080575	7.81337	7.80864	7.85388	7.67814	7.51352	7.61644	7.3923	7.66574	7.53877
0.0812	7.43923	7.65908	7.91884	7.72388	7.65608	7.64903	7.48234	7.59541	7.77055
0.0818375	7.61276	7.80868	7.64049	7.7499	7.71852	7.47611	7.62886	7.58987	7.72364
0.082475	7.58819	7.45618	7.62652	7.69077	7.70367	7.66712	7.48226	7.71157	7.92407
0.0831125	7.57948	7.7769	7.53838	7.61405	7.58895	7.4866	7.59627	7.71489	7.72451
0.08375	7.65639	7.60476	7.76321	7.58322	7.80298	7.67473	7.66077	7.9808	7.69325
0.0844	7.60318	7.80222	7.64554	7.84566	7.79961	7.42079	7.59673	7.64481	7.81429
0.0850625	7.69773	7.58803	7.64246	7.53841	7.68786	7.41231	7.5781	7.46209	7.39097
0.085725	7.65185	7.70401	7.89793	7.65922	7.73545	7.88267	7.62706	7.78521	7.53966
0.0863875	7.64312	7.56775	7.58095	7.79351	7.68069	7.37708	7.46643	7.58619	7.66133
0.08705	7.63057	7.6561	7.69624	7.38061	7.58854	7.58243	7.3109	7.72896	7.56737
0.087725	7.64903	7.66469	7.77025	7.45489	7.51902	7.54596	7.71153	7.59001	7.63446
0.0884	7.4838	7.4259	7.73793	7.66595	7.83672	7.89345	7.62269	7.43758	7.32103
0.0890875	7.6098	7.51661	7.61984	7.54522	7.73614	7.786	7.29891	7.50412	7.59711
0.089775	7.71355	7.78244	7.74021	7.57935	7.65975	7.59345	7.62992	7.49384	7.6257
0.0904625	7.72598	7.72826	7.75675	7.65655	7.86253	7.7339	7.54014	7.49597	7.72891
0.0911625	7.77407	7.52888	7.80222	7.54203	7.51738	7.47863	7.38226	7.68161	7.47605
0.0918625	7.51749	7.67893	7.77235	7.56177	7.56545	7.62237	7.55719	7.54046	7.48377
0.0925625	7.79128	7.40252	7.716	7.50996	7.72019	7.70885	7.54385	7.53661	7.41769
0.093275	7.69832	7.73624	8.01219	7.70673	7.59051	7.31654	7.4228	7.53064	7.38801
0.0939875	7.43826	7.76034	7.75773	7.6352	7.73132	7.56278	7.49333	7.58698	7.41701
0.0947125	7.66221	7.77537	7.63291	7.35096	7.81527	7.50665	7.45386	7.45186	7.5412
0.0954375	7.65655	7.68152	7.68881	7.52398	7.60349	7.72963	7.57109	7.70643	7.60827
0.096175	7.59409	7.72629	7.79974	7.7002	7.67757	7.57066	7.39425	7.64433	7.58774
0.0969	7.68731	7.74855	7.62732	7.74894	7.77693	7.49526	7.24064	7.3333	7.56884
0.09765	7.5434	7.53877	7.64155	7.55683	7.54085	7.67863	7.44116	7.42424	7.61168
0.0983875	7.57189	7.41844	7.6513	7.55876	7.54545	7.50431	7.39391	7.56267	7.56211
0.09915	7.50606	7.40727	7.6588	7.4932	7.50971	7.65949	7.49241	7.50024	7.63546
0.0999	7.67603	7.65938	7.83099	7.57482	7.65506	7.6108	7.54817	7.54435	7.48669
0.100662	7.70623	7.64995	7.8803	7.53246	7.625	7.60824	7.4151	7.67146	7.47326
0.101425	7.49538	7.48962	7.74057	7.56671	7.56612	7.44764	7.3566	7.52413	7.48044
0.1022	7.66026	7.69236	7.61539	7.5995	7.58239	7.45624	7.44249	7.58129	7.44447
0.102975	7.56684	7.67104	7.6242	7.67867	7.51658	7.52279	7.46952	7.57899	7.24882
0.103762	7.66782	7.67156	7.74345	7.42693	7.55513	7.56683	7.48346	7.47828	7.46694
0.10455	7.65551	7.3733	7.82525	7.56617	7.75477	7.47618	7.22154	7.34111	7.29091
0.10535	7.44405	7.73029	7.52577	7.47263	7.54247	7.54082	7.5874	7.43504	7.5688
0.10615	7.51276	7.66994	7.688	7.3872	7.56494	7.47842	7.3286	7.70173	7.51931
0.10695	7.52898	7.60019	7.62529	7.39457	7.60694	7.3545	7.35061	7.44017	7.47413
0.107763	7.71951	7.51115	7.7807	7.63421	7.53415	7.67775	7.33134	7.66737	7.47587
0.108575	7.41623	7.51496	7.61606	7.4874	7.5097	7.50715	7.40026	7.53015	7.60816
0.1094	7.36679	7.41166	7.56093	7.40548	7.48564	7.64269	7.56267	7.55084	7.3784
0.110225	7.58847	7.68983	7.76534	7.62879	7.44421	7.55616	7.39557	7.44429	7.43572
0.111062	7.59686	7.40028	7.70956	7.48142	7.57146	7.64144	7.27928	7.58075	7.58698
0.1119	7.56143	7.70508	7.80541	7.5555	7.56806	7.53349	7.38787	7.37842	7.53873
0.11275	7.40575	7.5088	7.76947	7.53545	7.52235	7.41811	7.37412	7.40242	7.30914
0.1136	7.54652	7.54527	7.64611	7.59819	7.63126	7.35772	7.39221	7.46499	7.50232
0.11445	7.65967	7.33172	7.46608	7.41241	7.64821	7.49644	7.38975	7.5466	7.51905
0.115313	7.44241	7.34311	7.5352	7.34826	7.41228	7.564	7.34698	7.44936	7.36329
0.116187	7.4205	7.66751	7.57712	7.55445	7.70854	7.54838	7.45002	7.45484	7.43233
0.117063	7.35097	7.59169	7.60365	7.55467	7.78889	7.54628	7.31944	7.32871	7.37826
0.117937	7.43643	7.49659	7.55647	7.57062	7.43902	7.53329	7.41871	7.37703	7.36983
0.118825	7.44219	7.63048	7.60036	7.45942	7.6065	7.61032	7.48879	7.40785	7.30548
0.119713	7.46466	7.59712	7.65485	7.55014	7.55167	7.42196	7.57636	7.29316	7.31361
0.120613	7.4109	7.72466	7.51633	7.38439	7.61922	7.42928	7.59167	7.49181	7.41138
0.121525	7.53239	7.49904	7.58959	7.43102	7.33228	7.40033	7.3541	7.41788	7.27902
0.122437	7.33027	7.59775	7.44124	7.37802	7.407	7.37144	7.44618	7.29519	7.30677
0.12335	7.58285	7.69508	7.56481	7.20115	7.35171	7.34041	7.34632	7.17471	7.46814
0.124275	7.51775	7.521	7.6579	7.36388	7.40566	7.55173	7.42659	7.39519	7.35036
0.125213	7.57445	7.45248	7.63413	7.3258	7.63117	7.40738	7.31175	7.49102	7.44891
0.12615	7.47293	7.49048	7.54692	7.53725	7.51973	7.49676	7.32152	7.41231	7.5806
0.127088	7.45516	7.67024	7.62922	7.43541	7.52658	7.38009	7.29836	7.35251	7.4591
0.128037	7.47911	7.54083	7.61815	7.35201	7.33554	7.38759	7.35462	7.80823	7.56492
0.129	7.42004	7.47845	7.39708	7.33146	7.42127	7.50301	7.31216	7.41089	7.50948
0.129963	7.52813	7.443	7.43737	7.39106	7.4483	7.4916	7.43963	7.32645	7.29503
0.130925	7.34861	7.44634	7.59537	7.34179	7.36254	7.42802	7.48949	7.45851	7.48415
0.1319	7.37885	7.41731	7.51971	7.386	7.40936	7.28111	7.35763	7.35661	7.44054
0.132887	7.26939	7.47842	7.66273	7.37895	7.44985	7.41121	7.36639	7.33323	7.48634
0.133875	7.55698	7.39765	7.40683	7.40742	7.49585	7.60989	7.11273	7.44915	7.4745
0.134875	7.46426	7.46609	7.39701	7.40313	7.50724	7.41358	7.37383	7.43727	7.37914
0.135888	7.56761	7.47735	7.41137	7.40756	7.46073	7.31884	7.45575	7.36049	7.34439
0.136888	7.43326	7.49446	7.49718	7.55503	7.51025	7.31841	7.19997	7.31271	7.36957
0.137912	7.39672	7.44887	7.45099	7.34569	7.4232	7.25817	7.22092	7.24194	7.45907
0.138938	7.23118	7.28304	7.50481	7.31397	7.49149	7.23606	7.28743	7.26359	7.24286
0.139962	7.22742	7.32616	7.56643	7.26328	7.40278	7.25615	7.2756	7.37616	7.30862
0.141013	7.50771	7.46487	7.41308	7.53177	7.60806	7.23797	7.25682	7.40854	7.39457
0.14205	7.33659	7.43445	7.64789	7.14497	7.39213	7.28065	7.25825	7.44344	7.32107
0.143112	7.42326	7.23041	7.55979	7.50469	7.52464	7.20712	7.23696	7.36904	7.30632
0.144175	7.4054	7.50104	7.44126	7.33231	7.42362	7.34337	7.32017	7.32096	7.32812
0.145238	7.23165	7.21276	7.31457	7.33756	7.35712	7.38209	7.08782	7.17439	7.51375
0.146313	7.40424	7.43523	7.44242	7.26997	7.44394	7.30861	7.34184	7.31775	7.22094
0.1474	7.52935	7.26596	7.46209	7.30937	7.40673	7.27842	6.99596	7.26807	7.56848
0.148487	7.30478	7.49109	7.43326	7.27669	7.33439	7.38306	7.45892	7.43904	7.17287
0.149587	7.35726	7.497	7.38611	7.33944	7.36346	7.15947	7.42048	7.28929	7.25215
0.1507	7.37045	7.40741	7.40526	7.37837	7.38887	7.16945	7.21514	7.20418	7.32669
0.151812	7.23006	7.2562	7.33052	7.29604	7.37315	7.41137	7.16673	7.28488	7.24884
0.152925	7.60505	7.59667	7.42082	7.23244	7.41844	7.44761	7.28423	7.21395	7.32522
0.154062	7.4593	7.42571	7.46573	7.36599	7.6031	7.3218	7.25558	7.38695	7.11433
0.1552	7.35681	7.41852	7.52827	7.2044	7.34607	7.35956	7.2474	7.21903	7.28785
0.156337	7.446	7.45309	7.52884	7.23297	7.47704	7.41716	7.26261	7.14698	7.31497
0.1575	7.57382	7.47256	7.49047	7.37766	7.38177	7.25477	7.33861	7.16403	7.32174
0.15865	7.42325	7.34617	7.36517	7.34784	7.43814	7.22073	7.13119	7.06875	7.39439
0.159825	7.53562	7.32869	7.40766	7.21588	7.41458	7.19306	7.28	7.10453	7.36309
0.161	7.19711	7.32005	7.50624	7.26872	7.30938	7.35275	7.34915	7.41759	7.21103
0.162188	7.16297	7.14229	7.24849	7.37308	7.27114	7.29285	7.1565	7.43646	7.26483
0.163375	7.27969	7.43269	7.25902	7.33678	7.43741	7.25644	7.18759	7.1846	7.23317
0.164587	7.29201	7.37758	7.52864	7.29486	7.27507	7.20272	7.18138	7.37204	7.1952
0.165788	7.3176	7.21536	7.49899	7.20733	7.25577	7.16594	7.26447	7.31314	7.17037
0.167012	7.19266	7.21931	7.41029	7.35261	7.24544	7.27389	7.14436	7.35378	7.22805
0.168238	7.45516	7.23737	7.19412	7.43088	7.4268	7.19453	7.30315	7.31165	7.31793
0.169475	7.2875	7.22553	7.48552	7.39158	7.42924	7.19586	7.17231	7.27609	7.23963
0.170713	7.16682	7.26503	7.44133	7.11146	7.4217	7.07803	7.31018	7.27344	7.06997
0.171975	7.19426	7.20697	7.38522	7.2944	7.42331	7.28342	7.36063	7.18361	7.15081
0.173238	7.29386	7.3165	7.54409	7.18864	7.32957	7.19293	7.30445	7.21786	6.98437
0.1745	7.22431	7.36306	7.38792	7.13433	7.20479	7.11093	7.22569	7.32776	7.21923
0.175775	7.3493	7.27964	7.37655	7.21577	7.52775	7.19795	7.14279	7.30617	7.30393
0.177062	7.24815	7.24393	7.43374	7.38306	7.3188	7.29881	7.1438	7.25472	7.15666
0.178363	7.21341	7.34797	7.40179	7.18298	7.33769	7.22414	7.3269	7.39162	7.09797
0.179675	7.25842	7.2407	7.43463	7.31248	7.24837	7.41021	7.21751	7.27275	7.04297
0.180988	7.32085	7.24703	7.35776	7.18138	7.40765	7.23437	7.19555	7.1404	7.26735
0.182313	7.2979	7.13572	7.41135	7.30803	7.37674	7.14373	7.1404	7.41559	7.16587
0.183637	7.29682	7.21732	7.35172	7.22558	7.2881	7.1443	7.27379	7.28371	7.24246
0.184988	7.18053	7.28537	7.41898	7.15141	7.194	7.15729	7.20576	7.05849	7.40449
0.186338	7.34346	7.35987	7.51297	7.19398	7.31533	7.15157	7.14722	7.227	7.21677
0.1877	7.17928	7.27711	7.45931	7.15729	7.41112	7.11569	7.06133	7.33289	7.18639
0.189063	7.20231	7.12631	7.39438	7.24424	7.30926	7.14741	7.22388	7.21607	7.23318
0.19045	7.2282	7.26444	7.22267	7.29253	7.2545	7.14477	7.19385	7.24187	7.25393
0.191838	7.21617	7.28217	7.41853	7.28134	7.19634	7.10552	7.15637	7.25578	7.11857
0.193237	7.3004	7.2833	7.3262	7.16451	7.34808	6.93691	7.15509	7.30724	7.16564
0.19465	7.28358	7.2233	7.27189	7.26106	7.26737	7.14566	7.23426	7.22609	7.11787
0.196063	7.18129	7.29096	7.22658	7.22733	7.22318	7.10712	7.1663	7.19514	7.22382
0.197488	7.16855	7.14601	7.26725	7.07842	7.1655	7.24004	7.12036	7.17774	7.20995
0.198925	7.18232	7.33604	7.38338	7.16341	7.20421	7.03734	7.09667	7.11152	7.24103
0.200375	7.19317	7.29303	7.30757	7.17214	7.18262	7.16621	7.02063	7.16291	7.16997
0.201837	7.01977	7.15506	7.29597	7.13643	7.19438	7.13972	6.96102	7.25814	7.06107
0.2033	7.12956	7.1375	7.25083	7.09958	7.25936	7.06622	7.12764	7.14851	7.13503
0.204787	7.21758	7.16322	7.22584	7.28912	7.33819	7.21587	7.14474	7.15113	7.09036
0.206275	7.22732	7.13847	7.27489	7.25852	7.33936	7.11535	7.18696	7.28708	7.153
0.207775	7.13277	7.22731	7.3142	7.14925	7.18265	7.24219	7.0018	7.08356	7.17682
0.209275	7.26213	7.22232	7.42467	7.11545	7.26294	7.0726	7.093	7.08988	6.9316
0.2108	7.03775	7.24774	7.3259	7.29403	7.16968	7.02534	7.04327	7.1812	7.04857
0.212325	7.21538	7.27724	7.26184	7.18704	7.24257	7.07809	6.96619	7.16786	7.05426
0.213875	7.17194	7.19907	7.30627	7.05853	7.1951	6.98674	6.96763	7.23367	7.17024
0.215425	7.12864	7.09033	7.25307	7.05567	7.08141	7.14088	7.09944	7.13158	7.08981
0.216988	7.07212	7.31617	7.36521	7.10327	7.21491	7.14874	7.02658	7.07554	7.13573
0.218562	7.22243	7.09661	7.32938	7.09899	7.2162	7.09263	7.08317	7.15185	7.20643
0.22015	7.19324	7.13851	7.19111	7.23086	7.17161	7.0763	7.2193	7.15232	7.1483
0.221738	7.15667	7.0706	7.33156	7.17838	7.16516	7.07924	6.99181	7.0774	7.12871
0.22335	7.13908	7.07271	7.24111	7.10177	7.15375	7.04843	7.02712	7.06635	7.18401
0.224963	7.13285	7.17102	7.2281	7.09006	7.29093	7.05624	7.0613	7.07794	7.09861
0.226588	7.15908	7.18162	7.36513	7.22413	7.1851	7.0876	7.17081	7.04618	7.04055
0.228237	7.05956	7.13364	7.19829	7.20413	7.16435	6.86957	6.90858	7.14125	6.96359
0.229888	7.09211	7.17474	7.28824	7.04663	6.97558	7.10544	6.90978	7.0141	7.01219
0.23155	7.08221	7.19771	7.10781	7.07564	7.13643	7.13089	7.02234	6.9921	6.98563
0.233225	7.14122	7.10186	7.24221	7.24196	7.16361	7.00179	7.01632	7.12659	7.20143
0.234912	7.02332	7.15814	7.15865	7.04586	6.97938	7.12719	6.91039	7.04883	7.11901
0.2366	7.17154	7.1606	7.2863	7.16031	7.19584	7.02608	6.98446	7.12445	7.08403
0.238312	7.02627	6.99843	7.32834	7.19637	7.23548	7.05609	7.0148	7.04831	7.13767
0.240038	7.04266	7.19783	7.35283	7.07884	7.14653	7.02949	6.93607	7.1298	6.99669
0.241763	7.18941	7.00117	7.19449	6.99365	7.29588	7.05522	6.95522	7.01117	7.08253
0.243512	7.07413	7.04002	7.27755	7.03464	7.05585	7.14818	7.116	7.07663	7.04946
0.245275	7.19623	7.20975	7.26779	7.09874	7.21084	7.02317	6.90495	7.08168	6.95579
0.247038	7.01482	7.14022	7.09866	7.02133	7.20526	7.14663	6.89769	6.97858	7.08425
0.248825	7.14614	7.14644	7.25688	6.90872	7.01014	7.06178	7.01913	7.15787	6.87623
0.250612	7.10381	7.10795	7.23439	7.03393	7.15561	6.96646	6.97066	7.04897	6.95992
0.252425	7.10133	6.99305	7.18549	6.93451	7.1258	6.97019	6.98141	7.07779	7.07271
0.254238	7.08469	7.03847	7.13968	6.9339	7.18766	7.00337	7.03651	7.0779	6.95995
0.256075	6.94199	7.09404	7.13778	7.05062	7.10727	7.0094	6.96049	7.08042	7.06362
0.257912	7.10836	7.04656	7.16108	7.10868	7.09224	6.92814	7.01979	6.9589	6.9846
0.259775	7.02281	7.02865	7.22022	7.01645	7.11012	6.93519	7.0096	7.03919	6.91701
0.26165	7.03666	6.99109	6.97092	6.97528	7.20926	6.94709	6.99683	6.9292	6.95358
0.263525	7.13263	7.11239	7.17733	7.08574	7.19829	6.98234	6.87071	7.00475	7.0909
0.265425	7.09569	7.10829	7.19337	7.11532	7.06911	7.04997	6.88049	6.90327	6.88871
0.267338	7.02337	7.14868	7.10392	7.05301	6.99512	7.01215	6.93776	7.00321	6.98477
0.26925	6.90442	7.20696	7.19134	6.99684	6.97529	6.9647	6.85783	6.93606	7.07633
0.271188	7.08476	7.02494	7.07842	7.09171	7.05405	7.04459	6.87471	7.07915	7.06401
0.273138	7.11213	7.0671	7.0709	7.02706	6.99941	6.99307	6.8938	7.07844	6.98642
0.2751	7.03907	6.98717	7.13714	6.97401	7.02137	6.96738	7.01541	6.96757	7.00954
0.277075	6.96632	6.94325	7.15919	7.07207	7.11148	6.86838	6.88319	6.91034	6.94033
0.279063	6.98838	7.05644	7.10294	7.01092	7.07123	7.09756	6.93483	6.98575	6.94096
0.281075	6.92176	7.11101	7.22642	7.01029	7.04109	6.87923	7.08633	6.97332	6.9763
0.283087	7.0369	7.01918	7.11133	6.96868	6.98305	6.90032	6.90341	6.85937	6.872
0.285125	6.94473	7.0275	7.15891	6.96196	6.97113	6.94025	6.82566	6.8938	7.03835
0.287163	6.95667	7.04127	7.10804	7.07898	7.04533	6.84588	6.84625	6.89244	6.93091
0.289225	7.07542	7.05604	7.09283	6.98332	7.04873	6.88597	7.00117	6.94481	6.88737
0.2913	7.05193	6.97414	7.06871	6.94926	6.87154	6.90724	6.97422	6.84173	6.90058
0.293388	6.99519	7.04478	7.17575	6.82192	7.1103	6.97907	6.9317	6.88206	6.91016
0.295487	6.82151	6.89099	7.1565	6.95815	7.0651	6.89195	6.84256	6.96628	6.92609
0.297612	7.10256	6.9459	7.15287	6.89303	7.00148	6.88518	6.89351	6.89863	6.88899
0.299738	6.95686	7.11389	7.04835	7.04395	6.96365	7.03663	6.91453	6.86109	6.86757
0.301888	7.02051	7.01442	7.12501	6.9282	6.87839	6.96993	6.98136	6.92125	6.92405
0.30405	6.95305	6.97969	7.08152	6.97126	7.04967	6.97457	6.8158	6.88809	6.87771
0.306225	6.96841	6.92982	7.00153	6.80473	7.01267	6.90781	6.87037	6.9125	7.00806
0.308425	6.88212	6.88776	7.00554	6.93899	7.00182	6.98661	6.86694	7.06974	6.8607
0.310625	6.93173	6.93694	6.92843	6.84961	6.96911	6.98147	6.80593	6.95659	6.91513
0.31285	6.9807	6.99127	7.0621	7.06225	7.08169	6.8127	6.77692	6.85645	6.92183
0.315087	6.9358	6.89067	7.02587	6.98539	7.02716	6.87176	6.80793	6.8993	6.87691
0.317338	6.99387	6.95549	7.10642	6.95055	7.00068	6.79465	6.83003	6.898	6.8408
0.319613	6.8927	7.00297	7.07115	6.85636	7.07923	6.86032	6.9917	6.84989	6.83043
0.3219	6.86502	6.95324	6.98958	6.96133	7.05437	6.82008	6.78205	6.84074	6.87959
0.3242	6.90982	6.98742	7.0393	6.84825	7.02083	6.85919	6.87042	6.803	6.72055
0.326512	6.9953	7.05703	7.01861	6.95573	7.02395	6.94007	6.82663	6.81618	6.81528
0.32885	6.96333	7.0284	6.95907	6.89611	6.92635	6.87553	6.86594	6.79132	6.81465
0.331187	6.91025	6.93766	7.12354	6.87964	6.93223	6.77195	6.87008	6.84801	6.79776
0.333562	6.86381	6.93038	7.06823	6.75464	6.99839	6.77473	6.79529	6.84913	6.9107
0.335938	6.94079	6.90442	6.90513	6.90805	6.99576	6.88545	6.8229	6.87403	6.99728
0.338338	6.92562	6.87832	6.97579	6.87281	6.8984	6.88323	6.77773	6.98348	6.89381
0.34075	6.90255	6.88587	6.84097	6.80985	6.92005	6.83689	6.85233	6.8474	6.85599
0.343188	6.86338	6.76865	7.00391	6.83453	7.02035	6.76752	6.81802	6.83439	6.84161
0.345638	6.90158	6.83794	6.97778	6.90407	6.90402	6.83633	6.9094	6.85109	6.8724
0.3481	6.93553	6.83283	6.87691	6.92901	6.8951	6.93028	6.8539	6.9075	6.85335
0.350575	6.86656	6.91257	6.97947	6.91501	6.95972	6.85691	6.7986	6.80298	6.85377
0.353075	6.87216	7.00191	7.00155	6.8152	6.87356	6.81182	6.65334	6.9429	6.75747
0.3556	6.86429	6.98908	7.01926	6.83754	7.03975	6.79441	6.7885	6.86985	6.78875
0.358125	6.90344	6.81572	7.02067	6.75666	6.89775	6.71651	6.83081	6.83393	6.85114
0.360675	6.73843	6.83908	6.92025	6.83196	6.91638	6.80611	6.68281	6.80516	6.82544
0.36325	6.91281	6.89542	6.92232	6.80003	6.97397	6.81894	6.7086	6.79026	6.78324
0.365838	6.92368	6.86237	6.90522	6.98447	6.91884	6.78737	6.73005	6.93437	6.80636
0.368437	6.89748	6.85624	6.83184	6.8307	6.84413	6.78787	6.73973	6.7915	6.83103
0.371062	6.76661	6.83444	6.95622	6.75255	6.97073	6.79118	6.86983	6.84273	6.82092
0.373713	6.81688	6.88822	6.93911	6.96545	6.92416	6.89351	6.79271	6.84485	6.72032
0.376363	6.81822	6.82658	6.88083	6.86408	6.82053	6.78728	6.75479	6.74061	6.77493
0.37905	6.88144	6.87967	6.92116	6.79991	6.94202	6.75723	6.69483	6.76322	6.74228
0.381738	6.78131	6.79316	6.8512	6.84901	6.85669	6.7592	6.71485	6.7857	6.75896
0.384463	6.75593	6.72316	6.84649	6.8849	6.95223	6.77382	6.83186	6.76114	6.77894
0.387188	6.82915	6.84178	6.86271	6.81181	6.94444	6.69993	6.63528	6.70353	6.83281
0.38995	6.8045	6.90489	6.92852	6.83359	6.89205	6.70894	6.86871	6.78269	6.81294
0.392713	6.92529	6.79793	6.88509	6.87827	6.93684	6.81326	6.64762	6.69143	6.84852
0.395512	6.77554	6.78823	6.92977	6.62207	6.86364	6.69861	6.78001	6.76588	6.75952
0.398325	6.85571	6.81951	6.9132	6.84305	6.82621	6.79139	6.74712	6.82503	6.60859
0.40115	6.70672	6.83382	6.90879	6.82084	6.92617	6.78703	6.74675	6.8717	6.69879
0.404	6.88928	6.72041	6.8492	6.76411	6.83176	6.79052	6.64948	6.80249	6.75686
0.406875	6.8399	6.76978	6.91612	6.80958	6.92827	6.85347	6.69687	6.70413	6.61747
0.409763	6.79042	6.82454	6.88236	6.78214	6.93651	6.68769	6.74474	6.61798	6.76111
0.412663	6.7087	6.85433	6.88215	6.80437	6.93924	6.70365	6.73833	6.78888	6.76165
0.4156	6.75756	6.86511	6.92035	6.82489	6.75327	6.70155	6.80922	6.74572	6.68521
0.41855	6.78195	6.82293	6.84392	6.79966	6.82965	6.62018	6.72224	6.76504	6.72172
0.421525	6.7717	6.78414	6.82729	6.82883	6.80821	6.7897	6.69163	6.67358	6.67243
0.424513	6.71254	6.84047	6.87401	6.76411	6.88307	6.80756	6.77231	6.6694	6.63393
0.427525	6.61734	6.83833	6.82875	6.67396	6.8331	6.64813	6.70297	6.73592	6.77475
0.43055	6.71217	6.88669	6.88121	6.82843	6.79406	6.78374	6.75647	6.77689	6.80729
0.433612	6.73211	6.89755	6.87765	6.77066	6.84781	6.72149	6.69901	6.70749	6.74553
0.436687	6.77957	6.79445	6.77019	6.73387	6.83028	6.7033	6.69272	6.7932	6.72556
0.439775	6.80365	6.75723	6.83523	6.80524	6.86067	6.73267	6.64551	6.6086	6.82102
0.4429	6.779	6.79823	6.79779	6.78989	6.76049	6.74956	6.7087	6.65501	6.64245
0.446038	6.77884	6.7588	6.90719	6.83037	6.89683	6.71854	6.67257	6.73515	6.76056
0.4492	6.80341	6.8198	6.80162	6.76959	6.82079	6.7456	6.66932	6.77617	6.76636
0.452375	6.79987	6.73045	6.80907	6.72079	6.71915	6.77489	6.6414	6.69902	6.59802
0.455588	6.78996	6.7872	6.76856	6.80179	6.78913	6.74154	6.75408	6.74199	6.64171
0.458813	6.69261	6.84763	6.81776	6.74533	6.75973	6.6742	6.68373	6.75762	6.66353
0.462063	6.81995	6.75578	6.84396	6.70314	6.84248	6.73192	6.77628	6.71005	6.57498
0.465338	6.78229	6.79014	6.84635	6.74293	6.80264	6.61767	6.67809	6.681	6.71359
0.468625	6.72503	6.82906	6.79914	6.72138	6.85393	6.64448	6.66141	6.72027	6.73036
0.47195	6.71659	6.73232	6.9001	6.71061	6.80853	6.65589	6.58026	6.70138	6.6503
0.475287	6.73517	6.82804	6.70347	6.68135	6.81343	6.6248	6.65362	6.75121	6.64861
0.47865	6.76494	6.61099	6.81236	6.67772	6.76532	6.73588	6.65099	6.8275	6.6707
0.482038	6.65007	6.70264	6.88835	6.80266	6.77407	6.6266	6.63366	6.65916	6.72088
0.48545	6.71765	6.61366	6.72675	6.7445	6.77041	6.70921	6.65994	6.69033	6.65208
0.488887	6.73246	6.66613	6.8312	6.71533	6.81742	6.60767	6.66135	6.68245	6.5795
0.492337	6.7059	6.73827	6.69089	6.66	6.81162	6.59095	6.596	6.69621	6.6267
0.495825	6.76515	6.7675	6.8419	6.61885	6.80046	6.70686	6.61561	6.65297	6.59539
0.499325	6.70196	6.66876	6.83511	6.6671	6.81563	6.6938	6.64786	6.6526	6.60629
0.502863	6.74877	6.7507	6.79052	6.5916	6.67985	6.63163	6.58959	6.66381	6.63488
0.506413	6.63332	6.81447	6.76304	6.7138	6.75394	6.70343	6.54476	6.68451	6.61892
0.51	6.69172	6.73004	6.77869	6.67134	6.75392	6.70873	6.65887	6.71065	6.62409
0.5136	6.69395	6.69685	6.79661	6.69561	6.70818	6.58046	6.64431	6.64993	6.62346
0.517225	6.63503	6.64246	6.74122	6.71239	6.77061	6.71564	6.56793	6.68915	6.58532
0.520887	6.64187	6.73201	6.76565	6.68473	6.66549	6.62444	6.54534	6.64641	6.55799
0.524562	6.67495	6.68426	6.8783	6.63266	6.81927	6.62536	6.59854	6.63281	6.6555
0.528275	6.61735	6.66881	6.70617	6.6514	6.8018	6.63369	6.55651	6.64901	6.62409
0.532	6.72916	6.64688	6.73468	6.65325	6.72471	6.7089	6.53674	6.60917	6.57629
0.535762	6.66625	6.67677	6.79613	6.63807	6.69043	6.63869	6.58005	6.62072	6.66945
0.539537	6.70919	6.66293	6.77294	6.66652	6.76073	6.56283	6.59679	6.60085	6.62024
0.54335	6.58678	6.6624	6.79828	6.62625	6.70366	6.69531	6.47772	6.66429	6.69499
0.547188	6.72175	6.66403	6.78967	6.69247	6.72907	6.58924	6.55673	6.61934	6.62518
0.55105	6.65332	6.65157	6.76832	6.63224	6.76802	6.59041	6.5838	6.66144	6.66313
0.554937	6.70754	6.73606	6.76504	6.65686	6.78579	6.59228	6.60705	6.64533	6.62032
0.55885	6.70643	6.68235	6.74743	6.63679	6.77318	6.5938	6.55012	6.60451	6.60823
0.5628	6.59198	6.70173	6.70302	6.63208	6.70236	6.51258	6.57915	6.60016	6.58539
0.566763	6.66428	6.78818	6.74809	6.55832	6.75017	6.61688	6.51626	6.63187	6.65562
0.570763	6.68311	6.63701	6.79983	6.67759	6.75949	6.53345	6.5843	6.61748	6.57901
0.574787	6.53524	6.6871	6.73928	6.6947	6.79004	6.61416	6.60739	6.66482	6.54345
0.578838	6.69191	6.68476	6.81382	6.65182	6.70125	6.59818	6.53332	6.61697	6.53502
0.582925	6.62851	6.69155	6.71161	6.67848	6.71438	6.57591	6.59621	6.56924	6.61684
0.587038	6.65951	6.67531	6.68942	6.64568	6.64442	6.60276	6.55686	6.5465	6.59793
0.591175	6.64925	6.54303	6.74309	6.66297	6.71135	6.50125	6.48895	6.64805	6.52409
0.595338	6.62709	6.69414	6.64901	6.61491	6.71118	6.64887	6.56222	6.60175	6.56808
0.599537	6.70888	6.61599	6.81587	6.65782	6.67306	6.51548	6.56615	6.5553	6.64563
0.603763	6.59784	6.58299	6.71283	6.60003	6.8172	6.61633	6.55349	6.55014	6.68881
0.608012	6.64559	6.60191	6.76279	6.64677	6.7303	6.69092	6.48196	6.60205	6.49243
0.6123	6.6737	6.60802	6.60925	6.62086	6.70394	6.63942	6.5973	6.65165	6.51313
0.616612	6.55597	6.65431	6.73475	6.61272	6.62304	6.58352	6.50757	6.62617	6.57484
0.620963	6.61782	6.7201	6.70365	6.55985	6.64954	6.55832	6.55767	6.47228	6.59585
0.625325	6.58764	6.66379	6.71921	6.61673	6.72231	6.59473	6.49791	6.51081	6.51214
0.629737	6.67179	6.64812	6.71024	6.54271	6.69309	6.61848	6.43095	6.64669	6.58307
0.634175	6.52189	6.63779	6.66898	6.55503	6.68597	6.56329	6.44382	6.55096	6.54811
0.638637	6.57654	6.62159	6.66789	6.58981	6.6772	6.6213	6.50347	6.54183	6.57928
0.643125	6.61546	6.67948	6.64091	6.61233	6.65464	6.62526	6.48223	6.5751	6.54022
0.647663	6.6053	6.65113	6.66789	6.62519	6.65065	6.47444	6.51197	6.59664	6.61437
0.652213	6.5788	6.69355	6.73253	6.58952	6.63551	6.50615	6.42985	6.51338	6.53485
0.656812	6.62751	6.65283	6.69344	6.54773	6.66717	6.56579	6.48882	6.60138	6.49976
0.661425	6.50818	6.57118	6.6825	6.57377	6.69511	6.5703	6.55527	6.57133	6.53417
0.666088	6.67046	6.60584	6.69746	6.60263	6.64787	6.58329	6.48089	6.55518	6.49685
0.670775	6.56964	6.61452	6.67042	6.56698	6.63692	6.56867	6.52947	6.5876	6.49655
0.675488	6.60391	6.62622	6.65348	6.59694	6.66082	6.56436	6.43241	6.50754	6.53897
0.680237	6.62666	6.60921	6.64742	6.60068	6.70082	6.58405	6.54318	6.57576	6.50753
0.685025	6.56169	6.64951	6.69412	6.57872	6.67791	6.52041	6.51334	6.55004	6.50487
0.689838	6.56992	6.66397	6.69174	6.49904	6.64825	6.58993	6.46227	6.56006	6.5365
0.694687	6.5687	6.62949	6.58168	6.48447	6.64266	6.48118	6.50142	6.55285	6.53969
0.699575	6.51806	6.5507	6.63345	6.54686	6.68285	6.49002	6.52387	6.6058	6.5156
0.7045	6.63657	6.61177	6.68419	6.58834	6.64449	6.50666	6.53597	6.55041	6.5859
0.70945	6.57262	6.62527	6.70056	6.56209	6.63687	6.61407	6.49142	6.56648	6.53912
0.714437	6.60849	6.62293	6.6444	6.56346	6.6072	6.56548	6.4868	6.56203	6.53426
0.719463	6.56735	6.57825	6.61742	6.57449	6.67313	6.45666	6.54049	6.52101	6.54172
0.724513	6.52472	6.65632	6.61507	6.57172	6.63805	6.55541	6.4812	6.49353	6.49913
0.7296	6.59294	6.67148	6.60246	6.5478	6.71605	6.5003	6.49338	6.57865	6.48301
0.734738	6.54793	6.55149	6.66141	6.56228	6.60693	6.48852	6.54983	6.514	6.52382
0.7399	6.55015	6.62823	6.74134	6.53731	6.67991	6.48143	6.50308	6.56175	6.47704
0.745088	6.52027	6.52524	6.59	6.56797	6.59551	6.49635	6.42348	6.56581	6.49718
0.750325	6.55402	6.58481	6.64156	6.56921	6.6149	6.48811	6.48851	6.5474	6.47951
0.7556	6.57842	6.59022	6.69119	6.60548	6.64028	6.5316	6.50208	6.53702	6.53674
0.7609	6.51579	6.57468	6.63734	6.56674	6.67395	6.5266	6.48183	6.5335	6.48038
0.76625	6.52123	6.58804	6.69759	6.65411	6.63264	6.5733	6.51066	6.54896	6.4778
0.771625	6.52941	6.60559	6.64685	6.56919	6.56175	6.54833	6.53198	6.53864	6.46217
0.77705	6.58159	6.54828	6.58915	6.58799	6.61089	6.50503	6.42032	6.53349	6.56952
0.7825	6.4987	6.60555	6.61538	6.52784	6.63737	6.55101	6.51739	6.55409	6.48816
0.788	6.50805	6.55892	6.6171	6.61684	6.63609	6.48017	6.47815	6.50121	6.54161
0.793525	6.52436	6.58486	6.6291	6.54713	6.5799	6.42577	6.48209	6.53814	6.50126
0.7991	6.53134	6.54955	6.64721	6.48742	6.60075	6.44973	6.40703	6.53277	6.41859
0.8047	6.49533	6.57854	6.63679	6.50818	6.64357	6.52565	6.37426	6.53686	6.45387
0.81035	6.54858	6.59266	6.57325	6.55372	6.58843	6.49402	6.42291	6.47201	6.49037
0.816037	6.54439	6.52754	6.70187	6.51028	6.60894	6.4948	6.44105	6.46568	6.4494
0.821763	6.57322	6.53246	6.62462	6.57314	6.60314	6.41752	6.51558	6.58809	6.49843
0.827525	6.56886	6.50222	6.55502	6.52213	6.60678	6.4402	6.37436	6.50199	6.50747
0.833337	6.58448	6.48464	6.61114	6.53377	6.61767	6.47435	6.41717	6.52065	6.50611
0.839175	6.61753	6.58007	6.6354	6.48317	6.61028	6.51245	6.4112	6.43535	6.41045
0.845062	6.56967	6.54629	6.63498	6.51268	6.57838	6.46803	6.44078	6.49574	6.39929
0.851	6.55459	6.489	6.59829	6.4979	6.65804	6.48706	6.4371	6.51375	6.44386
0.856963	6.53356	6.53183	6.59403	6.51736	6.57029	6.44944	6.4317	6.44396	6.47159
0.862975	6.47443	6.51979	6.62862	6.52881	6.57714	6.44732	6.38533	6.47811	6.48857
0.869025	6.50997	6.58406	6.6913	6.51484	6.6494	6.4789	6.41585	6.4902	6.49363
0.875112	6.49914	6.58296	6.54072	6.52599	6.62175	6.50024	6.41089	6.50636	6.42201
0.88125	6.54339	6.59556	6.58032	6.60505	6.63575	6.4656	6.41025	6.50566	6.50702
0.887425	6.58155	6.56499	6.5856	6.49533	6.53663	6.46029	6.40304	6.41911	6.46597
0.89365	6.53688	6.52424	6.6019	6.43942	6.5755	6.53517	6.43526	6.47289	6.47599
0.899912	6.49969	6.50962	6.62485	6.54575	6.55756	6.51431	6.4278	6.48091	6.48675
0.906225	6.4771	6.55182	6.60238	6.56439	6.62924	6.41509	6.45153	6.45381	6.44852
0.912575	6.55354	6.53465	6.54304	6.45609	6.59548	6.44507	6.46855	6.507	6.44647
0.918962	6.54722	6.51647	6.57326	6.53495	6.62186	6.44686	6.47418	6.47154	6.48499
0.9254	6.51858	6.52994	6.61288	6.53803	6.54407	6.44588	6.36701	6.52045	6.44722
0.931888	6.50543	6.55457	6.58903	6.48197	6.55072	6.44087	6.40403	6.43554	6.52294
0.938412	6.48054	6.5175	6.56994	6.44531	6.58505	6.46208	6.47317	6.46872	6.4789
0.944987	6.45802	6.55203	6.62243	6.4377	6.59529	6.51525	6.43629	6.4196	6.49541
0.951612	6.42931	6.53059	6.58988	6.50941	6.5637	6.52962	6.40079	6.46913	6.51806
0.958275	6.58106	6.51892	6.64925	6.5125	6.54089	6.46594	6.42381	6.45059	6.42868
0.964988	6.48881	6.47521	6.60069	6.52838	6.5971	6.44575	6.40096	6.47488	6.49698
0.97175	6.47065	6.54936	6.57643	6.47442	6.57095	6.44967	6.43963	6.50461	6.47247
0.97855	6.53452	6.52087	6.57547	6.44437	6.63498	6.44677	6.39451	6.46322	6.47186
0.9854	6.45424	6.5277	6.64618	6.47684	6.60273	6.43767	6.44863	6.43668	6.44261
0.9923	6.46231	6.5242	6.58637	6.50256	6.5968	6.45043	6.45792	6.45609	6.38913
0.99925	6.5112	6.50098	6.63998	6.45015	6.58686	6.47021	6.41455	6.48064	6.51285
1.00625	6.44461	6.52182	6.6369	6.45918	6.55581	6.45074	6.46519	6.52066	6.43953
1.01329	6.52685	6.46706	6.66581	6.50031	6.67003	6.45675	6.3954	6.45214	6.48825
1.02039	6.50307	6.54938	6.57817	6.50923	6.58836	6.53194	6.38488	6.52675	6.45539
1.02752	6.49543	6.52513	6.62356	6.54693	6.57006	6.42551	6.46355	6.42594	6.48626
1.03472	6.47386	6.48904	6.58977	6.49671	6.56105	6.38189	6.41997	6.46345	6.44409
1.04196	6.44875	6.51229	6.58646	6.47409	6.5681	6.47197	6.35642	6.50349	6.46814
1.04925	6.47307	6.47573	6.59466	6.48661	6.60524	6.4952	6.37089	6.52674	6.50808
1.0566	6.48257	6.53396	6.57472	6.47865	6.50132	6.43623	6.40481	6.41639	6.44025
1.06399	6.45256	6.5349	6.59581	6.50783	6.57076	6.46078	6.39504	6.41867	6.50229
1.07144	6.50188	6.46477	6.60792	6.50637	6.56252	6.46865	6.38072	6.47505	6.3669
1.07893	6.5325	6.50059	6.56544	6.51862	6.57542	6.4261	6.37572	6.48052	6.38891
1.08648	6.5195	6.49309	6.58727	6.47146	6.56516	6.46624	6.37251	6.48984	6.44627
1.09407	6.48282	6.49432	6.57006	6.45656	6.58053	6.3768	6.44793	6.49962	6.40253
1.10174	6.471	6.56276	6.59609	6.42961	6.57711	6.45211	6.40506	6.47447	6.42715
1.10944	6.51456	6.48933	6.60919	6.43515	6.55122	6.40737	6.40962	6.41431	6.48016
1.1172	6.46231	6.55998	6.61143	6.43828	6.55397	6.46897	6.40367	6.45249	6.39114
1.12501	6.4994	6.55604	6.56313	6.42008	6.53278	6.45701	6.46625	6.49593	6.36679
1.13287	6.47739	6.52939	6.60779	6.46143	6.59357	6.41692	6.44175	6.46123	6.39385
1.1408	6.47957	6.5473	6.57844	6.5003	6.55349	6.44075	6.39334	6.49966	6.44568
1.14877	6.42256	6.48422	6.55854	6.43263	6.51033	6.38401	6.37408	6.44869	6.36215
1.15681	6.40654	6.54228	6.53651	6.47577	6.55474	6.43352	6.40597	6.50854	6.42281
1.1649	6.45965	6.52746	6.60469	6.43375	6.55626	6.46433	6.41674	6.47459	6.39645
1.17304	6.46745	6.48502	6.60537	6.44627	6.6263	6.47504	6.38048	6.48797	6.44002
1.18124	6.45336	6.49802	6.57712	6.37525	6.5573	6.46843	6.35028	6.47369	6.44365
1.1895	6.46833	6.51552	6.59209	6.49978	6.49342	6.44463	6.41439	6.435	6.45897
1.19781	6.46063	6.4893	6.61801	6.49794	6.56723	6.44113	6.3932	6.47528	6.42174
1.20619	6.44685	6.54581	6.61112	6.5001	6.54569	6.40135	6.39381	6.44695	6.41396
1.21461	6.47075	6.50871	6.55032	6.47722	6.5459	6.39631	6.39437	6.44625	6.41615
1.2231	6.45246	6.52054	6.52986	6.52069	6.55047	6.39852	6.38076	6.43356	6.42439
1.23165	6.52371	6.55684	6.53439	6.439	6.53093	6.44951	6.36956	6.47285	6.43281
1.24026	6.49735	6.51099	6.54079	6.47243	6.53248	6.44121	6.45611	6.47209	6.42068
1.24892	6.48491	6.50679	6.51767	6.47409	6.49984	6.47447	6.42546	6.48666	6.43113
1.25765	6.40374	6.46096	6.6123	6.42749	6.58367	6.42108	6.42641	6.52419	6.41023
1.26644	6.49918	6.55462	6.55866	6.49163	6.52914	6.42903	6.35384	6.42131	6.43466
1.27529	6.45195	6.48265	6.54613	6.46854	6.53045	6.43912	6.37917	6.41669	6.41053
1.2842	6.46819	6.50422	6.60701	6.47917	6.59535	6.42892	6.42209	6.40883	6.40066
1.29316	6.46378	6.502	6.59259	6.45993	6.55434	6.41696	6.38454	6.38902	6.38795
1.3022	6.48644	6.46393	6.54761	6.46546	6.49738	6.37586	6.37	6.45864	6.42435
1.3113	6.49187	6.52331	6.53242	6.46578	6.52171	6.41857	6.39062	6.45368	6.34774
1.32045	6.46175	6.44996	6.6367	6.42213	6.52005	6.43771	6.41761	6.43497	6.4369
1.32967	6.5189	6.45508	6.55268	6.40434	6.51822	6.40298	6.43125	6.41338	6.36596
1.33896	6.45531	6.53368	6.56444	6.42649	6.54183	6.41578	6.46992	6.45819	6.40228
1.34831	6.45869	6.47646	6.57279	6.41839	6.53951	6.41368	6.38115	6.45707	6.41943
1.35773	6.44487	6.49383	6.52812	6.4629	6.54056	6.42823	6.41891	6.42634	6.46917
1.36721	6.41714	6.51121	6.50745	6.46511	6.55396	6.44957	6.34973	6.40461	6.42956
1.37675	6.4781	6.51849	6.63677	6.44924	6.5274	6.43036	6.38211	6.4372	6.41538
1.38636	6.45739	6.52402	6.56817	6.45744	6.4998	6.39447	6.37591	6.44129	6.37045
1.39605	6.46678	6.49327	6.61913	6.4717	6.55926	6.41291	6.36611	6.43808	6.42285
1.4058	6.44786	6.50214	6.55425	6.41047	6.47986	6.44204	6.39401	6.43227	6.41396
1.41561	6.42741	6.46399	6.5662	6.49716	6.54535	6.37451	6.36797	6.41579	6.41756
1.42549	6.46063	6.53907	6.56999	6.46227	6.49789	6.39265	6.39062	6.43302	6.45233
1.43544	6.46485	6.51725	6.58202	6.42694	6.5462	6.4019	6.42554	6.4741	6.42075
1.44546	6.40789	6.51131	6.5968	6.45287	6.52805	6.38964	6.39636	6.45657	6.40803
1.45555	6.46125	6.49475	6.53675	6.47873	6.55558	6.39494	6.38816	6.41559	6.42406
1.46571	6.43829	6.4928	6.53687	6.44625	6.57871	6.43781	6.37453	6.44995	6.37819
1.47594	6.4839	6.48044	6.56273	6.44685	6.6044	6.39036	6.34652	6.41788	6.39446
1.48624	6.48182	6.47424	6.61055	6.4273	6.51772	6.43396	6.39862	6.42299	6.38626
1.49661	6.46243	6.49496	6.53148	6.43771	6.56694	6.38647	6.39085	6.35839	6.38391
1.50705	6.47801	6.50035	6.54383	6.46326	6.49939	6.45269	6.378	6.42355	6.40749
1.51756	6.45635	6.46974	6.58101	6.45135	6.52121	6.35722	6.37437	6.42589	6.43706
1.52815	6.4172	6.53987	6.51792	6.46708	6.49577	6.39119	6.37168	6.42986	6.42354
1.53881	6.48367	6.48697	6.52923	6.4283	6.57136	6.44788	6.40682	6.40998	6.3789
1.54955	6.42231	6.52226	6.55892	6.43885	6.49365	6.37109	6.40611	6.45156	6.36264
1.56036	6.44986	6.49732	6.56093	6.47875	6.53691	6.4019	6.40017	6.45059	6.43383
1.57125	6.45249	6.45811	6.5325	6.47083	6.56728	6.37991	6.35155	6.46091	6.40682
1.58221	6.43202	6.49367	6.56567	6.47377	6.55563	6.39111	6.36011	6.40428	6.41831
1.59325	6.43431	6.51534	6.55206	6.47299	6.51434	6.42165	6.38326	6.37495	6.40156
1.60436	6.41243	6.47332	6.54939	6.38769	6.57286	6.37122	6.38255	6.38667	6.42152
1.61555	6.50837	6.4869	6.5585	6.44991	6.5001	6.40149	6.34724	6.41336	6.43409
1.62681	6.47889	6.52267	6.51611	6.45225	6.50096	6.39324	6.35563	6.433	6.40046
1.63816	6.45821	6.48506	6.58395	6.44522	6.49475	6.41672	6.40204	6.38504	6.38968
1.64959	6.47789	6.50293	6.54764	6.43146	6.52647	6.43446	6.35174	6.41601	6.39906
1.66109	6.4482	6.47458	6.55957	6.431	6.58018	6.38562	6.38047	6.41703	6.3739
1.67268	6.46674	6.50629	6.54394	6.44063	6.55947	6.40195	6.42	6.3976	6.45204
1.68434	6.39739	6.45924	6.55676	6.45374	6.54415	6.44706	6.38709	6.42239	6.3295
1.69609	6.44469	6.49893	6.58942	6.46647	6.53534	6.3704	6.35968	6.37487	6.38117
1.70791	6.4501	6.47796	6.55675	6.41301	6.50139	6.42098	6.32156	6.35005	6.39707
1.71981	6.38041	6.51037	6.51111	6.44642	6.54614	6.42539	6.37432	6.41197	6.38767
1.73181	6.4556	6.47597	6.53332	6.39519	6.52318	6.38301	6.34627	6.38867	6.39371
1.74388	6.40694	6.47678	6.52716	6.38168	6.49622	6.35403	6.33153	6.43871	6.40533
1.75604	6.41874	6.42538	6.51327	6.43326	6.56673	6.3799	6.34504	6.43839	6.3628
1.76828	6.39012	6.5077	6.52442	6.44144	6.532	6.41996	6.34135	6.39642	6.42204
1.7806	6.44597	6.44796	6.51487	6.44973	6.52012	6.42195	6.34293	6.39144	6.42551
1.79301	6.39141	6.46573	6.51766	6.4103	6.53692	6.38808	6.37859	6.40401	6.38588
1.80551	6.46656	6.48151	6.51789	6.41458	6.5199	6.40201	6.34677	6.37774	6.36678
1.8181	6.46243	6.48121	6.51558	6.44034	6.55352	6.40636	6.31069	6.41003	6.44004
1.83078	6.45585	6.45928	6.52089	6.45013	6.5434	6.3866	6.37263	6.44542	6.38413
1.84354	6.40298	6.47346	6.54794	6.44687	6.50413	6.38288	6.36131	6.42832	6.46025
1.85637	6.42276	6.48246	6.54423	6.49191	6.54251	6.41445	6.35108	6.47437	6.41912
1.86931	6.42289	6.44246	6.48961	6.42354	6.53483	6.39505	6.33552	6.38637	6.43454
1.88234	6.44693	6.46838	6.52348	6.44905	6.528	6.4175	6.35903	6.44408	6.40452
1.89546	6.44887	6.4712	6.57515	6.47063	6.53479	6.44788	6.39379	6.39867	6.37886
1.90866	6.44665	6.45214	6.52028	6.48502	6.54099	6.4098	6.40689	6.43003	6.40337
1.92196	6.41036	6.44489	6.52924	6.44087	6.52514	6.39415	6.34251	6.40336	6.40927
1.93536	6.45936	6.45446	6.49724	6.4595	6.55862	6.34263	6.37265	6.42435	6.39827
1.94885	6.46605	6.45275	6.52692	6.46444	6.519	6.42618	6.39441	6.41575	6.38729
1.96242	6.41197	6.50004	6.53186	6.43744	6.53373	6.41375	6.36547	6.41534	6.39208
1.9761	6.43311	6.50928	6.54669	6.44546	6.51686	6.42615	6.35687	6.40946	6.45072
1.98986	6.47051	6.46867	6.51762	6.43498	6.53562	6.36454	6.33109	6.39291	6.44368
2.00373	6.41111	6.44859	6.51085	6.42872	6.51297	6.38247	6.36536	6.36687	6.41826
2.01769	6.38607	6.41284	6.54857	6.46348	6.51206	6.41104	6.38304	6.41798	6.38097
2.03174	6.44977	6.4767	6.50611	6.44932	6.51854	6.41383	6.39528	6.42143	6.43549
2.04589	6.4642	6.47319	6.53308	6.42139	6.55135	6.41628	6.3767	6.43455	6.37174
2.06014	6.48364	6.49264	6.52917	6.42811	6.51432	6.38951	6.38541	6.45853	6.43026
2.07449	6.43418	6.47821	6.52393	6.42665	6.49159	6.41407	6.39713	6.39447	6.40319
2.08894	6.42622	6.46223	6.5205	6.43951	6.5216	6.37461	6.33343	6.41641	6.3831
2.10349	6.44915	6.41365	6.54847	6.39249	6.52783	6.42898	6.37208	6.40317	6.38444
2.11814	6.43768	6.45595	6.51977	6.42931	6.52497	6.42541	6.36642	6.40394	6.40854
2.13289	6.43805	6.4771	6.54445	6.43234	6.52696	6.40843	6.36497	6.43648	6.39344
2.14775	6.43527	6.48785	6.50247	6.449	6.51891	6.38051	6.35733	6.41202	6.39309
2.1627	6.41671	6.48482	6.54734	6.41149	6.49211	6.4411	6.38424	6.43366	6.40996
2.17776	6.44722	6.45536	6.53225	6.42287	6.54658	6.40362	6.34876	6.45044	6.40643
2.19292	6.41398	6.47238	6.50722	6.44733	6.48875	6.39174	6.37489	6.41921	6.36739
2.2082	6.44555	6.47078	6.55221	6.44482	6.54764	6.46685	6.39084	6.44543	6.41769
2.22358	6.42543	6.52192	6.51449	6.41546	6.51641	6.42459	6.3754	6.43444	6.43096
2.23905	6.42758	6.47175	6.52643	6.41653	6.52474	6.43342	6.36652	6.41859	6.43619
2.25465	6.42472	6.49871	6.50342	6.46454	6.47653	6.39857	6.34292	6.39029	6.3995
2.27034	6.43009	6.48384	6.45558	6.42116	6.5624	6.43001	6.40042	6.4036	6.41111
2.28615	6.43084	6.46043	6.50558	6.37329	6.53495	6.39781	6.39305	6.40461	6.37827
2.30206	6.37912	6.46825	6.50661	6.44002	6.52545	6.37489	6.35982	6.43752	6.40104
2.31809	6.40518	6.49283	6.51173	6.4151	6.52892	6.39275	6.38955	6.41168	6.38209
2.33422	6.44995	6.50087	6.50509	6.42766	6.51448	6.3901	6.39431	6.44342	6.42057
2.35048	6.44361	6.45278	6.56027	6.42139	6.52719	6.42248	6.32187	6.42771	6.39458
2.36684	6.41505	6.47205	6.53966	6.45242	6.50127	6.42142	6.34414	6.38625	6.39374
2.38331	6.44036	6.46044	6.53798	6.4043	6.53644	6.41015	6.34402	6.4385	6.40014
2.3999	6.42357	6.46442	6.50141	6.42591	6.51667	6.39992	6.32803	6.42821	6.38757
2.41661	6.4356	6.49343	6.51246	6.42674	6.503	6.39163	6.34122	6.39361	6.3911
2.43342	6.42814	6.48564	6.52162	6.43813	6.52016	6.42975	6.31801	6.41512	6.39079
2.45036	6.41735	6.46992	6.51805	6.42237	6.50956	6.39024	6.36223	6.3685	6.35521
2.46743	6.45078	6.48586	6.53906	6.42497	6.52253	6.41941	6.40954	6.42862	6.38407
2.4846	6.40819	6.47726	6.53181	6.40047	6.49032	6.4271	6.33705	6.38588	6.3719
2.50189	6.40506	6.47253	6.52484	6.41473	6.55009	6.39426	6.36814	6.44318	6.38207
2.5193	6.44607	6.47835	6.54091	6.45255	6.56431	6.41077	6.3364	6.38121	6.4131
2.53682	6.47802	6.53899	6.55492	6.43298	6.51253	6.42041	6.36971	6.36667	6.39225
2.55449	6.4381	6.46833	6.52763	6.44893	6.55568	6.35	6.37318	6.39821	6.39061
2.57226	6.45742	6.47586	6.53755	6.40746	6.52286	6.40451	6.36719	6.42642	6.35329
2.59016	6.4314	6.46623	6.52667	6.46209	6.50342	6.41916	6.36759	6.42526	6.4073
2.60819	6.40957	6.5142	6.51594	6.47672	6.52282	6.392	6.3674	6.39418	6.39505
2.62634	6.41111	6.49257	6.52775	6.42906	6.47902	6.39694	6.36463	6.40743	6.39194
2.6446	6.43535	6.48927	6.54566	6.44059	6.53323	6.39623	6.36798	6.44727	6.3821
2.66301	6.44423	6.48003	6.51517	6.43838	6.55766	6.3575	6.37237	6.41085	6.39259
2.68154	6.46586	6.46082	6.5294	6.44249	6.51284	6.40683	6.36675	6.3922	6.36624
2.70019	6.42334	6.44823	6.52104	6.41638	6.49595	6.4352	6.36559	6.42258	6.41226
2.71898	6.44666	6.45956	6.51039	6.4617	6.51084	6.38162	6.36757	6.43078	6.40859
2.7379	6.43155	6.49908	6.50687	6.39423	6.53801	6.36522	6.31518	6.39599	6.42099
2.75694	6.39863	6.48376	6.49764	6.41332	6.50729	6.3927	6.36026	6.41705	6.38646
2.77612	6.41043	6.44512	6.50526	6.38924	6.54553	6.41301	6.3855	6.40913	6.39413
2.79544	6.40654	6.47375	6.55227	6.44329	6.51798	6.41808	6.37806	6.38627	6.42013
2.81487	6.42978	6.48945	6.52434	6.41709	6.51332	6.40277	6.37481	6.43253	6.4144
2.83446	6.43464	6.48098	6.54517	6.4128	6.49443	6.43554	6.33429	6.35299	6.40677
2.85418	6.41698	6.4764	6.51458	6.39716	6.50451	6.39539	6.36388	6.41091	6.37581
2.87404	6.43051	6.5151	6.52147	6.44394	6.51581	6.42007	6.34854	6.39822	6.37298
2.89403	6.44341	6.46054	6.5062	6.39638	6.50698	6.42101	6.35067	6.3917	6.37978
2.91415	6.42939	6.46891	6.53652	6.42582	6.49942	6.41292	6.39482	6.38561	6.42508
2.93443	6.45197	6.44892	6.52165	6.4541	6.52765	6.3978	6.36024	6.40378	6.40251
2.95484	6.45013	6.50592	6.53382	6.44814	6.50846	6.40279	6.33291	6.38704	6.39087
2.97539	6.43339	6.46067	6.53987	6.42317	6.51299	6.39732	6.3313	6.39011	6.42466
2.99607	6.42985	6.48786	6.52186	6.42733	6.49594	6.42089	6.3462	6.42551	6.39246
3.01691	6.41554	6.43936	6.52399	6.43545	6.53417	6.42306	6.37468	6.42421	6.41205
3.0379	6.47559	6.49246	6.51329	6.42191	6.51957	6.41021	6.36254	6.40522	6.39048
3.05903	6.43831	6.4419	6.50266	6.47995	6.50818	6.39661	6.34323	6.42531	6.39446
3.0803	6.4097	6.47482	6.53386	6.42355	6.56676	6.39297	6.33475	6.42017	6.38406
3.10171	6.48525	6.51997	6.50323	6.42479	6.52942	6.42037	6.36436	6.41987	6.38332
3.12329	6.42535	6.45374	6.55366	6.45724	6.51644	6.40985	6.34866	6.41891	6.41436
3.145	6.4727	6.49142	6.51202	6.46164	6.4642	6.40113	6.36018	6.38311	6.38982
3.16687	6.44371	6.49508	6.50942	6.46422	6.505	6.41058	6.35006	6.41957	6.36785
3.1889	6.45429	6.47345	6.51774	6.42197	6.51911	6.40918	6.39623	6.42883	6.38426
3.21108	6.45331	6.50765	6.49224	6.43168	6.5562	6.39704	6.33733	6.43112	6.39577
3.2334	6.4491	6.47983	6.50019	6.39746	6.51677	6.40686	6.32939	6.43471	6.38368
3.25588	6.45157	6.45054	6.49068	6.41296	6.48625	6.39014	6.36041	6.42419	6.40611
3.27851	6.44518	6.49464	6.48471	6.46281	6.53567	6.40374	6.34857	6.4567	6.41
3.30131	6.46258	6.44712	6.51279	6.43809	6.51372	6.43879	6.31683	6.40302	6.39921
3.32426	6.4509	6.48372	6.50812	6.4272	6.527	6.40452	6.37611	6.41627	6.38019
3.34737	6.43772	6.50087	6.53391	6.43911	6.51086	6.40239	6.37674	6.4324	6.39174
3.37065	6.43201	6.48191	6.4983	6.41944	6.54781	6.41527	6.37665	6.41976	6.3811
3.39409	6.45134	6.50732	6.53705	6.44148	6.50861	6.39012	6.35613	6.42722	6.39935
3.41768	6.4445	6.50403	6.52506	6.45233	6.51838	6.43178	6.3157	6.41338	6.36992
3.44144	6.41825	6.45481	6.54756	6.41172	6.51595	6.36979	6.37387	6.4272	6.37171
3.46536	6.45802	6.47038	6.51486	6.41441	6.49229	6.39166	6.35539	6.45288	6.39462
3.48945	6.46307	6.5002	6.55614	6.43259	6.52637	6.39203	6.37554	6.43486	6.39695
3.51371	6.42068	6.51016	6.4974	6.45515	6.52565	6.39186	6.33206	6.44303	6.43126
3.53814	6.43758	6.49053	6.50479	6.41389	6.5273	6.4473	6.36315	6.40805	6.36535
3.56273	6.44184	6.47983	6.5201	6.43732	6.51833	6.42017	6.38052	6.41512	6.3735
3.58749	6.43924	6.44046	6.502	6.43076	6.52616	6.40212	6.37785	6.45136	6.38741
3.61243	6.42075	6.49957	6.52192	6.42322	6.48663	6.41611	6.3715	6.42887	6.40601
3.63754	6.4212	6.48233	6.54462	6.47153	6.51504	6.42534	6.35829	6.36817	6.3946
3.66283	6.43187	6.48497	6.51533	6.41375	6.51478	6.41581	6.33696	6.4341	6.39843
3.68829	6.43078	6.46537	6.54047	6.4406	6.54495	6.42342	6.36206	6.37667	6.38489
3.71391	6.43434	6.44977	6.50202	6.43954	6.53551	6.426	6.33293	6.41781	6.37744
3.73973	6.44132	6.48783	6.55593	6.39977	6.57895	6.4203	6.35442	6.46095	6.41745
3.76572	6.41722	6.45859	6.52372	6.43788	6.55775	6.38454	6.3807	6.39414	6.40983
3.7919	6.40956	6.48456	6.50643	6.46812	6.51526	6.37066	6.34974	6.42376	6.36507
3.81825	6.42045	6.4628	6.50938	6.39683	6.51166	6.45643	6.35046	6.38955	6.40583
3.84479	6.43809	6.45687	6.53473	6.42244	6.51948	6.38892	6.36293	6.43608	6.37324
3.8715	6.4309	6.49599	6.53577	6.4675	6.5054	6.37165	6.34434	6.40052	6.40995
3.89841	6.45588	6.48257	6.50995	6.43377	6.50561	6.40021	6.36046	6.44715	6.40885
3.9255	6.43568	6.48843	6.53174	6.4148	6.52577	6.40278	6.3529	6.41743	6.3834
3.95278	6.43145	6.49083	6.55011	6.43428	6.49002	6.39332	6.35971	6.42378	6.428
3.98025	6.42578	6.4629	6.4999	6.46014	6.49291	6.37209	6.37647	6.38955	6.39264
4.00791	6.38886	6.46959	6.53186	6.44237	6.4878	6.39765	6.37197	6.40272	6.40852
4.03576	6.42462	6.46092	6.50008	6.45728	6.52547	6.42771	6.34543	6.41276	6.41051
4.0638	6.46832	6.46946	6.5385	6.44507	6.5202	6.41143	6.31327	6.41359	6.39749
4.09204	6.42125	6.47127	6.48985	6.42214	6.5468	6.3881	6.34903	6.42039	6.39069
4.12047	6.41861	6.46433	6.52204	6.44761	6.52416	6.42457	6.35509	6.45005	6.40529
4.1491	6.42712	6.47867	6.4948	6.46123	6.51997	6.40743	6.33234	6.42991	6.40121
4.17794	6.42877	6.49407	6.51708	6.40668	6.5302	6.4063	6.35059	6.42442	6.39996
4.20696	6.42678	6.49151	6.49447	6.41652	6.53429	6.4382	6.34943	6.40258	6.35738
4.2362	6.4572	6.45786	6.5309	6.43505	6.5485	6.41878	6.38569	6.42	6.41314
4.26563	6.44756	6.48557	6.51573	6.45754	6.53035	6.40266	6.35614	6.43244	6.39569
4.29526	6.4591	6.46971	6.51509	6.43059	6.54454	6.41923	6.34927	6.41955	6.39873
4.32511	6.43006	6.47907	6.53788	6.41156	6.55488	6.42917	6.35593	6.42036	6.40207
4.35516	6.42112	6.46937	6.55417	6.42874	6.53311	6.41836	6.37108	6.45426	6.38378
4.38541	6.40636	6.46715	6.53677	6.44365	6.53353	6.42077	6.35589	6.41392	6.39493
4.41589	6.42373	6.48216	6.55368	6.45604	6.53472	6.40807	6.36032	6.44687	6.35715
4.44656	6.42363	6.47435	6.54299	6.44276	6.52452	6.44706	6.37334	6.43688	6.38336
4.47745	6.43103	6.47082	6.53991	6.43791	6.54777	6.43821	6.37781	6.39676	6.3864
4.50856	6.43278	6.47325	6.56565	6.42375	6.54509	6.4154	6.36604	6.43318	6.4019
4.53988	6.42357	6.473	6.52739	6.45019	6.51885	6.40318	6.38713	6.42733	6.40767
4.57142	6.45541	6.48061	6.48837	6.43422	6.54182	6.40259	6.38817	6.37933	6.388
4.60318	6.42966	6.4719	6.51201	6.42527	6.51753	6.4042	6.37092	6.40041	6.41567
4.63515	6.44141	6.51397	6.54746	6.40556	6.54022	6.40773	6.36893	6.43347	6.37496
4.66735	6.45447	6.48816	6.51709	6.41476	6.53167	6.41702	6.37462	6.39426	6.40513
4.69978	6.45155	6.49113	6.51712	6.41751	6.53292	6.42251	6.37703	6.43119	6.36602
4.73243	6.4277	6.48803	6.52569	6.44362	6.5167	6.39936	6.35469	6.4051	6.35638
4.76529	6.43327	6.4821	6.52448	6.43369	6.51399	6.39076	6.39113	6.40373	6.40287
4.79839	6.40039	6.4671	6.5339	6.43448	6.53463	6.43448	6.32487	6.41633	6.3834
4.83173	6.41187	6.49085	6.49955	6.4171	6.50548	6.39898	6.34493	6.40923	6.38048
4.86529	6.43332	6.46792	6.51057	6.42573	6.52352	6.42714	6.39397	6.41771	6.40083
4.89908	6.42314	6.48077	6.51683	6.43253	6.5314	6.42549	6.37513	6.39132	6.39745
4.93311	6.41067	6.45631	6.52792	6.42234	6.5357	6.41177	6.36989	6.43282	6.4071
4.96737	6.40906	6.48914	6.54071	6.43114	6.53328	6.43356	6.32735	6.40251	6.38698
5.00187	6.43111	6.49883	6.52052	6.43505	6.51647	6.40655	6.32531	6.41096	6.40467
5.03661	6.44719	6.47098	6.51554	6.44242	6.52522	6.40459	6.3704	6.42701	6.40551
5.0716	6.41651	6.49453	6.5145	6.42094	6.50626	6.41874	6.35015	6.44369	6.37478
5.10681	6.43872	6.48913	6.54434	6.40379	6.51636	6.43156	6.37242	6.40617	6.42233
5.14229	6.42012	6.51333	6.50079	6.43143	6.51234	6.42384	6.35225	6.41472	6.38079
5.178	6.44095	6.47993	6.53137	6.43479	6.52961	6.40114	6.37011	6.4264	6.39282
5.21396	6.43803	6.4955	6.50297	6.42358	6.50753	6.41184	6.39739	6.40157	6.42011
5.25017	6.44667	6.47138	6.51204	6.46023	6.5225	6.40125	6.34321	6.42243	6.39971
5.28664	6.42551	6.45445	6.5065	6.45832	6.53299	6.4054	6.36108	6.37264	6.40896
5.32335	6.42202	6.46185	6.53228	6.43289	6.52113	6.3951	6.36107	6.41469	6.39422
5.36031	6.46782	6.47967	6.51371	6.42397	6.52171	6.40145	6.37154	6.43682	6.41832
5.39754	6.42971	6.48805	6.50665	6.45259	6.50716	6.39813	6.36941	6.41264	6.41348
5.43503	6.44137	6.49545	6.51546	6.45861	6.51601	6.39201	6.38702	6.413	6.41762
5.47277	6.42363	6.51905	6.50942	6.45808	6.52133	6.38121	6.37238	6.44296	6.39151
5.51078	6.44474	6.47493	6.50378	6.45299	6.51667	6.45367	6.36872	6.43562	6.39636
5.54904	6.43897	6.51006	6.49591	6.44504	6.52429	6.40872	6.3622	6.41007	6.39898
5.58757	6.43372	6.46084	6.5208	6.44235	6.52143	6.4263	6.37375	6.44222	6.4093
5.62638	6.42889	6.50013	6.5135	6.40998	6.5257	6.42685	6.37081	6.41078	6.39494
5.66545	6.44841	6.4718	6.51388	6.4527	6.5449	6.40324	6.35704	6.41429	6.39278
5.70479	6.45304	6.48162	6.5279	6.44725	6.5376	6.41011	6.38379	6.40681	6.39883
5.7444	6.4424	6.50815	6.50972	6.42772	6.52864	6.39972	6.38285	6.42301	6.39024
5.78429	6.42236	6.47151	6.49756	6.42646	6.52604	6.41907	6.35608	6.41946	6.38181
5.82445	6.43052	6.50683	6.51961	6.4282	6.55729	6.41982	6.35782	6.41845	6.38805
5.86489	6.44505	6.48135	6.48764	6.41132	6.51271	6.4271	6.36416	6.41905	6.39054
5.90561	6.42347	6.49748	6.5089	6.42823	6.50552	6.41794	6.36519	6.40224	6.35422
5.94663	6.44108	6.48443	6.5123	6.41439	6.53003	6.39592	6.37829	6.40992	6.415
5.98791	6.41201	6.47899	6.52613	6.44981	6.531	6.41529	6.35974	6.41566	6.39305
6.02949	6.42773	6.48438	6.52566	6.43055	6.51587	6.43247	6.40238	6.43966	6.41338
6.07135	6.41024	6.47077	6.52151	6.4423	6.5185	6.42359	6.37386	6.42212	6.42786
6.1135	6.44564	6.46156	6.52722	6.41407	6.52724	6.39841	6.37338	6.40417	6.39537
6.15595	6.46398	6.49108	6.54719	6.43657	6.51643	6.40108	6.35541	6.43887	6.38881
6.19869	6.44369	6.47249	6.5277	6.42626	6.53532	6.41323	6.37955	6.42832	6.41167
6.24172	6.44586	6.47339	6.53056	6.45705	6.51171	6.39861	6.37516	6.41792	6.38198
6.28506	6.45959	6.46831	6.53033	6.43755	6.52084	6.3982	6.35302	6.42142	6.40909
6.3287	6.41295	6.47029	6.5294	6.42167	6.52868	6.41184	6.37554	6.41131	6.37814
6.37264	6.45432	6.50968	6.52113	6.43222	6.51701	6.39718	6.35667	6.42347	6.39705
6.41687	6.41523	6.49424	6.51574	6.46397	6.50091	6.41722	6.37217	6.41729	6.3972
6.46142	6.45127	6.48102	6.51586	6.4517	6.52475	6.43062	6.38066	6.40791	6.39662
6.50629	6.43502	6.48417	6.5285	6.4307	6.52778	6.40859	6.36791	6.43925	6.41321
6.55145	6.44741	6.47199	6.51884	6.44423	6.52876	6.39606	6.35485	6.41054	6.42172
6.59694	6.44534	6.49122	6.52679	6.44972	6.54167	6.41463	6.34617	6.40464	6.39404
6.64274	6.43931	6.46191	6.52844	6.44758	6.51011	6.3944	6.36001	6.41468	6.4044
6.68885	6.42651	6.48851	6.55006	6.4508	6.52825	6.3946	6.35329	6.43068	6.37326
6.73527	6.46127	6.46984	6.51297	6.44812	6.52914	6.40617	6.36343	6.40067	6.39841
6.78204	6.42004	6.47716	6.52321	6.46212	6.55254	6.40704	6.34502	6.41485	6.38698
6.82911	6.41342	6.49175	6.5097	6.43214	6.52705	6.41894	6.35819	6.41416	6.39485
6.87652	6.39534	6.46839	6.53361	6.4467	6.50196	6.39603	6.34712	6.41703	6.39655
6.92426	6.41219	6.48811	6.49931	6.45235	6.52339	6.40054	6.36757	6.40853	6.40594
6.97232	6.43658	6.48701	6.54084	6.44652	6.49261	6.37355	6.34184	6.41409	6.41518
7.02072	6.41928	6.47622	6.51162	6.45551	6.52738	6.41667	6.35385	6.40343	6.40681
7.06946	6.40731	6.48109	6.52565	6.44372	6.5204	6.40385	6.37172	6.42261	6.40233
7.11853	6.43511	6.48327	6.52756	6.43353	6.51493	6.42774	6.3609	6.40692	6.3759
7.16794	6.43325	6.48243	6.52803	6.44547	6.53094	6.38551	6.35867	6.4163	6.40566
7.2177	6.44273	6.46821	6.5138	6.43348	6.53641	6.41077	6.34039	6.40272	6.40682
7.2678	6.43973	6.46451	6.53145	6.45281	6.53598	6.4034	6.35919	6.42616	6.40816
7.31825	6.42917	6.5071	6.52652	6.41935	6.48542	6.3994	6.37843	6.41131	6.39686
7.36904	6.4131	6.479	6.53274	6.45154	6.51466	6.37313	6.36631	6.42778	6.38719
7.42019	6.44261	6.48959	6.51125	6.45964	6.53597	6.38264	6.35757	6.40888	6.39583
7.4717	6.44467	6.4744	6.53084	6.43741	6.52005	6.41668	6.3793	6.40521	6.3846
7.52355	6.42184	6.48611	6.51506	6.43535	6.52938	6.40881	6.34697	6.41467	6.40589
7.57578	6.43632	6.4724	6.51049	6.46572	6.53121	6.40395	6.37848	6.41754	6.39825
7.62836	6.43804	6.48479	6.52737	6.42318	6.51755	6.4002	6.35813	6.41627	6.38594
7.6813	6.42494	6.44765	6.51196	6.44669	6.51152	6.39505	6.35865	6.41219	6.3871
7.73461	6.41337	6.48248	6.51791	6.45572	6.54405	6.41038	6.34949	6.42404	6.38713
7.7883	6.42886	6.49182	6.50743	6.46213	6.54085	6.39424	6.36018	6.40098	6.39414
7.84236	6.43305	6.47817	6.50894	6.43745	6.52292	6.3978	6.375	6.40637	6.37602
7.89679	6.45188	6.47075	6.51662	6.45681	6.5301	6.40312	6.36524	6.44459	6.39453
7.95159	6.41998	6.45886	6.52063	6.44075	6.52323	6.40642	6.35481	6.42552	6.39269
8.00677	6.45247	6.47774	6.51195	6.43991	6.52521	6.39928	6.36917	6.40627	6.4249
8.06235	6.45104	6.47358	6.53511	6.435	6.52361	6.40118	6.36199	6.41293	6.40026
8.1183	6.44965	6.48799	6.52157	6.43257	6.54519	6.40898	6.37097	6.45271	6.40058
8.17465	6.41514	6.46699	6.52192	6.43613	6.51613	6.40449	6.36376	6.42565	6.41729
8.23137	6.42187	6.48769	6.53029	6.43656	6.54234	6.40837	6.36819	6.44261	6.39072
8.28851	6.42617	6.50898	6.53523	6.44226	6.51713	6.40821	6.3665	6.4445	6.4251
8.34603	6.44469	6.46232	6.5154	6.43681	6.5139	6.41604	6.3707	6.41753	6.39798
8.40395	6.42008	6.47697	6.53062	6.42922	6.52988	6.39364	6.37752	6.44054	6.40529
8.46227	6.45481	6.46403	6.52081	6.44697	6.52564	6.3926	6.39496	6.41913	6.37076
8.521	6.44175	6.45947	6.51895	6.43898	6.5365	6.41004	6.38447	6.41414	6.39826
8.58014	6.44959	6.47245	6.53637	6.41138	6.52886	6.39687	6.36427	6.42063	6.39338
8.63968	6.41282	6.47122	6.55119	6.42732	6.53441	6.40371	6.37412	6.43454	6.3987
8.69964	6.44502	6.48929	6.50589	6.45474	6.54657	6.43102	6.3769	6.40943	6.38791
8.76001	6.45396	6.47083	6.51235	6.43845	6.52951	6.40875	6.35914	6.44082	6.39036
8.8208	6.44783	6.47549	6.51177	6.44487	6.49617	6.41497	6.36515	6.42111	6.38542
8.88201	6.46158	6.49456	6.53295	6.44416	6.52371	6.41934	6.37932	6.42726	6.41831
8.94365	6.43407	6.49295	6.5087	6.45123	6.53346	6.40723	6.36504	6.41847	6.39948
9.00571	6.48235	6.47541	6.49058	6.44432	6.51526	6.41362	6.37674	6.42809	6.39475
9.0682	6.44657	6.47045	6.52057	6.4453	6.5281	6.4099	6.35726	6.39949	6.39239
9.13114	6.45389	6.48396	6.52265	6.45122	6.51696	6.41452	6.37042	6.41226	6.38615
9.1945	6.44999	6.48825	6.51163	6.43673	6.54017	6.39127	6.39413	6.43714	6.39975
9.2583	6.46196	6.50749	6.52929	6.43231	6.51257	6.40886	6.37661	6.4339	6.4023
9.32254	6.4504	6.50701	6.50994	6.43873	6.53836	6.41343	6.36941	6.41879	6.4026
9.38724	6.43015	6.48283	6.52248	6.45057	6.50554	6.40036	6.37546	6.44671	6.40671
9.45238	6.4122	6.47213	6.51497	6.42851	6.54637	6.40034	6.35937	6.43468	6.40542
9.51796	6.42706	6.47285	6.51867	6.44127	6.52842	6.38845	6.36537	6.43009	6.39966
9.58401	6.44857	6.47708	6.5399	6.44414	6.53671	6.40412	6.38065	6.42851	6.41848
9.65051	6.42521	6.46862	6.53658	6.4307	6.54034	6.40957	6.37533	6.4195	6.38656
9.71747	6.43445	6.48693	6.55632	6.43301	6.54361	6.40224	6.38687	6.39524	6.4051
9.7849	6.44507	6.46492	6.51775	6.4201	6.527	6.40728	6.37484	6.40798	6.40601
9.8528	6.43828	6.48336	6.53356	6.43888	6.53307	6.40938	6.35765	6.42107	6.42029
9.92116	6.4306	6.46492	6.53648	6.42892	6.53011	6.40377	6.37562	6.42823	6.4088
10	6.4236	6.46772	6.51219	6.43636	6.53458	6.39472	6.37195	6.4176	6.40549
