7.5E-5	7.86216	7.96911	7.91813	7.83201	8.00887	8.00524	7.94159	8.11737	8.31506
1.375E-4	7.78064	7.93486	7.96829	7.88301	7.94032	8.30647	7.85073	8.09842	8.10788
2.125E-4	7.99448	7.78322	7.76869	7.74093	7.89533	8.07477	7.88151	7.76	7.96051
2.75E-4	8.05164	7.92741	7.83757	7.85326	7.78121	7.99345	7.85174	7.55664	8.40627
3.5E-4	8.08811	8.05757	8.13936	7.97773	7.9879	8.09847	7.99707	7.8473	8.48268
4.25E-4	7.97838	8.39279	7.83512	8.07216	8.29656	8.20062	8.13094	8.12532	8.18081
5E-4	8.06357	8.24787	7.73983	8.10928	8.34886	8.26406	8.12949	7.97274	7.84304
5.625E-4	8.14171	7.68229	8.05171	7.78648	8.08741	8.22464	8.35467	7.89573	8.0764
6.375E-4	8.13894	7.75042	8.06285	7.80941	7.73513	8.21954	8.26694	7.75909	8.3919
7.125E-4	7.83579	8.23395	8.24689	8.02362	7.7013	8.04966	8.19148	7.81549	7.77716
7.875E-4	7.74149	8.21404	8.11504	7.98941	7.98751	8.08886	8.35557	7.66236	7.73019
8.625E-4	8.15033	8.10083	7.9197	7.98636	8.44899	7.71873	8.26376	7.77676	8.16899
9.375E-4	8.21702	8.04083	7.74583	8.00608	8.40507	7.31625	8.35387	7.78869	8.23507
0.0010125	7.916	8.21989	8.13749	8.05972	7.77539	7.59696	8.412	7.97674	8.49982
0.0010875	7.97281	8.07599	8.13325	8.11877	7.51823	8.05076	8.2916	7.91922	8.77471
0.0011625	7.90327	8.40897	7.8968	8.3387	7.56987	8.22296	8.16117	7.94065	8.16244
0.00125	7.97338	8.13906	8.15521	8.16929	7.81434	8.02811	8.14135	8.16868	8.33588
0.001325	7.83536	7.89735	8.45082	8.11065	7.97412	8.01664	8.11648	8.18777	7.85775
0.0014	8.28016	7.95044	7.89967	8.03937	7.93728	8.27918	8.09017	8.14998	7.756
0.0014875	7.85965	8.08148	7.78471	7.9673	8.03446	8.31807	8.26652	8.33434	7.98356
0.0015625	8.20842	8.13871	7.95289	8.04772	7.83735	8.34275	8.267	8.10016	7.99836
0.0016375	8.02747	8.06321	7.96577	8.15565	7.61182	8.05937	8.04807	7.71218	8.25103
0.001725	7.65407	7.72585	7.67235	8.04827	7.79445	8.02763	7.98489	7.56097	8.17838
0.0018	7.61718	7.43097	7.67083	7.81774	7.85286	8.1171	7.73103	7.39708	7.97285
0.0018875	7.60202	7.46912	8.13286	7.76904	7.9597	7.99685	8.04566	7.91211	7.85316
0.0019625	7.53514	7.73203	8.1278	7.89393	7.95975	8.00549	7.96103	8.19238	7.99906
0.00205	7.87465	7.90146	8.13429	8.16751	7.80333	8.0022	7.97785	8.24459	8.09017
0.0021375	7.82016	7.69373	8.14797	8.09186	7.76461	7.79034	8.13974	8.33016	7.89324
0.0022125	7.75575	7.72361	7.98172	8.00746	8.07978	7.92922	8.3375	7.72065	7.61113
0.0023	8.02907	7.88908	7.7499	7.97845	8.01819	8.29548	8.33367	7.47297	7.69599
0.0023875	7.77629	7.91205	7.86511	8.12232	8.33184	8.19529	8.18911	7.9572	7.86947
0.002475	8.05895	8.09288	7.97939	8.51262	8.07473	7.98836	7.88372	7.93384	7.91527
0.0025625	7.94024	8.21422	8.2468	8.01937	8.08842	7.90156	7.75304	8.13663	8.15557
0.00265	7.92869	8.09469	7.8775	7.92816	8.07185	7.89873	8.28192	7.79503	7.87753
0.0027375	7.98774	8.16858	7.75293	7.91494	7.91447	8.0426	8.2013	7.90962	8.0107
0.002825	8.09485	7.85389	8.01029	7.8794	7.89269	8.07676	7.85921	8.00828	8.12526
0.0029125	7.98722	7.52512	8.04588	7.84458	7.90133	8.14723	7.77134	7.72625	7.9489
0.003	8.02727	7.43645	8.08406	7.96663	7.85136	8.3302	8.00479	8.0676	7.80116
0.0030875	7.73678	7.57043	8.32779	7.88823	8.03792	8.12252	8.26089	8.24424	8.21768
0.0031875	7.55082	7.76196	8.31413	7.83035	7.7599	8.00708	8.10901	8.03588	7.90303
0.003275	8.17637	8.06094	8.05455	8.02724	7.77694	7.83478	7.91468	7.75736	7.7293
0.0033625	8.15353	7.99412	7.96604	8.14333	7.86287	8.32301	8.01204	7.78463	7.93476
0.0034625	8.13197	7.60853	7.93218	7.90256	7.64113	8.14736	8.15872	7.70218	7.79812
0.00355	7.90763	8.00356	8.03265	8.08826	8.01225	7.98268	8.29963	8.18619	7.81868
0.00365	8.13179	8.31431	7.69813	7.96235	7.63879	8.02111	8.25959	8.04667	7.75983
0.0037375	7.96549	8.27668	7.82961	8.01575	8.10034	7.69403	7.9103	8.08636	7.95017
0.0038375	8.23017	8.40011	8.09834	8.06784	8.15589	7.88231	7.88543	7.90216	8.02909
0.0039375	7.89666	8.09036	8.49875	7.77566	7.82465	7.85217	8.08081	7.59806	7.98791
0.004025	7.76804	7.93754	7.87633	7.36002	7.62448	8.31588	8.38602	7.70934	7.98203
0.004125	7.79161	8.0104	7.97966	7.67108	7.67425	8.16009	8.23691	7.72103	8.1371
0.004225	8.4035	7.92587	7.98068	8.06392	8.15184	7.99995	8.04435	8.22954	7.97782
0.004325	8.12095	7.71385	7.87219	7.76564	8.25225	7.98166	8.09342	8.44987	7.79512
0.004425	7.9038	7.93944	7.97803	7.77417	8.13475	7.84889	7.9278	7.81904	7.78476
0.004525	7.86291	8.05783	7.88254	7.86076	7.86943	7.80091	7.92062	7.9658	7.83616
0.004625	8.00443	7.94392	7.86749	7.98178	8.12301	7.68051	7.89737	8.13243	8.16913
0.004725	7.95236	7.76093	7.99747	8.01829	8.00268	7.91826	8.11322	8.59246	8.11927
0.004825	7.91826	8.00485	7.99009	7.97155	7.95946	8.0277	8.27573	8.20502	7.75026
0.004925	8.11055	7.96448	8.3616	7.85933	7.67566	8.06233	8.13871	8.25379	7.65414
0.0050375	8.09965	7.98257	8.25933	7.76939	7.65743	8.16279	8.10739	8.00387	7.88431
0.0051375	7.96797	7.88493	7.78997	8.05209	7.64068	8.05384	8.07892	8.17161	7.53234
0.0052375	7.83898	8.21157	7.97895	8.06519	7.63674	8.09145	7.5669	8.41273	8.10345
0.00535	7.6879	8.06735	8.13985	8.19267	7.93983	7.92655	8.0944	7.85974	8.16085
0.00545	7.97694	7.90882	8.00433	8.38953	8.04249	8.05382	8.31763	7.84147	8.35991
0.0055625	7.95487	7.89408	7.82487	8.21521	7.82423	8.15249	7.94621	8.12082	8.38306
0.0056625	8.07865	8.03873	7.87	7.92696	8.09539	7.47145	7.97417	7.98611	8.2011
0.005775	8.14519	8.0456	8.0643	8.14359	8.12452	7.71557	7.99845	8.14084	8.15657
0.0058875	8.07693	8.50115	7.86585	8.29727	7.665	8.10707	8.32711	7.69743	7.84328
0.006	7.95174	8.13198	7.84166	8.32381	7.80027	8.19457	8.22229	7.70445	7.98847
0.0061125	8.10653	8.1516	7.48128	8.27202	7.89733	8.03621	8.19552	8.16951	8.03093
0.0062125	7.97013	7.98346	7.86354	8.02241	8.40383	7.99473	7.9293	8.37575	8.13577
0.006325	7.82726	8.0363	8.05907	8.08292	7.63327	8.22225	8.03869	8.08019	7.91005
0.0064375	7.98717	7.92299	7.76448	7.71089	7.51236	8.20286	8.11363	7.76176	8.09292
0.0065625	7.86614	8.04656	7.70436	7.73011	7.95279	7.86149	8.09062	7.8876	8.30409
0.006675	8.17729	7.93654	7.80262	7.9072	7.94343	7.74106	7.8194	7.65411	7.77916
0.0067875	8.04813	7.96839	8.14048	8.71125	8.00489	8.04466	8.10988	7.85497	8.21152
0.0069	7.97494	8.12313	8.01645	7.79172	7.85357	7.8478	8.16551	7.88938	8.05539
0.007025	7.92952	8.32372	7.68327	8.2478	8.10754	7.47123	8.32264	8.26607	7.80118
0.0071375	7.91008	7.95457	7.88016	7.95555	7.93733	7.77594	7.93906	8.40477	8.18277
0.0072625	8.2444	7.83331	8.04123	8.05713	7.9331	8.05474	8.04219	7.85872	8.19738
0.007375	7.83909	8.05487	8.04874	7.95362	7.69793	7.88189	8.0531	7.96223	8.22851
0.0075	7.77685	7.93521	7.8722	8.36082	7.97583	7.97816	7.92826	7.77932	7.88109
0.007625	7.56018	8.10779	8.09005	7.90448	7.92272	7.89852	7.96806	7.91666	8.20327
0.0077375	7.81332	7.86525	7.8948	7.63079	7.64699	7.72299	7.83701	7.89572	8.06747
0.0078625	7.91599	7.77845	7.87077	7.93299	8.00398	7.56034	7.55755	7.46355	8.03183
0.0079875	8.08801	8.07122	7.77954	7.61682	8.026	8.0861	7.83993	7.88527	8.03544
0.0081125	7.99462	8.14178	8.03161	7.99742	8.09418	8.04343	7.82965	7.65756	7.99463
0.0082375	7.92411	7.84182	7.71078	8.02345	7.77171	7.91511	7.8602	8.1025	8.32145
0.0083625	7.68833	8.16416	8.0531	7.81615	7.95859	7.7668	7.98651	7.99877	7.76873
0.0084875	8.10519	7.88089	7.99876	7.7219	8.09261	7.67507	7.89744	7.84477	8.04075
0.008625	7.94617	7.94171	8.09646	7.62977	7.94758	8.01162	8.01484	8.08631	7.95926
0.00875	8.13146	7.75745	7.7528	7.78365	7.63106	8.09889	8.56584	7.95082	7.6528
0.008875	7.91464	7.86634	7.78469	7.56418	7.73783	8.04557	8.06217	7.75138	8.02782
0.0090125	7.96026	7.91612	7.89954	7.70918	8.11527	7.7502	7.63046	7.9411	8.2194
0.0091375	7.80937	7.83476	7.70872	7.93036	8.01036	7.85719	7.8286	7.90792	7.96549
0.009275	7.86978	7.82193	8.01759	7.67417	7.58182	8.22544	7.9053	7.92682	7.88167
0.0094125	7.96724	7.63369	7.9884	7.68931	7.76681	7.90736	8.13552	7.63775	8.42364
0.0095375	8.00813	7.97824	7.59742	7.83566	8.19323	7.92149	8.18552	8.03538	8.02867
0.009675	8.1406	8.07195	7.91056	7.77852	7.78487	8.02711	7.98355	7.94605	7.94014
0.0098125	7.98202	7.98106	7.87312	7.95069	7.77698	8.25916	8.08993	7.78088	8.19262
0.00995	8.11568	7.914	7.7497	8.17111	7.71319	7.89742	7.65706	7.88323	7.57445
0.0100875	8.10726	8.42584	7.8773	7.96955	7.74312	7.87897	7.88486	7.77912	7.91952
0.010225	7.67367	7.70412	7.87188	7.71892	7.72138	8.08223	7.39304	7.9601	8.06886
0.010375	7.61376	7.52206	8.07742	7.92341	7.87951	8.37944	7.54785	7.65907	8.11642
0.0105125	7.68492	7.93074	7.94469	7.56531	8.02291	8.06132	7.87753	7.65583	8.18379
0.01065	8.07043	8.13714	7.8323	7.68954	8.07009	7.94472	7.9194	7.70851	8.41477
0.0108	7.81865	7.98905	7.98223	7.46573	8.12646	7.90419	7.81221	7.95221	8.0226
0.0109375	7.8473	8.10416	8.07761	7.70618	8.12648	8.05702	8.0934	7.92485	8.30331
0.0110875	7.66341	7.83489	7.95701	7.65289	7.86087	8.31799	7.913	7.89208	8.03299
0.0112375	7.93565	7.98166	7.61702	7.31834	7.8572	8.33657	7.74424	7.92007	7.88056
0.011375	7.96886	8.06909	7.67373	7.31521	7.82865	8.04768	7.94186	8.01431	7.78997
0.011525	8.08071	8.1242	8.0979	7.66327	7.92918	7.89814	8.06857	8.06082	8.14062
0.011675	8.15701	7.86131	7.94769	7.61892	7.72	7.77699	7.94838	8.13594	8.19578
0.011825	8.02724	8.03509	7.92885	7.74681	8.17154	7.67512	8.06789	8.0991	8.02669
0.011975	7.8784	7.47186	7.80221	7.71953	7.99011	8.01553	7.79144	7.96687	8.16829
0.012125	7.45795	7.6423	8.13084	7.9071	7.81153	7.95114	7.69476	8.11575	8.20492
0.0122875	7.96429	7.88007	7.8083	8.09263	7.98666	8.12635	7.91698	7.90196	7.74369
0.0124375	7.77982	7.93382	7.68088	7.92979	7.96419	8.00639	7.93637	7.70226	8.09902
0.0126	7.84268	7.70557	7.79337	7.82792	7.7329	8.10963	7.82328	8.02883	8.31576
0.01275	7.91249	8.25411	8.09705	7.98478	7.92512	8.01363	8.03859	8.02842	8.1377
0.0129125	7.74335	7.53288	8.06732	7.64037	7.77535	7.83266	8.12313	7.88468	7.97925
0.0130625	7.7543	7.65876	7.54907	8.05172	7.86079	8.07537	7.82581	8.04332	7.90324
0.013225	7.85807	7.95389	7.66289	7.98834	7.94943	7.88604	7.99106	7.92399	8.08469
0.0133875	7.85227	8.26825	7.60455	7.89171	7.90438	8.023	7.93045	8.02098	8.19179
0.01355	7.79408	7.87405	7.67995	7.80953	7.9559	7.83774	7.58176	7.95351	7.57651
0.0137125	7.93524	7.99749	7.92213	8.04768	7.80216	7.97762	8.02661	7.76745	7.90975
0.013875	7.8771	7.69226	7.69075	7.60036	8.22914	7.92838	7.76389	7.79304	7.96018
0.0140375	7.98522	7.86391	8.03767	7.96447	7.8334	7.78894	7.88124	7.93549	8.07784
0.0142125	8.16829	7.96039	8.03144	7.84412	7.77821	7.91241	7.89716	8.00738	8.0468
0.014375	8.18986	8.11769	8.00432	7.90817	7.86287	8.43589	7.57848	7.77135	7.7441
0.01455	8.06636	7.85039	7.58267	7.96648	7.42941	8.08589	7.49034	7.88039	8.15605
0.0147125	7.9859	7.949	7.93947	7.97742	7.42274	8.00713	7.86215	8.14707	7.80627
0.0148875	7.21237	8.09096	8.27193	7.97147	7.57023	7.90066	7.89264	7.64055	7.92766
0.0150625	7.90625	7.66971	8.05353	8.15812	7.92002	8.06719	8.18047	7.59137	8.08734
0.0152375	7.99753	7.94067	8.09108	7.56745	7.98319	7.99831	8.06007	7.83255	8.01212
0.0154125	7.76763	7.93269	7.6464	7.77736	7.95312	7.95843	7.72767	7.71281	7.97233
0.0155875	7.62037	8.0596	7.76844	8.35151	8.00063	7.56402	7.75761	8.18455	7.9973
0.0157625	7.70505	8.28593	8.04418	7.59164	7.95539	8.00417	7.92836	8.37664	8.06115
0.0159375	7.77969	8.18302	7.86082	7.75858	7.69458	7.89445	8.03228	8.02387	7.84374
0.016125	7.88857	8.14896	8.17728	7.91395	7.85222	8.34005	7.80954	7.6604	7.92715
0.0163	7.97458	8.15983	8.19437	7.99649	7.76973	8.01336	7.83711	8.1742	7.76414
0.0164875	8.21899	7.92601	7.93293	8.02253	7.6699	7.65955	7.93855	8.02746	7.61124
0.0166625	7.71585	7.83737	8.07919	7.74201	7.62116	8.08816	8.06417	7.67805	7.85076
0.01685	7.63161	8.15107	7.74863	7.80368	7.97797	7.70292	7.69497	7.90917	8.2818
0.0170375	7.94664	8.25363	7.92662	7.77337	7.55839	7.44275	7.77566	7.82842	8.13001
0.017225	7.82785	7.90329	7.96842	8.20061	7.93067	7.98224	8.17408	7.67711	7.634
0.0174125	7.69502	7.95825	7.46384	8.00736	8.06886	7.81646	8.1402	7.9391	7.38249
0.0176	7.72246	8.16174	7.76372	8.00424	7.6671	8.06686	7.87046	7.48828	7.86756
0.0178	8.01462	8.00375	7.71875	7.87895	7.86706	7.84609	7.74669	7.62367	7.95537
0.0179875	7.83282	7.68895	7.90704	8.15285	7.87526	7.98573	7.65575	7.91428	7.72617
0.0181875	8.11013	7.77189	7.88348	7.89234	7.76953	7.93518	7.88185	7.78919	7.74603
0.018375	8.07745	7.87581	7.59368	7.94469	7.94452	8.04601	7.76655	7.8918	7.971
0.018575	7.6304	7.88021	7.72556	7.85648	7.94992	7.67058	7.61153	7.71787	8.04569
0.018775	7.95364	7.91706	8.09287	7.84654	8.07672	7.64964	7.7322	7.64892	7.96727
0.018975	7.69464	7.94097	8.03756	8.15663	8.11	7.84303	7.50824	7.99261	7.87246
0.019175	7.83625	8.03223	8.012	7.76687	7.94228	7.87387	7.76912	7.81829	7.90068
0.019375	7.87377	7.65871	8.06207	7.92779	7.88644	8.0291	7.88264	7.68568	7.94829
0.019575	7.65149	7.7337	8.02096	7.97599	7.52951	8.10256	7.93158	7.96586	8.01321
0.0197875	8.04196	7.87739	7.86822	7.70149	7.59939	7.9003	7.82292	7.99043	8.04779
0.0199875	7.85651	7.89273	7.78746	8.06209	7.81421	7.90681	7.72887	7.83589	7.73631
0.0202	8.0118	8.12194	7.86497	7.658	8.08112	7.33648	8.23351	7.97708	7.77119
0.0204125	7.77957	8.04497	7.53052	7.67349	7.84261	7.91158	8.08234	7.79351	7.86003
0.020625	7.67129	7.84949	7.73624	7.43584	7.99283	7.78486	7.74174	7.69175	7.85845
0.0208375	7.73903	7.54713	8.16618	7.9177	8.10828	7.91306	7.72293	7.66468	7.77871
0.02105	7.87216	7.86858	7.87225	7.95214	7.72398	7.88429	8.0034	7.73646	7.72868
0.0212625	8.01598	8.07094	7.98738	7.96251	8.06063	7.63445	8.01304	7.83175	7.60032
0.021475	7.65514	7.70509	8.16584	7.93515	7.69812	7.87242	7.97645	8.00482	8.06136
0.0217	7.58405	7.86829	7.98946	7.87597	7.79747	7.80883	8.01712	7.81833	8.04838
0.0219125	8.12652	8.24044	7.88875	7.75034	7.79336	7.95985	7.64746	7.94221	7.89302
0.0221375	7.90157	7.75366	7.68003	7.485	7.72411	8.07177	7.93863	7.70653	7.9919
0.0223625	7.79391	7.99659	8.04538	7.68775	8.06259	8.01726	8.04416	7.96147	7.61039
0.0225875	7.97304	7.81783	7.70656	8.05952	7.72336	7.71332	7.97331	7.90763	7.81615
0.0228125	7.97799	8.01489	8.00597	7.80259	7.89895	7.9239	7.89348	7.97377	7.81229
0.0230375	8.31335	7.84041	8.09459	7.66783	7.73696	7.8362	7.89718	7.82892	8.07599
0.0232625	7.92407	7.95025	7.89662	7.71401	8.07983	7.82341	8.08645	7.76429	7.51715
0.0235	8.06688	7.87021	7.96173	8.05797	7.81975	8.11998	7.56405	7.66879	7.84454
0.023725	7.89243	7.71084	7.67623	7.91307	7.91362	7.89387	7.8268	7.73085	8.08447
0.0239625	7.93562	7.72765	8.03088	7.70861	7.84842	7.66493	8.08905	7.83956	7.91759
0.0242	7.90052	7.89891	7.87401	7.46069	7.70951	7.84849	7.93859	7.87587	7.7033
0.0244375	7.91659	7.76603	7.9213	7.79991	7.58899	7.65538	7.96395	7.79279	7.97485
0.024675	7.84172	7.62823	7.86781	7.99351	7.77762	7.57593	7.95889	7.98535	7.89014
0.0249125	7.92766	8.03859	7.89155	8.11232	7.86574	7.79539	7.71678	8.03504	7.85383
0.02515	8.04965	8.14475	7.78615	8.08851	7.72915	7.9675	7.61369	7.77171	7.93407
0.0254	8.06479	7.92852	7.99037	7.68367	7.72901	7.6877	7.9655	8.05233	8.05416
0.02565	7.83052	7.93128	7.89549	7.79487	7.85506	7.48676	7.86789	7.8063	8.03764
0.0258875	7.92	7.87607	7.68824	7.84687	7.83612	8.09177	7.68303	8.02143	7.72558
0.0261375	7.91317	8.10146	7.60778	7.5262	7.75091	7.99116	7.80391	7.99729	7.89426
0.0263875	7.95456	7.78286	7.7	7.67817	7.92684	8.098	7.89196	7.6932	7.91352
0.02665	7.73722	7.67284	7.89074	7.84881	7.69519	8.03847	7.98573	8.21595	8.35526
0.0269	7.66528	7.85816	7.72252	7.72125	7.60934	7.79646	8.12284	7.88475	7.88548
0.02715	7.53741	7.76477	7.80865	7.78281	7.90273	7.74729	8.04354	7.69284	7.8956
0.0274125	7.67346	7.88693	7.72507	7.8578	8.00055	7.91031	7.81105	7.85856	7.92221
0.027675	7.60239	8.29864	7.61651	7.78313	7.72393	7.7242	8.0758	7.65528	7.86661
0.0279375	8.08636	7.7919	7.62911	7.83758	7.98206	7.93185	7.97899	7.65899	7.9711
0.0282	7.86993	8.04657	8.0456	7.76633	7.8704	7.88627	7.99401	7.69081	7.73401
0.0284625	7.98713	7.80625	7.59467	7.86008	7.61228	7.9108	8.07579	7.90956	7.92663
0.028725	7.74218	7.75199	8.01742	7.53533	7.65048	7.72424	7.79928	8.00362	8.26567
0.029	7.84951	7.95	7.68675	7.55755	7.66768	7.70169	7.3718	7.92434	7.8662
0.0292625	7.96232	7.94893	7.72475	7.59216	7.57446	7.73922	7.48086	7.98004	7.75137
0.0295375	8.12627	8.07269	7.9391	7.67604	7.78375	7.75414	7.97223	7.88745	8.06144
0.0298125	7.70532	7.80322	7.73438	7.93468	7.91281	8.04317	7.93378	7.94003	7.99192
0.0300875	7.93083	7.98837	7.92	7.80712	7.85046	7.75284	7.56058	7.79004	8.13093
0.0303625	7.76163	7.70754	7.47036	7.83443	8.01598	7.89042	7.77002	7.84267	7.56785
0.03065	8.02422	8.03665	7.82579	7.55953	7.66999	7.84406	8.00963	7.61679	7.86497
0.030925	7.92216	7.58847	7.76492	7.88035	7.96769	7.71579	7.83595	7.74208	7.80473
0.0312125	7.61744	7.84883	8.1335	7.79598	7.86821	7.89086	8.07379	7.78568	7.8837
0.0315	8.01511	7.45447	7.62828	7.98678	7.95991	7.65081	8.03829	7.92526	7.95428
0.0317875	8.10726	7.97133	7.55039	7.68011	7.76926	7.84099	7.97636	8.06048	7.89312
0.032075	7.68011	7.67144	8.17189	7.86039	7.47932	8.15166	7.58849	7.96901	7.71778
0.0323625	7.77184	7.77606	7.82953	7.67268	7.75022	7.89152	7.85009	7.77524	7.80935
0.0326625	7.50838	7.84035	7.79901	7.90409	7.81604	8.00764	7.90092	7.67417	7.94769
0.03295	7.65874	7.83621	7.8369	7.80407	7.73453	8.0578	7.93897	7.55622	7.84673
0.03325	7.73523	7.93401	7.98703	7.77822	7.66342	7.75879	7.97401	7.64701	7.986
0.03355	8.02089	7.93333	8.0529	7.80597	7.63624	7.9824	7.80015	7.94202	7.93241
0.03385	7.85764	7.78127	7.54117	8.04022	7.83684	7.85436	7.88734	7.751	7.74731
0.0341625	7.65938	7.63736	7.70514	8.0713	7.67952	7.74977	8.05226	7.92384	7.765
0.0344625	7.75098	7.78859	7.75484	7.46881	7.5132	7.83666	7.74681	8.0059	7.6175
0.034775	7.69184	7.88458	7.90436	7.65722	7.60571	7.52219	7.80187	7.6393	8.12074
0.0350875	7.37558	7.80889	8.18934	7.85741	7.66384	7.81701	7.64257	7.85302	7.96101
0.0354	7.83434	7.70977	7.52188	8.04937	7.67091	7.98111	7.87824	7.97881	7.64887
0.0357125	7.80805	7.84758	7.69302	7.78924	7.49583	7.84333	7.75714	7.77986	7.67017
0.036025	7.71175	7.78843	7.87087	7.67191	7.6806	7.7696	7.78286	7.73792	7.51469
0.03635	8.02994	7.71873	7.81594	7.82048	7.49892	8.00226	8.04858	7.79144	7.80383
0.0366625	7.96245	7.64301	7.60067	7.71984	7.7767	7.6373	7.98733	7.6191	8.01814
0.0369875	7.89176	8.04832	7.63421	7.75483	7.71336	7.69683	7.74559	7.79115	8.05959
0.0373125	7.75252	7.64085	7.95202	7.812	7.6444	7.96506	7.66944	7.85687	7.93699
0.0376375	7.90886	7.68733	7.78022	7.93763	7.8687	7.90637	7.75354	7.49104	8.02749
0.037975	7.80711	7.82295	8.0026	7.61336	7.54635	7.64456	7.9047	7.90344	7.65706
0.0383	7.71688	7.94635	7.79959	7.6983	8.00022	7.84413	7.92653	7.80009	7.68526
0.0386375	7.68309	7.9336	8.11904	7.80306	7.81616	7.69842	7.8805	7.87336	7.74647
0.038975	7.49666	7.79911	7.66985	7.63536	7.78086	7.7173	8.11745	7.88254	7.83631
0.0393125	7.77856	7.74391	7.68061	7.77332	7.68703	7.79552	7.76241	7.57534	7.6322
0.0396625	7.96741	7.97302	7.56985	7.82694	7.8583	7.92978	7.90423	7.68932	7.54897
0.04	7.95	7.82812	7.82259	7.86087	7.68214	7.83939	7.91869	7.89443	7.39361
0.04035	7.88977	7.85094	7.68334	7.71533	7.78053	7.74645	7.68664	7.69697	7.63673
0.0407	8.18891	7.71118	7.86342	8.03723	7.79628	7.66737	7.45588	7.54515	7.91143
0.04105	7.69735	7.79737	7.81309	7.72876	7.5607	7.66068	7.65187	7.85602	7.65229
0.0414	7.72464	7.53122	7.80985	7.57784	7.79577	7.71173	7.71781	7.96279	7.80449
0.0417625	7.87895	7.77885	7.88735	7.97589	7.73856	7.88468	8.02865	7.90379	7.90928
0.042125	7.77314	7.45756	7.81027	7.51191	7.61055	7.84685	7.50398	7.84839	7.69943
0.042475	7.59638	7.88034	7.73814	7.75808	7.64968	7.75657	7.76829	7.75307	7.93267
0.04285	7.5582	7.80507	7.53354	7.58445	7.86894	7.81362	7.79018	7.99547	7.84387
0.0432125	7.78133	7.87559	7.89105	7.78271	7.82908	7.90874	7.87054	7.5577	7.87407
0.043575	7.88718	7.70747	7.8525	7.79605	7.67703	7.9378	7.90086	7.75968	7.85217
0.04395	7.3286	7.75776	7.69809	7.93924	7.84396	7.9913	7.72973	7.50917	7.71846
0.044325	7.65389	7.91472	7.87063	7.62242	7.81995	7.66353	7.8811	7.95127	7.82412
0.0447	7.50885	8.06933	7.85029	7.59572	7.70919	7.85518	7.88126	7.7677	7.79221
0.045075	7.67328	7.46968	7.90017	7.85027	7.68414	7.83631	8.04736	7.67356	7.76925
0.0454625	7.75939	7.51952	8.02245	7.65307	7.87317	7.85631	7.78923	7.76752	7.85102
0.04585	7.39222	7.74827	7.81573	7.82187	8.03616	7.72413	7.70998	7.86633	7.6885
0.0462375	7.62582	7.53869	8.04831	7.78097	7.76253	8.02213	7.68748	7.92406	7.62178
0.046625	7.86226	7.56453	7.8547	7.70208	7.8584	7.46035	7.89283	7.56508	7.96119
0.0470125	8.0056	7.67345	8.01287	7.5686	7.88709	7.61005	7.77769	7.7326	7.74644
0.0474125	7.67653	7.6444	7.89145	7.58709	7.87587	7.48896	7.87369	7.62774	7.99941
0.0478125	7.50749	7.6853	7.61961	7.40906	7.86531	7.59068	7.75265	7.48111	7.67358
0.0482125	7.76278	7.88802	7.65437	7.64242	7.83553	7.86255	7.54592	7.88553	7.90227
0.0486125	7.54398	7.61892	7.86544	7.63085	7.92991	7.87271	7.76283	7.62088	7.87878
0.049025	7.65786	7.79114	7.79302	7.84969	7.5008	7.86267	7.60762	7.78752	7.63553
0.049425	7.94391	7.54679	7.85956	7.38984	7.60029	7.94416	7.92186	8.06671	7.87922
0.0498375	7.65049	7.86535	7.65058	7.5178	7.86889	7.79633	7.86297	7.71418	7.85513
0.05025	7.56737	7.65823	7.65266	7.85782	7.65568	7.69449	7.87499	7.55073	7.99511
0.050675	7.69398	7.5832	7.65313	7.72212	7.75302	7.53709	7.56894	7.86453	7.93359
0.0511	7.81878	7.67084	7.73378	7.70847	7.601	7.62728	7.64346	7.77747	8.00019
0.0515125	7.54679	8.00138	7.67304	7.83157	7.54391	7.67703	7.64354	7.76476	7.63171
0.05195	7.79923	7.5278	7.6577	7.8637	7.80525	7.65154	7.68233	7.84754	7.73854
0.052375	7.9958	7.80206	7.56581	7.96446	7.82559	7.51594	7.75977	7.66385	7.55743
0.0528	7.56161	7.66835	7.56086	7.77438	7.653	7.57759	7.6331	7.88601	7.93283
0.0532375	7.69667	7.54824	7.81454	7.50888	7.9511	7.5862	7.54402	7.92888	7.84269
0.053675	7.65779	7.85799	7.83934	7.49732	7.6619	7.67783	7.72315	7.77461	7.85334
0.054125	7.84621	7.90514	7.54753	7.37506	7.77796	7.76854	7.77796	7.64715	7.67541
0.0545625	7.58602	7.70628	7.82479	7.68631	7.60666	7.78389	7.90291	7.71439	7.80782
0.0550125	7.85714	7.66333	7.78994	7.95374	8.03003	7.87822	7.82862	7.84606	7.88753
0.0554625	7.80879	7.58399	7.64681	7.58708	7.63398	7.36018	7.69979	8.12315	7.58844
0.0559125	7.70423	7.48025	7.73416	8.12531	7.69034	7.59144	7.71538	7.84664	7.81161
0.056375	7.64689	7.61295	7.73782	7.54715	7.80234	7.7603	7.57036	7.85959	7.77587
0.0568375	7.6735	7.65571	7.5868	7.41065	7.48722	7.83854	7.79173	7.77601	7.69846
0.0573	7.66468	7.71739	7.78258	7.58212	7.8469	7.81221	7.47285	7.73972	7.70079
0.0577625	7.45826	7.79748	7.54475	7.51176	7.78541	7.82985	7.6794	7.60192	7.80211
0.0582375	7.72996	7.5803	8.07209	7.68935	7.62804	7.5103	7.85058	7.65723	7.79419
0.0587125	7.43413	7.75908	7.92695	7.62913	7.46195	7.35789	7.69476	7.51733	7.96307
0.0591875	7.80009	7.84672	7.61332	7.52441	7.73415	7.54673	7.65808	7.62288	7.60329
0.0596625	7.59484	7.46799	7.52885	7.60621	7.51139	7.64744	7.42434	7.75179	7.50732
0.06015	7.76951	7.50249	7.78527	7.85658	7.86779	7.79634	7.71766	7.7565	7.59796
0.0606375	7.46018	7.73979	7.68901	7.59048	7.72227	7.5258	7.42514	7.49259	7.6102
0.061125	7.59724	7.68851	7.51976	7.52583	7.80849	7.46295	7.72564	7.56997	7.83239
0.0616125	7.81612	7.56581	7.57723	7.38654	7.71823	7.75103	7.69665	7.71791	7.94438
0.0621125	7.7423	7.51054	7.81064	7.6312	7.82418	7.54587	7.47162	7.3609	7.75961
0.0626125	7.5722	7.83995	7.796	7.54357	7.705	7.50185	7.6283	7.57097	7.49378
0.0631125	7.6618	7.6087	7.80312	7.75782	7.74554	7.54637	7.47533	7.7214	7.56647
0.063625	7.63925	7.54797	7.76514	7.71745	7.66043	7.70557	7.75322	7.66218	7.78087
0.064125	7.79843	7.61401	7.65668	7.55246	7.59147	7.77392	7.54936	7.77704	7.6524
0.06465	7.95706	7.52315	7.76653	7.70721	7.66093	7.59807	7.85205	7.84317	7.62097
0.0651625	7.80906	7.73004	7.67033	7.63328	7.61025	7.61924	7.7032	7.74338	7.64315
0.0656875	7.75996	7.65457	7.6579	7.88563	7.89282	7.87494	7.50041	7.62083	7.75938
0.0662125	7.67744	7.7118	7.47619	7.63706	7.72825	7.59973	7.61502	7.7803	7.74716
0.0667375	7.58302	7.68698	7.55815	7.53822	7.68603	7.95931	7.60413	7.8513	7.63848
0.0672625	7.48106	7.66527	7.7141	7.41	7.67717	7.84107	7.85868	7.46216	7.55453
0.0678	7.68076	7.68991	7.81355	7.3734	7.58022	7.78367	7.59985	7.60595	7.5322
0.0683375	7.70185	7.72457	7.48813	7.58887	7.82765	7.78104	7.63005	7.6777	7.73795
0.0688875	7.97694	7.66673	7.62059	7.62566	7.81161	7.58073	7.79058	7.7039	7.26334
0.0694375	7.6217	7.71602	7.58979	7.7174	7.36227	7.76402	7.5116	7.38419	7.61965
0.0699875	7.69464	7.59005	7.52222	7.56476	7.48028	7.69485	7.62012	7.54004	7.4686
0.0705375	7.57503	7.63753	7.64041	7.479	7.7295	7.79516	7.49189	7.77766	7.6106
0.0711	7.52213	7.59663	7.72607	7.63815	7.68178	7.82769	7.6302	7.60305	7.65171
0.0716625	7.41372	7.75775	7.60961	7.66047	7.8732	7.72164	7.53036	7.6781	7.68941
0.072225	7.72686	7.77715	7.40499	7.4739	7.77854	7.6267	7.53965	7.41853	7.57103
0.0728	7.65788	7.54226	7.51953	7.82629	7.61656	7.77138	7.69955	7.71216	7.75206
0.0733625	7.48328	7.73249	7.64891	7.53204	7.51779	7.53375	7.68241	7.34173	7.54152
0.07395	7.47986	7.75414	7.5885	7.49514	7.71536	7.60981	7.60711	7.63837	7.91968
0.074525	7.64746	7.63411	7.50646	7.59755	7.73451	7.75004	7.61183	7.49346	7.40227
0.0751125	7.40209	7.71112	7.65229	7.79637	7.43469	7.70127	7.43264	7.60299	7.57344
0.0757	7.77987	7.46114	7.51916	7.65934	7.65304	7.51102	7.5709	7.50667	7.63398
0.0763	7.51778	7.51727	7.83153	7.48805	7.68113	7.61128	7.75325	7.49636	7.50756
0.0769	7.59402	7.58527	7.69359	7.55418	7.77957	7.68971	7.63341	7.61909	7.68532
0.0775	7.62404	7.78641	7.73357	7.34264	7.70689	7.38115	7.6754	7.58048	7.63132
0.0781	7.73759	7.59843	7.63631	7.58134	7.70733	7.52	7.59993	7.27822	7.72609
0.0787125	7.43364	7.6078	7.71083	7.56426	7.70826	7.65068	7.64915	7.44345	7.58589
0.079325	7.63779	7.51935	7.66934	7.42994	7.7582	7.66495	7.3972	7.57543	7.60341
0.07995	7.76973	7.62721	7.62223	7.3226	7.52226	7.59635	7.51593	7.62	7.58356
0.080575	7.62352	7.62146	7.56063	7.87485	7.70353	7.65109	7.66445	7.3091	7.61876
0.0812	7.76631	7.3389	7.55762	7.5745	7.66149	7.65077	7.54351	7.49579	7.65482
0.0818375	7.50587	7.43386	7.47076	7.80007	7.79019	7.69219	7.65075	7.35206	7.72234
0.082475	7.76357	7.578	7.81438	7.71263	7.58504	7.59572	7.49521	7.72001	7.69799
0.0831125	7.59712	7.57041	7.50848	7.65737	7.78001	7.29998	7.47005	7.67954	7.64511
0.08375	7.52228	7.66197	7.59709	7.4584	7.54213	7.68623	7.47619	7.38785	7.51786
0.0844	7.61153	7.56472	7.81991	7.67134	7.49478	7.50963	7.42289	7.49238	7.64117
0.0850625	7.67993	7.62088	7.71075	7.50481	7.72684	7.59363	7.77388	7.40855	7.56793
0.085725	7.61437	7.47334	7.63763	7.59111	7.72205	7.62957	7.45948	7.72408	7.63818
0.0863875	7.52791	7.25666	7.56433	7.64125	7.54902	7.79346	7.56325	7.61446	7.64748
0.08705	7.75038	7.55931	7.69015	7.69097	7.67215	7.51934	7.65107	7.48113	7.43372
0.087725	7.64205	7.3984	7.6541	7.45574	7.70998	7.64481	7.4762	7.67668	7.5709
0.0884	7.60273	7.52033	7.5641	7.35011	7.73947	7.68044	7.73034	7.67765	7.59583
0.0890875	7.55286	7.23	7.52737	7.59652	7.55043	7.51837	7.62051	7.45248	7.42747
0.089775	7.66851	7.61869	7.70903	7.35575	7.52938	7.52228	7.41493	7.48044	7.54692
0.0904625	7.22517	7.57323	7.80424	7.52688	7.73679	7.5014	7.48806	7.39261	7.46337
0.0911625	7.32837	7.40848	7.66451	7.45551	7.64713	7.64455	7.50439	7.40341	7.69685
0.0918625	7.50566	7.51708	7.48841	7.62691	7.3896	7.63312	7.45764	7.56202	7.5003
0.0925625	7.65941	7.76497	7.62948	7.55389	7.53375	7.57714	7.27936	7.56559	7.6473
0.093275	7.73189	7.8528	7.71177	7.4706	7.66666	7.49874	7.73118	7.78035	7.52153
0.0939875	7.46886	7.462	7.52485	7.41542	7.5195	7.17985	7.38508	7.35184	7.46881
0.0947125	7.5295	7.32494	7.56953	7.37913	7.62814	7.32326	7.48249	7.34445	7.72384
0.0954375	7.56946	7.44481	7.58025	7.72842	7.74126	7.70649	7.59991	7.57565	7.55585
0.096175	7.45346	7.49958	7.39366	7.52898	7.51725	7.39012	7.62858	7.77813	7.60058
0.0969	7.33444	7.5493	7.57621	7.48162	7.47425	7.62971	7.58776	7.72535	7.48072
0.09765	7.67827	7.36032	7.4553	7.46729	7.5603	7.60052	7.54068	7.42622	7.7223
0.0983875	7.51636	7.5723	7.3427	7.48203	7.52531	7.66259	7.57836	7.39016	7.26647
0.09915	7.88009	7.68807	7.40092	7.47839	7.66176	7.733	7.42982	7.28718	7.42395
0.0999	7.60366	7.45076	7.38133	7.39205	7.6555	7.60198	7.38769	7.41734	7.59722
0.100662	7.51047	7.53738	7.37131	7.64491	7.7191	7.38896	7.52426	7.50225	7.58033
0.101425	7.62821	7.43508	7.42978	7.41134	7.67799	7.52117	7.4572	7.49155	7.53699
0.1022	7.55739	7.49415	7.4459	7.28339	7.34274	7.54528	7.45309	7.37147	7.52708
0.102975	7.43494	7.42166	7.40043	7.54388	7.47662	7.77792	7.56747	7.47829	7.57485
0.103762	7.62056	7.54826	7.43667	7.31406	7.66009	7.60794	7.52515	7.59778	7.42833
0.10455	7.52386	7.44615	7.57817	7.34792	7.47161	7.39273	7.53181	7.541	7.44193
0.10535	7.59041	7.53107	7.52569	7.4388	7.42076	7.37027	7.51473	7.39744	7.78772
0.10615	7.43664	7.59539	7.5238	7.52148	7.55647	7.62232	7.49047	7.50352	7.35842
0.10695	7.63293	7.39814	7.43455	7.37735	7.69169	7.5217	7.42655	7.54158	7.48185
0.107763	7.38845	7.32617	7.42226	7.46272	7.57031	7.6324	7.51758	7.34911	7.50636
0.108575	7.34651	7.33492	7.25756	7.53993	7.70165	7.44823	7.60186	7.50924	7.75845
0.1094	7.41996	7.46996	7.4519	7.55669	7.42663	7.68447	7.46883	7.56291	7.54169
0.110225	7.50646	7.46002	7.43114	7.29244	7.46834	7.65926	7.42059	7.34593	7.38616
0.111062	7.42312	7.51292	7.51376	7.38725	7.39923	7.50309	7.44305	7.44837	7.4732
0.1119	7.61625	7.41035	7.49337	7.58212	7.32492	7.67292	7.61864	7.40546	7.57751
0.11275	7.36845	7.68632	7.39045	7.25888	7.47251	7.40082	7.60088	7.52434	7.52417
0.1136	7.50667	7.44236	7.63244	7.51983	7.58482	7.6647	7.41598	7.5135	7.44183
0.11445	7.47266	7.47371	7.56755	7.55038	7.52323	7.37558	7.65336	7.35421	7.49777
0.115313	7.31801	7.53721	7.59454	7.49695	7.4463	7.46459	7.28047	7.462	7.51242
0.116187	7.43161	7.4611	7.55035	7.49832	7.48664	7.54907	7.58482	7.71827	7.51884
0.117063	7.57186	7.52579	7.55471	7.36749	7.49445	7.65552	7.49862	7.34924	7.3611
0.117937	7.72067	7.5226	7.45103	7.45794	7.58464	7.53929	7.39186	7.34446	7.47951
0.118825	7.51643	7.40021	7.47806	7.33519	7.40667	7.554	7.45946	7.23423	7.73256
0.119713	7.37519	7.26882	7.5254	7.48279	7.28993	7.45768	7.52006	7.3638	7.47948
0.120613	7.44614	7.3863	7.49879	7.42905	7.40413	7.37054	7.26187	7.51158	7.38565
0.121525	7.44414	7.32666	7.45717	7.56242	7.46203	7.42384	7.39996	7.26417	7.66073
0.122437	7.53606	7.27033	7.32601	7.5638	7.52147	7.5203	7.43096	7.62857	7.55786
0.12335	7.42812	7.48943	7.36049	7.50265	7.66732	7.47866	7.38934	7.43424	7.43748
0.124275	7.59402	7.34914	7.31113	7.42194	7.53631	7.39222	7.49016	7.40961	7.47452
0.125213	7.41059	7.44965	7.48755	7.46732	7.52211	7.36382	7.55496	7.44302	7.50234
0.12615	7.38176	7.27346	7.45017	7.56365	7.44903	7.318	7.55094	7.43041	7.55502
0.127088	7.51446	7.34106	7.40775	7.31921	7.39744	7.52685	7.37122	7.46625	7.46655
0.128037	7.49097	7.27546	7.50703	7.3584	7.19914	7.40534	7.44894	7.45273	7.51457
0.129	7.5457	7.40302	7.37368	7.34473	7.65643	7.42539	7.38717	7.3394	7.45165
0.129963	7.31192	7.30842	7.43839	7.3329	7.52287	7.56482	7.47241	7.42643	7.46501
0.130925	7.4674	7.50835	7.37646	7.19817	7.30807	7.28936	7.26955	7.45615	7.6191
0.1319	7.54374	7.24895	7.5003	7.3437	7.50053	7.56561	7.59622	7.39438	7.33592
0.132887	7.41369	7.48536	7.54408	7.22333	7.33457	7.337	7.41646	7.26481	7.42013
0.133875	7.42935	7.3549	7.32526	7.42841	7.43492	7.50718	7.34399	7.34688	7.44922
0.134875	7.43934	7.38356	7.32498	7.41009	7.37328	7.37215	7.22676	7.47244	7.41818
0.135888	7.34486	7.369	7.37677	7.19749	7.40169	7.42106	7.41983	7.38857	7.34282
0.136888	7.50576	7.46102	7.44303	7.3019	7.47155	7.62536	7.57063	7.48185	7.3692
0.137912	7.4255	7.32449	7.37489	7.27989	7.46332	7.39665	7.2605	7.19922	7.49697
0.138938	7.46613	7.30915	7.47715	7.44047	7.51221	7.45633	7.45152	7.38943	7.28919
0.139962	7.50039	7.45934	7.22743	7.45113	7.33903	7.50602	7.40897	7.56442	7.3049
0.141013	7.46463	7.40386	7.4085	7.28106	7.42092	7.48348	7.405	7.33929	7.29876
0.14205	7.32984	7.29704	7.40964	7.19879	7.39692	7.43615	7.48735	7.37028	7.32002
0.143112	7.51407	7.29632	7.51625	7.35994	7.32393	7.37417	7.35582	7.36484	7.21178
0.144175	7.41131	7.38285	7.277	7.44154	7.40832	7.35928	7.29141	7.165	7.49301
0.145238	7.40863	7.35545	7.22613	7.27091	7.46912	7.41532	7.35605	7.41023	7.22558
0.146313	7.24027	7.35179	7.38452	7.29821	7.325	7.28433	7.28553	7.29551	7.35572
0.1474	7.44599	7.31612	7.39914	7.42971	7.47582	7.23352	7.25991	7.25293	7.57271
0.148487	7.39398	7.28158	7.37467	7.41569	7.31718	7.30039	7.38262	7.23741	7.47298
0.149587	7.46691	7.35131	7.23782	7.34816	7.42325	7.31694	7.46009	7.39859	7.37697
0.1507	7.35087	7.41887	7.39186	7.40225	7.35134	7.28165	7.24657	7.26118	7.25275
0.151812	7.40564	7.30305	7.41177	7.23144	7.1607	7.29907	7.16766	7.18579	7.34524
0.152925	7.24372	7.34399	7.48274	7.38964	7.46042	7.39334	7.32563	7.30936	7.35535
0.154062	7.26347	7.22271	7.28269	7.33874	7.52979	7.41826	7.21322	7.3318	7.21309
0.1552	7.40271	7.2859	7.37103	7.27054	7.24798	7.35062	7.2928	7.27181	7.5253
0.156337	7.24762	7.39345	7.3733	7.24392	7.28246	7.52818	7.48766	7.42302	7.20198
0.1575	7.25533	7.37842	7.491	7.3611	7.39132	7.23497	7.27895	7.25074	7.40195
0.15865	7.18141	7.29104	7.19481	7.2841	7.40241	7.27518	7.32553	7.24526	7.44229
0.159825	7.29671	7.27999	7.35436	7.19199	7.29704	7.12572	7.26116	7.29519	7.43893
0.161	7.31024	7.22945	7.3173	7.13661	7.528	7.36959	7.30313	7.27381	7.4245
0.162188	7.29158	7.43663	7.24231	7.29609	7.34795	7.45964	7.32958	7.35141	7.31744
0.163375	7.42598	7.27029	7.37627	7.29545	7.32121	7.22046	7.18017	7.33076	7.33188
0.164587	7.43948	7.25958	7.16774	7.33261	7.29871	7.45916	7.35164	7.35926	7.16886
0.165788	7.34368	7.33016	7.35912	7.21483	7.29634	7.2417	7.23695	7.2232	7.37054
0.167012	7.23372	7.25782	7.31989	7.38292	7.42862	7.4339	7.34988	7.2317	7.29572
0.168238	7.1914	7.17409	7.31396	7.23552	7.23551	7.39364	7.34636	7.22113	7.29769
0.169475	7.40839	7.33246	7.52197	7.28375	7.28215	7.21353	7.30019	7.18929	7.19148
0.170713	7.36892	7.16991	7.4206	7.24037	7.33626	7.33884	7.21157	7.21554	7.25161
0.171975	7.24225	7.19133	7.28136	7.33265	7.3951	7.20965	7.24767	7.24526	7.31741
0.173238	7.17859	7.27007	7.25173	7.17758	7.43421	7.21481	7.30919	7.27075	7.43202
0.1745	7.28256	7.12321	7.24208	7.12829	7.38815	7.37054	7.37142	7.23347	7.26838
0.175775	7.31782	7.21241	7.2672	7.15898	7.30662	7.32475	7.29691	7.28608	7.26703
0.177062	7.24659	7.36901	7.1278	7.27835	7.44316	7.41407	7.31414	7.12692	7.21297
0.178363	7.11338	7.28713	7.27738	7.29915	7.29612	7.24453	7.36516	7.33043	7.11892
0.179675	7.20689	7.22019	7.23645	7.20623	7.29516	7.22135	7.25957	7.22162	7.23877
0.180988	7.41945	7.26998	7.24116	7.21622	7.2192	7.29259	7.0879	7.16402	7.17693
0.182313	7.2076	7.22071	7.34027	7.25493	7.31346	7.30442	7.21532	7.19616	7.28382
0.183637	7.35198	7.32199	7.27345	7.28377	7.36151	7.29213	7.18027	7.21217	7.13545
0.184988	7.31081	7.17704	7.24364	7.17694	7.21968	7.33829	7.37191	7.32352	7.25223
0.186338	7.22123	7.16249	7.33818	7.30331	7.39141	7.38936	7.06194	7.11114	7.24319
0.1877	7.42327	7.30486	7.36873	7.05946	7.30965	7.31889	7.23556	7.22295	7.26639
0.189063	7.1718	7.25368	7.23943	7.21978	7.32718	7.28877	7.27776	7.21757	7.14322
0.19045	7.10218	7.25051	7.15175	7.19888	7.17695	7.27668	7.23257	7.26866	7.08161
0.191838	7.35654	7.26178	7.37197	7.37675	7.2767	7.32505	7.17033	7.2252	7.17355
0.193237	7.33159	7.16917	7.46043	7.13739	7.30043	7.39619	7.2283	7.16143	7.22097
0.19465	7.24227	7.18076	7.31649	7.12367	7.29195	7.25617	7.21075	7.19531	7.22773
0.196063	7.22231	7.32259	7.10229	7.25273	7.32472	7.27128	7.3081	7.19174	7.36405
0.197488	7.27174	7.22038	7.23548	7.21551	7.27236	7.29475	7.19143	7.27592	7.27716
0.198925	7.304	7.12923	7.19565	7.38585	7.25814	7.14917	7.20124	7.27515	7.2138
0.200375	7.30655	7.33063	7.16515	7.26357	7.31424	7.34016	7.24374	7.27598	7.29765
0.201837	7.26665	7.128	7.32756	7.15694	7.21263	7.19809	7.29524	7.22036	7.18876
0.2033	7.23786	7.08463	7.38097	7.10512	7.34228	7.26242	7.16387	7.18575	7.13495
0.204787	7.24067	7.23276	7.23821	7.11123	7.26449	7.18281	7.17367	7.28275	7.28083
0.206275	7.28317	7.15775	7.1225	7.12666	7.22449	7.27518	7.07919	7.17988	7.17732
0.207775	7.26079	7.08595	7.27143	7.28198	7.21182	7.30627	7.15867	7.21644	7.20145
0.209275	7.30237	7.23216	7.21945	7.18972	7.18724	7.39058	7.29469	7.18498	7.06564
0.2108	7.0806	7.11368	7.22473	7.16669	7.17118	7.29242	7.15972	7.22795	7.08453
0.212325	7.15355	7.10969	7.23697	7.08191	7.32948	7.04998	7.2403	7.13233	7.24741
0.213875	7.26698	7.02565	7.16906	7.10643	7.20896	7.2057	7.19487	7.26348	7.19274
0.215425	7.13841	7.16165	7.35649	7.19497	7.37784	7.05203	7.16726	7.28485	7.24235
0.216988	7.20114	7.12696	6.9798	7.08784	7.13749	7.32516	7.1614	7.10837	7.11445
0.218562	7.22731	7.17447	7.15043	7.17222	7.17711	7.33979	7.13706	7.13309	7.13617
0.22015	7.23509	7.20481	7.17212	7.14997	7.23444	7.33837	7.18775	7.0984	7.17903
0.221738	7.13734	7.19949	7.18543	7.12217	7.21723	7.22068	7.03796	7.14152	7.24223
0.22335	7.23226	7.15509	7.0919	7.1346	7.21156	7.22061	7.33427	7.26143	7.27734
0.224963	7.01037	7.26896	7.24571	7.19458	7.30185	7.15402	7.23025	7.2114	7.25363
0.226588	7.19109	7.22006	7.2819	7.09205	7.28708	7.3528	7.19434	7.14187	7.26937
0.228237	7.05688	6.92108	7.18526	7.19683	7.15528	7.16678	7.17512	7.08173	7.1804
0.229888	7.1701	7.16551	7.23432	7.01194	7.17156	7.21318	7.22742	7.08189	7.11505
0.23155	7.18251	7.1847	7.13019	7.08342	7.00651	7.16854	7.16186	7.17989	7.21949
0.233225	7.1387	7.09884	6.9995	7.05425	7.1806	7.14852	7.24875	7.0829	7.21955
0.234912	7.10436	7.03962	7.13894	7.18801	7.05754	7.17512	7.1326	7.15336	7.11241
0.2366	7.08379	7.04346	7.19356	7.05593	7.28033	7.1808	7.17866	7.1471	7.03416
0.238312	7.09869	7.10114	7.13811	7.12198	7.09638	7.19417	7.24542	7.18584	7.0649
0.240038	7.04564	7.11714	7.32925	7.1855	7.22411	7.1319	7.20252	7.14058	7.06627
0.241763	7.12003	7.20331	7.12112	7.04549	7.04433	7.12236	7.11331	7.19478	7.13205
0.243512	7.17298	7.06257	7.17031	6.98253	7.13722	7.08605	7.18221	7.13874	7.09721
0.245275	7.07482	7.14241	7.12909	7.10782	7.09314	7.24755	7.13108	7.04239	7.15951
0.247038	7.15854	7.09009	7.1792	7.06696	7.26436	7.19992	7.13858	7.20377	7.11055
0.248825	7.0798	7.0845	7.15435	7.11066	7.21859	7.17132	7.02476	7.10733	7.10982
0.250612	7.13657	7.16709	7.20934	7.14919	7.11335	7.05288	7.16008	6.97581	7.19157
0.252425	7.16881	7.08433	7.06613	7.06487	7.1983	7.04591	7.1454	7.1832	7.10833
0.254238	7.12364	6.91598	7.17646	7.01542	7.11443	7.20493	7.13227	7.04151	7.067
0.256075	7.0501	7.1508	7.07193	7.01775	7.16689	7.05352	7.01068	7.15708	7.17722
0.257912	7.22799	7.0734	7.14231	7.05368	7.16437	7.20169	7.14531	7.15083	7.07541
0.259775	7.26567	7.13174	7.09455	7.00918	7.2483	7.11133	7.05626	7.11623	7.23612
0.26165	7.19268	6.99118	7.14795	7.05514	7.09298	7.20794	7.04169	7.13404	7.19398
0.263525	7.2116	7.0753	7.07311	6.98784	7.19246	7.1581	7.00268	7.20367	7.17147
0.265425	7.02284	7.09059	7.12351	7.03404	7.04952	7.10319	7.0728	7.00458	7.19847
0.267338	7.19541	7.1897	7.04959	7.09325	7.23448	7.18328	7.14791	7.1159	7.15105
0.26925	7.10225	7.08929	7.12801	7.1186	7.19694	7.11385	7.1013	6.93643	7.08667
0.271188	7.09659	6.97324	7.09818	7.03102	7.09013	7.01747	7.07948	7.07292	7.13162
0.273138	7.16387	7.0474	7.13768	7.06339	7.1274	6.99625	7.1616	7.08983	7.15766
0.2751	7.13391	7.04775	7.01095	6.91607	7.18423	7.0451	7.15104	6.98251	7.11581
0.277075	7.06748	7.0929	7.03457	7.12569	7.15372	7.10644	7.12234	7.05422	7.04488
0.279063	7.06797	7.07712	7.0355	7.12646	7.08579	6.9904	7.09566	6.97109	7.00543
0.281075	7.08005	7.03064	7.14294	6.96801	7.11481	7.08243	7.10176	7.12551	7.09801
0.283087	7.09996	7.12419	7.03959	7.00408	7.1364	7.05081	7.012	6.99478	7.0744
0.285125	7.09921	7.14309	7.16418	7.03584	7.13337	7.20493	7.07457	7.02289	7.12401
0.287163	6.98707	7.10229	7.04493	6.94776	7.12842	7.13413	7.06583	6.95294	7.11585
0.289225	7.03458	7.14901	7.0964	6.98849	7.03065	7.25727	7.08273	6.97954	7.1318
0.2913	7.14898	6.87701	6.9874	7.03973	7.10554	7.15398	6.88023	6.96158	6.91757
0.293388	7.08082	7.13231	7.06297	7.05104	7.05675	7.0211	7.05858	6.93992	7.01993
0.295487	7.05208	6.99976	7.05298	7.08423	7.10844	7.10417	7.01625	7.02231	7.13916
0.297612	6.98782	6.98534	7.00242	7.05035	7.12472	7.13454	7.13047	7.01705	7.04641
0.299738	7.14765	6.95877	7.0974	6.94636	7.12486	7.05695	7.00859	7.02946	7.00324
0.301888	6.9655	7.07872	7.09308	7.13308	7.08436	7.22141	7.04173	7.05169	6.98504
0.30405	7.03755	7.01551	6.91638	7.06924	7.05902	7.03109	7.05632	6.96153	6.99673
0.306225	6.97333	7.11011	6.91945	7.02452	7.07788	7.07696	7.12594	7.05277	7.05307
0.308425	7.10992	7.04215	6.9161	6.96	6.95264	7.01968	6.98461	6.94535	7.02906
0.310625	7.08296	6.97714	6.96706	6.95907	7.06645	7.09858	6.99801	7.06335	7.0009
0.31285	6.97878	6.96342	7.0105	6.95964	7.0693	6.99735	6.99123	6.86137	7.04533
0.315087	7.07022	6.98892	7.06659	7.03371	7.11843	7.10408	7.01124	7.01023	7.18857
0.317338	7.03211	7.0074	7.14337	6.96218	7.2317	7.06735	7.04751	6.97184	6.91515
0.319613	6.9985	6.98417	7.0562	7.01848	7.05949	7.03612	7.08117	6.87722	7.007
0.3219	7.00231	6.9619	7.00123	6.95414	7.0493	6.98588	7.1233	6.96653	6.983
0.3242	7.05333	6.91769	7.07783	7.01172	7.02193	7.06498	7.01935	7.01149	7.02655
0.326512	7.0341	6.98509	7.22218	6.93489	7.03941	7.02202	7.05409	7.00071	7.0928
0.32885	7.07056	6.99506	7.05773	7.02128	7.11137	6.93525	7.01891	7.06378	7.04651
0.331187	7.03094	6.9118	7.07827	6.90519	6.94276	6.99176	7.09887	7.08456	6.99668
0.333562	7.04443	6.95032	6.93554	6.88689	7.14741	7.04116	7.01897	7.00396	6.82607
0.335938	7.0148	7.05463	7.02784	6.99211	6.86469	7.07054	6.97918	6.99153	6.99702
0.338338	6.90536	6.9002	7.03005	6.96586	6.98025	7.18267	6.98486	6.83122	7.08861
0.34075	7.07146	6.99989	6.92616	6.94394	7.12625	7.01545	7.06282	6.96668	7.05441
0.343188	7.10241	6.90879	7.02437	7.04158	7.04602	6.90908	7.03759	6.8721	7.04211
0.345638	7.06277	6.89866	7.09963	6.95601	7.12177	7.0651	7.04661	6.9495	6.99402
0.3481	6.94297	6.99046	6.97117	6.93443	7.08259	6.98215	6.95956	6.89006	7.00253
0.350575	6.96917	6.99088	7.02352	6.89875	7.00726	6.99776	6.93754	6.91525	6.97104
0.353075	7.03177	6.91348	7.07588	6.92385	6.90256	6.97381	6.94168	7.04919	6.95182
0.3556	6.98855	7.0351	6.89514	6.91415	7.06077	7.03045	7.01775	7.05346	6.89741
0.358125	7.02414	6.91132	6.9843	6.95282	6.95497	6.95343	6.97955	6.93067	6.95061
0.360675	6.89657	6.96494	6.98295	6.92338	7.07114	6.94863	6.95565	6.92819	7.0094
0.36325	6.98748	6.8773	7.01897	6.91847	7.02884	7.02887	7.00701	6.88321	6.94886
0.365838	6.9486	6.97083	7.08482	6.84118	7.1093	6.96077	6.92249	6.88701	6.98251
0.368437	6.96288	6.958	7.04163	6.90737	7.09119	6.94473	6.87578	6.87971	7.00985
0.371062	6.93721	6.93342	6.91201	6.91456	7.07867	7.06059	6.9894	6.97378	6.93469
0.373713	7.0468	6.87746	6.95779	6.89575	7.02648	6.98576	6.99923	6.9634	6.95862
0.376363	6.92345	7.00092	6.91852	6.9536	7.0589	6.99665	7.02518	6.91708	6.99325
0.37905	7.01092	6.9077	6.86078	6.96828	7.01846	7.02526	6.86396	6.87356	6.92614
0.381738	6.90429	6.89948	6.82095	6.9275	7.02012	6.99584	6.94035	6.96998	6.93693
0.384463	6.93537	6.85903	6.9654	6.89521	6.96907	6.97615	7.00998	6.91188	6.92142
0.387188	7.04723	6.89557	6.91676	6.92557	6.99265	7.0185	6.98638	7.05617	6.86744
0.38995	6.92856	6.93829	6.92145	6.83508	6.93987	7.00557	7.01709	6.96795	7.03846
0.392713	6.93581	6.89046	7.04392	6.98476	6.97589	7.07586	6.95611	6.91853	6.91528
0.395512	6.91298	6.79288	6.87263	6.92591	7.02417	6.89496	6.84562	6.93485	6.82851
0.398325	6.8551	6.92419	6.90793	6.81423	7.00949	6.95938	6.85452	6.87669	6.93065
0.40115	6.93997	6.9541	6.89853	6.85802	7.01833	6.96625	6.92093	6.95412	6.99971
0.404	6.87114	6.88458	6.99408	6.81503	6.98428	6.95564	6.83736	6.9083	6.85562
0.406875	6.98939	6.92962	6.87066	6.90039	7.07347	6.95758	7.00418	6.9001	6.92639
0.409763	6.95309	6.94547	6.99978	6.91664	7.06695	7.03662	7.0021	6.90521	6.91247
0.412663	6.95877	6.8867	6.95725	6.80518	7.0597	6.93757	6.93697	6.86005	6.9506
0.4156	6.96362	6.85377	7.04877	6.98611	6.98992	6.87492	6.96269	6.83784	6.93814
0.41855	6.88134	6.82685	7.04173	6.95074	7.03995	6.91826	6.91166	6.85254	6.95861
0.421525	6.97781	6.91562	7.029	6.83732	6.98701	6.95627	6.89806	6.96962	6.85949
0.424513	6.90064	6.84894	6.87767	6.9044	7.00141	6.96133	6.91126	6.91039	6.80221
0.427525	6.93542	6.81068	6.91549	6.95966	7.04654	7.00402	6.97656	6.82243	6.99361
0.43055	6.86624	6.89637	7.00289	6.86948	6.84478	6.95085	6.9308	6.96875	6.95225
0.433612	6.9171	6.83022	6.82464	6.82802	7.03436	6.87473	6.9027	6.8877	6.9408
0.436687	6.95096	6.94825	6.98898	6.87657	6.94755	6.92193	6.86068	6.85607	6.86606
0.439775	6.94961	6.88796	6.86371	6.89935	6.95101	6.95672	6.83011	6.89985	6.93008
0.4429	6.84202	6.93467	6.91815	6.89792	6.98339	6.94553	6.89809	6.84753	6.83999
0.446038	6.92488	6.81573	6.93168	6.92752	6.97844	6.89691	6.88585	6.98489	6.9211
0.4492	6.94962	6.91098	6.88415	6.88168	6.86149	6.89805	6.92073	6.84139	6.83056
0.452375	6.97777	6.86205	6.99215	6.84204	6.94648	6.95739	6.90021	6.97456	6.89901
0.455588	6.86199	6.89971	6.94682	6.83697	6.89479	6.90285	6.87697	6.75804	6.95852
0.458813	6.88794	6.82406	6.93965	6.88067	6.97879	6.91777	6.86129	6.95993	6.92331
0.462063	6.91049	6.94192	6.94321	6.77848	6.90048	6.84036	6.90294	6.86294	6.82052
0.465338	6.95596	6.82929	6.91666	6.82573	6.88118	6.95257	6.7879	6.87659	6.92506
0.468625	6.96058	6.85545	6.88315	6.84001	6.93091	6.89929	6.93581	6.78202	6.8973
0.47195	6.91498	6.88939	6.95434	6.868	6.8502	6.81677	6.85508	6.88774	6.89809
0.475287	6.97096	6.83793	6.91942	6.89985	6.9227	6.80419	6.9004	6.84084	6.87947
0.47865	6.94818	6.83995	6.8886	6.81751	6.88221	6.89329	6.80883	6.8855	6.91483
0.482038	6.85805	6.86363	6.89837	6.89639	6.85118	6.91374	6.83345	6.95181	6.81111
0.48545	6.97878	6.80929	6.91232	6.86082	6.9916	6.85755	6.96083	6.82118	6.81457
0.488887	6.86881	6.7995	6.84715	6.72771	6.87915	6.87886	6.93047	6.87505	6.89541
0.492337	6.9144	6.83625	6.84198	6.82293	6.91543	6.99246	6.958	6.77933	6.80768
0.495825	6.90495	6.88674	6.84263	6.8252	6.85406	6.84695	6.80436	6.80433	6.92972
0.499325	6.83176	6.85456	6.88614	6.80868	6.91438	6.96373	6.90576	6.81954	6.92818
0.502863	6.88999	6.85383	6.86381	6.85358	6.87642	6.99546	6.84876	6.80965	6.90823
0.506413	6.8961	6.81881	6.92179	6.80592	6.88064	6.84612	6.81174	6.72266	6.80581
0.51	6.93211	6.79863	6.81084	6.88798	6.88093	6.93485	6.9186	6.89875	6.83967
0.5136	6.92151	6.83951	6.81655	6.81758	6.96311	6.84503	6.84009	6.85732	6.77117
0.517225	6.9302	6.75991	6.88498	6.80542	6.9322	6.83345	6.92652	6.72685	6.93629
0.520887	6.95597	6.96109	6.86296	6.7727	6.90346	6.91401	6.87517	6.75615	6.80135
0.524562	6.84984	6.7274	6.8376	6.76604	6.95238	6.86836	6.86281	6.7669	6.77575
0.528275	6.81652	6.81846	6.84994	6.84032	6.90103	6.91119	6.86643	6.81224	6.83895
0.532	6.84528	6.82852	6.85455	6.73387	6.91061	6.8022	6.86935	6.83238	6.84869
0.535762	6.83791	6.92709	6.8632	6.80135	6.89218	6.86574	6.90873	6.86507	6.91563
0.539537	6.77902	6.84871	6.76806	6.79984	6.88228	6.86734	6.82378	6.87473	6.88349
0.54335	6.77664	6.91313	6.89775	6.7582	6.86805	6.87952	6.78361	6.76944	6.76354
0.547188	6.90147	6.87192	6.84119	6.80138	6.90286	6.85274	6.89958	6.8073	6.87572
0.55105	6.87818	6.83571	6.88604	6.81815	6.83312	6.7879	6.80329	6.78438	6.85216
0.554937	6.82525	6.83484	6.88004	6.89929	6.87578	6.87063	6.85049	6.84825	6.8569
0.55885	6.84107	6.76713	6.98149	6.83538	6.93928	6.87848	6.82744	6.77159	6.83769
0.5628	6.79488	6.8587	6.85306	6.87503	6.94572	6.84211	6.75906	6.7774	6.82358
0.566763	6.76874	6.85167	6.81876	6.78269	6.81683	6.87894	6.73982	6.89298	6.84915
0.570763	6.86154	6.81186	6.86043	6.73305	6.88499	6.88646	6.72515	6.79255	6.87346
0.574787	6.81554	6.79118	6.84419	6.8224	6.83577	6.95406	6.77499	6.69175	6.78148
0.578838	6.94322	6.84613	6.87072	6.90306	6.91811	6.78196	6.86501	6.75189	6.82778
0.582925	6.79942	6.80778	6.89932	6.83293	6.84885	6.79992	6.78899	6.81021	6.90757
0.587038	6.79894	6.7849	6.93314	6.83659	6.9156	6.85174	6.82243	6.7678	6.82806
0.591175	6.78893	6.81736	6.88276	6.78062	6.85851	6.90878	6.86638	6.81906	6.78284
0.595338	6.79664	6.75646	6.82593	6.75847	6.84525	6.86897	6.79639	6.77619	6.80133
0.599537	6.83216	6.74159	6.84886	6.79113	6.86408	6.86228	6.83074	6.78341	6.8044
0.603763	6.78975	6.77371	6.85251	6.78702	6.92891	6.82075	6.67828	6.73215	6.82614
0.608012	6.84139	6.8158	6.81554	6.84972	6.91372	6.84761	6.78727	6.82442	6.82519
0.6123	6.80248	6.7693	6.79723	6.80475	6.92226	6.8616	6.82007	6.71399	6.8318
0.616612	6.82146	6.77388	6.81262	6.84796	6.78174	6.80518	6.86356	6.7948	6.7992
0.620963	6.76662	6.84664	6.82851	6.83264	6.88705	6.76955	6.80163	6.84125	6.6961
0.625325	6.83718	6.73915	6.81817	6.76753	6.8314	6.81935	6.84399	6.82063	6.77104
0.629737	6.77953	6.77472	6.84936	6.73968	6.90787	6.80947	6.79616	6.78093	6.82503
0.634175	6.77349	6.77974	6.78194	6.76498	6.96198	6.75631	6.8435	6.78628	6.79303
0.638637	6.83994	6.83489	6.84334	6.7804	6.81988	6.84647	6.84203	6.78179	6.78764
0.643125	6.80596	6.7395	6.80011	6.76965	6.87399	6.81983	6.80812	6.78548	6.87371
0.647663	6.77458	6.7732	6.72283	6.77075	6.81899	6.81407	6.85911	6.74896	6.79676
0.652213	6.87437	6.75352	6.88956	6.67394	6.82895	6.84596	6.77455	6.8595	6.84438
0.656812	6.81544	6.80861	6.77604	6.73552	6.77909	6.95388	6.83311	6.88536	6.71558
0.661425	6.76837	6.8288	6.88463	6.74976	6.86326	6.84312	6.7857	6.8114	6.8512
0.666088	6.74785	6.81613	6.79804	6.71478	6.74313	6.81358	6.74567	6.76182	6.88327
0.670775	6.84079	6.69805	6.86178	6.8105	6.95519	6.88329	6.78293	6.83484	6.81018
0.675488	6.86793	6.77663	6.80507	6.73991	6.90237	6.74038	6.81115	6.75436	6.75111
0.680237	6.88491	6.84749	6.80736	6.79111	6.85235	6.81811	6.87473	6.72795	6.80106
0.685025	6.81143	6.76135	6.8378	6.79613	6.88883	6.84052	6.85124	6.85656	6.79134
0.689838	6.78285	6.82673	6.84688	6.76912	6.80389	6.89878	6.79457	6.81977	6.85447
0.694687	6.89437	6.75899	6.8512	6.80759	6.87594	6.78861	6.76716	6.73492	6.87773
0.699575	6.85149	6.72509	6.7703	6.7675	6.84903	6.86036	6.781	6.719	6.82094
0.7045	6.78776	6.79692	6.84078	6.79159	6.89691	6.80861	6.79243	6.80787	6.75037
0.70945	6.76971	6.76158	6.81703	6.72278	6.81824	6.83378	6.79584	6.78198	6.82584
0.714437	6.84401	6.78169	6.88552	6.73762	6.80222	6.8759	6.83103	6.73674	6.77223
0.719463	6.77817	6.75497	6.76152	6.76664	6.8845	6.77395	6.79889	6.69396	6.74266
0.724513	6.77411	6.75993	6.80861	6.73428	6.88685	6.85093	6.75623	6.78951	6.81046
0.7296	6.83009	6.78859	6.79601	6.77441	6.79686	6.8382	6.75617	6.77294	6.82728
0.734738	6.75156	6.80422	6.81814	6.68808	6.82876	6.79776	6.79184	6.74939	6.88297
0.7399	6.78337	6.72742	6.76826	6.80904	6.82337	6.80301	6.74278	6.79234	6.72307
0.745088	6.79679	6.70197	6.8142	6.73927	6.85418	6.88161	6.79657	6.80056	6.78578
0.750325	6.79657	6.72959	6.81785	6.79582	6.88041	6.7998	6.78605	6.75645	6.77639
0.7556	6.89627	6.76765	6.79651	6.74135	6.83038	6.841	6.81463	6.70899	6.75833
0.7609	6.77282	6.73298	6.804	6.72137	6.80797	6.89826	6.78054	6.80094	6.73685
0.76625	6.83742	6.81558	6.77342	6.79931	6.84227	6.93083	6.79621	6.78871	6.78123
0.771625	6.77222	6.70793	6.69085	6.74954	6.83003	6.80846	6.79824	6.77098	6.77916
0.77705	6.88384	6.7977	6.799	6.81415	6.83572	6.78835	6.82728	6.76242	6.84836
0.7825	6.86296	6.72877	6.86705	6.78917	6.84506	6.78091	6.83802	6.82977	6.76868
0.788	6.75962	6.77827	6.77905	6.7138	6.78613	6.82136	6.78515	6.71459	6.79357
0.793525	6.75364	6.70937	6.81581	6.78056	6.80354	6.85087	6.76997	6.75851	6.74841
0.7991	6.76106	6.77107	6.7859	6.81665	6.88261	6.83614	6.82576	6.75355	6.7241
0.8047	6.83256	6.7753	6.87559	6.70482	6.75416	6.79109	6.79098	6.79621	6.85673
0.81035	6.77354	6.81606	6.74506	6.66339	6.77027	6.79023	6.81034	6.72589	6.77414
0.816037	6.80166	6.80172	6.79211	6.7613	6.78041	6.85204	6.76206	6.72032	6.77301
0.821763	6.80727	6.70692	6.84719	6.72014	6.89594	6.7835	6.82026	6.7752	6.75947
0.827525	6.7547	6.71441	6.75256	6.75956	6.8362	6.85275	6.79386	6.72611	6.75695
0.833337	6.78488	6.80414	6.7443	6.81475	6.78718	6.71441	6.79599	6.81183	6.78877
0.839175	6.84639	6.73843	6.7299	6.77982	6.79157	6.85282	6.72712	6.73462	6.72753
0.845062	6.7005	6.79338	6.67702	6.66148	6.882	6.82519	6.78656	6.7429	6.75553
0.851	6.79052	6.76868	6.76398	6.77066	6.8902	6.78859	6.80886	6.76466	6.77311
0.856963	6.80224	6.77762	6.77913	6.69402	6.77382	6.83137	6.74546	6.7443	6.85118
0.862975	6.74456	6.7626	6.73944	6.77277	6.88883	6.80956	6.81295	6.75632	6.73067
0.869025	6.78892	6.7318	6.76278	6.80115	6.82283	6.78038	6.82535	6.7706	6.74748
0.875112	6.8295	6.7861	6.78008	6.77791	6.83052	6.82518	6.79886	6.76297	6.79057
0.88125	6.80274	6.75245	6.80089	6.81142	6.84401	6.89721	6.79064	6.79879	6.74559
0.887425	6.77122	6.76162	6.75373	6.7318	6.7776	6.82247	6.7189	6.7469	6.78912
0.89365	6.80154	6.7397	6.77316	6.74168	6.82778	6.86879	6.77798	6.74488	6.80134
0.899912	6.80271	6.73641	6.75823	6.79111	6.74304	6.78714	6.75346	6.69243	6.75951
0.906225	6.83052	6.78064	6.84713	6.72842	6.7969	6.75896	6.77079	6.72515	6.74526
0.912575	6.77716	6.79894	6.78932	6.75215	6.79744	6.8082	6.80114	6.74652	6.76052
0.918962	6.72753	6.83473	6.75665	6.78229	6.77286	6.79211	6.74539	6.76667	6.77146
0.9254	6.82271	6.73872	6.78584	6.74334	6.75782	6.80914	6.70416	6.75579	6.79037
0.931888	6.69846	6.73857	6.75894	6.74812	6.81318	6.78125	6.74642	6.72972	6.76602
0.938412	6.81352	6.72183	6.80259	6.72921	6.75406	6.82606	6.69196	6.81256	6.78203
0.944987	6.79355	6.78518	6.7508	6.74373	6.81417	6.82367	6.7461	6.68817	6.78339
0.951612	6.81839	6.74283	6.78846	6.76742	6.82635	6.75351	6.77486	6.79269	6.73697
0.958275	6.73931	6.82377	6.8012	6.73515	6.83977	6.76232	6.81243	6.7808	6.72189
0.964988	6.80255	6.73138	6.80643	6.81783	6.83442	6.85001	6.74997	6.7497	6.79243
0.97175	6.8182	6.72939	6.8438	6.76422	6.87392	6.82269	6.79973	6.69597	6.74736
0.97855	6.74935	6.7459	6.7909	6.73288	6.7932	6.816	6.77409	6.75308	6.76347
0.9854	6.73238	6.75308	6.79103	6.74118	6.80985	6.81762	6.77837	6.73343	6.80097
0.9923	6.79187	6.71125	6.8212	6.73014	6.86371	6.74552	6.71968	6.71646	6.77748
0.99925	6.79888	6.7945	6.76055	6.77661	6.79495	6.74651	6.73662	6.75536	6.79633
1.00625	6.75665	6.75135	6.82779	6.74277	6.8812	6.804	6.75636	6.74782	6.78502
1.01329	6.85324	6.74107	6.75839	6.70979	6.85421	6.77373	6.78203	6.74018	6.76743
1.02039	6.73574	6.73975	6.7638	6.73383	6.80612	6.80475	6.77283	6.75056	6.75771
1.02752	6.7506	6.66689	6.75568	6.71451	6.78593	6.72895	6.76757	6.76951	6.78071
1.03472	6.78927	6.77252	6.82673	6.72199	6.84294	6.79911	6.74458	6.77569	6.74661
1.04196	6.79401	6.76182	6.8004	6.7891	6.83794	6.83103	6.80447	6.74702	6.7361
1.04925	6.74758	6.76323	6.80624	6.77116	6.85789	6.84425	6.733	6.74784	6.79246
1.0566	6.73116	6.68577	6.75228	6.70854	6.81476	6.83112	6.76702	6.78673	6.72655
1.06399	6.80952	6.78793	6.81995	6.74152	6.85265	6.77985	6.75491	6.68151	6.7203
1.07144	6.76158	6.7559	6.78473	6.74819	6.89224	6.76908	6.86421	6.75746	6.76092
1.07893	6.78261	6.72079	6.7947	6.76854	6.80729	6.80942	6.72908	6.71115	6.70998
1.08648	6.73669	6.74547	6.81497	6.78852	6.8755	6.81467	6.73161	6.73629	6.79094
1.09407	6.80802	6.7502	6.77818	6.75514	6.79658	6.76008	6.73228	6.77133	6.788
1.10174	6.77671	6.7228	6.77736	6.75993	6.90199	6.80401	6.79472	6.75604	6.74411
1.10944	6.82725	6.73868	6.79369	6.79641	6.85363	6.83979	6.75903	6.73419	6.74068
1.1172	6.81242	6.75069	6.79284	6.72444	6.86324	6.80571	6.74866	6.76082	6.71509
1.12501	6.74888	6.76413	6.74499	6.72787	6.83165	6.77339	6.72214	6.7579	6.74682
1.13287	6.74034	6.76916	6.79647	6.73255	6.8107	6.76505	6.75513	6.65435	6.719
1.1408	6.79444	6.7984	6.78099	6.71806	6.82187	6.85299	6.79631	6.73459	6.78553
1.14877	6.75599	6.78204	6.81503	6.79056	6.86702	6.77031	6.85748	6.71403	6.79474
1.15681	6.78718	6.74929	6.79303	6.79914	6.75278	6.82308	6.7586	6.72212	6.77884
1.1649	6.81422	6.72695	6.76362	6.77207	6.8052	6.84263	6.79223	6.73211	6.70536
1.17304	6.83641	6.79652	6.7718	6.74333	6.82132	6.8105	6.73235	6.71543	6.74756
1.18124	6.76428	6.7607	6.81155	6.74355	6.8752	6.85321	6.79551	6.71623	6.7401
1.1895	6.79754	6.70222	6.78857	6.7569	6.81166	6.89866	6.79204	6.70859	6.76613
1.19781	6.81357	6.74941	6.7644	6.74261	6.78612	6.83923	6.80448	6.78296	6.72424
1.20619	6.7904	6.72969	6.76799	6.73248	6.78997	6.80347	6.76793	6.72448	6.78533
1.21461	6.77946	6.7469	6.81213	6.74904	6.85884	6.85306	6.80403	6.74941	6.81503
1.2231	6.74561	6.79533	6.77206	6.78085	6.80395	6.83604	6.82602	6.68621	6.80111
1.23165	6.75198	6.73512	6.82792	6.79245	6.82515	6.83776	6.77982	6.77674	6.78065
1.24026	6.78551	6.78699	6.74865	6.70545	6.87115	6.78373	6.8015	6.78272	6.75542
1.24892	6.74553	6.7231	6.75605	6.68742	6.80741	6.80604	6.75186	6.69882	6.77246
1.25765	6.77601	6.77661	6.79256	6.71402	6.7901	6.78368	6.80874	6.77838	6.76321
1.26644	6.81933	6.68924	6.78658	6.67726	6.88106	6.83079	6.7945	6.72371	6.79444
1.27529	6.80833	6.73772	6.77816	6.74976	6.78126	6.82011	6.77688	6.73422	6.76473
1.2842	6.80474	6.76085	6.78695	6.74119	6.8103	6.78661	6.81911	6.73355	6.75929
1.29316	6.80218	6.74427	6.80359	6.71396	6.79304	6.82189	6.80319	6.74905	6.79518
1.3022	6.75817	6.71856	6.80027	6.74433	6.79915	6.82443	6.75541	6.82623	6.81183
1.3113	6.76276	6.77211	6.82422	6.76047	6.88635	6.79702	6.80907	6.71241	6.77205
1.32045	6.80333	6.75231	6.81404	6.72703	6.86725	6.81522	6.79923	6.75389	6.73118
1.32967	6.84285	6.76946	6.85233	6.7667	6.87571	6.76298	6.80751	6.77582	6.81555
1.33896	6.73976	6.72804	6.79983	6.73979	6.85931	6.84804	6.82436	6.72944	6.77797
1.34831	6.74755	6.74513	6.7689	6.72071	6.85241	6.83268	6.78329	6.73485	6.79467
1.35773	6.78927	6.75137	6.78453	6.77911	6.8628	6.78812	6.78319	6.76086	6.79079
1.36721	6.79025	6.67393	6.79193	6.78567	6.79793	6.82447	6.76218	6.76528	6.80044
1.37675	6.76962	6.71205	6.83693	6.75954	6.82051	6.80145	6.82838	6.73647	6.73
1.38636	6.83279	6.78512	6.76578	6.7506	6.84063	6.74147	6.78838	6.7364	6.77952
1.39605	6.78276	6.79243	6.81111	6.77212	6.88699	6.82872	6.79439	6.74035	6.77059
1.4058	6.80381	6.78188	6.76526	6.84964	6.82341	6.78096	6.82725	6.76768	6.79762
1.41561	6.79218	6.75693	6.74231	6.79339	6.84202	6.87684	6.78881	6.66432	6.81309
1.42549	6.82084	6.76726	6.73449	6.73633	6.85881	6.80449	6.80403	6.76205	6.8117
1.43544	6.80053	6.74246	6.80761	6.75723	6.87669	6.84561	6.82126	6.75687	6.71332
1.44546	6.82354	6.78705	6.81989	6.78686	6.84857	6.84277	6.874	6.73318	6.78056
1.45555	6.81073	6.76131	6.84799	6.80819	6.83983	6.89066	6.81216	6.78356	6.84334
1.46571	6.81522	6.75141	6.71894	6.7609	6.84521	6.88394	6.85254	6.77182	6.83954
1.47594	6.82625	6.77562	6.81119	6.81787	6.82525	6.86	6.83445	6.78144	6.76703
1.48624	6.81228	6.71655	6.83177	6.77498	6.80797	6.83388	6.76909	6.7436	6.80429
1.49661	6.85145	6.79737	6.80095	6.7526	6.83465	6.90153	6.82343	6.74364	6.79897
1.50705	6.7786	6.78314	6.82506	6.81695	6.79761	6.80732	6.78711	6.75457	6.80342
1.51756	6.82921	6.77867	6.7996	6.76987	6.81686	6.87392	6.84815	6.75319	6.84083
1.52815	6.78673	6.73549	6.83089	6.75533	6.78178	6.86414	6.81213	6.76266	6.78214
1.53881	6.78155	6.74096	6.89079	6.77432	6.85847	6.85431	6.80918	6.74359	6.81126
1.54955	6.8058	6.78167	6.81299	6.75759	6.85645	6.7687	6.80065	6.81777	6.81154
1.56036	6.76846	6.74993	6.81586	6.79218	6.856	6.87098	6.78426	6.74405	6.83689
1.57125	6.8279	6.73081	6.83295	6.81583	6.78819	6.85634	6.8176	6.75966	6.8159
1.58221	6.75414	6.77784	6.85704	6.78254	6.81579	6.86359	6.7891	6.74045	6.76305
1.59325	6.78732	6.80771	6.82778	6.75408	6.85531	6.84867	6.82389	6.78455	6.80342
1.60436	6.84837	6.8025	6.79676	6.76505	6.80402	6.84781	6.78166	6.73562	6.80251
1.61555	6.78445	6.77225	6.78987	6.79819	6.88207	6.86217	6.82237	6.71826	6.79597
1.62681	6.79676	6.77953	6.79646	6.75044	6.86904	6.82407	6.78314	6.79915	6.79992
1.63816	6.79421	6.7684	6.84321	6.7599	6.86932	6.89273	6.78719	6.76768	6.77961
1.64959	6.8368	6.75686	6.83669	6.75353	6.85322	6.80718	6.83134	6.7799	6.80076
1.66109	6.80569	6.77741	6.77766	6.75185	6.83056	6.8682	6.80039	6.79203	6.78026
1.67268	6.81413	6.75738	6.80015	6.76127	6.86989	6.86621	6.82286	6.77283	6.80858
1.68434	6.81847	6.74581	6.81564	6.7571	6.81668	6.84683	6.83151	6.77241	6.74297
1.69609	6.79287	6.8072	6.80454	6.78348	6.83527	6.85839	6.81329	6.76767	6.79979
1.70791	6.85749	6.77218	6.86912	6.77618	6.82875	6.89984	6.84578	6.75979	6.81487
1.71981	6.81704	6.77707	6.81241	6.75833	6.8631	6.91315	6.83051	6.78363	6.80655
1.73181	6.80618	6.7948	6.80596	6.77482	6.84736	6.84083	6.81454	6.75378	6.82064
1.74388	6.81788	6.8081	6.79639	6.75419	6.83716	6.8607	6.82419	6.79866	6.82629
1.75604	6.80478	6.7567	6.83446	6.75244	6.83781	6.84516	6.82938	6.77216	6.7946
1.76828	6.80239	6.74239	6.80416	6.77506	6.81366	6.88588	6.82035	6.7945	6.8067
1.7806	6.78155	6.74806	6.82917	6.77152	6.8651	6.85909	6.82155	6.78983	6.80115
1.79301	6.82581	6.79834	6.82859	6.78785	6.86221	6.81604	6.86857	6.75201	6.78795
1.80551	6.81041	6.77969	6.79269	6.77006	6.86306	6.87208	6.90242	6.76132	6.75445
1.8181	6.83966	6.81506	6.83434	6.81904	6.86353	6.86926	6.79273	6.78961	6.79531
1.83078	6.81693	6.72415	6.84524	6.79156	6.9024	6.88102	6.86501	6.79915	6.81281
1.84354	6.83279	6.79234	6.78629	6.76495	6.85541	6.83357	6.85422	6.75247	6.81234
1.85637	6.80527	6.77481	6.80601	6.7963	6.89822	6.846	6.82203	6.77243	6.79674
1.86931	6.80894	6.76026	6.8168	6.73313	6.86895	6.8671	6.82694	6.80033	6.79105
1.88234	6.83478	6.74976	6.8483	6.77943	6.9062	6.81845	6.80724	6.74334	6.82533
1.89546	6.84292	6.80164	6.83712	6.80492	6.84884	6.88861	6.83788	6.79157	6.77236
1.90866	6.82376	6.82191	6.77898	6.81979	6.84939	6.86064	6.85952	6.75796	6.803
1.92196	6.80285	6.78118	6.82372	6.78254	6.85302	6.8947	6.85937	6.76894	6.81629
1.93536	6.80895	6.7803	6.80145	6.83634	6.905	6.87077	6.81685	6.78063	6.7654
1.94885	6.84773	6.80401	6.83992	6.76276	6.87453	6.92775	6.84847	6.79685	6.79727
1.96242	6.80924	6.75463	6.85768	6.75932	6.86754	6.89328	6.80321	6.79733	6.83609
1.9761	6.82774	6.8075	6.8398	6.77844	6.86232	6.88526	6.84471	6.78022	6.81947
1.98986	6.81872	6.73161	6.80696	6.81404	6.86151	6.8563	6.82803	6.7627	6.77496
2.00373	6.82305	6.82872	6.86259	6.76869	6.86147	6.8949	6.88321	6.75151	6.81444
2.01769	6.81447	6.79442	6.82634	6.78981	6.83185	6.85188	6.78649	6.77956	6.85731
2.03174	6.81282	6.80456	6.85213	6.788	6.88388	6.8685	6.84128	6.80022	6.83871
2.04589	6.86106	6.78067	6.88312	6.79199	6.87214	6.84562	6.83427	6.81997	6.82963
2.06014	6.82311	6.84577	6.82595	6.80894	6.89753	6.88167	6.81775	6.79709	6.82666
2.07449	6.83394	6.8193	6.81632	6.80973	6.83283	6.89207	6.85473	6.79208	6.80765
2.08894	6.87671	6.77561	6.84577	6.78971	6.84378	6.85308	6.85834	6.76583	6.79949
2.10349	6.85631	6.75374	6.84592	6.78855	6.86036	6.90406	6.82337	6.74804	6.85277
2.11814	6.82858	6.835	6.85267	6.83202	6.8564	6.85479	6.85371	6.80369	6.77799
2.13289	6.8271	6.81147	6.8631	6.82326	6.87721	6.85268	6.82544	6.76581	6.78237
2.14775	6.8138	6.81318	6.86669	6.77766	6.91053	6.82838	6.80839	6.76622	6.81289
2.1627	6.84898	6.78398	6.81375	6.8332	6.87141	6.88668	6.83872	6.81733	6.84713
2.17776	6.85393	6.78195	6.8978	6.8039	6.92785	6.90965	6.83186	6.79253	6.83866
2.19292	6.81783	6.81785	6.86961	6.78781	6.87431	6.91424	6.87284	6.79825	6.81368
2.2082	6.83313	6.78507	6.85659	6.8112	6.91031	6.83011	6.83747	6.85069	6.82754
2.22358	6.83456	6.79011	6.83934	6.80032	6.86009	6.86999	6.83816	6.80397	6.8241
2.23905	6.84763	6.79965	6.89845	6.79453	6.87232	6.87585	6.83109	6.79345	6.80687
2.25465	6.85792	6.77777	6.85787	6.75814	6.9023	6.888	6.86122	6.77153	6.82066
2.27034	6.85354	6.80428	6.84812	6.81993	6.90878	6.87333	6.83787	6.80463	6.78818
2.28615	6.85995	6.84471	6.87418	6.78675	6.89937	6.88911	6.8293	6.79427	6.81383
2.30206	6.88312	6.79456	6.86748	6.81131	6.93535	6.87966	6.83739	6.76518	6.80267
2.31809	6.86792	6.81345	6.85125	6.79493	6.89242	6.87458	6.89446	6.83839	6.83501
2.33422	6.84219	6.84627	6.82986	6.83322	6.89676	6.86589	6.83691	6.80658	6.77673
2.35048	6.85338	6.82427	6.82309	6.79521	6.94125	6.9171	6.87791	6.82917	6.84516
2.36684	6.80573	6.81651	6.88426	6.83602	6.88638	6.93586	6.87065	6.76804	6.84499
2.38331	6.87484	6.81419	6.82084	6.81319	6.90884	6.90482	6.84552	6.77163	6.84905
2.3999	6.84107	6.82802	6.83237	6.78229	6.87221	6.92106	6.80474	6.81255	6.79919
2.41661	6.83949	6.86602	6.83687	6.80806	6.92027	6.85366	6.89514	6.77633	6.80505
2.43342	6.81447	6.80879	6.89873	6.80797	6.93485	6.85289	6.87948	6.78365	6.81269
2.45036	6.87887	6.83248	6.88523	6.8014	6.86748	6.90323	6.87769	6.80093	6.83138
2.46743	6.88773	6.81115	6.87873	6.79188	6.89299	6.90231	6.86835	6.8272	6.80951
2.4846	6.82803	6.8032	6.86736	6.78759	6.89688	6.84635	6.85943	6.83322	6.83015
2.50189	6.87865	6.76064	6.82425	6.79472	6.90266	6.90547	6.86839	6.7966	6.83817
2.5193	6.8564	6.79888	6.85935	6.83474	6.86997	6.84805	6.8669	6.80558	6.84065
2.53682	6.83646	6.7968	6.85416	6.8057	6.89628	6.88677	6.8491	6.81865	6.82483
2.55449	6.88269	6.81924	6.89706	6.78753	6.89662	6.87731	6.8474	6.80565	6.80132
2.57226	6.83797	6.79439	6.84221	6.81483	6.89916	6.87657	6.88467	6.80905	6.81831
2.59016	6.86319	6.81281	6.86923	6.80397	6.9502	6.88182	6.87642	6.82832	6.82141
2.60819	6.87687	6.82247	6.83933	6.77914	6.8851	6.88755	6.83988	6.83415	6.84055
2.62634	6.83668	6.77827	6.8595	6.80675	6.90182	6.87702	6.85442	6.80809	6.82906
2.6446	6.78457	6.84178	6.89048	6.77267	6.85077	6.88521	6.83744	6.82326	6.83406
2.66301	6.88866	6.85648	6.84893	6.79938	6.8631	6.8415	6.88855	6.8167	6.82201
2.68154	6.8674	6.82197	6.89911	6.80085	6.89719	6.91938	6.87663	6.84179	6.79387
2.70019	6.86258	6.80852	6.90806	6.82399	6.90233	6.84983	6.87788	6.813	6.85685
2.71898	6.84529	6.81276	6.9037	6.83145	6.91199	6.88196	6.85494	6.82887	6.83443
2.7379	6.89026	6.84054	6.86495	6.82502	6.84194	6.87773	6.88168	6.85612	6.86366
2.75694	6.88982	6.81863	6.88462	6.81101	6.90116	6.85784	6.85509	6.82253	6.87545
2.77612	6.82185	6.80172	6.86985	6.84037	6.91811	6.87972	6.8448	6.84616	6.88381
2.79544	6.84292	6.82691	6.8856	6.83754	6.90698	6.92252	6.85569	6.85532	6.86119
2.81487	6.87055	6.8674	6.92419	6.83974	6.89266	6.88594	6.86328	6.82226	6.83408
2.83446	6.85183	6.80961	6.84761	6.82976	6.86797	6.92142	6.8502	6.80799	6.88952
2.85418	6.87642	6.79437	6.88224	6.81802	6.87684	6.93896	6.87642	6.78952	6.82011
2.87404	6.87741	6.79884	6.85173	6.83122	6.91624	6.89677	6.89351	6.84049	6.83913
2.89403	6.86024	6.80659	6.86691	6.81616	6.89141	6.92268	6.86552	6.87109	6.87093
2.91415	6.87097	6.78574	6.86754	6.84094	6.90557	6.89259	6.88041	6.84251	6.86909
2.93443	6.83631	6.84829	6.91986	6.83636	6.91478	6.89073	6.87178	6.83876	6.85064
2.95484	6.84486	6.85913	6.87136	6.81015	6.91068	6.92336	6.87831	6.8264	6.83487
2.97539	6.86302	6.84781	6.87041	6.82734	6.91565	6.90397	6.89752	6.83149	6.84697
2.99607	6.81909	6.83108	6.89387	6.81852	6.90527	6.91607	6.87377	6.82873	6.82896
3.01691	6.88303	6.85682	6.84149	6.81015	6.88746	6.89757	6.85441	6.8425	6.81326
3.0379	6.84584	6.8777	6.85795	6.83053	6.87886	6.8888	6.87277	6.84499	6.84333
3.05903	6.84174	6.85448	6.86505	6.83023	6.92912	6.90926	6.86981	6.85125	6.85059
3.0803	6.85001	6.82133	6.91229	6.79794	6.89369	6.88317	6.87791	6.79316	6.82624
3.10171	6.8966	6.82843	6.88022	6.84898	6.92318	6.8781	6.8941	6.79035	6.88999
3.12329	6.87472	6.82267	6.88705	6.83507	6.90779	6.90718	6.87613	6.81638	6.84884
3.145	6.8504	6.82773	6.86399	6.80751	6.88361	6.93183	6.88193	6.83082	6.86054
3.16687	6.85752	6.83422	6.85094	6.86188	6.9119	6.90759	6.87888	6.8494	6.88121
3.1889	6.86906	6.83831	6.87619	6.82681	6.96057	6.88378	6.84708	6.81952	6.81793
3.21108	6.86948	6.82692	6.86265	6.84543	6.9199	6.90263	6.87531	6.82735	6.82666
3.2334	6.87224	6.83886	6.90043	6.84115	6.92077	6.86205	6.86116	6.87969	6.82741
3.25588	6.88024	6.82165	6.85878	6.84753	6.928	6.89934	6.89215	6.80815	6.88741
3.27851	6.86099	6.81684	6.88721	6.79992	6.8946	6.91693	6.85468	6.82964	6.84266
3.30131	6.88297	6.84255	6.88366	6.81346	6.91913	6.91903	6.85557	6.83412	6.83509
3.32426	6.85696	6.82479	6.91291	6.86966	6.90944	6.90077	6.86875	6.80687	6.83738
3.34737	6.88916	6.80193	6.86176	6.82336	6.90796	6.92874	6.9015	6.79762	6.87889
3.37065	6.87932	6.84504	6.90793	6.85243	6.90157	6.90303	6.90169	6.83137	6.88221
3.39409	6.90731	6.83243	6.89683	6.86809	6.92586	6.87946	6.86867	6.83679	6.83227
3.41768	6.86873	6.8212	6.88351	6.82299	6.93289	6.88492	6.88754	6.81684	6.84103
3.44144	6.86942	6.82999	6.8884	6.82921	6.91282	6.89659	6.90657	6.826	6.87823
3.46536	6.84599	6.82771	6.87428	6.8272	6.93417	6.91889	6.90151	6.82298	6.84666
3.48945	6.86417	6.85236	6.86954	6.8239	6.9098	6.90512	6.83373	6.82926	6.84956
3.51371	6.86909	6.8142	6.8565	6.84114	6.86866	6.90952	6.88226	6.80941	6.88852
3.53814	6.88975	6.88214	6.91376	6.81626	6.87358	6.89807	6.88951	6.84043	6.88772
3.56273	6.86603	6.81139	6.88725	6.84139	6.92366	6.91378	6.88623	6.8445	6.85803
3.58749	6.87448	6.84715	6.87216	6.82016	6.90275	6.89613	6.84912	6.84279	6.86448
3.61243	6.90376	6.86244	6.89693	6.82579	6.94588	6.88722	6.86201	6.82923	6.86969
3.63754	6.8894	6.80344	6.85904	6.85587	6.96819	6.93681	6.86833	6.8689	6.87898
3.66283	6.84562	6.86633	6.90512	6.83124	6.89304	6.89417	6.86721	6.85499	6.82511
3.68829	6.87916	6.85596	6.89289	6.81357	6.86797	6.90925	6.87584	6.82187	6.8322
3.71391	6.84516	6.84725	6.90203	6.85488	6.96085	6.8995	6.82528	6.83391	6.86233
3.73973	6.87932	6.82231	6.871	6.85926	6.93488	6.93132	6.89476	6.82337	6.86232
3.76572	6.88937	6.81233	6.87474	6.8276	6.93281	6.91311	6.87228	6.80449	6.86605
3.7919	6.87051	6.82417	6.87124	6.80905	6.93628	6.91125	6.86812	6.82903	6.87273
3.81825	6.86873	6.80182	6.9055	6.82062	6.92464	6.8997	6.89746	6.83629	6.85089
3.84479	6.86012	6.85836	6.8777	6.83875	6.91043	6.92973	6.82913	6.82131	6.87071
3.8715	6.8542	6.85904	6.88794	6.81902	6.94771	6.92843	6.86	6.84992	6.86177
3.89841	6.87364	6.83989	6.87127	6.82056	6.93649	6.89619	6.88936	6.85601	6.87671
3.9255	6.85805	6.87698	6.89167	6.85038	6.93491	6.9055	6.86368	6.84278	6.87796
3.95278	6.88646	6.82382	6.89084	6.83557	6.91249	6.91964	6.9081	6.8571	6.88477
3.98025	6.84621	6.84225	6.84601	6.85991	6.94059	6.92474	6.88463	6.848	6.9104
4.00791	6.89387	6.86546	6.89209	6.81302	6.9226	6.89448	6.86755	6.83234	6.84537
4.03576	6.85513	6.87488	6.89677	6.84992	6.92995	6.91058	6.90506	6.85389	6.86137
4.0638	6.88865	6.83129	6.92397	6.8133	6.92671	6.91217	6.92719	6.86708	6.91504
4.09204	6.89281	6.86289	6.88501	6.83952	6.91444	6.93011	6.90502	6.84191	6.90128
4.12047	6.88067	6.82452	6.89712	6.85124	6.93404	6.91181	6.90593	6.84279	6.86087
4.1491	6.89903	6.86711	6.91772	6.84408	6.90438	6.89994	6.92711	6.85755	6.86371
4.17794	6.87583	6.85178	6.88871	6.85928	6.90786	6.93372	6.92015	6.83681	6.87862
4.20696	6.88866	6.84116	6.88641	6.83683	6.93329	6.93377	6.90568	6.81579	6.87645
4.2362	6.88582	6.85509	6.89396	6.85401	6.91544	6.94109	6.91346	6.84588	6.85949
4.26563	6.91754	6.83122	6.90408	6.84581	6.90233	6.97052	6.8945	6.8241	6.83292
4.29526	6.90882	6.83918	6.88205	6.8353	6.93709	6.93796	6.88039	6.86947	6.87925
4.32511	6.89253	6.89695	6.89288	6.86166	6.92022	6.91693	6.91435	6.86521	6.86629
4.35516	6.90347	6.83081	6.92034	6.86459	6.91312	6.92869	6.9145	6.83088	6.88234
4.38541	6.89664	6.86699	6.89292	6.8455	6.91674	6.93386	6.88357	6.83072	6.88502
4.41589	6.88394	6.86527	6.88767	6.86688	6.92619	6.95148	6.87236	6.8105	6.9025
4.44656	6.90487	6.85174	6.88994	6.85591	6.95346	6.91878	6.91558	6.84228	6.88397
4.47745	6.88873	6.88187	6.90244	6.84062	6.92866	6.92588	6.8787	6.84769	6.87961
4.50856	6.91568	6.86184	6.91066	6.85243	6.9603	6.93888	6.86039	6.8663	6.87728
4.53988	6.88831	6.89531	6.90196	6.86285	6.91936	6.90104	6.89658	6.84706	6.87332
4.57142	6.89376	6.87943	6.90472	6.85011	6.91691	6.95524	6.87416	6.84776	6.86635
4.60318	6.90879	6.86385	6.88289	6.88945	6.95385	6.93689	6.8802	6.85788	6.86967
4.63515	6.87007	6.85619	6.90975	6.84365	6.92307	6.92714	6.90294	6.83569	6.88445
4.66735	6.87042	6.88449	6.89727	6.82258	6.92202	6.93398	6.86614	6.83515	6.8729
4.69978	6.89906	6.89242	6.90217	6.86167	6.9267	6.91753	6.89665	6.87156	6.86373
4.73243	6.88032	6.83849	6.89391	6.85416	6.93927	6.93585	6.91207	6.85618	6.87149
4.76529	6.91603	6.88774	6.88931	6.85453	6.94585	6.92097	6.91002	6.82741	6.86923
4.79839	6.8621	6.86125	6.86496	6.84449	6.93597	6.9032	6.86978	6.82516	6.89692
4.83173	6.89776	6.88192	6.8863	6.87259	6.95548	6.91423	6.89856	6.84318	6.89407
4.86529	6.88573	6.8284	6.91512	6.84989	6.93104	6.89603	6.88037	6.8416	6.88623
4.89908	6.89911	6.84336	6.89593	6.88435	6.92721	6.9353	6.9002	6.86717	6.85085
4.93311	6.91478	6.85139	6.91417	6.86896	6.91467	6.91738	6.90038	6.8564	6.89627
4.96737	6.89118	6.8465	6.90893	6.84615	6.93124	6.95003	6.88917	6.8616	6.85605
5.00187	6.91718	6.87094	6.89097	6.83561	6.95361	6.9322	6.8827	6.87897	6.88972
5.03661	6.90635	6.85153	6.87604	6.8581	6.93808	6.90257	6.88998	6.86575	6.87747
5.0716	6.89025	6.85982	6.89732	6.82396	6.93905	6.92922	6.89088	6.85786	6.90754
5.10681	6.88395	6.84276	6.91069	6.84075	6.92555	6.94141	6.90372	6.85303	6.92974
5.14229	6.90045	6.85306	6.92617	6.845	6.9231	6.90636	6.89464	6.8532	6.87449
5.178	6.89233	6.88952	6.87181	6.86596	6.94812	6.93142	6.89057	6.84627	6.86418
5.21396	6.89043	6.84211	6.86325	6.84403	6.94805	6.92932	6.89446	6.86427	6.86248
5.25017	6.88613	6.88646	6.88155	6.81865	6.92511	6.92621	6.91279	6.86315	6.88978
5.28664	6.90176	6.86585	6.8901	6.81777	6.94142	6.94727	6.90277	6.88193	6.89886
5.32335	6.86824	6.85165	6.89525	6.8606	6.9196	6.91267	6.93418	6.88048	6.86699
5.36031	6.91224	6.84492	6.89335	6.83025	6.94611	6.91147	6.93399	6.86715	6.88884
5.39754	6.90596	6.87082	6.90563	6.86275	6.94018	6.90916	6.91068	6.86289	6.87167
5.43503	6.92876	6.898	6.89749	6.83762	6.9418	6.95918	6.90147	6.84029	6.86549
5.47277	6.8941	6.85825	6.89273	6.86227	6.95848	6.92606	6.94178	6.83014	6.85752
5.51078	6.88925	6.85877	6.92785	6.89437	6.93237	6.93264	6.91792	6.86896	6.8898
5.54904	6.92074	6.88128	6.90368	6.8354	6.92433	6.97596	6.9117	6.85531	6.90077
5.58757	6.90982	6.8556	6.90114	6.85204	6.9423	6.93181	6.89559	6.85323	6.91153
5.62638	6.91941	6.8721	6.89111	6.85479	6.93318	6.95224	6.88154	6.87163	6.86836
5.66545	6.88981	6.85403	6.87821	6.82142	6.9307	6.93281	6.89672	6.86477	6.91193
5.70479	6.89565	6.88151	6.92379	6.84272	6.9426	6.92668	6.90234	6.85485	6.91432
5.7444	6.9025	6.86342	6.94147	6.8734	6.95884	6.92903	6.90063	6.84379	6.90797
5.78429	6.89524	6.87082	6.92224	6.89416	6.93945	6.95767	6.86875	6.84595	6.8923
5.82445	6.90101	6.86162	6.89683	6.82453	6.91117	6.92912	6.90409	6.89471	6.89124
5.86489	6.8932	6.88893	6.89705	6.84664	6.93181	6.94913	6.88665	6.84267	6.87407
5.90561	6.90477	6.85681	6.92068	6.8574	6.9379	6.927	6.88675	6.86477	6.89803
5.94663	6.912	6.86793	6.92395	6.85074	6.91952	6.95201	6.89735	6.87172	6.88082
5.98791	6.88126	6.85084	6.89195	6.8415	6.90974	6.93109	6.89311	6.87341	6.87716
6.02949	6.9062	6.87266	6.90693	6.83985	6.90179	6.91814	6.90896	6.86043	6.89765
6.07135	6.90685	6.87294	6.90139	6.83696	6.91676	6.90837	6.92163	6.87997	6.88675
6.1135	6.87921	6.88258	6.90397	6.83732	6.9197	6.92831	6.91197	6.87419	6.90098
6.15595	6.90268	6.88455	6.90628	6.86334	6.92298	6.93532	6.89326	6.85682	6.89199
6.19869	6.92835	6.88588	6.91631	6.85624	6.93151	6.95815	6.90776	6.8661	6.87804
6.24172	6.92783	6.84959	6.91699	6.8655	6.9668	6.92767	6.87892	6.87385	6.88532
6.28506	6.90212	6.87983	6.89939	6.83564	6.94745	6.96438	6.89781	6.85453	6.87871
6.3287	6.86978	6.84199	6.89901	6.87387	6.91128	6.9297	6.89462	6.85023	6.87815
6.37264	6.9055	6.87145	6.91764	6.85469	6.91708	6.92352	6.8887	6.84185	6.87101
6.41687	6.87775	6.88306	6.9083	6.86216	6.92676	6.95198	6.89787	6.85821	6.88615
6.46142	6.89577	6.8913	6.93318	6.85773	6.9511	6.89185	6.9149	6.87449	6.89044
6.50629	6.90017	6.87226	6.90794	6.8701	6.96624	6.90024	6.88988	6.86299	6.8733
6.55145	6.90565	6.8737	6.90596	6.85867	6.93976	6.91456	6.90088	6.86176	6.88717
6.59694	6.9061	6.84634	6.92944	6.85568	6.94814	6.90663	6.90789	6.84522	6.88351
6.64274	6.93101	6.86148	6.89815	6.85779	6.95549	6.94638	6.89793	6.84408	6.89901
6.68885	6.90339	6.86375	6.91237	6.85918	6.93157	6.91673	6.88727	6.87091	6.87945
6.73527	6.91476	6.88595	6.92143	6.84101	6.95056	6.93468	6.91422	6.8527	6.86945
6.78204	6.90583	6.87686	6.91263	6.87164	6.94859	6.93915	6.91266	6.88493	6.89675
6.82911	6.91197	6.86424	6.91687	6.86513	6.95715	6.92704	6.88943	6.85613	6.90142
6.87652	6.88692	6.89017	6.94407	6.87866	6.92509	6.9452	6.88022	6.85249	6.87753
6.92426	6.91927	6.89338	6.92382	6.8744	6.96488	6.93321	6.90896	6.87425	6.90004
6.97232	6.92609	6.86075	6.91693	6.87017	6.94821	6.93469	6.89464	6.87038	6.89481
7.02072	6.90442	6.87099	6.88757	6.88019	6.95789	6.92492	6.89808	6.83186	6.88908
7.06946	6.91252	6.85177	6.91192	6.87085	6.94697	6.92887	6.90817	6.85552	6.89527
7.11853	6.87232	6.88958	6.92829	6.86018	6.93814	6.92877	6.92494	6.86919	6.89001
7.16794	6.91615	6.85484	6.8976	6.8593	6.9634	6.95252	6.90078	6.86238	6.89907
7.2177	6.91355	6.87441	6.92269	6.87488	6.95716	6.89905	6.9013	6.87862	6.87411
7.2678	6.90865	6.86846	6.90902	6.86181	6.95288	6.92298	6.9122	6.85253	6.89053
7.31825	6.90191	6.868	6.9388	6.88046	6.95513	6.91939	6.90874	6.86564	6.88478
7.36904	6.89849	6.86394	6.91276	6.86313	6.95846	6.89708	6.92765	6.85911	6.90269
7.42019	6.91057	6.85975	6.91688	6.86773	6.93952	6.93147	6.90792	6.86701	6.88249
7.4717	6.91061	6.87871	6.93215	6.86406	6.93192	6.92642	6.90992	6.87508	6.88613
7.52355	6.89951	6.85603	6.91813	6.87112	6.94272	6.9151	6.89491	6.90185	6.88493
7.57578	6.88198	6.8641	6.91438	6.85272	6.93157	6.94291	6.89565	6.86697	6.89469
7.62836	6.88745	6.88577	6.90559	6.87843	6.95325	6.92388	6.89945	6.87483	6.88781
7.6813	6.89635	6.8779	6.91284	6.84319	6.94011	6.93231	6.90314	6.86725	6.89073
7.73461	6.89559	6.83561	6.9392	6.86367	6.94361	6.92493	6.92686	6.87586	6.8875
7.7883	6.90171	6.87085	6.89048	6.87492	6.96397	6.90457	6.90202	6.87265	6.91532
7.84236	6.91208	6.87175	6.91392	6.84556	6.92218	6.93683	6.90252	6.86884	6.87357
7.89679	6.91815	6.88997	6.91793	6.82776	6.95111	6.93721	6.9258	6.86705	6.85853
7.95159	6.90253	6.83535	6.93935	6.84403	6.94887	6.93933	6.91693	6.87045	6.88682
8.00677	6.87848	6.84329	6.93495	6.85168	6.94587	6.92346	6.91655	6.84302	6.87544
8.06235	6.89136	6.87546	6.91662	6.85581	6.95473	6.95453	6.90796	6.86479	6.90486
8.1183	6.909	6.88614	6.90234	6.86994	6.95128	6.92247	6.9265	6.86871	6.8799
8.17465	6.89664	6.86638	6.90099	6.84961	6.95126	6.92221	6.9312	6.86932	6.8972
8.23137	6.89873	6.86901	6.9229	6.84599	6.95049	6.93216	6.90851	6.86671	6.88599
8.28851	6.88384	6.87814	6.90241	6.8771	6.92508	6.95052	6.93152	6.86436	6.91251
8.34603	6.91992	6.84972	6.92109	6.86531	6.9429	6.89769	6.90222	6.85094	6.9118
8.40395	6.90508	6.87745	6.90916	6.89407	6.93782	6.92343	6.9186	6.84702	6.88981
8.46227	6.90785	6.86888	6.92504	6.87923	6.92783	6.92583	6.91759	6.86313	6.88678
8.521	6.91463	6.88151	6.92399	6.87234	6.95711	6.92168	6.93749	6.87664	6.89238
8.58014	6.9047	6.86455	6.90842	6.85873	6.93174	6.9232	6.9188	6.86273	6.89143
8.63968	6.89611	6.87515	6.91696	6.86392	6.95365	6.91925	6.93336	6.89675	6.88935
8.69964	6.89436	6.86081	6.91228	6.84805	6.95521	6.96503	6.89476	6.86128	6.88465
8.76001	6.87722	6.86986	6.90516	6.85914	6.93565	6.93395	6.89987	6.87064	6.88629
8.8208	6.90259	6.8808	6.90761	6.85053	6.96981	6.929	6.91096	6.87652	6.88122
8.88201	6.89579	6.85681	6.89006	6.84982	6.93697	6.93466	6.92211	6.87217	6.90119
8.94365	6.89752	6.86449	6.91176	6.84698	6.94529	6.95031	6.91527	6.87136	6.87966
9.00571	6.90661	6.85528	6.91008	6.84981	6.95463	6.94496	6.90932	6.87319	6.91448
9.0682	6.89122	6.85466	6.91936	6.85447	6.93576	6.94733	6.91866	6.86699	6.87591
9.13114	6.89228	6.86714	6.8994	6.87308	6.94434	6.93555	6.92269	6.86822	6.8913
9.1945	6.89064	6.86059	6.88807	6.84626	6.93245	6.96707	6.92159	6.88446	6.87564
9.2583	6.90187	6.86741	6.91374	6.86784	6.93216	6.94444	6.88622	6.85425	6.88411
9.32254	6.87507	6.88074	6.91214	6.86254	6.9397	6.94656	6.9047	6.8602	6.88941
9.38724	6.90282	6.86834	6.90414	6.86121	6.93668	6.96102	6.89243	6.87828	6.89172
9.45238	6.892	6.86085	6.91659	6.88585	6.92899	6.91395	6.89817	6.85429	6.88656
9.51796	6.91328	6.88467	6.92397	6.87758	6.93303	6.93261	6.91316	6.86384	6.87024
9.58401	6.90055	6.85647	6.90673	6.8786	6.94722	6.94588	6.90851	6.88576	6.87492
9.65051	6.90444	6.86451	6.93628	6.88433	6.92647	6.95428	6.89917	6.87445	6.8924
9.71747	6.9015	6.88099	6.89825	6.8809	6.9259	6.93573	6.90243	6.86254	6.89387
9.7849	6.91803	6.86877	6.92381	6.87534	6.93021	6.92537	6.91589	6.85914	6.90104
9.8528	6.90184	6.87297	6.92697	6.85121	6.95709	6.95396	6.91992	6.87656	6.89702
9.92116	6.89192	6.87692	6.91931	6.86696	6.94045	6.9356	6.91113	6.8643	6.88662
10	6.89151	6.88094	6.94156	6.86806	6.9533	6.94883	6.9182	6.85392	6.89408
