7.5e-005	8.07023	8.18718	8.20273	8.10896	7.87218	8.00341	8.23285	8.16163	8.0929
0.0001375	8.0813	8.11855	8.08832	8.0618	8.01095	8.05631	8.23416	8.14093	8.03139
0.0002125	8.03598	8.03873	8.02066	8.05225	8.00381	7.99997	8.18884	8.07483	8.08744
0.000275	8.09501	7.93733	8.04113	8.06244	8.0787	7.96067	8.31383	7.94355	7.97697
0.00035	8.31285	7.96483	8.02283	8.11412	8.21708	8.0077	8.11272	8.04818	8.0065
0.000425	8.25508	8.01114	8.19019	8.15158	8.25036	8.00083	8.18169	7.9448	8.08581
0.0005	8.28395	8.09113	8.30791	8.22222	8.23449	7.99067	8.13933	7.97137	8.03055
0.0005625	8.24854	8.03324	8.19569	8.24001	8.30297	8.06359	8.05954	8.01027	8.0964
0.0006375	8.10747	8.08908	8.03773	8.09457	8.39407	8.06124	8.18332	8.03311	8.28317
0.0007125	8.22184	7.99614	8.06417	8.15261	8.44798	8.07991	8.15316	7.9781	8.32904
0.0007875	8.31912	8.05863	8.15211	8.26236	8.31192	8.04965	8.03118	7.98762	8.22195
0.0008625	8.16803	8.26938	8.29976	8.28366	8.27618	8.0049	7.99666	8.01526	8.2069
0.0009375	8.16577	8.26759	8.28614	8.15218	8.10188	8.03959	7.96248	8.0725	8.14643
0.0010125	8.08739	8.22383	8.23604	8.03857	8.16462	7.9927	7.95692	8.12084	8.14846
0.0010875	8.20854	8.1433	8.18449	8.30125	8.11528	8.00674	8.04364	8.09835	8.14912
0.0011625	8.23488	8.2202	8.1592	8.41667	8.04018	8.1477	7.95772	8.13987	8.21641
0.00125	8.23841	8.29725	8.20906	8.33726	8.15791	8.17885	7.89756	8.29136	8.0667
0.001325	8.24658	8.34757	8.13181	8.30597	8.17476	8.23934	8.0378	8.20234	7.90502
0.0014	8.24672	8.13574	8.23009	8.35752	8.30844	8.14342	8.15102	8.35548	7.92544
0.0014875	8.3368	8.11028	8.23351	8.32984	8.22147	8.22632	8.15247	8.18241	7.97322
0.0015625	8.37793	8.04953	8.29985	8.19681	8.16757	8.31559	8.01949	8.04515	8.091
0.0016375	8.25569	8.0547	8.2003	8.24637	8.17545	8.15069	8.03529	8.09066	8.05948
0.001725	8.23602	8.27084	8.09238	8.1714	8.16769	8.23042	8.07496	8.34009	8.17361
0.0018	8.16304	8.16665	8.27397	8.19438	8.16616	8.22742	8.06894	8.21146	8.19927
0.0018875	8.07453	8.03477	8.2077	8.16323	8.09416	8.13084	7.91645	8.3194	8.30732
0.0019625	8.19033	8.0229	8.26136	8.07045	8.06853	7.99691	7.85731	8.29741	8.27415
0.00205	8.23477	8.15657	8.12437	8.10718	8.09421	8.03114	7.9451	8.17105	8.28863
0.0021375	8.06281	8.04058	8.12094	8.03047	7.92835	8.14904	8.08306	8.36378	8.15405
0.0022125	7.98681	7.95958	8.17643	7.78513	8.03458	8.18161	7.98801	8.39252	8.20576
0.0023	8.08931	7.9365	8.24268	8.06732	7.9706	8.16146	8.11981	8.25884	8.12829
0.0023875	8.18595	8.00609	8.21021	8.10964	7.97221	8.24808	7.86054	8.33063	8.18436
0.002475	8.20726	8.01779	8.21816	8.06166	8.09517	8.10258	7.79675	8.14624	8.25929
0.0025625	8.4362	8.00153	8.10064	8.06405	7.95439	8.12613	8.03369	8.10482	8.26719
0.00265	8.25996	7.95519	8.00528	8.11888	7.90931	8.20103	7.95137	8.08518	8.09219
0.0027375	8.13985	8.10723	8.1045	8.09933	7.95259	8.12014	7.90851	8.11739	8.17334
0.002825	8.14818	8.09376	7.94203	8.15784	7.99328	8.26693	7.89142	8.23955	8.29764
0.0029125	8.02537	8.1514	8.00566	8.2692	7.99681	8.12839	7.89732	8.11577	8.2652
0.003	8.21157	8.27186	8.17158	8.31439	8.08182	8.08393	8.02407	8.29768	8.17338
0.0030875	8.23167	8.15394	8.16656	8.22601	8.13396	8.24893	7.97517	8.244	8.21962
0.0031875	8.1497	8.13523	8.16179	8.05418	8.13115	8.22588	7.9438	8.17191	8.11577
0.003275	8.13749	8.17158	8.0863	8.05745	8.11455	8.10789	7.98894	8.07779	8.05002
0.0033625	8.08728	8.22415	8.1655	8.29786	7.987	8.11383	7.9842	8.07055	7.99658
0.0034625	8.14645	8.18366	8.0714	8.19325	7.95538	8.01397	8.00252	8.11554	8.09752
0.00355	8.22775	7.96706	8.1786	8.0636	8.08199	8.02605	7.98667	8.04916	8.17256
0.00365	8.20253	8.04767	8.07597	8.09196	8.11817	8.09668	7.94422	8.12004	8.19543
0.0037375	8.15127	8.01003	8.12043	8.16226	8.06751	8.19696	7.9523	8.02691	8.07679
0.0038375	8.0004	8.07227	8.18307	8.31963	8.01268	8.21528	7.93913	8.07196	7.98843
0.0039375	8.00223	7.98408	8.34993	8.14756	8.08309	8.11027	7.97924	7.95641	8.09626
0.004025	8.08631	7.98544	8.2821	8.16614	8.12422	8.03679	8.05903	7.92867	8.06637
0.004125	8.086	7.94692	8.04498	8.19788	8.07082	8.22696	8.09616	8.06184	8.12703
0.004225	8.11383	7.88253	8.07332	8.13695	8.28134	8.06503	7.97366	7.99668	8.26982
0.004325	8.20255	7.9974	8.08465	8.22434	8.22841	7.9405	8.02088	8.18506	8.18196
0.004425	8.03713	8.07691	8.09467	8.15663	8.11552	8.08335	8.00165	8.05904	8.18909
0.004525	8.16514	8.10933	7.96984	8.13224	8.13058	8.14007	8.13887	8.02362	8.19281
0.004625	8.14959	8.09891	7.96601	8.18234	8.14863	7.89951	8.25632	7.94031	8.06301
0.004725	8.29038	8.10417	8.09117	8.27785	7.99866	7.80202	8.11933	8.20174	8.03323
0.004825	8.26134	8.16141	8.24761	8.06748	8.14606	7.8705	8.02705	7.97543	8.00753
0.004925	8.0907	8.27513	8.13679	8.0743	8.09772	7.98479	8.25047	7.90526	8.02912
0.0050375	8.03815	7.98915	8.20715	8.22742	8.03563	8.05874	8.0725	7.95052	8.01594
0.0051375	8.13813	7.85496	8.09278	8.08347	8.02741	8.00697	7.97787	7.9648	7.97182
0.0052375	8.09142	8.04105	8.11009	8.09432	8.08009	8.00021	7.98719	8.06705	8.1649
0.00535	7.95516	7.97667	7.86769	8.11796	8.04214	7.98154	8.01601	8.0233	8.18402
0.00545	7.91473	8.0341	8.05991	8.09946	8.09221	7.94024	7.9379	8.027	7.98543
0.0055625	8.11893	7.93872	8.29848	7.90135	8.11593	7.97832	8.01732	7.89654	8.06359
0.0056625	8.15601	8.11926	8.20063	8.05504	8.09409	7.98998	7.99608	7.98797	7.9704
0.005775	8.1353	8.11176	8.14616	8.09293	8.02299	8.11908	7.981	8.23067	8.01794
0.0058875	8.024	7.95398	8.11639	8.12753	8.19785	8.02875	7.98828	8.21465	8.01435
0.006	8.17417	8.0611	8.089	8.03648	8.13416	8.01208	8.00602	8.02994	7.98873
0.0061125	8.07831	8.01548	8.03389	7.95274	8.01289	8.03764	7.95188	8.07955	8.03064
0.0062125	8.1256	8.00615	7.8779	7.988	8.02101	8.09291	8.0247	8.1675	8.13611
0.006325	7.97014	8.01011	7.99959	7.95051	7.97847	8.14575	8.02861	8.01157	8.05408
0.0064375	8.09505	7.87551	8.09479	8.06731	7.85714	8.03207	7.84088	8.12467	8.15712
0.0065625	8.00192	7.89249	7.99442	8.15068	7.96845	7.92968	7.79014	8.24295	8.27214
0.006675	8.13456	7.93893	7.93688	8.15868	7.9362	8.11368	7.79733	8.25423	8.12196
0.0067875	8.12397	8.03331	7.97212	8.19144	7.94531	8.00849	7.89544	8.15071	8.24326
0.0069	8.00776	8.02544	7.83365	8.12258	8.07362	8.02542	7.90179	8.07657	8.09593
0.007025	7.95169	8.05887	7.97833	8.17467	8.14089	8.02447	8.02182	8.03151	8.00478
0.0071375	8.0063	7.89914	7.85355	8.12429	7.94683	8.06966	7.88587	8.03939	7.93097
0.0072625	7.99793	7.99079	7.93196	8.2178	7.96073	8.06283	7.89717	8.01996	8.10897
0.007375	7.9198	7.94378	7.98829	8.20494	7.96086	7.96016	7.92912	7.99927	7.9438
0.0075	7.96902	8.05352	7.9355	8.16425	8.19161	8.00353	7.92202	7.90864	7.96967
0.007625	7.95124	7.83981	8.02871	8.14704	8.05638	8.02858	7.97058	8.00082	8.18737
0.0077375	8.10164	7.93957	7.88417	7.9653	7.99015	7.96683	7.97904	8.17002	8.255
0.0078625	7.94491	8.00062	7.99	8.11168	8.11666	7.84849	7.95052	8.11583	8.0503
0.0079875	8.00073	8.01699	8.08571	8.04579	7.89948	8.02973	7.99996	8.15256	8.12799
0.0081125	8.01312	8.08887	8.07522	7.99016	7.89419	7.9983	7.91996	8.16204	8.2322
0.0082375	7.96973	8.1318	7.99107	8.16386	8.02717	7.93664	7.94989	8.00953	8.10535
0.0083625	8.05851	7.86655	8.04375	8.13404	8.04745	7.92755	8.021	8.08374	8.08699
0.0084875	8.00279	7.93966	8.01235	8.15742	8.04536	7.96395	7.8169	8.09859	8.03895
0.008625	8.10205	8.06638	7.98168	8.01605	8.18224	7.99893	7.89778	8.08264	7.97555
0.00875	8.11895	8.02043	8.06505	8.01471	7.97785	8.01042	7.97276	7.97718	7.93726
0.008875	8.20438	8.07885	7.99394	8.11163	7.87961	7.91389	7.92819	7.84458	8.13388
0.0090125	7.89613	7.99918	8.1692	8.20588	7.85998	7.93241	7.88819	8.03903	8.20713
0.0091375	8.01786	7.91986	8.04158	8.15203	8.03096	7.94613	7.99119	7.99622	8.07711
0.009275	8.23115	7.72591	7.90906	8.21956	7.98808	7.96038	7.91602	8.09444	8.0488
0.0094125	8.06477	7.86981	7.86676	8.07275	7.91507	7.84597	7.93638	7.9597	8.17457
0.0095375	8.01357	7.78825	7.86759	8.02193	7.95954	8.01244	7.95083	7.91155	7.97737
0.009675	8.06851	7.90167	7.983	7.97421	7.92106	7.96733	7.95779	7.87153	8.00202
0.0098125	8.04589	7.96855	7.9633	7.92828	8.00828	7.98384	7.83406	7.9049	7.93697
0.00995	8.01722	7.92606	7.90657	7.9641	7.96968	8.09576	7.69487	7.8194	8.02658
0.0100875	8.12023	8.05089	8.11799	7.92933	7.94057	7.93191	7.82509	8.11049	7.9617
0.010225	7.90402	8.03286	7.99102	8.03856	7.83069	7.91022	7.84934	7.96064	8.0624
0.010375	7.86841	8.0894	7.94382	7.97941	8.0597	7.91235	7.92696	8.02857	7.88137
0.0105125	7.97085	8.00239	7.8742	7.99866	7.92158	7.98801	7.9491	7.96001	7.84446
0.01065	8.04527	7.85255	8.00582	8.09738	8.02173	7.99525	7.92474	7.94535	7.89178
0.0108	7.99797	7.86793	7.81052	7.94574	7.98699	7.92962	8.02186	7.99674	8.07279
0.0109375	8.12506	7.89789	7.94716	7.99949	7.99265	7.995	7.88489	8.17821	7.94755
0.0110875	8.00604	7.98831	7.84975	8.00108	7.90848	7.91603	7.9067	8.15539	7.89864
0.0112375	7.96923	7.90363	8.07068	8.05489	7.95378	8.02672	7.84758	8.06627	8.06262
0.011375	8.07539	7.98384	8.08133	8.22056	7.94348	8.01421	7.91865	7.94039	8.08516
0.011525	7.9956	8.055	8.00782	8.05995	8.00269	7.97865	8.06373	7.96311	7.97848
0.011675	7.84484	7.90753	7.88285	8.07266	7.88575	8.08136	7.86943	7.87592	8.03775
0.011825	8.00468	7.84971	7.89725	7.98993	8.04357	7.96845	7.75145	7.9659	7.98131
0.011975	7.897	7.95887	7.75325	8.03959	7.9439	8.03388	7.85308	8.02818	7.97117
0.012125	7.95745	7.85297	8.03697	7.98825	7.78772	8.07335	7.87381	7.91182	8.00482
0.0122875	7.90328	8.00643	8.08851	8.09083	7.87584	8.03872	7.95058	7.86887	7.99163
0.0124375	7.94626	8.00511	7.9175	7.96749	7.86255	8.00288	7.93492	7.96685	8.06346
0.0126	7.94161	7.99709	7.8677	8.0099	7.87476	7.94968	7.88511	7.92968	8.01179
0.01275	7.97404	8.01157	7.99403	8.05793	7.79215	7.89444	7.8946	7.87267	7.97997
0.0129125	7.97998	7.95889	7.98763	8.13394	7.82701	7.90359	7.83044	7.99497	7.84451
0.0130625	7.84051	7.95053	7.98636	8.08438	7.82803	7.84664	7.83495	7.99611	7.92366
0.013225	7.78547	7.92904	7.81386	7.84995	7.83733	7.95977	7.95573	8.0596	7.86294
0.0133875	7.87747	7.9013	7.97136	8.00112	7.9421	7.95579	7.86702	7.89508	7.93512
0.01355	7.95971	7.88332	8.02964	8.02608	7.89436	7.83445	7.74564	7.91994	7.96436
0.0137125	7.96021	7.93314	7.91361	7.91947	7.88813	8.02661	7.845	7.97266	7.9614
0.013875	7.95981	7.87472	7.94863	8.00669	7.99449	8.01021	7.7906	7.96662	7.95494
0.0140375	7.83738	7.93046	7.94517	8.16394	7.97347	7.94704	7.70163	8.00473	8.03918
0.0142125	7.85863	7.90107	7.62264	7.93264	7.88336	7.95707	7.70675	7.97575	8.00201
0.014375	7.9799	7.9311	7.74128	7.83791	8.06813	7.8433	7.78059	7.95135	8.10721
0.01455	7.9602	8.02645	7.83973	7.96679	8.01214	7.87406	7.9598	7.88058	8.01322
0.0147125	7.90909	7.7914	7.99788	7.931	7.98788	7.87284	7.90946	7.97136	8.0539
0.0148875	7.70884	7.6992	7.91418	8.05691	7.78953	7.79213	7.9729	7.84937	7.93347
0.0150625	7.94141	7.85363	7.86525	8.02931	7.86438	7.93232	7.86297	7.75783	7.85409
0.0152375	7.75099	7.82314	7.83463	7.96308	7.75415	8.01764	7.86331	7.93154	7.89654
0.0154125	7.79581	7.88659	7.85963	7.95018	7.77227	8.03478	7.78635	7.87081	7.93919
0.0155875	7.93868	8.03918	7.82698	7.9808	7.87624	8.00228	7.90999	7.94763	7.8931
0.0157625	7.88917	7.8596	7.95355	7.99252	7.86288	7.9316	7.87606	7.78429	7.85545
0.0159375	7.86209	7.8863	7.89244	7.94082	7.81714	7.87772	7.85271	7.94828	7.97787
0.016125	7.8447	7.86986	7.70486	7.93088	7.89535	7.82858	7.8701	7.89052	7.87153
0.0163	7.96372	7.87565	7.79228	7.89764	7.77438	7.78154	7.89929	7.88743	7.8624
0.0164875	7.80916	7.78218	7.78478	7.97688	7.89988	7.78175	7.82989	7.95461	8.02225
0.0166625	7.82747	7.79925	7.75052	8.00156	7.85871	7.84341	7.93043	7.95265	7.83093
0.01685	7.92148	7.75987	7.83177	7.90548	7.94592	7.97899	7.82054	7.8232	7.83884
0.0170375	8.01168	7.88101	7.97811	8.00088	7.98631	7.91382	7.77976	7.93678	7.9184
0.017225	7.98557	7.85743	7.78124	8.03429	7.84289	7.85303	7.74804	7.72425	7.83729
0.0174125	7.84944	7.85163	7.79217	7.92199	7.79185	7.87469	7.8516	7.78519	7.91434
0.0176	7.97825	7.90406	7.85913	7.78796	7.98802	7.90929	7.85003	7.79454	8.06759
0.0178	8.02557	7.73614	7.84822	7.95645	7.79164	7.83973	7.75533	7.89164	7.96931
0.0179875	7.96881	7.72488	7.74923	7.87534	7.75662	7.8393	7.85084	7.84101	7.82594
0.0181875	7.99137	7.83087	7.82076	7.95138	7.87694	7.86333	7.85447	7.98463	7.96968
0.018375	7.92811	7.78713	7.77886	7.97121	7.91698	7.8884	7.87048	7.88194	7.86757
0.018575	7.92747	7.70724	7.84697	8.01786	7.91761	7.85737	7.70537	7.8227	7.86242
0.018775	8.02332	7.72848	7.90536	8.07329	7.89573	7.95438	7.64066	7.89352	7.96083
0.018975	7.93214	7.76786	7.81582	8.07652	7.73583	7.82474	7.74609	7.85836	7.91286
0.019175	7.88868	7.82283	7.81783	7.91425	7.83736	7.80569	7.75914	7.91528	7.92254
0.019375	7.84989	7.87787	7.93464	7.89611	7.66349	7.92916	7.744	7.85768	7.97318
0.019575	7.80208	7.74392	7.873	7.97535	7.69838	7.82629	7.92463	7.8508	7.75569
0.0197875	7.79542	7.88907	7.68183	7.84771	7.788	7.82818	7.93202	7.74392	7.91218
0.0199875	7.77201	7.66924	7.90487	7.84879	7.79538	7.92733	7.83107	7.85172	7.89531
0.0202	7.69743	7.64715	7.95847	7.90819	7.81822	7.84522	7.67931	7.88412	7.91354
0.0204125	7.93294	7.59289	7.86149	7.94051	7.84013	7.87339	7.83961	7.7656	7.88731
0.020625	7.9515	7.74557	7.84654	7.83269	7.74879	7.83582	7.58764	7.79217	7.79518
0.0208375	7.77821	7.91153	7.89271	7.90774	7.86552	7.8967	7.78824	7.8251	7.94488
0.02105	7.70122	7.84848	7.82592	7.92045	7.74553	7.61287	7.71195	7.95407	7.91614
0.0212625	7.69001	7.79647	7.7827	7.87869	7.67616	7.63981	7.63235	7.81144	7.70766
0.021475	7.8432	7.70378	7.81126	7.90288	7.9395	7.87188	7.62831	7.89577	7.84392
0.0217	7.79856	7.7994	7.82751	7.94849	7.77406	7.86519	7.67743	7.78883	7.90533
0.0219125	7.80947	7.78477	7.77793	7.97095	7.69147	7.6848	7.77605	7.85785	7.92239
0.0221375	7.96922	7.87478	7.88087	7.8502	7.75661	7.7815	7.76074	7.9692	7.86315
0.0223625	7.81641	7.71479	7.73135	7.87047	7.80481	7.81645	7.86736	7.9664	7.85215
0.0225875	7.89745	7.81187	7.90653	7.88787	7.87709	7.80158	7.84944	7.91046	7.93945
0.0228125	7.8662	7.77748	7.77891	7.94592	7.89856	7.89018	7.84999	7.80436	7.84031
0.0230375	7.83417	7.80408	7.78518	7.80743	7.776	7.909	7.70622	7.64112	7.79088
0.0232625	7.76101	7.82508	7.91335	7.89799	7.75858	7.83641	7.69261	7.77087	7.73657
0.0235	7.87173	7.68511	7.93249	7.96473	7.8066	7.85945	7.70635	7.85002	7.92086
0.023725	7.77292	7.69224	7.85801	7.77028	7.8963	7.74079	7.70311	7.72597	7.91757
0.0239625	7.70904	7.81416	7.77669	7.80162	7.82318	7.78194	7.73115	7.74659	7.76266
0.0242	7.78941	7.77291	7.72695	8.00725	7.90655	7.76515	7.72683	7.82917	7.66229
0.0244375	7.80059	7.64815	7.7936	7.90311	7.71091	7.94915	7.65317	7.761	7.83448
0.024675	7.81102	7.72357	7.67575	7.81809	7.73192	7.81491	7.74559	7.83519	8.01676
0.0249125	7.68224	7.75112	7.83709	7.88004	7.79784	7.93363	7.72358	7.69527	7.76019
0.02515	7.86603	7.71054	7.80022	7.88498	7.77552	7.81828	7.60308	7.82791	7.87602
0.0254	7.70617	7.63097	7.81557	7.82084	7.82974	7.90247	7.54144	7.90611	7.78372
0.02565	7.66541	7.79162	7.80204	7.90954	7.89698	7.76705	7.7387	7.89413	7.7633
0.0258875	7.68789	7.75931	7.81474	7.84118	7.65692	7.69294	7.7388	7.89572	7.93099
0.0261375	7.79587	7.81972	7.79502	7.79358	7.75275	7.71311	7.67628	7.77396	7.71909
0.0263875	7.79318	7.68129	7.7237	7.83384	7.72665	7.73216	7.77328	7.78581	7.69378
0.02665	7.8391	7.78096	7.6382	7.94467	7.74104	7.81503	7.61863	7.76108	7.69946
0.0269	7.8188	7.77638	7.63912	7.80781	7.56407	7.7541	7.64039	7.84063	7.83661
0.02715	7.88866	7.77493	7.76654	7.95747	7.83402	7.82644	7.77591	7.96255	7.73709
0.0274125	7.77292	7.57309	7.86965	7.90687	7.89435	7.76543	7.68141	7.79766	7.74045
0.027675	7.67606	7.71684	7.78014	7.86618	7.64092	7.84737	7.72707	7.77683	7.7183
0.0279375	7.74949	7.80131	7.88188	7.82013	7.70444	7.8379	7.68321	7.7996	7.83735
0.0282	7.76286	7.78574	7.73304	7.76096	7.6924	7.68965	7.75432	7.7152	7.86585
0.0284625	7.79105	7.79107	7.79159	7.74241	7.65746	7.85496	7.61216	7.62227	7.86712
0.028725	7.86771	7.74381	7.75892	7.89609	7.632	7.75401	7.55117	7.7836	7.85264
0.029	7.82766	7.72195	7.6861	7.63181	7.79991	7.79621	7.62639	7.93841	7.81793
0.0292625	7.7461	7.79109	7.6639	7.82829	7.64881	7.86793	7.54403	7.83711	7.80355
0.0295375	7.74642	7.76368	7.67894	7.82141	7.75222	7.71138	7.63888	7.86927	7.81083
0.0298125	7.7351	7.7284	7.67509	7.90481	7.64463	7.66344	7.63652	7.76932	7.86816
0.0300875	7.69578	7.75032	7.73537	7.83121	7.68182	7.70669	7.64056	7.69273	7.91217
0.0303625	7.70707	7.70153	7.57346	7.83818	7.67761	7.73726	7.56111	7.75338	7.89821
0.03065	7.73192	7.64319	7.713	7.74448	7.61239	7.72543	7.62284	7.72547	7.71077
0.030925	7.74887	7.67374	7.61905	7.731	7.63713	7.75604	7.59207	7.70442	7.77521
0.0312125	7.71914	7.70247	7.78389	7.7651	7.65242	7.78409	7.70351	7.70186	7.77372
0.0315	7.67364	7.62505	7.75119	7.69801	7.69852	7.75511	7.71382	7.66184	7.85678
0.0317875	7.83566	7.67451	7.71684	7.73955	7.65382	7.72622	7.64604	7.78421	7.78811
0.032075	7.72652	7.61698	7.57246	7.71443	7.60966	7.60937	7.61076	7.75178	7.73679
0.0323625	7.74966	7.60177	7.70042	7.75146	7.63476	7.75869	7.58536	7.66344	7.66663
0.0326625	7.73626	7.5865	7.57437	7.89247	7.79437	7.76518	7.69967	7.8125	7.76138
0.03295	7.65376	7.60165	7.60274	7.77682	7.71662	7.8315	7.81392	7.7137	7.65742
0.03325	7.71807	7.65381	7.74482	7.69298	7.64931	7.81581	7.57235	7.7518	7.71672
0.03355	7.73873	7.53571	7.64219	7.74148	7.64063	7.69112	7.60955	7.63087	7.69176
0.03385	7.73418	7.64609	7.67715	7.83531	7.74399	7.60529	7.56299	7.69603	7.73789
0.0341625	7.65334	7.51509	7.71035	7.6373	7.75507	7.66847	7.62213	7.73876	7.69639
0.0344625	7.67057	7.58108	7.74598	7.76369	7.67156	7.59751	7.49611	7.72065	7.65174
0.034775	7.6666	7.70424	7.66873	7.62122	7.56001	7.65611	7.69485	7.72238	7.66537
0.0350875	7.72583	7.76325	7.62651	7.70031	7.60727	7.72851	7.65265	7.71732	7.65858
0.0354	7.73939	7.64482	7.69123	7.82379	7.66323	7.68356	7.72817	7.76386	7.77438
0.0357125	7.69239	7.60287	7.66902	7.66318	7.64659	7.64031	7.68964	7.73701	7.61016
0.036025	7.80241	7.64964	7.72827	7.75945	7.69914	7.75482	7.71692	7.62732	7.69951
0.03635	7.56544	7.52362	7.56998	7.71994	7.54417	7.54296	7.67305	7.67964	7.75613
0.0366625	7.67524	7.74949	7.60248	7.70249	7.69809	7.60997	7.65789	7.59678	7.63169
0.0369875	7.5921	7.63514	7.70286	7.6974	7.59999	7.60815	7.54469	7.64	7.70335
0.0373125	7.73058	7.6209	7.6826	7.68647	7.72076	7.64457	7.63911	7.57804	7.61024
0.0376375	7.66031	7.53852	7.62749	7.62605	7.66828	7.66454	7.58111	7.62668	7.69347
0.037975	7.7553	7.5532	7.56599	7.77059	7.69611	7.58481	7.65013	7.60589	7.68561
0.0383	7.80366	7.69556	7.49683	7.77526	7.59626	7.62571	7.56113	7.52822	7.75121
0.0386375	7.66621	7.50474	7.61427	7.68722	7.66096	7.54321	7.64413	7.64116	7.63597
0.038975	7.70783	7.60896	7.65495	7.76977	7.70338	7.66297	7.54295	7.5668	7.67385
0.0393125	7.75128	7.66746	7.5062	7.75388	7.59213	7.60313	7.57918	7.70545	7.71401
0.0396625	7.64402	7.63347	7.61803	7.66128	7.75805	7.62383	7.58253	7.72375	7.74133
0.04	7.77354	7.48361	7.63751	7.69685	7.63464	7.58784	7.58061	7.69557	7.62465
0.04035	7.72589	7.63595	7.69757	7.5998	7.61234	7.54988	7.54842	7.72392	7.53854
0.0407	7.5975	7.54968	7.59579	7.66219	7.66472	7.49371	7.61149	7.59328	7.6081
0.04105	7.65943	7.66223	7.54663	7.62308	7.65988	7.65578	7.54351	7.62736	7.648
0.0414	7.65026	7.64885	7.65262	7.59653	7.53104	7.61675	7.56424	7.60801	7.66038
0.0417625	7.49865	7.59473	7.70564	7.73566	7.58402	7.66056	7.51818	7.63121	7.58141
0.042125	7.62473	7.6069	7.45471	7.63999	7.70316	7.59268	7.58572	7.61412	7.58399
0.042475	7.58578	7.66722	7.68353	7.69937	7.69361	7.6019	7.56613	7.55029	7.61907
0.04285	7.57089	7.62006	7.68703	7.49688	7.52154	7.49628	7.60328	7.61336	7.66654
0.0432125	7.65769	7.59362	7.52239	7.6913	7.6527	7.55175	7.44778	7.6004	7.71726
0.043575	7.6026	7.62551	7.43451	7.59613	7.60464	7.59924	7.5702	7.56789	7.44497
0.04395	7.48262	7.46444	7.52125	7.62275	7.47396	7.54049	7.605	7.65567	7.6209
0.044325	7.54861	7.61985	7.70553	7.63758	7.53094	7.65475	7.63824	7.53427	7.65032
0.0447	7.68978	7.608	7.56639	7.63395	7.58584	7.56182	7.52485	7.50564	7.54961
0.045075	7.64818	7.58993	7.63603	7.69145	7.59227	7.59113	7.52536	7.55817	7.4768
0.0454625	7.59724	7.56139	7.64533	7.65575	7.54597	7.54853	7.53843	7.54888	7.63516
0.04585	7.61218	7.51744	7.67334	7.5646	7.62826	7.5648	7.56042	7.54883	7.62714
0.0462375	7.53002	7.51547	7.58646	7.6934	7.57231	7.54435	7.57544	7.71669	7.60364
0.046625	7.53999	7.52555	7.49884	7.59832	7.53457	7.60468	7.53449	7.43173	7.61393
0.0470125	7.58143	7.53025	7.55176	7.65139	7.48098	7.50501	7.60125	7.53362	7.59736
0.0474125	7.62695	7.41583	7.58601	7.71284	7.38358	7.58422	7.51314	7.65216	7.53514
0.0478125	7.48344	7.61459	7.59967	7.60309	7.65449	7.50858	7.64206	7.44967	7.5669
0.0482125	7.61594	7.5068	7.59608	7.55352	7.56904	7.54507	7.52896	7.42407	7.47822
0.0486125	7.52563	7.48932	7.58514	7.64415	7.49996	7.50629	7.72632	7.5221	7.57537
0.049025	7.60208	7.51639	7.44086	7.57297	7.49702	7.48629	7.61012	7.56624	7.49261
0.049425	7.53542	7.56305	7.51137	7.59834	7.54767	7.51183	7.4728	7.51589	7.41616
0.0498375	7.54863	7.52974	7.61247	7.68847	7.58016	7.56619	7.44505	7.4562	7.55679
0.05025	7.60708	7.44554	7.64222	7.59431	7.56764	7.58537	7.54525	7.53431	7.55381
0.050675	7.47715	7.51795	7.58664	7.55004	7.60388	7.52986	7.72431	7.46098	7.55372
0.0511	7.54984	7.53732	7.43321	7.46947	7.49101	7.5039	7.46779	7.49262	7.47754
0.0515125	7.53579	7.4744	7.48543	7.5637	7.53689	7.51189	7.45739	7.55482	7.53131
0.05195	7.51586	7.54403	7.53712	7.62993	7.52392	7.51491	7.54009	7.44764	7.59811
0.052375	7.5419	7.4458	7.51447	7.53591	7.47922	7.41015	7.46184	7.48957	7.55978
0.0528	7.55391	7.63389	7.47399	7.55541	7.53701	7.46859	7.45865	7.51947	7.62429
0.0532375	7.58302	7.4934	7.54098	7.54854	7.40207	7.34934	7.47722	7.61317	7.48489
0.053675	7.48878	7.45424	7.45692	7.58999	7.43132	7.38805	7.49162	7.5249	7.43885
0.054125	7.43741	7.41201	7.55704	7.5306	7.48905	7.42789	7.48749	7.46188	7.49268
0.0545625	7.45715	7.50331	7.45689	7.4989	7.57388	7.4809	7.4601	7.49792	7.58761
0.0550125	7.4962	7.56522	7.47045	7.45295	7.44761	7.4581	7.52408	7.55155	7.47178
0.0554625	7.55594	7.53896	7.59507	7.48769	7.44596	7.46833	7.40099	7.44726	7.49657
0.0559125	7.46609	7.54614	7.47226	7.47518	7.5108	7.38083	7.47799	7.38251	7.4569
0.056375	7.4708	7.52872	7.47439	7.53797	7.49315	7.44425	7.41068	7.44705	7.42768
0.0568375	7.51888	7.446	7.56759	7.56597	7.44188	7.39283	7.44671	7.43334	7.43526
0.0573	7.57197	7.52408	7.46775	7.4916	7.49495	7.42933	7.47464	7.36547	7.49181
0.0577625	7.59225	7.49808	7.51316	7.55821	7.4832	7.55591	7.41367	7.37982	7.51421
0.0582375	7.54383	7.51069	7.42027	7.43746	7.3225	7.46913	7.4577	7.47052	7.48283
0.0587125	7.46518	7.4515	7.47763	7.5393	7.45186	7.42876	7.45805	7.48127	7.52124
0.0591875	7.50186	7.41688	7.39382	7.4549	7.47482	7.35385	7.42263	7.45266	7.47148
0.0596625	7.40554	7.43096	7.47843	7.45876	7.49214	7.49176	7.4648	7.37919	7.44658
0.06015	7.40961	7.41485	7.50697	7.45019	7.47803	7.50493	7.45063	7.47935	7.41478
0.0606375	7.46454	7.39665	7.42444	7.51871	7.40267	7.3925	7.44426	7.36799	7.41637
0.061125	7.49701	7.38929	7.46324	7.51411	7.38567	7.415	7.56869	7.40049	7.42448
0.0616125	7.54148	7.42326	7.42872	7.55182	7.46194	7.46069	7.48006	7.31216	7.427
0.0621125	7.47474	7.49679	7.46337	7.49017	7.52017	7.37534	7.43476	7.42182	7.50803
0.0626125	7.40027	7.42073	7.35091	7.41596	7.386	7.33628	7.38959	7.35616	7.43394
0.0631125	7.46793	7.45378	7.51681	7.44959	7.36601	7.38641	7.43009	7.39199	7.39111
0.063625	7.44244	7.4047	7.37601	7.48754	7.46344	7.42846	7.50646	7.32842	7.40938
0.064125	7.40479	7.48885	7.40291	7.41144	7.39578	7.47934	7.34228	7.45558	7.40396
0.06465	7.42566	7.47427	7.42683	7.36023	7.37181	7.32058	7.56149	7.33587	7.42243
0.0651625	7.40619	7.43083	7.42887	7.42652	7.38453	7.34883	7.40471	7.41226	7.44074
0.0656875	7.46499	7.41815	7.43148	7.46759	7.36224	7.34306	7.40309	7.28934	7.39397
0.0662125	7.44497	7.50647	7.46184	7.44249	7.46637	7.342	7.47288	7.30178	7.42352
0.0667375	7.3957	7.38781	7.49672	7.37586	7.34114	7.40235	7.41119	7.44746	7.39829
0.0672625	7.46869	7.33797	7.45753	7.35898	7.40077	7.32536	7.42835	7.3195	7.41054
0.0678	7.4321	7.40913	7.3597	7.33876	7.37513	7.40455	7.48284	7.30637	7.30777
0.0683375	7.38519	7.3309	7.34996	7.49624	7.3212	7.43589	7.5302	7.32004	7.41671
0.0688875	7.29828	7.43436	7.38809	7.39076	7.34411	7.31671	7.40834	7.40731	7.46613
0.0694375	7.302	7.44212	7.40211	7.4042	7.24446	7.31032	7.42185	7.34841	7.29503
0.0699875	7.32564	7.36689	7.3493	7.38486	7.34887	7.33044	7.38325	7.42189	7.31161
0.0705375	7.32021	7.42005	7.42111	7.49939	7.37789	7.39297	7.32988	7.36835	7.34801
0.0711	7.49232	7.31076	7.35128	7.44528	7.3125	7.38526	7.47367	7.3457	7.38583
0.0716625	7.36553	7.35323	7.38625	7.37997	7.26052	7.31989	7.39453	7.40164	7.39869
0.072225	7.31203	7.45192	7.27987	7.27119	7.29677	7.29464	7.42999	7.3041	7.38767
0.0728	7.38059	7.34279	7.41702	7.46363	7.3402	7.37273	7.40773	7.34583	7.42732
0.0733625	7.39095	7.3695	7.32462	7.37659	7.25248	7.27845	7.51393	7.32558	7.36841
0.07395	7.29819	7.36288	7.36426	7.2408	7.3314	7.29421	7.39001	7.28016	7.35772
0.074525	7.35084	7.31469	7.27984	7.45663	7.34408	7.30151	7.43374	7.28817	7.40459
0.0751125	7.33815	7.2912	7.36778	7.34775	7.34674	7.29675	7.42758	7.29564	7.4236
0.0757	7.28858	7.31147	7.30548	7.37844	7.28785	7.19038	7.40532	7.25511	7.31339
0.0763	7.35641	7.28971	7.3908	7.34318	7.31223	7.31069	7.38838	7.36976	7.30881
0.0769	7.27802	7.22574	7.28313	7.3766	7.17809	7.2192	7.31542	7.27066	7.31987
0.0775	7.3616	7.32248	7.38313	7.34022	7.2739	7.32662	7.43619	7.25083	7.23809
0.0781	7.35356	7.35666	7.36484	7.30661	7.32485	7.26232	7.38751	7.2301	7.40953
0.0787125	7.26828	7.41646	7.32773	7.22489	7.26927	7.2391	7.30197	7.26686	7.27487
0.079325	7.31452	7.34342	7.27712	7.47088	7.37201	7.26704	7.48589	7.23609	7.38849
0.07995	7.30047	7.34127	7.29728	7.32241	7.20003	7.31075	7.33634	7.24426	7.28717
0.080575	7.32531	7.30099	7.35162	7.26949	7.21758	7.22818	7.30345	7.26744	7.44814
0.0812	7.36178	7.31199	7.34848	7.38362	7.29248	7.25794	7.39962	7.31517	7.22789
0.0818375	7.38449	7.28786	7.29753	7.4105	7.26691	7.23542	7.39214	7.21755	7.33565
0.082475	7.32347	7.24034	7.33345	7.23929	7.38379	7.2835	7.31455	7.34344	7.33709
0.0831125	7.33392	7.17428	7.20517	7.37053	7.33142	7.21681	7.37478	7.27177	7.27041
0.08375	7.302	7.31178	7.26954	7.39638	7.34722	7.27526	7.38814	7.25422	7.31329
0.0844	7.19138	7.3612	7.34402	7.34885	7.22533	7.20111	7.33738	7.20175	7.24213
0.0850625	7.26414	7.27481	7.23371	7.3432	7.30856	7.19929	7.24714	7.35484	7.30231
0.085725	7.27066	7.35078	7.33299	7.24019	7.23605	7.28837	7.27452	7.26097	7.23596
0.0863875	7.28498	7.28466	7.34257	7.36275	7.24426	7.28043	7.32931	7.24607	7.35954
0.08705	7.36705	7.29044	7.2838	7.28633	7.22121	7.28963	7.34518	7.24714	7.3099
0.087725	7.27032	7.35636	7.28386	7.35189	7.29321	7.24908	7.33355	7.21097	7.14841
0.0884	7.27233	7.36449	7.26355	7.29999	7.16825	7.16811	7.27903	7.24493	7.29184
0.0890875	7.20274	7.28725	7.31121	7.25816	7.19158	7.24368	7.25351	7.20721	7.23911
0.089775	7.35137	7.25479	7.28641	7.2768	7.24822	7.29281	7.29781	7.12595	7.19928
0.0904625	7.35209	7.26162	7.22259	7.29622	7.17395	7.19658	7.32962	7.252	7.2316
0.0911625	7.33327	7.31734	7.28018	7.23821	7.15425	7.19809	7.31051	7.22859	7.2849
0.0918625	7.22075	7.26452	7.26717	7.26312	7.21633	7.18022	7.40247	7.24114	7.2377
0.0925625	7.21444	7.24718	7.23225	7.22234	7.20041	7.17221	7.20414	7.30148	7.17959
0.093275	7.1784	7.25896	7.26293	7.1943	7.296	7.23066	7.27772	7.22644	7.27796
0.0939875	7.12663	7.18453	7.22637	7.23165	7.17564	7.26444	7.19906	7.19388	7.17575
0.0947125	7.16556	7.23715	7.28167	7.27727	7.2211	7.23722	7.19323	7.16522	7.23478
0.0954375	7.19395	7.26526	7.27005	7.24162	7.18516	7.16959	7.20197	7.20848	7.18409
0.096175	7.14276	7.30912	7.24497	7.25276	7.10482	7.17102	7.24101	7.18643	7.28296
0.0969	7.16794	7.20411	7.26584	7.23163	7.22506	7.23335	7.20274	7.18853	7.15668
0.09765	7.18026	7.21519	7.25178	7.22742	7.24524	7.16713	7.31947	7.19248	7.20154
0.0983875	7.14377	7.17453	7.20811	7.17466	7.2151	7.21614	7.20115	7.16229	7.22134
0.09915	7.23506	7.09898	7.14149	7.16405	7.10492	7.21906	7.34805	7.18792	7.26961
0.0999	7.22949	7.17941	7.27617	7.22036	7.18531	7.14069	7.30032	7.15937	7.24872
0.100662	7.2435	7.18193	7.17515	7.27488	7.10213	7.14683	7.23823	7.06748	7.21979
0.101425	7.18054	7.19972	7.18857	7.26231	7.13534	7.28709	7.1673	7.1574	7.24499
0.1022	7.1347	7.21563	7.1766	7.11773	7.15904	7.167	7.25028	7.17373	7.2349
0.102975	7.23974	7.21253	7.17742	7.16613	7.19252	7.17675	7.20471	7.18816	7.21166
0.103762	7.20972	7.14812	7.24252	7.17377	7.01597	7.14234	7.265	7.11948	7.20697
0.10455	7.17117	7.13837	7.20172	7.27128	7.13842	7.11084	7.27472	7.10189	7.14532
0.10535	7.14278	7.17514	7.1903	7.26875	7.12706	7.14056	7.22301	7.19075	7.22106
0.10615	7.13691	7.18377	7.2238	7.23891	7.05983	7.13921	7.23948	7.12079	7.19363
0.10695	7.16294	7.16194	7.15495	7.13655	7.12228	7.10324	7.20894	7.18458	7.16117
0.107763	7.18759	7.14333	7.21996	7.1869	7.0829	7.0563	7.26413	7.1308	7.14345
0.108575	7.15472	7.18272	7.1284	7.25112	7.12921	7.06708	7.25104	7.07885	7.06602
0.1094	7.14191	7.16011	7.16252	7.19287	7.16236	7.03739	7.15791	7.15608	7.23532
0.110225	7.15794	7.18618	7.06261	7.19007	7.04914	7.08307	7.17143	7.10736	7.21572
0.111062	7.1172	7.20391	7.21048	7.22888	7.07454	7.11417	7.18701	7.12744	7.07927
0.1119	7.12128	7.18497	7.21264	7.16864	7.13034	7.07132	7.17776	7.08577	7.1175
0.11275	7.15669	7.11697	7.20269	7.2037	7.10856	7.09774	7.1608	7.09605	7.12749
0.1136	7.19511	7.13801	7.18744	7.11991	7.11806	7.12218	7.18713	7.10365	7.15727
0.11445	7.0783	7.07861	7.20529	7.2051	7.12021	7.08501	7.23459	7.05908	7.15193
0.115313	7.15062	7.1236	7.22026	7.14061	7.05427	7.09534	7.21659	7.02783	7.05863
0.116187	7.11312	7.09899	7.20123	7.09023	7.04208	7.16656	7.26035	7.1726	7.12204
0.117063	7.07194	7.13536	7.156	7.1964	7.08171	7.11036	7.18376	7.09581	7.06203
0.117937	7.13184	7.11185	7.09326	7.11657	7.09631	7.09267	7.1336	7.03905	7.18582
0.118825	7.08595	7.15302	7.17464	7.12607	7.11944	7.05006	7.18716	7.06787	7.23184
0.119713	7.11491	7.0976	7.12378	7.15129	7.09274	7.02616	7.19516	7.06762	7.09033
0.120613	7.0329	7.13298	7.12903	7.12201	7.11641	7.00984	7.19511	7.09165	7.11532
0.121525	7.13036	7.11904	7.079	7.17974	7.06055	7.08219	7.11101	7.058	7.196
0.122437	7.0766	7.12105	7.04602	7.12624	7.05679	7.09465	7.19572	7.04441	7.14301
0.12335	7.08366	7.1169	7.13536	7.17293	7.06415	7.07706	7.15333	7.05425	7.12252
0.124275	7.0856	7.11962	7.13405	7.07586	7.02102	7.07513	7.17546	7.0648	7.14513
0.125213	7.04006	7.09105	7.08056	7.14429	7.00178	7.03325	7.15734	7.07416	7.11664
0.12615	7.0618	7.03511	7.1248	7.12709	7.0482	7.01163	7.1032	7.17024	7.07514
0.127088	7.03757	7.07339	7.09531	7.14298	7.06129	7.04476	7.16998	7.03377	7.09854
0.128037	7.10848	7.09683	7.12194	7.15117	6.94502	7.11728	7.14491	7.09547	7.10139
0.129	7.07215	7.11072	7.08616	7.13502	6.99388	7.08318	7.15048	7.01407	7.07256
0.129963	7.00251	7.00371	7.11893	7.10159	6.93285	7.10023	7.15193	6.97636	7.01706
0.130925	7.03844	7.12448	7.10228	7.16819	7.07741	7.09306	7.11398	7.0597	7.02066
0.1319	7.09705	7.16739	7.06729	7.15546	7.00168	6.93976	7.11253	7.08894	7.17213
0.132887	7.07709	7.09548	7.12646	7.13266	7.03205	7.02728	7.20124	7.06877	7.07116
0.133875	6.97749	7.0154	7.04617	7.0514	6.98887	7.03242	7.09803	6.99851	7.08686
0.134875	7.0328	7.04932	7.08195	7.04353	7.049	7.0753	7.07685	7.10193	7.0488
0.135888	7.02084	7.12477	7.07624	7.0231	7.03376	6.98978	7.15932	7.05919	7.09283
0.136888	7.02863	7.00019	7.03948	7.09547	7.0048	6.94184	7.03906	7.00116	7.03131
0.137912	7.04892	7.08191	7.10535	7.10786	6.99378	6.99329	7.10621	7.04077	7.02795
0.138938	7.07802	7.08919	7.01891	7.0082	6.99581	7.0143	7.18216	6.99256	7.15105
0.139962	7.01316	7.0399	7.03989	7.04919	7.04927	7.01082	7.13307	7.064	7.04476
0.141013	7.09538	6.99588	7.02429	7.07246	6.90909	7.02968	7.08299	7.0049	7.04284
0.14205	7.00111	7.05071	7.03929	7.08666	7.00042	6.94619	7.10556	7.04858	7.08192
0.143112	7.00819	7.05451	7.09749	7.05254	6.99538	7.01192	7.13201	6.9892	7.03633
0.144175	7.00964	7.06694	6.99949	7.01954	6.99226	6.99288	7.14512	7.00905	7.08659
0.145238	6.94537	7.03536	7.02712	7.06267	6.96308	7.01576	7.03587	7.02906	7.04864
0.146313	6.98678	6.96652	7.10831	7.00938	6.99517	7.02403	7.08658	7.00002	7.01767
0.1474	6.98818	7.00798	7.06912	7.02066	6.94616	6.94119	7.09945	7.01389	7.00904
0.148487	7.0285	7.02325	7.02514	7.06339	6.96568	6.95499	7.03055	7.04819	7.09314
0.149587	7.01291	6.98334	7.07036	7.03644	6.99348	6.99048	7.1138	7.01092	7.07306
0.1507	7.01912	7.04547	6.98372	7.0242	6.94174	6.95369	7.08586	6.95395	7.01051
0.151812	7.03309	7.06226	7.0149	6.98374	7.00888	6.94619	7.02786	6.89765	6.97928
0.152925	7.01322	6.99226	6.97109	7.03782	6.94268	7.00385	7.05538	7.02885	7.00558
0.154062	7.00738	7.00377	6.99788	7.05672	6.94993	6.9923	7.0738	6.95623	7.06173
0.1552	6.96973	6.9738	6.97452	7.04269	6.99997	7.02486	7.15166	6.9019	7.0106
0.156337	7.0261	7.02489	7.02311	7.02925	6.92921	6.91783	7.02434	6.93405	7.06041
0.1575	6.96421	7.02983	7.02008	7.03542	6.98052	6.96332	7.0839	6.92139	6.98573
0.15865	6.99509	6.9733	7.02991	6.99743	6.96354	6.94359	7.05788	6.98205	6.97885
0.159825	6.93764	7.02767	6.99211	6.90884	6.91227	6.91245	6.99687	6.98694	7.01335
0.161	6.95438	7.02744	6.97913	7.00188	6.93213	6.97746	7.07983	6.92136	6.98315
0.162188	6.96501	6.97651	7.00423	6.99841	6.90733	6.96749	7.06039	6.9677	6.96643
0.163375	6.95916	6.98531	6.98124	7.00283	6.93952	6.90957	7.03979	6.93092	6.96663
0.164587	6.90411	6.94428	6.96009	7.02436	6.98525	6.86784	7.06344	6.95365	7.05687
0.165788	6.95489	6.92732	7.01948	6.99085	6.99367	6.94931	6.98657	6.94041	6.99743
0.167012	6.98189	7.0109	7.001	6.96911	6.97017	6.91597	6.92619	6.92587	6.99206
0.168238	6.98252	6.96113	6.96772	6.92547	6.93074	6.91411	7.01205	6.92497	6.9881
0.169475	6.94456	6.99054	6.97556	7.0259	6.92292	6.941	7.02921	6.88	6.98974
0.170713	6.98768	6.958	6.92058	6.94028	6.8726	6.92443	7.00467	7.02725	6.94591
0.171975	6.91904	6.94796	6.97623	6.96618	6.86286	6.95264	6.98785	6.91363	6.97507
0.173238	6.94531	6.96607	6.948	6.98646	6.91482	6.88604	6.99891	6.89252	7.04222
0.1745	6.94038	6.91123	6.96127	6.99189	6.91493	6.93727	6.94007	6.90758	6.95372
0.175775	6.91134	6.94155	6.97929	7.00355	6.87111	6.90958	6.98997	6.89396	7.00144
0.177062	6.93051	6.93485	6.93226	6.94956	6.90054	6.909	6.9525	6.90976	6.94774
0.178363	6.97856	6.96863	6.92997	7.00584	6.87577	6.93098	7.02731	6.91832	6.94328
0.179675	6.95103	6.95203	6.92232	6.95229	6.89998	6.95369	6.99705	6.91441	6.91048
0.180988	6.98143	6.90323	6.91141	6.97559	6.90456	6.90408	6.9958	6.96023	6.95705
0.182313	6.95184	6.88921	6.97299	6.98329	6.89741	6.88018	6.96869	6.8925	6.98668
0.183637	6.92201	6.90769	6.95114	6.9034	6.89025	6.9328	6.97024	6.93574	6.86957
0.184988	6.90066	6.91241	6.97945	6.9252	6.85393	6.91236	6.91922	6.90561	6.9755
0.186338	6.90956	6.95796	6.86299	6.89386	6.875	6.89808	7.02811	6.85558	6.97179
0.1877	6.90169	6.95764	6.94661	6.97012	6.85889	6.93316	6.96497	6.91503	6.95945
0.189063	6.89573	6.96736	6.99512	6.95489	6.89525	6.89186	6.90426	6.91996	6.97406
0.19045	6.94243	6.91578	6.9145	6.92172	6.82555	6.86322	6.95312	6.90724	6.93209
0.191838	6.94369	6.94188	6.9329	6.89768	6.86049	6.87116	6.94274	6.86921	6.99446
0.193237	6.87504	6.9331	6.90699	6.89405	6.86389	6.83665	6.97179	6.90819	6.86515
0.19465	6.87158	6.88345	6.93799	6.92541	6.87796	6.87386	6.96055	6.87216	6.93605
0.196063	6.94059	6.89874	6.9172	6.94449	6.90461	6.88653	6.9484	6.85534	6.90379
0.197488	6.91156	6.91136	6.87081	6.89974	6.85619	6.88391	6.92733	6.82953	6.89108
0.198925	6.93421	6.90719	6.91381	6.93248	6.8255	6.89971	6.99146	6.89527	6.91521
0.200375	6.88596	6.90383	6.93768	6.96824	6.89857	6.86041	6.90534	6.83717	6.97395
0.201837	6.93748	6.91154	6.88623	6.96024	6.89763	6.90039	6.98413	6.85083	6.93813
0.2033	6.91279	6.84725	6.86216	6.89247	6.88854	6.87772	6.97812	6.90367	6.88562
0.204787	6.90015	6.90369	6.91325	6.91586	6.85917	6.83469	6.92957	6.85439	6.92981
0.206275	6.84046	6.91179	6.86706	6.95051	6.82569	6.88137	6.97335	6.93174	6.8794
0.207775	6.88742	6.85835	6.85603	6.88084	6.8324	6.83505	6.92828	6.85056	6.89965
0.209275	6.84418	6.88852	6.93297	6.94086	6.81593	6.84221	6.93303	6.83173	6.93488
0.2108	6.87343	6.91122	6.90194	6.90531	6.83757	6.84224	6.98762	6.84704	6.91286
0.212325	6.85306	6.8806	6.89294	6.92039	6.87146	6.82596	6.92813	6.8302	6.92006
0.213875	6.88043	6.855	6.93587	6.9391	6.85366	6.91253	6.94052	6.89812	6.88861
0.215425	6.86348	6.86026	6.87467	6.92431	6.85235	6.83472	6.91538	6.80058	6.88671
0.216988	6.89743	6.84708	6.94791	6.9271	6.85431	6.86944	6.91823	6.84558	6.92498
0.218562	6.83058	6.88023	6.89399	6.8494	6.79746	6.8589	6.90861	6.8725	6.92026
0.22015	6.86642	6.87388	6.91823	6.90629	6.87173	6.82676	6.9364	6.81267	6.88143
0.221738	6.81146	6.87657	6.86462	6.91429	6.78378	6.81062	6.90249	6.8473	6.90648
0.22335	6.9596	6.87363	6.85928	6.89347	6.83222	6.83417	6.95046	6.82944	6.83876
0.224963	6.86023	6.93312	6.89721	6.92066	6.83772	6.80873	6.89744	6.86315	6.85889
0.226588	6.89324	6.84925	6.77976	6.88991	6.82405	6.84745	6.90608	6.85485	6.8669
0.228237	6.81496	6.85896	6.863	6.8525	6.81441	6.81175	6.87932	6.81029	6.85467
0.229888	6.83963	6.89399	6.87281	6.91875	6.84949	6.82831	6.90547	6.84368	6.91439
0.23155	6.88964	6.8278	6.8782	6.84048	6.83375	6.81184	6.86615	6.823	6.88587
0.233225	6.8639	6.86687	6.88932	6.89904	6.79227	6.81831	6.91592	6.81051	6.90519
0.234912	6.80847	6.84556	6.87568	6.85545	6.84883	6.78062	6.97766	6.85636	6.88822
0.2366	6.82514	6.85894	6.79993	6.84807	6.85206	6.77842	6.94565	6.8679	6.85721
0.238312	6.85118	6.81864	6.90488	6.90167	6.85106	6.76644	6.91753	6.79739	6.86076
0.240038	6.83889	6.86162	6.91681	6.84828	6.81626	6.75995	6.85459	6.81962	6.84757
0.241763	6.82692	6.8778	6.88476	6.87059	6.76252	6.79902	6.88091	6.78185	6.88642
0.243512	6.83083	6.82795	6.86165	6.86619	6.84391	6.86937	6.88363	6.77936	6.86656
0.245275	6.83456	6.81795	6.91806	6.88036	6.82415	6.78667	6.92816	6.79426	6.84656
0.247038	6.79861	6.83838	6.84697	6.867	6.7978	6.84955	6.89157	6.77555	6.86296
0.248825	6.76546	6.87104	6.8672	6.88595	6.78931	6.82742	6.91376	6.80138	6.85929
0.250612	6.8142	6.78839	6.86713	6.84951	6.7908	6.81726	6.8902	6.81512	6.84549
0.252425	6.77121	6.84132	6.85972	6.85116	6.76396	6.86133	6.86984	6.77102	6.8781
0.254238	6.86441	6.85247	6.85726	6.84131	6.82166	6.84854	6.91378	6.74757	6.86896
0.256075	6.86261	6.8382	6.86111	6.78136	6.80589	6.84254	6.86827	6.76061	6.83841
0.257912	6.86643	6.8468	6.79382	6.84214	6.8114	6.77791	6.91234	6.7488	6.87916
0.259775	6.81187	6.77607	6.82512	6.87241	6.77742	6.78033	6.85773	6.8144	6.83707
0.26165	6.82459	6.82968	6.81575	6.83869	6.77064	6.79045	6.8585	6.82283	6.86048
0.263525	6.82668	6.85108	6.90687	6.85578	6.76793	6.79405	6.92428	6.78662	6.7662
0.265425	6.80859	6.87782	6.82889	6.85599	6.75167	6.77013	6.92178	6.74863	6.78598
0.267338	6.78019	6.81658	6.84608	6.83421	6.79597	6.80387	6.82025	6.80093	6.83525
0.26925	6.81808	6.83536	6.81274	6.86958	6.81286	6.81503	6.853	6.8071	6.83208
0.271188	6.8192	6.79628	6.80845	6.86976	6.78339	6.81686	6.83628	6.79078	6.79778
0.273138	6.81109	6.80001	6.82575	6.84412	6.80038	6.80742	6.87315	6.8099	6.805
0.2751	6.83364	6.84321	6.83559	6.8479	6.74747	6.72419	6.88275	6.76548	6.8118
0.277075	6.78923	6.78285	6.84842	6.81636	6.77655	6.74826	6.82413	6.77357	6.83896
0.279063	6.79531	6.75128	6.83902	6.85338	6.74935	6.74465	6.85479	6.76855	6.81501
0.281075	6.78238	6.78291	6.82536	6.88085	6.74253	6.7781	6.84868	6.75551	6.8413
0.283087	6.85352	6.84336	6.81286	6.79471	6.77442	6.79702	6.80989	6.7336	6.81619
0.285125	6.82912	6.83443	6.8092	6.83544	6.77058	6.74152	6.86582	6.7188	6.82593
0.287163	6.80038	6.79123	6.82343	6.79912	6.79994	6.74944	6.85727	6.74117	6.83339
0.289225	6.79809	6.72322	6.80353	6.80234	6.7765	6.79769	6.87562	6.73716	6.77372
0.2913	6.79897	6.78476	6.78507	6.81899	6.76871	6.78718	6.89709	6.72197	6.8252
0.293388	6.78755	6.75583	6.76257	6.76783	6.7868	6.77122	6.86102	6.75151	6.77709
0.295487	6.77259	6.82061	6.8394	6.83794	6.767	6.75625	6.89344	6.74573	6.79234
0.297612	6.85039	6.79474	6.82015	6.83694	6.7888	6.7682	6.87005	6.73462	6.76808
0.299738	6.7584	6.79396	6.81693	6.81413	6.76074	6.79661	6.87628	6.7518	6.83152
0.301888	6.69968	6.77015	6.7932	6.8147	6.71572	6.79692	6.85615	6.75508	6.77
0.30405	6.79361	6.78774	6.81815	6.82819	6.74856	6.75917	6.85193	6.74299	6.81944
0.306225	6.7768	6.76808	6.82133	6.80273	6.74315	6.76296	6.85905	6.72768	6.80158
0.308425	6.7449	6.79669	6.80198	6.79382	6.76105	6.78504	6.85012	6.7407	6.78052
0.310625	6.75819	6.8077	6.77498	6.76157	6.72348	6.79156	6.81525	6.73676	6.80128
0.31285	6.77867	6.79459	6.793	6.78804	6.7209	6.74837	6.81738	6.75431	6.77936
0.315087	6.75638	6.85339	6.8146	6.77537	6.75092	6.77136	6.8231	6.72858	6.78631
0.317338	6.75159	6.7781	6.79494	6.79523	6.74566	6.68037	6.82933	6.73101	6.81981
0.319613	6.7839	6.78812	6.77611	6.81388	6.74704	6.7469	6.85094	6.74136	6.77447
0.3219	6.80172	6.80305	6.79077	6.83799	6.7367	6.78252	6.79992	6.75181	6.77891
0.3242	6.78858	6.77716	6.81246	6.81325	6.71482	6.76142	6.82012	6.72808	6.79561
0.326512	6.75177	6.79735	6.7424	6.82344	6.74078	6.76166	6.82846	6.73788	6.76902
0.32885	6.7016	6.7583	6.80552	6.78521	6.72797	6.70965	6.82575	6.69536	6.78269
0.331187	6.78045	6.75479	6.83209	6.79181	6.68703	6.73617	6.84997	6.7456	6.81
0.333562	6.76759	6.76306	6.80329	6.76304	6.7244	6.75066	6.81124	6.75072	6.80468
0.335938	6.79844	6.79908	6.82491	6.77049	6.76119	6.72259	6.81253	6.72706	6.78203
0.338338	6.76323	6.76836	6.73886	6.79649	6.75131	6.76181	6.81894	6.74061	6.78563
0.34075	6.74707	6.79269	6.82722	6.81118	6.7624	6.75321	6.8388	6.70305	6.7868
0.343188	6.69855	6.80476	6.78123	6.81406	6.71358	6.67727	6.88762	6.73215	6.78516
0.345638	6.79519	6.80172	6.74014	6.82013	6.7621	6.75805	6.80803	6.7517	6.75861
0.3481	6.75212	6.76369	6.77091	6.77832	6.715	6.73725	6.80823	6.69418	6.74972
0.350575	6.7514	6.74701	6.77079	6.77562	6.71906	6.77092	6.82627	6.73809	6.80017
0.353075	6.73744	6.75852	6.77202	6.80879	6.7106	6.76972	6.78292	6.77364	6.75966
0.3556	6.73401	6.74383	6.7726	6.82261	6.70781	6.75952	6.81497	6.74351	6.80293
0.358125	6.71468	6.81983	6.81834	6.79598	6.75529	6.74923	6.80863	6.651	6.78709
0.360675	6.77324	6.74094	6.77685	6.79036	6.71514	6.72287	6.81172	6.70335	6.76976
0.36325	6.7563	6.81312	6.75481	6.80891	6.72681	6.7113	6.83374	6.7439	6.787
0.365838	6.75428	6.76231	6.77907	6.78702	6.67361	6.74255	6.80476	6.71339	6.7479
0.368437	6.75372	6.75819	6.76646	6.77556	6.69109	6.7386	6.82636	6.7139	6.78725
0.371062	6.78093	6.80633	6.76754	6.8196	6.72178	6.72088	6.80998	6.74799	6.76751
0.373713	6.74455	6.74084	6.79938	6.8191	6.71382	6.7177	6.80188	6.71728	6.79937
0.376363	6.81346	6.78787	6.76918	6.81503	6.71675	6.71263	6.80444	6.71609	6.77632
0.37905	6.73514	6.76898	6.77445	6.78103	6.74771	6.75367	6.7543	6.7271	6.7291
0.381738	6.74621	6.76116	6.77261	6.77508	6.72879	6.74213	6.77748	6.69902	6.75908
0.384463	6.74517	6.72526	6.75676	6.72665	6.69856	6.70854	6.80099	6.73449	6.75916
0.387188	6.76072	6.75043	6.74534	6.79331	6.69842	6.73205	6.83509	6.65549	6.79119
0.38995	6.73957	6.7499	6.80094	6.77569	6.74173	6.68898	6.80449	6.71442	6.7821
0.392713	6.75176	6.73484	6.75637	6.75655	6.71485	6.73713	6.84358	6.73036	6.73595
0.395512	6.73235	6.76793	6.78949	6.7803	6.70486	6.69423	6.79305	6.70941	6.7814
0.398325	6.73442	6.77098	6.75634	6.78797	6.73838	6.70098	6.8168	6.71266	6.80076
0.40115	6.75449	6.76717	6.76514	6.77879	6.74188	6.71359	6.77634	6.72053	6.72114
0.404	6.76001	6.71765	6.78672	6.75205	6.69664	6.71054	6.80392	6.68277	6.76884
0.406875	6.75716	6.75518	6.77951	6.7842	6.73011	6.75487	6.8224	6.71464	6.76526
0.409763	6.76658	6.74729	6.79426	6.76061	6.68717	6.72255	6.79647	6.71382	6.7635
0.412663	6.77174	6.73266	6.77614	6.81256	6.71526	6.71207	6.7905	6.70225	6.76998
0.4156	6.70533	6.74142	6.75463	6.76481	6.69878	6.69731	6.78069	6.67557	6.7616
0.41855	6.72936	6.68497	6.72175	6.78291	6.73016	6.70488	6.77831	6.72485	6.76185
0.421525	6.73471	6.77325	6.76937	6.79376	6.69827	6.69352	6.79777	6.70423	6.77894
0.424513	6.71134	6.72822	6.78553	6.76381	6.72464	6.68581	6.79102	6.70546	6.77616
0.427525	6.74043	6.74539	6.74105	6.78182	6.72584	6.70415	6.80776	6.71333	6.73771
0.43055	6.74611	6.75199	6.75398	6.74966	6.70599	6.72773	6.80616	6.69478	6.73944
0.433612	6.70218	6.73657	6.77628	6.78429	6.69482	6.76377	6.84263	6.71387	6.76088
0.436687	6.72437	6.76936	6.75885	6.737	6.72183	6.69696	6.77273	6.73038	6.73778
0.439775	6.73503	6.73416	6.77541	6.81225	6.69026	6.68609	6.79295	6.72702	6.78573
0.4429	6.73459	6.74595	6.76765	6.80066	6.71884	6.66231	6.82567	6.69977	6.73918
0.446038	6.73122	6.76337	6.77277	6.76378	6.70436	6.70629	6.81766	6.72288	6.76882
0.4492	6.74343	6.71861	6.76274	6.788	6.70521	6.69605	6.80207	6.71449	6.78689
0.452375	6.74569	6.74361	6.7247	6.73411	6.72521	6.74782	6.81133	6.73691	6.74169
0.455588	6.71979	6.76622	6.78018	6.74197	6.68356	6.67623	6.81233	6.74555	6.71799
0.458813	6.73414	6.72655	6.74187	6.78191	6.6773	6.70762	6.81086	6.70933	6.7587
0.462063	6.75424	6.77485	6.75733	6.77643	6.70536	6.73205	6.75362	6.73113	6.7816
0.465338	6.7602	6.74256	6.75728	6.78305	6.67621	6.71681	6.77853	6.66556	6.76152
0.468625	6.75156	6.72261	6.76745	6.76219	6.68519	6.6782	6.75448	6.75787	6.77704
0.47195	6.71962	6.74154	6.76339	6.75316	6.65087	6.71917	6.81961	6.72224	6.76505
0.475287	6.71863	6.74631	6.73831	6.7967	6.73056	6.71	6.79088	6.74309	6.72253
0.47865	6.73559	6.72742	6.72255	6.7593	6.70372	6.69707	6.77396	6.70791	6.7441
0.482038	6.73441	6.73531	6.74123	6.73814	6.70295	6.69773	6.76562	6.69506	6.74078
0.48545	6.70275	6.74787	6.77002	6.7683	6.70758	6.67809	6.7704	6.69669	6.75426
0.488887	6.70369	6.7461	6.75079	6.78426	6.72169	6.6854	6.76951	6.70132	6.75376
0.492337	6.70823	6.70591	6.76145	6.75688	6.68242	6.69914	6.7779	6.67263	6.74976
0.495825	6.73761	6.7229	6.73124	6.76873	6.70561	6.66973	6.78671	6.68812	6.71477
0.499325	6.72011	6.75011	6.74628	6.75564	6.71374	6.67097	6.75301	6.67791	6.72603
0.502863	6.73253	6.72505	6.74421	6.77086	6.70202	6.70176	6.79692	6.72488	6.78442
0.506413	6.71077	6.73897	6.76046	6.72774	6.69182	6.72045	6.77476	6.72231	6.7608
0.51	6.70118	6.75455	6.75244	6.75593	6.70993	6.68462	6.76379	6.66422	6.73197
0.5136	6.7136	6.71888	6.76566	6.74023	6.69698	6.68235	6.78913	6.69672	6.75209
0.517225	6.71841	6.72959	6.75676	6.77517	6.65598	6.67741	6.80114	6.70027	6.71475
0.520887	6.69627	6.73374	6.73131	6.77001	6.66696	6.70064	6.78547	6.69648	6.74607
0.524562	6.7015	6.72407	6.73194	6.77324	6.7215	6.70715	6.81817	6.69934	6.75073
0.528275	6.7146	6.74301	6.79236	6.75481	6.68144	6.71032	6.78996	6.71894	6.72672
0.532	6.70538	6.72963	6.73943	6.77548	6.67955	6.67728	6.77705	6.69953	6.73026
0.535762	6.7153	6.7007	6.71394	6.73893	6.69887	6.6747	6.79249	6.71719	6.74394
0.539537	6.69819	6.71689	6.76318	6.78315	6.71426	6.71751	6.73406	6.72878	6.75692
0.54335	6.71616	6.75928	6.76945	6.75932	6.65077	6.67753	6.80528	6.70216	6.78073
0.547188	6.74039	6.72537	6.79388	6.7383	6.67277	6.72567	6.78287	6.69397	6.75202
0.55105	6.76694	6.73209	6.73933	6.74476	6.69068	6.72095	6.77575	6.71055	6.71608
0.554937	6.72696	6.73864	6.74547	6.75318	6.68814	6.6847	6.80328	6.72185	6.78824
0.55885	6.71783	6.74522	6.75922	6.73529	6.68399	6.71022	6.77222	6.69094	6.72158
0.5628	6.74637	6.73175	6.76503	6.77504	6.69194	6.69615	6.76131	6.68958	6.73973
0.566763	6.70134	6.73462	6.76212	6.73746	6.6861	6.71178	6.78906	6.67632	6.74907
0.570763	6.70745	6.70503	6.71011	6.74858	6.68555	6.71288	6.79964	6.68577	6.76374
0.574787	6.7157	6.71526	6.73956	6.77456	6.69838	6.67982	6.80636	6.70291	6.72284
0.578838	6.74495	6.71035	6.76326	6.75982	6.69593	6.69297	6.77967	6.69919	6.7428
0.582925	6.70429	6.71369	6.73708	6.74146	6.71235	6.71766	6.7804	6.69502	6.74097
0.587038	6.71732	6.72044	6.76374	6.76472	6.68276	6.6997	6.76557	6.68235	6.76223
0.591175	6.70978	6.72705	6.75747	6.77731	6.6787	6.70188	6.76105	6.70849	6.75424
0.595338	6.72325	6.72828	6.73468	6.75714	6.70359	6.67277	6.80785	6.72402	6.74815
0.599537	6.72718	6.76221	6.74815	6.73988	6.7035	6.68632	6.7666	6.68737	6.72171
0.603763	6.75813	6.74248	6.74832	6.72815	6.68897	6.68802	6.82407	6.7168	6.74435
0.608012	6.73508	6.75562	6.74962	6.74153	6.72174	6.68994	6.80349	6.70693	6.72179
0.6123	6.7158	6.73808	6.75061	6.76714	6.685	6.68684	6.79286	6.71234	6.74408
0.616612	6.71616	6.75364	6.7488	6.74527	6.68323	6.6927	6.79311	6.71811	6.73207
0.620963	6.73347	6.71446	6.7515	6.78177	6.72761	6.69482	6.77683	6.69879	6.74636
0.625325	6.76288	6.77392	6.77099	6.74933	6.67782	6.71416	6.78235	6.67954	6.74386
0.629737	6.73206	6.75778	6.75265	6.74646	6.67457	6.69772	6.77862	6.69492	6.75242
0.634175	6.74371	6.72279	6.73259	6.75312	6.68914	6.7006	6.77288	6.73236	6.72214
0.638637	6.67883	6.74311	6.7522	6.74899	6.67562	6.70674	6.73969	6.67516	6.73345
0.643125	6.74621	6.76322	6.74791	6.7384	6.70037	6.69774	6.77853	6.70433	6.72055
0.647663	6.75002	6.7055	6.72763	6.75006	6.65694	6.71175	6.78514	6.68019	6.74906
0.652213	6.70729	6.73564	6.76881	6.76526	6.68779	6.7085	6.78125	6.6929	6.74197
0.656812	6.74392	6.70977	6.75755	6.74133	6.69831	6.6902	6.77623	6.70472	6.73631
0.661425	6.71384	6.73963	6.72537	6.73006	6.66226	6.69853	6.78775	6.68338	6.71426
0.666088	6.71142	6.72603	6.741	6.76405	6.67903	6.70166	6.77869	6.6868	6.74855
0.670775	6.72053	6.7167	6.74958	6.76361	6.69204	6.69887	6.8261	6.67351	6.75236
0.675488	6.70406	6.73504	6.75659	6.73339	6.68232	6.71837	6.80581	6.70316	6.75124
0.680237	6.71701	6.71073	6.74969	6.74139	6.68871	6.67452	6.79644	6.70561	6.73592
0.685025	6.74846	6.74332	6.73935	6.74685	6.69129	6.69072	6.77326	6.68287	6.72691
0.689838	6.72276	6.73362	6.72517	6.75559	6.70164	6.69141	6.79574	6.69471	6.7626
0.694687	6.71107	6.72206	6.72921	6.74604	6.7001	6.70048	6.79952	6.69776	6.75024
0.699575	6.71621	6.72977	6.74065	6.77527	6.6872	6.67326	6.78181	6.69952	6.74877
0.7045	6.72366	6.70666	6.72879	6.76246	6.69147	6.70571	6.77045	6.73424	6.77175
0.70945	6.71273	6.75116	6.75816	6.73521	6.67673	6.67629	6.79184	6.70899	6.77886
0.714437	6.7192	6.74638	6.75136	6.73685	6.7144	6.69809	6.75572	6.67264	6.77985
0.719463	6.70901	6.74	6.73277	6.76013	6.69408	6.69238	6.79891	6.68346	6.74137
0.724513	6.7144	6.76714	6.75592	6.76909	6.69882	6.70255	6.75662	6.6871	6.75216
0.7296	6.72376	6.72991	6.72788	6.73587	6.68867	6.70101	6.78295	6.70908	6.75337
0.734738	6.71535	6.71955	6.75166	6.75845	6.69044	6.69848	6.79688	6.69339	6.74213
0.7399	6.70949	6.73951	6.75106	6.74436	6.69862	6.70522	6.81777	6.70527	6.75793
0.745088	6.7223	6.74501	6.77114	6.74913	6.70149	6.69346	6.80453	6.69977	6.73269
0.750325	6.70435	6.72746	6.75191	6.72836	6.70966	6.69908	6.79839	6.69163	6.72694
0.7556	6.7165	6.7452	6.74761	6.74543	6.68716	6.71396	6.76564	6.70945	6.74299
0.7609	6.7599	6.71196	6.76315	6.73526	6.71415	6.67516	6.75377	6.70243	6.73951
0.76625	6.69927	6.69419	6.73976	6.72707	6.71511	6.67269	6.76398	6.68359	6.75157
0.771625	6.72285	6.74168	6.75224	6.75265	6.71296	6.6726	6.76493	6.69822	6.76426
0.77705	6.72044	6.71891	6.76239	6.7518	6.68586	6.6764	6.82645	6.67156	6.74656
0.7825	6.76337	6.74526	6.75697	6.77056	6.6793	6.68106	6.7552	6.68512	6.74958
0.788	6.71076	6.7446	6.78184	6.77322	6.69004	6.6807	6.79509	6.69483	6.74558
0.793525	6.70527	6.70672	6.74494	6.76583	6.68718	6.68748	6.80386	6.7016	6.71671
0.7991	6.71448	6.74041	6.75885	6.73539	6.71077	6.69013	6.78977	6.69586	6.7507
0.8047	6.74251	6.73223	6.73322	6.72547	6.69151	6.71084	6.81207	6.70202	6.77776
0.81035	6.74758	6.73847	6.75955	6.75522	6.70862	6.72975	6.76371	6.698	6.74966
0.816037	6.76453	6.73358	6.75283	6.74571	6.6626	6.70095	6.78756	6.67316	6.7547
0.821763	6.72357	6.72374	6.76603	6.74473	6.70419	6.70423	6.79366	6.7002	6.73843
0.827525	6.68531	6.7396	6.74514	6.74786	6.69203	6.67235	6.81335	6.69544	6.73189
0.833337	6.71034	6.72545	6.77476	6.73814	6.71086	6.68693	6.79782	6.66051	6.73585
0.839175	6.6996	6.73919	6.75981	6.75896	6.70887	6.69801	6.78207	6.69508	6.73758
0.845062	6.72559	6.70473	6.7403	6.74408	6.67032	6.72347	6.80362	6.68266	6.76351
0.851	6.72413	6.74242	6.75391	6.76872	6.69846	6.7054	6.77975	6.70422	6.76407
0.856963	6.74443	6.74276	6.74995	6.77148	6.72731	6.70725	6.77442	6.67251	6.76174
0.862975	6.75523	6.71793	6.75173	6.74596	6.69675	6.69714	6.77991	6.66836	6.77045
0.869025	6.69105	6.73609	6.74911	6.74089	6.64805	6.70544	6.80898	6.71286	6.73488
0.875112	6.72639	6.72345	6.75926	6.79604	6.68885	6.70932	6.79118	6.71172	6.7386
0.88125	6.72023	6.69799	6.76987	6.7354	6.6868	6.68638	6.78919	6.70883	6.75706
0.887425	6.73499	6.7627	6.7834	6.77137	6.72202	6.72966	6.7916	6.68134	6.76388
0.89365	6.74447	6.7505	6.7659	6.74536	6.72063	6.70032	6.78502	6.69894	6.7463
0.899912	6.72487	6.75231	6.75115	6.7605	6.68479	6.67314	6.80036	6.6843	6.7406
0.906225	6.69409	6.71655	6.76289	6.75275	6.6932	6.7304	6.76989	6.70594	6.73968
0.912575	6.73412	6.75	6.75333	6.74814	6.68027	6.69961	6.7937	6.70002	6.75351
0.918962	6.70014	6.72965	6.78831	6.73937	6.69979	6.7154	6.78227	6.69018	6.7655
0.9254	6.72936	6.74876	6.75421	6.77929	6.68913	6.71172	6.78034	6.72173	6.75626
0.931888	6.72057	6.7284	6.75168	6.77181	6.69341	6.68825	6.76987	6.66686	6.76196
0.938412	6.73525	6.74965	6.71839	6.75407	6.71225	6.71652	6.80371	6.71512	6.73718
0.944987	6.72652	6.76332	6.76174	6.76927	6.69973	6.70522	6.79099	6.70276	6.74348
0.951612	6.72381	6.75742	6.76574	6.74269	6.68268	6.69207	6.77127	6.71778	6.72127
0.958275	6.72834	6.73825	6.76488	6.73916	6.6989	6.70857	6.80947	6.69699	6.72839
0.964988	6.74679	6.73318	6.73346	6.74341	6.70116	6.70023	6.78553	6.71688	6.73729
0.97175	6.72913	6.74981	6.7662	6.75458	6.67862	6.72479	6.82337	6.7287	6.72743
0.97855	6.75071	6.73	6.7446	6.754	6.69157	6.71514	6.79204	6.68069	6.74205
0.9854	6.74301	6.72988	6.75304	6.77168	6.70198	6.71561	6.78946	6.69727	6.77281
0.9923	6.74763	6.72404	6.77938	6.7347	6.70766	6.71663	6.79213	6.69582	6.73944
0.99925	6.74102	6.71019	6.7644	6.74321	6.70496	6.71777	6.76987	6.69788	6.73817
1.00625	6.71376	6.726	6.7626	6.72738	6.69136	6.68848	6.76649	6.71591	6.76085
1.01329	6.72591	6.74042	6.75745	6.75211	6.69104	6.70669	6.80075	6.69449	6.76238
1.02039	6.73515	6.76302	6.75547	6.74941	6.7041	6.67581	6.80514	6.70311	6.76182
1.02752	6.72609	6.71966	6.75023	6.76755	6.7019	6.71474	6.78349	6.68635	6.75746
1.03472	6.71597	6.73544	6.75086	6.77822	6.68831	6.72374	6.79021	6.70224	6.77335
1.04196	6.73023	6.73386	6.74874	6.75126	6.65906	6.73103	6.79665	6.70611	6.75889
1.04925	6.74463	6.75311	6.73751	6.77181	6.71517	6.70749	6.79036	6.70293	6.74499
1.0566	6.73122	6.74113	6.72408	6.74429	6.70585	6.70464	6.80997	6.72075	6.73603
1.06399	6.72759	6.72313	6.74705	6.74814	6.69568	6.69087	6.79716	6.68438	6.7571
1.07144	6.72171	6.7481	6.77574	6.7593	6.70153	6.72255	6.81574	6.72044	6.75769
1.07893	6.73521	6.76076	6.77242	6.75904	6.67717	6.68893	6.83364	6.70848	6.75651
1.08648	6.74151	6.7458	6.75714	6.75875	6.69631	6.71606	6.78344	6.70257	6.75474
1.09407	6.71215	6.73753	6.73864	6.76675	6.67699	6.69498	6.79654	6.69089	6.75615
1.10174	6.7354	6.76956	6.75039	6.75346	6.67851	6.71233	6.81442	6.69993	6.77788
1.10944	6.72855	6.75145	6.74817	6.76617	6.6925	6.71858	6.8003	6.70994	6.74305
1.1172	6.73101	6.75542	6.74586	6.76828	6.69492	6.7183	6.75472	6.67504	6.77258
1.12501	6.71761	6.7771	6.72741	6.76681	6.69381	6.70393	6.80486	6.70847	6.74581
1.13287	6.75704	6.74121	6.75125	6.74738	6.68919	6.70615	6.80129	6.68395	6.78234
1.1408	6.7332	6.75115	6.75045	6.77252	6.6993	6.71016	6.79131	6.71854	6.74128
1.14877	6.72633	6.74828	6.7459	6.75826	6.71161	6.70954	6.81653	6.71719	6.76399
1.15681	6.74663	6.70846	6.77328	6.74349	6.69186	6.71507	6.79383	6.70825	6.76334
1.1649	6.7259	6.7348	6.78599	6.77686	6.6951	6.73324	6.78294	6.72634	6.75737
1.17304	6.70882	6.7561	6.75604	6.76132	6.70592	6.69208	6.81291	6.7235	6.75183
1.18124	6.7218	6.76513	6.75878	6.73447	6.68512	6.70437	6.7794	6.69763	6.78035
1.1895	6.70324	6.76588	6.74023	6.76847	6.70442	6.70057	6.79955	6.70286	6.77563
1.19781	6.72242	6.75295	6.7749	6.75292	6.71975	6.6984	6.77792	6.70157	6.76597
1.20619	6.74518	6.75639	6.74945	6.76145	6.71019	6.71629	6.79447	6.73795	6.74398
1.21461	6.73731	6.74626	6.75273	6.75134	6.71312	6.71535	6.79916	6.72028	6.77669
1.2231	6.743	6.74573	6.7806	6.74932	6.70932	6.70249	6.78419	6.69826	6.75711
1.23165	6.73423	6.77117	6.72844	6.75534	6.71287	6.7086	6.79927	6.67485	6.7655
1.24026	6.73601	6.74818	6.74695	6.77373	6.69564	6.71776	6.80634	6.69797	6.76009
1.24892	6.73198	6.75495	6.75903	6.7769	6.70635	6.69944	6.78405	6.69604	6.75618
1.25765	6.73769	6.75952	6.76521	6.74527	6.70037	6.71918	6.78511	6.70946	6.76082
1.26644	6.7068	6.74529	6.75436	6.76859	6.69453	6.70779	6.79896	6.71127	6.7469
1.27529	6.72151	6.75606	6.75495	6.7729	6.70069	6.70908	6.79343	6.69003	6.77432
1.2842	6.74286	6.73531	6.74773	6.75506	6.73226	6.71107	6.7905	6.70142	6.79651
1.29316	6.72937	6.77557	6.75461	6.75586	6.68513	6.7357	6.79671	6.71831	6.77551
1.3022	6.74087	6.7389	6.76685	6.75216	6.70721	6.72711	6.78317	6.67944	6.75535
1.3113	6.74881	6.76697	6.7256	6.76062	6.68409	6.72224	6.80381	6.72375	6.76757
1.32045	6.72434	6.74271	6.76726	6.72466	6.72289	6.7133	6.78083	6.71671	6.75601
1.32967	6.73319	6.75451	6.76817	6.75353	6.69286	6.71988	6.80338	6.70684	6.76984
1.33896	6.73125	6.72047	6.75781	6.76028	6.6909	6.73399	6.78951	6.7036	6.79325
1.34831	6.73294	6.75237	6.76882	6.76304	6.70707	6.71292	6.793	6.72466	6.76621
1.35773	6.72108	6.7404	6.74278	6.75833	6.69762	6.72169	6.81329	6.69197	6.77705
1.36721	6.73114	6.74073	6.75841	6.79649	6.67485	6.72989	6.8155	6.71007	6.77153
1.37675	6.74755	6.74432	6.76942	6.77318	6.70777	6.70594	6.79401	6.72422	6.77466
1.38636	6.71885	6.75952	6.75666	6.7797	6.71355	6.71476	6.79705	6.72737	6.74342
1.39605	6.72402	6.74466	6.75409	6.76167	6.71126	6.71509	6.78352	6.7039	6.77698
1.4058	6.75065	6.73338	6.74115	6.73565	6.70571	6.72012	6.78538	6.70727	6.77462
1.41561	6.72852	6.75512	6.76504	6.76484	6.71449	6.70486	6.79469	6.69491	6.77093
1.42549	6.73812	6.76969	6.76011	6.75299	6.72418	6.71042	6.7912	6.70704	6.76602
1.43544	6.72461	6.76685	6.75274	6.7585	6.68146	6.68864	6.79671	6.70313	6.75342
1.44546	6.73992	6.7339	6.75608	6.77364	6.72272	6.72629	6.77738	6.71677	6.73962
1.45555	6.73143	6.7627	6.7607	6.75752	6.71314	6.68568	6.80324	6.72171	6.77079
1.46571	6.74242	6.75293	6.7496	6.7411	6.71503	6.68396	6.79122	6.72084	6.7856
1.47594	6.73305	6.73194	6.78385	6.76042	6.71698	6.75081	6.79008	6.68944	6.77641
1.48624	6.71454	6.75818	6.75813	6.7683	6.71626	6.71989	6.81065	6.69984	6.747
1.49661	6.73593	6.74662	6.75531	6.74836	6.71221	6.7157	6.79535	6.71274	6.76774
1.50705	6.72151	6.76466	6.77337	6.77637	6.69587	6.70137	6.80393	6.71082	6.77673
1.51756	6.73101	6.74014	6.75632	6.76327	6.69307	6.70909	6.78476	6.71988	6.76352
1.52815	6.74011	6.77261	6.77894	6.75007	6.70956	6.68315	6.81179	6.70476	6.76528
1.53881	6.72768	6.7475	6.76141	6.78397	6.69249	6.70041	6.80101	6.74111	6.75789
1.54955	6.74025	6.74153	6.77153	6.76752	6.71522	6.72408	6.78411	6.70534	6.79041
1.56036	6.74589	6.76687	6.73132	6.78252	6.70971	6.699	6.77622	6.72189	6.76585
1.57125	6.73703	6.73843	6.77951	6.77452	6.72661	6.72324	6.7829	6.69017	6.77016
1.58221	6.71924	6.74491	6.79073	6.761	6.71713	6.69811	6.78221	6.71808	6.77653
1.59325	6.70882	6.73683	6.78071	6.76781	6.70411	6.72399	6.7599	6.70867	6.75442
1.60436	6.73031	6.74631	6.76999	6.75485	6.71218	6.70909	6.7841	6.71591	6.76665
1.61555	6.70616	6.74987	6.77228	6.76363	6.69155	6.73333	6.79578	6.70684	6.75363
1.62681	6.73408	6.74512	6.7583	6.77447	6.73133	6.73594	6.79022	6.71502	6.75609
1.63816	6.72817	6.74401	6.75643	6.77695	6.7194	6.72395	6.81795	6.72698	6.77011
1.64959	6.73362	6.73545	6.76453	6.7693	6.70894	6.6987	6.81462	6.7302	6.77813
1.66109	6.72515	6.7644	6.77388	6.75737	6.69807	6.73717	6.79819	6.72918	6.7838
1.67268	6.73546	6.74587	6.7672	6.7775	6.71031	6.7242	6.78107	6.69562	6.76925
1.68434	6.72115	6.74257	6.77057	6.76853	6.69613	6.72859	6.78865	6.71672	6.76351
1.69609	6.75901	6.75297	6.75507	6.76774	6.7163	6.70797	6.80566	6.69207	6.79056
1.70791	6.7302	6.7423	6.77357	6.75229	6.69505	6.71327	6.80794	6.71089	6.75891
1.71981	6.73351	6.76058	6.77025	6.78027	6.68837	6.73546	6.7947	6.71255	6.76117
1.73181	6.73178	6.74797	6.75419	6.75411	6.69212	6.73865	6.78587	6.72721	6.76846
1.74388	6.7148	6.74889	6.76161	6.7692	6.69655	6.73652	6.77122	6.70566	6.77397
1.75604	6.73627	6.74603	6.76216	6.76175	6.70259	6.69753	6.80908	6.7283	6.77282
1.76828	6.72978	6.76084	6.76878	6.76219	6.70798	6.71977	6.77522	6.7135	6.77325
1.7806	6.72244	6.75162	6.76395	6.76939	6.70567	6.72037	6.80146	6.70166	6.76619
1.79301	6.71587	6.73887	6.74269	6.75667	6.71368	6.7125	6.78509	6.7189	6.75286
1.80551	6.73383	6.74267	6.75943	6.78189	6.70934	6.69931	6.78833	6.71236	6.76187
1.8181	6.74353	6.75634	6.74797	6.77064	6.71265	6.71176	6.79172	6.71565	6.75988
1.83078	6.72222	6.76064	6.77642	6.76787	6.71785	6.70803	6.78777	6.71573	6.77965
1.84354	6.74337	6.75722	6.75463	6.78453	6.71156	6.70501	6.7848	6.72083	6.75106
1.85637	6.73328	6.74151	6.74475	6.75532	6.72389	6.71727	6.77276	6.72343	6.77239
1.86931	6.74253	6.73766	6.77329	6.76371	6.73742	6.71271	6.79872	6.72206	6.77515
1.88234	6.72261	6.72612	6.77575	6.7601	6.7324	6.71296	6.78811	6.70833	6.78564
1.89546	6.72707	6.73047	6.75871	6.77055	6.70561	6.70927	6.79466	6.71202	6.77926
1.90866	6.72479	6.75951	6.76934	6.76317	6.69949	6.72861	6.79883	6.73462	6.77552
1.92196	6.72665	6.74773	6.77403	6.76595	6.68868	6.71482	6.81172	6.71236	6.75002
1.93536	6.73157	6.73501	6.7529	6.76679	6.70366	6.70285	6.79355	6.71154	6.74745
1.94885	6.74523	6.74172	6.76283	6.77002	6.69545	6.7334	6.80652	6.69869	6.7598
1.96242	6.7396	6.74061	6.75108	6.76758	6.708	6.70745	6.80654	6.71374	6.7493
1.9761	6.74656	6.73947	6.77282	6.76276	6.69986	6.73035	6.78799	6.73118	6.77068
1.98986	6.72213	6.73651	6.76315	6.76449	6.69762	6.7241	6.8079	6.71928	6.76238
2.00373	6.75765	6.74347	6.76582	6.7544	6.70802	6.71807	6.79559	6.71135	6.7568
2.01769	6.73007	6.74604	6.76479	6.77445	6.70514	6.72125	6.80434	6.71525	6.77416
2.03174	6.7091	6.7507	6.75362	6.77205	6.70213	6.71757	6.79716	6.71449	6.76132
2.04589	6.74465	6.73966	6.76973	6.77156	6.69848	6.72113	6.80517	6.70465	6.77699
2.06014	6.7388	6.75436	6.76676	6.76165	6.70934	6.73576	6.80871	6.70764	6.76973
2.07449	6.71955	6.75721	6.76316	6.7536	6.72308	6.73153	6.80991	6.71272	6.75585
2.08894	6.73014	6.73423	6.75707	6.77743	6.70764	6.70839	6.81114	6.71094	6.78733
2.10349	6.73392	6.72935	6.76131	6.76095	6.71491	6.72705	6.79707	6.70235	6.75488
2.11814	6.72592	6.72492	6.75047	6.75224	6.70193	6.719	6.81003	6.71591	6.78567
2.13289	6.72543	6.74438	6.76544	6.76209	6.69379	6.70469	6.7708	6.70374	6.76862
2.14775	6.73846	6.73927	6.76001	6.78294	6.69545	6.72018	6.79582	6.71632	6.7562
2.1627	6.7305	6.74443	6.76607	6.76095	6.70203	6.73333	6.81216	6.71322	6.76983
2.17776	6.72302	6.75665	6.75687	6.77016	6.71574	6.72135	6.78888	6.71862	6.77543
2.19292	6.73469	6.74841	6.75743	6.77035	6.70659	6.71578	6.79634	6.71539	6.76072
2.2082	6.72632	6.73958	6.73923	6.75965	6.72583	6.70475	6.79034	6.70611	6.76874
2.22358	6.74898	6.73764	6.76676	6.76567	6.69687	6.72721	6.80719	6.69966	6.76319
2.23905	6.72168	6.75108	6.75959	6.76583	6.69902	6.69267	6.79908	6.75	6.76996
2.25465	6.7372	6.74025	6.77125	6.79736	6.71491	6.7065	6.81581	6.72901	6.77065
2.27034	6.72668	6.73971	6.77537	6.78163	6.71202	6.71538	6.8178	6.71189	6.76512
2.28615	6.72866	6.7283	6.75303	6.76932	6.70346	6.71161	6.79099	6.71169	6.76896
2.30206	6.75154	6.7396	6.75789	6.77495	6.71554	6.71765	6.79973	6.72508	6.75904
2.31809	6.74058	6.7588	6.74946	6.76435	6.71462	6.73335	6.80076	6.71817	6.7539
2.33422	6.73506	6.75558	6.75095	6.78544	6.71101	6.72407	6.79601	6.73281	6.77302
2.35048	6.73285	6.74014	6.74446	6.77436	6.71785	6.72556	6.80239	6.71468	6.75203
2.36684	6.73309	6.74846	6.74505	6.75744	6.72186	6.72154	6.80148	6.70956	6.75857
2.38331	6.73203	6.74185	6.75026	6.75362	6.69996	6.7085	6.81224	6.70676	6.76025
2.3999	6.72344	6.75183	6.74674	6.76323	6.70579	6.73422	6.79791	6.71852	6.75028
2.41661	6.72583	6.75509	6.74172	6.78099	6.7184	6.71601	6.80484	6.73221	6.77639
2.43342	6.72341	6.73932	6.73191	6.76053	6.70863	6.71948	6.80624	6.71283	6.77009
2.45036	6.74003	6.75161	6.75223	6.77968	6.72823	6.71732	6.80027	6.72814	6.76499
2.46743	6.72058	6.74004	6.76301	6.74799	6.71534	6.70741	6.80938	6.7263	6.77093
2.4846	6.7087	6.74771	6.75318	6.76793	6.69804	6.72183	6.80083	6.71914	6.76221
2.50189	6.72891	6.75497	6.75719	6.76605	6.71233	6.72784	6.80551	6.73703	6.75903
2.5193	6.71591	6.73909	6.75685	6.76419	6.7053	6.71746	6.80598	6.73613	6.76639
2.53682	6.71738	6.73995	6.77478	6.77994	6.70711	6.73173	6.8137	6.73708	6.75173
2.55449	6.72457	6.74879	6.74012	6.76541	6.70146	6.73533	6.81802	6.73193	6.75323
2.57226	6.72064	6.75693	6.74604	6.76101	6.70897	6.72161	6.82085	6.71038	6.77473
2.59016	6.72734	6.74496	6.7588	6.75505	6.70821	6.73238	6.80202	6.7134	6.76437
2.60819	6.72968	6.75853	6.73919	6.76598	6.70499	6.72114	6.81068	6.71722	6.77503
2.62634	6.7374	6.75182	6.76342	6.76705	6.7197	6.73297	6.79678	6.71918	6.76718
2.6446	6.71537	6.74962	6.75225	6.76476	6.69064	6.73209	6.797	6.72821	6.76508
2.66301	6.73829	6.74706	6.75468	6.76559	6.7268	6.71944	6.81581	6.72684	6.76719
2.68154	6.72983	6.75978	6.76652	6.78432	6.72554	6.72205	6.81181	6.72445	6.76906
2.70019	6.72752	6.74532	6.75454	6.7742	6.70222	6.72723	6.81101	6.72515	6.79038
2.71898	6.72065	6.75487	6.74765	6.75564	6.72389	6.7189	6.81618	6.71908	6.77935
2.7379	6.72643	6.75102	6.75963	6.77893	6.68738	6.71644	6.8089	6.70738	6.78256
2.75694	6.72703	6.76293	6.74596	6.7561	6.71094	6.72699	6.80609	6.72594	6.76677
2.77612	6.72464	6.74071	6.75877	6.75871	6.69932	6.72358	6.79686	6.7301	6.77789
2.79544	6.7224	6.75685	6.76701	6.77309	6.7063	6.7128	6.81729	6.71581	6.77099
2.81487	6.7149	6.75594	6.77246	6.76286	6.71353	6.72021	6.81456	6.71103	6.77101
2.83446	6.73893	6.75391	6.7657	6.76729	6.71701	6.7222	6.79981	6.72921	6.76384
2.85418	6.73688	6.73824	6.76872	6.76673	6.70387	6.71748	6.81003	6.70725	6.78443
2.87404	6.74421	6.74704	6.75728	6.75518	6.71233	6.71466	6.8012	6.72543	6.77546
2.89403	6.73646	6.75316	6.75655	6.77297	6.69212	6.71745	6.81228	6.71686	6.77994
2.91415	6.7267	6.75822	6.74538	6.77099	6.7023	6.73888	6.81266	6.70001	6.78764
2.93443	6.73983	6.74779	6.75708	6.75684	6.69473	6.716	6.80346	6.71749	6.76909
2.95484	6.72988	6.74693	6.76145	6.76759	6.70753	6.71093	6.79121	6.71839	6.78235
2.97539	6.73251	6.7484	6.75223	6.79848	6.70311	6.72378	6.80505	6.71617	6.76934
2.99607	6.75196	6.75681	6.76798	6.76839	6.71511	6.72097	6.81075	6.7137	6.7859
3.01691	6.72739	6.76224	6.74659	6.7596	6.71671	6.71271	6.80598	6.73009	6.7694
3.0379	6.74163	6.74822	6.77217	6.76491	6.70865	6.71168	6.81083	6.72024	6.77112
3.05903	6.74528	6.75638	6.75716	6.77461	6.70826	6.71203	6.80672	6.71929	6.79238
3.0803	6.74571	6.73576	6.74331	6.78043	6.71781	6.72779	6.80294	6.70711	6.76815
3.10171	6.72541	6.75471	6.76434	6.76217	6.70234	6.72405	6.82112	6.71949	6.78435
3.12329	6.74609	6.75048	6.7588	6.76526	6.7068	6.70327	6.78375	6.72191	6.76565
3.145	6.74094	6.74766	6.77392	6.77036	6.69431	6.72263	6.8091	6.71221	6.77836
3.16687	6.73743	6.73926	6.76587	6.75337	6.71819	6.71471	6.8015	6.71821	6.78239
3.1889	6.73369	6.75208	6.76081	6.77143	6.71054	6.7231	6.80772	6.71191	6.76483
3.21108	6.72499	6.75767	6.77718	6.75348	6.7014	6.71338	6.80122	6.70869	6.77453
3.2334	6.73045	6.73435	6.76385	6.76116	6.71497	6.71567	6.80815	6.70937	6.77194
3.25588	6.73818	6.74437	6.76559	6.7754	6.71899	6.71537	6.81586	6.71051	6.77508
3.27851	6.73816	6.74807	6.75765	6.77038	6.70933	6.71813	6.811	6.72144	6.75838
3.30131	6.72595	6.75421	6.76531	6.77362	6.70247	6.71338	6.82084	6.70768	6.76722
3.32426	6.72122	6.73515	6.75041	6.77572	6.70319	6.72649	6.81408	6.7154	6.76803
3.34737	6.73106	6.75938	6.77719	6.76994	6.71323	6.71119	6.79695	6.71274	6.76504
3.37065	6.73495	6.74311	6.75912	6.75634	6.71841	6.72199	6.79904	6.71788	6.77841
3.39409	6.73834	6.74752	6.77414	6.75746	6.72556	6.72422	6.80529	6.70715	6.76035
3.41768	6.73669	6.75694	6.76643	6.76468	6.71687	6.71795	6.81364	6.70981	6.77413
3.44144	6.7333	6.74946	6.76525	6.75851	6.7072	6.7206	6.80454	6.71337	6.77324
3.46536	6.73265	6.76023	6.76453	6.77588	6.70761	6.709	6.80557	6.70177	6.77632
3.48945	6.72611	6.76181	6.767	6.76899	6.72501	6.73047	6.78644	6.72051	6.77377
3.51371	6.71793	6.74522	6.7537	6.75453	6.68817	6.71903	6.7963	6.70799	6.7789
3.53814	6.72378	6.75428	6.75749	6.77959	6.70632	6.72494	6.79788	6.70828	6.76318
3.56273	6.72578	6.75231	6.76725	6.77659	6.72235	6.71837	6.7977	6.71605	6.75857
3.58749	6.72871	6.74781	6.75623	6.76103	6.70638	6.72272	6.8063	6.72173	6.76474
3.61243	6.72591	6.76156	6.76435	6.75639	6.70851	6.71617	6.79567	6.71962	6.76948
3.63754	6.73252	6.76	6.77047	6.77891	6.70594	6.71175	6.80627	6.72768	6.77438
3.66283	6.73321	6.76213	6.76155	6.76161	6.7164	6.72131	6.80802	6.71872	6.76861
3.68829	6.72088	6.75164	6.76235	6.78314	6.71483	6.74344	6.81604	6.71668	6.78274
3.71391	6.72182	6.76625	6.76965	6.77412	6.71416	6.73567	6.79809	6.71172	6.77256
3.73973	6.72637	6.75706	6.76594	6.75918	6.71727	6.72007	6.79171	6.71289	6.76675
3.76572	6.73986	6.77557	6.75617	6.77476	6.71608	6.72231	6.80904	6.71157	6.76812
3.7919	6.72567	6.76268	6.76189	6.78606	6.72171	6.72447	6.79509	6.70851	6.76515
3.81825	6.71916	6.7514	6.77001	6.78347	6.71748	6.70773	6.79612	6.72312	6.76233
3.84479	6.72833	6.76273	6.75889	6.76984	6.71947	6.71678	6.81339	6.71454	6.7895
3.8715	6.73305	6.76304	6.769	6.76839	6.71875	6.72	6.79291	6.72791	6.77701
3.89841	6.73311	6.74996	6.76279	6.7656	6.71625	6.71734	6.80754	6.7272	6.77419
3.9255	6.71448	6.76052	6.75329	6.76373	6.71268	6.7234	6.81106	6.72786	6.77224
3.95278	6.73208	6.74698	6.76706	6.77788	6.72649	6.7236	6.81415	6.7166	6.77117
3.98025	6.75284	6.7617	6.7631	6.77053	6.70774	6.70886	6.79756	6.71857	6.77207
4.00791	6.73543	6.76634	6.75212	6.76335	6.71025	6.72048	6.79706	6.70454	6.77002
4.03576	6.72303	6.76316	6.76399	6.77392	6.70952	6.72408	6.81579	6.73111	6.76811
4.0638	6.73061	6.77323	6.7642	6.7886	6.71321	6.72372	6.8002	6.71084	6.78233
4.09204	6.71777	6.76761	6.77658	6.77257	6.71255	6.7194	6.81465	6.70671	6.78684
4.12047	6.71492	6.75981	6.75843	6.76189	6.69575	6.72441	6.8026	6.70802	6.78238
4.1491	6.72714	6.74909	6.76503	6.76241	6.71177	6.72479	6.80053	6.7214	6.77775
4.17794	6.71632	6.74767	6.76584	6.7822	6.70811	6.72177	6.80327	6.72087	6.77117
4.20696	6.7407	6.75912	6.76286	6.77123	6.70838	6.7224	6.80293	6.71274	6.76486
4.2362	6.72505	6.74443	6.77319	6.76792	6.7079	6.71355	6.79998	6.72078	6.763
4.26563	6.73341	6.74895	6.76625	6.78081	6.70968	6.72112	6.80704	6.71595	6.76203
4.29526	6.72351	6.74495	6.75493	6.77836	6.70978	6.70718	6.80496	6.72141	6.78386
4.32511	6.73218	6.75367	6.76591	6.77515	6.70722	6.72294	6.79631	6.73249	6.77576
4.35516	6.74333	6.76205	6.76834	6.77293	6.72799	6.71106	6.80757	6.71091	6.75601
4.38541	6.7362	6.75167	6.76034	6.77264	6.70931	6.71551	6.80958	6.71392	6.76436
4.41589	6.72997	6.75072	6.76973	6.77526	6.72303	6.72963	6.81233	6.71487	6.77071
4.44656	6.72236	6.75741	6.77482	6.77025	6.7124	6.71847	6.80092	6.71137	6.75849
4.47745	6.73753	6.75602	6.76177	6.79262	6.71859	6.71434	6.79676	6.71189	6.77348
4.50856	6.72767	6.74473	6.74563	6.76925	6.70548	6.7247	6.80734	6.7196	6.75738
4.53988	6.73966	6.75466	6.75558	6.78997	6.70044	6.72109	6.79407	6.70364	6.76822
4.57142	6.73423	6.76404	6.75558	6.77475	6.71747	6.72935	6.8077	6.73008	6.76544
4.60318	6.72159	6.76217	6.77062	6.77472	6.72588	6.71274	6.80034	6.71196	6.76644
4.63515	6.72932	6.75127	6.765	6.75825	6.70793	6.71916	6.79724	6.72061	6.75904
4.66735	6.73576	6.75587	6.76729	6.77468	6.71821	6.70963	6.80242	6.7148	6.77065
4.69978	6.73275	6.74961	6.75993	6.77813	6.72864	6.72848	6.80025	6.72048	6.77727
4.73243	6.71968	6.7565	6.7652	6.76836	6.70447	6.72164	6.79254	6.70981	6.76882
4.76529	6.74426	6.75119	6.7639	6.77136	6.70775	6.72838	6.79914	6.71796	6.7697
4.79839	6.73437	6.75384	6.77892	6.76671	6.71415	6.71317	6.79875	6.71351	6.77517
4.83173	6.73161	6.73512	6.76581	6.76827	6.70629	6.71592	6.81412	6.71064	6.77394
4.86529	6.74074	6.75361	6.77192	6.77094	6.70837	6.72372	6.80786	6.7029	6.77588
4.89908	6.73139	6.76225	6.76754	6.77331	6.70824	6.72159	6.80744	6.71593	6.76611
4.93311	6.73333	6.76405	6.77038	6.75788	6.71362	6.72874	6.80195	6.71589	6.76482
4.96737	6.73579	6.7491	6.75069	6.76904	6.70691	6.71227	6.80829	6.70577	6.76212
5.00187	6.72606	6.76334	6.76095	6.77642	6.71524	6.72386	6.80549	6.70809	6.78446
5.03661	6.73156	6.75731	6.76462	6.77586	6.71912	6.72656	6.80115	6.71837	6.76764
5.0716	6.72859	6.7591	6.76286	6.76089	6.71345	6.72547	6.80695	6.71603	6.76304
5.10681	6.72422	6.74844	6.7597	6.76731	6.70941	6.71858	6.80883	6.71555	6.77912
5.14229	6.72791	6.75951	6.76417	6.77142	6.70987	6.71676	6.79543	6.72542	6.7652
5.178	6.73267	6.75783	6.76297	6.76633	6.69938	6.71437	6.79553	6.72393	6.76286
5.21396	6.72505	6.7618	6.77502	6.76994	6.71498	6.71679	6.79457	6.71722	6.7629
5.25017	6.73906	6.75183	6.76505	6.76722	6.70044	6.71109	6.80316	6.7146	6.76988
5.28664	6.73343	6.76162	6.76193	6.77808	6.7117	6.72907	6.79593	6.71538	6.77375
5.32335	6.73179	6.76708	6.76351	6.78956	6.70748	6.73005	6.80952	6.72315	6.77619
5.36031	6.7263	6.76063	6.76079	6.76915	6.71049	6.71374	6.8118	6.70555	6.75678
5.39754	6.73021	6.76636	6.76211	6.7709	6.71179	6.72156	6.80482	6.71707	6.78262
5.43503	6.73157	6.75677	6.76667	6.76732	6.70972	6.71463	6.81487	6.71232	6.77153
5.47277	6.72645	6.74465	6.7685	6.77231	6.71263	6.73116	6.81907	6.72619	6.77562
5.51078	6.71403	6.75427	6.76522	6.77405	6.7193	6.72472	6.80399	6.72264	6.77103
5.54904	6.72926	6.74816	6.77361	6.77049	6.71227	6.72687	6.804	6.70838	6.77423
5.58757	6.72731	6.75598	6.76033	6.77381	6.69929	6.71191	6.81366	6.72711	6.76706
5.62638	6.7317	6.75835	6.76833	6.77588	6.7046	6.72436	6.80365	6.71117	6.77827
5.66545	6.72424	6.75779	6.74757	6.76453	6.70514	6.71774	6.81594	6.71894	6.7749
5.70479	6.74361	6.75791	6.77408	6.77256	6.71152	6.71308	6.8043	6.71038	6.78208
5.7444	6.73306	6.75694	6.77048	6.76467	6.70315	6.71515	6.81461	6.71211	6.77305
5.78429	6.72188	6.75254	6.76807	6.76335	6.70718	6.70914	6.81762	6.72012	6.76772
5.82445	6.73719	6.75255	6.7737	6.77106	6.70356	6.71803	6.79958	6.71498	6.75492
5.86489	6.73779	6.74721	6.76258	6.76296	6.70036	6.71738	6.81708	6.7185	6.76979
5.90561	6.7346	6.74922	6.76062	6.7766	6.71114	6.71909	6.81248	6.71301	6.76818
5.94663	6.72709	6.74963	6.75349	6.76659	6.70995	6.71831	6.80041	6.71382	6.76371
5.98791	6.7275	6.7493	6.75685	6.77871	6.70679	6.72121	6.81228	6.71703	6.75829
6.02949	6.73948	6.75011	6.76504	6.77059	6.70653	6.71926	6.80769	6.72419	6.76536
6.07135	6.73756	6.75788	6.76631	6.76633	6.71335	6.71744	6.81577	6.72068	6.76506
6.1135	6.72542	6.76092	6.75861	6.7762	6.70273	6.71528	6.79599	6.71857	6.76329
6.15595	6.72137	6.76188	6.75113	6.76739	6.71208	6.70752	6.80478	6.70552	6.76668
6.19869	6.73549	6.75154	6.76342	6.77239	6.72362	6.72525	6.80957	6.70753	6.7605
6.24172	6.73623	6.75275	6.75823	6.77611	6.71567	6.72327	6.8119	6.70755	6.76941
6.28506	6.73547	6.75074	6.76591	6.76179	6.7127	6.72918	6.81139	6.71457	6.77437
6.3287	6.72562	6.74055	6.74496	6.77584	6.7107	6.72246	6.80183	6.71153	6.76744
6.37264	6.72604	6.7388	6.75167	6.76353	6.70688	6.72109	6.80171	6.72211	6.7714
6.41687	6.72051	6.7423	6.75368	6.77371	6.71347	6.72655	6.80682	6.7203	6.75513
6.46142	6.73302	6.74942	6.75156	6.77474	6.70815	6.71972	6.81286	6.72388	6.76547
6.50629	6.72914	6.75098	6.75386	6.76907	6.70999	6.72084	6.80566	6.71261	6.76895
6.55145	6.72821	6.75438	6.75992	6.7791	6.70991	6.71603	6.80708	6.73192	6.77094
6.59694	6.7284	6.74929	6.75858	6.76789	6.71668	6.72117	6.80064	6.71276	6.77152
6.64274	6.73068	6.75172	6.75354	6.76829	6.70181	6.72188	6.8045	6.7068	6.77697
6.68885	6.7291	6.75908	6.75311	6.77578	6.71409	6.72561	6.7984	6.7225	6.76582
6.73527	6.72699	6.76683	6.76829	6.77355	6.71484	6.72813	6.80003	6.71618	6.76957
6.78204	6.73876	6.74373	6.76429	6.78093	6.71893	6.71562	6.81335	6.72354	6.7788
6.82911	6.73189	6.74796	6.76193	6.77281	6.71581	6.72382	6.81004	6.7167	6.76571
6.87652	6.74765	6.7616	6.75107	6.77187	6.7054	6.71169	6.81285	6.71461	6.76653
6.92426	6.73289	6.74928	6.75759	6.77426	6.70693	6.72278	6.80877	6.71338	6.76976
6.97232	6.72332	6.75223	6.76083	6.76769	6.7139	6.72166	6.80915	6.72221	6.76939
7.02072	6.74577	6.74537	6.75704	6.77586	6.70912	6.72289	6.82278	6.72052	6.76472
7.06946	6.72442	6.75664	6.75823	6.7557	6.71708	6.70582	6.814	6.71413	6.76595
7.11853	6.73001	6.75081	6.76329	6.77571	6.71753	6.71555	6.81859	6.71789	6.75746
7.16794	6.73721	6.75693	6.76112	6.77203	6.70386	6.71836	6.80616	6.71641	6.77079
7.2177	6.73151	6.74523	6.75779	6.77339	6.72142	6.71235	6.80489	6.71774	6.76858
7.2678	6.73079	6.75113	6.75964	6.76694	6.71371	6.70952	6.80581	6.71896	6.76465
7.31825	6.73666	6.75337	6.7554	6.76858	6.70676	6.72022	6.80224	6.71121	6.76299
7.36904	6.73261	6.75755	6.76081	6.77535	6.72095	6.72315	6.79536	6.72333	6.76736
7.42019	6.7363	6.74694	6.7606	6.76533	6.70892	6.7205	6.8022	6.72	6.7623
7.4717	6.72583	6.75254	6.75827	6.77361	6.71627	6.72777	6.81126	6.72316	6.76309
7.52355	6.72373	6.75418	6.75511	6.76953	6.71768	6.72054	6.81115	6.70872	6.76741
7.57578	6.73407	6.76099	6.76755	6.77134	6.72032	6.71888	6.81453	6.72087	6.75459
7.62836	6.73313	6.75574	6.76461	6.76447	6.71137	6.72137	6.80264	6.72128	6.76676
7.6813	6.73172	6.75223	6.76196	6.7691	6.71037	6.71452	6.81279	6.71201	6.7717
7.73461	6.7357	6.75201	6.76057	6.76632	6.70698	6.72007	6.80936	6.71493	6.76736
7.7883	6.74203	6.75516	6.77039	6.77311	6.71318	6.73054	6.81412	6.71406	6.77348
7.84236	6.73547	6.74945	6.76273	6.77181	6.71559	6.72597	6.80854	6.71579	6.76963
7.89679	6.73882	6.75898	6.76184	6.77088	6.71168	6.73302	6.81527	6.71853	6.76282
7.95159	6.72838	6.75338	6.76274	6.77007	6.71535	6.71901	6.80338	6.71944	6.77714
8.00677	6.73799	6.76191	6.77348	6.78352	6.7066	6.71942	6.80212	6.71892	6.77323
8.06235	6.74207	6.76189	6.76359	6.7752	6.70515	6.71909	6.81177	6.72701	6.77103
8.1183	6.73722	6.75553	6.75813	6.78351	6.71533	6.72379	6.80381	6.71807	6.7597
8.17465	6.7429	6.74578	6.76799	6.77144	6.7065	6.72615	6.79839	6.72194	6.77725
8.23137	6.75182	6.75596	6.776	6.78623	6.7181	6.73361	6.80476	6.71104	6.76276
8.28851	6.74189	6.74835	6.76553	6.78061	6.72441	6.71527	6.80356	6.71163	6.76785
8.34603	6.73161	6.75626	6.76809	6.78231	6.71615	6.72993	6.80133	6.71627	6.77138
8.40395	6.72991	6.7498	6.76195	6.77501	6.71386	6.73008	6.80602	6.70882	6.76792
8.46227	6.73508	6.75287	6.76318	6.77324	6.71751	6.71297	6.80356	6.70663	6.76921
8.521	6.72392	6.75135	6.75788	6.77372	6.70947	6.71875	6.80111	6.71072	6.77213
8.58014	6.73098	6.7527	6.76605	6.7766	6.71948	6.716	6.79933	6.71017	6.76513
8.63968	6.73908	6.75904	6.76458	6.77434	6.71539	6.71794	6.80499	6.72286	6.76345
8.69964	6.73725	6.75185	6.76954	6.77623	6.70536	6.71134	6.80787	6.70699	6.77094
8.76001	6.73611	6.75348	6.7659	6.77257	6.71627	6.72075	6.80684	6.71831	6.76404
8.8208	6.72614	6.7519	6.76084	6.76542	6.70474	6.72158	6.80283	6.71255	6.77306
8.88201	6.73425	6.76025	6.75709	6.76317	6.72455	6.71598	6.80174	6.72115	6.76407
8.94365	6.71923	6.75811	6.75748	6.76064	6.71784	6.72321	6.80015	6.71133	6.76932
9.00571	6.72297	6.75583	6.76532	6.76407	6.71803	6.7207	6.79843	6.71706	6.7671
9.0682	6.72415	6.75239	6.76346	6.76093	6.71412	6.72559	6.78651	6.70759	6.77782
9.13114	6.73025	6.76034	6.76427	6.7668	6.71383	6.71899	6.79502	6.71306	6.77718
9.1945	6.73156	6.75602	6.74916	6.77115	6.71438	6.71343	6.80354	6.71636	6.7716
9.2583	6.73075	6.76344	6.76157	6.77576	6.71231	6.7111	6.80086	6.71697	6.7732
9.32254	6.72218	6.75209	6.76297	6.77429	6.70581	6.71963	6.80489	6.7143	6.77155
9.38724	6.73574	6.7506	6.76038	6.77246	6.72004	6.71608	6.7985	6.72357	6.774
9.45238	6.73473	6.751	6.7603	6.77535	6.71997	6.71641	6.80443	6.71158	6.76887
9.51796	6.73212	6.7493	6.76191	6.77122	6.71665	6.71307	6.80005	6.7213	6.7721
9.58401	6.74173	6.74736	6.75805	6.77087	6.70676	6.71212	6.79649	6.71252	6.77182
9.65051	6.7461	6.75701	6.77198	6.77073	6.71182	6.71521	6.80049	6.70122	6.76979
9.71747	6.73487	6.75657	6.75312	6.7712	6.70875	6.71502	6.80009	6.71311	6.76334
9.7849	6.73994	6.74826	6.75691	6.77751	6.71439	6.7134	6.80077	6.72331	6.7659
9.8528	6.73926	6.74772	6.76005	6.76959	6.71478	6.71168	6.80902	6.70303	6.77632
9.92116	6.7375	6.7577	6.76896	6.77224	6.71118	6.71529	6.81269	6.72368	6.7757
10	6.7361	6.74592	6.75915	6.77721	6.722	6.71287	6.80701	6.7229	6.7691