7.5E-5	7.96447	8.28274	8.06539	8.18479	8.14842	8.00184	8.44565	8.06487
1.375E-4	7.98448	8.33227	8.02798	8.08641	8.20141	8.04787	8.36488	8.11181
2.125E-4	7.98257	8.43621	7.92507	8.25787	8.08804	7.98307	8.29805	8.23353
2.75E-4	7.90736	8.21203	7.9423	8.32258	8.02074	7.96801	8.34494	8.03184
3.5E-4	7.85941	7.85131	8.0126	8.18153	7.89568	7.95917	8.31034	8.033
4.25E-4	7.89792	8.0254	7.99206	8.09886	8.03565	7.77941	8.20369	8.03293
5E-4	8.03463	8.07126	8.10532	8.14443	8.11083	7.7768	8.16598	8.10648
5.625E-4	8.23317	8.09025	8.14148	8.14454	8.17889	7.71824	8.20771	7.91254
6.375E-4	8.39919	8.09024	7.95105	8.20356	8.05325	7.78104	8.3446	7.9763
7.125E-4	8.28479	8.10124	8.107	8.20059	7.97493	7.75733	8.20307	7.93007
7.875E-4	8.28744	8.066	8.37153	8.03909	7.92065	7.81925	8.19872	7.95965
8.625E-4	8.37649	8.04858	8.34465	7.8644	8.01005	7.93468	8.06361	7.85932
9.375E-4	8.29255	8.21572	8.22785	8.03304	8.06115	7.96384	8.16145	8.03534
0.0010125	8.27999	8.27641	8.28273	8.27897	8.05411	7.83708	8.18077	8.16152
0.0010875	8.14121	8.24605	8.20967	8.21361	7.97508	7.75275	8.22202	8.19835
0.0011625	8.04775	8.17916	8.12999	8.30731	7.97332	7.96429	8.10877	8.09937
0.00125	8.18003	8.29123	8.26128	8.36979	7.99715	8.04531	8.13476	7.93772
0.001325	8.25675	8.38402	8.28804	8.16096	7.91589	8.12017	8.0801	7.95985
0.0014	8.16459	8.41734	8.05019	8.17338	7.8041	8.1954	8.07145	8.08804
0.0014875	8.12902	8.25978	7.9469	8.38547	7.96716	8.12427	8.02242	8.17322
0.0015625	8.0695	8.14209	8.09026	8.27394	8.16882	8.17028	8.05456	8.11658
0.0016375	8.09054	8.09374	8.107	8.02035	8.15504	8.14309	8.05889	8.22802
0.001725	8.09871	8.17068	8.19361	8.11507	7.9872	8.08715	8.08696	8.38914
0.0018	8.09643	8.19175	8.23655	8.2874	7.91519	8.05501	8.10443	8.31541
0.0018875	8.1517	8.05006	8.29701	8.30727	8.15177	8.13783	8.30242	8.37405
0.0019625	8.13678	7.96679	8.32854	8.39986	8.24755	8.27606	8.39769	8.32282
0.00205	8.14382	8.1691	8.2424	8.37546	8.11474	8.14174	8.37495	8.26342
0.0021375	8.29077	8.35412	8.29878	8.41624	8.11819	8.14369	8.29338	8.21083
0.0022125	8.18047	8.3274	8.26719	8.18238	8.18705	8.14114	8.35527	8.30294
0.0023	8.07202	8.42207	8.17503	8.28555	8.17547	8.07483	8.30331	8.22295
0.0023875	8.12092	8.18264	8.1932	8.21458	8.01544	8.02203	8.36063	8.12221
0.002475	8.17597	8.13973	8.22531	8.08376	7.93024	8.03003	8.33565	8.1935
0.0025625	8.06014	8.16261	8.21576	8.0819	8.01102	8.16246	8.4134	8.21157
0.00265	8.09526	8.20594	8.3239	8.14979	8.09476	8.25523	8.44818	8.14435
0.0027375	8.18305	8.06435	8.36362	8.17781	8.03033	8.3245	8.17257	8.18004
0.002825	8.07676	8.10049	8.27206	8.1896	7.9936	8.25645	8.24108	8.24943
0.0029125	8.10607	8.06019	8.12172	8.29726	7.91368	8.15522	8.18239	8.16988
0.003	8.22207	8.15372	8.15321	8.34251	7.9896	8.14018	8.09007	8.12297
0.0030875	8.38179	8.3103	8.10598	8.39739	7.94064	8.23049	8.03975	8.00873
0.0031875	8.32644	8.39323	8.17729	8.34346	8.00815	7.97493	8.03507	8.04834
0.003275	8.26213	8.04152	8.23354	8.25036	8.0722	8.14447	8.14289	8.23338
0.0033625	8.07643	7.98	8.08882	8.28601	7.96224	8.12721	8.17122	8.09695
0.0034625	7.97877	8.20684	8.09538	8.21559	7.98591	8.09532	8.09499	8.12231
0.00355	7.8834	8.30251	8.03851	8.21535	8.05903	8.04786	7.95988	8.03111
0.00365	7.91689	8.35956	8.16348	8.4136	8.20082	8.07588	7.95133	7.92412
0.0037375	8.12993	8.00827	8.15716	8.19575	8.18815	8.07726	8.25773	8.06715
0.0038375	8.10643	8.02204	8.07614	8.15347	8.26843	8.05977	8.05713	8.20743
0.0039375	8.27462	7.9781	7.90816	8.17442	8.13409	7.96513	8.03739	8.04252
0.004025	8.2104	7.98369	8.03791	8.11945	8.21968	7.96603	8.09006	8.05601
0.004125	8.2308	8.19079	8.02203	8.14678	7.92784	7.92826	7.96876	8.03203
0.004225	8.19485	8.10248	7.91006	8.07647	7.96587	8.01172	7.96142	8.01194
0.004325	8.22405	8.10581	8.00574	8.06772	7.90387	7.94393	8.0719	8.06042
0.004425	8.24078	7.93642	8.04992	7.96135	8.20821	7.94235	8.13787	8.07629
0.004525	8.1108	7.97403	8.13469	8.04518	8.15548	8.0837	8.24039	7.92195
0.004625	8.08733	8.15656	8.07332	8.03563	7.85141	7.88927	8.25931	8.07358
0.004725	8.18182	8.14232	7.96018	8.06455	7.92377	7.76751	8.15145	8.09208
0.004825	8.07284	8.02728	8.01866	8.04913	7.99882	7.8729	7.96414	8.16339
0.004925	8.09713	8.09276	7.9826	8.08572	7.90221	7.88514	8.00219	8.02832
0.0050375	8.04957	8.00732	7.96145	8.20136	7.88654	7.92907	8.1303	8.04105
0.0051375	8.10379	8.12569	8.05537	8.14317	7.94238	7.94515	8.06395	8.01641
0.0052375	8.20485	8.00847	8.21279	8.01517	7.8381	7.8843	8.00838	7.98767
0.00535	8.17429	8.01477	8.10254	8.05417	7.95235	7.83255	8.08957	8.05283
0.00545	8.02632	8.01907	8.05996	8.01787	8.07997	7.81528	8.15493	8.03388
0.0055625	7.94689	8.07457	8.13683	8.06787	7.9731	7.97721	8.07897	7.90594
0.0056625	8.03032	7.99416	8.07517	8.23131	8.00925	7.90023	8.16476	7.94779
0.005775	8.11438	8.05128	8.11658	8.26711	8.04667	7.80197	8.12636	8.06965
0.0058875	8.08889	8.00592	8.04824	8.27382	8.06478	8.01229	8.06201	8.10437
0.006	7.97937	8.01759	8.12276	8.03383	8.00658	8.03506	8.05542	8.04343
0.0061125	8.23764	8.10727	8.16983	8.04133	8.02214	7.9301	7.93385	8.03936
0.0062125	8.22287	7.95613	8.07732	8.02281	8.21464	8.05797	7.99181	8.0997
0.006325	8.1799	8.04123	8.02646	8.10424	8.07235	8.02731	8.01649	8.05835
0.0064375	8.02132	8.029	8.22998	8.26521	8.00266	8.02075	8.26024	7.92481
0.0065625	8.08132	8.02059	8.14011	8.12737	7.90719	7.9724	8.22077	8.06005
0.006675	8.02648	8.13354	8.047	8.07992	7.97124	7.884	8.20565	8.07773
0.0067875	8.17483	8.15523	7.99803	7.98118	7.91377	8.05877	8.17577	8.03072
0.0069	8.16811	8.07936	8.1789	8.02056	8.03923	7.96625	8.21277	8.0474
0.007025	8.04841	7.99886	8.05374	8.00462	8.03962	8.01275	8.09046	7.99649
0.0071375	8.10457	8.00261	7.95474	8.08067	7.96514	8.09487	8.0121	8.03348
0.0072625	7.94502	7.95476	7.97117	8.22321	8.00871	7.8413	8.11329	8.01402
0.007375	7.88199	8.04142	8.10448	8.03484	7.9046	7.64329	8.21959	7.90613
0.0075	8.14621	7.95631	8.20554	8.06448	8.05937	7.97973	8.20874	8.06725
0.007625	8.30449	7.94778	8.12914	8.04301	8.08689	8.01823	8.09817	8.09041
0.0077375	8.13779	8.2241	8.08993	8.17236	8.03578	7.92897	8.08371	8.00863
0.0078625	8.16846	8.09018	8.13452	8.11475	8.08329	7.91582	8.02468	8.03288
0.0079875	8.26527	7.91864	8.02652	8.18492	8.00568	7.99754	8.17376	8.08674
0.0081125	8.1384	8.02536	8.14623	8.18663	8.05284	7.81918	8.13402	7.91735
0.0082375	8.17628	7.99623	8.15241	8.28479	8.02819	7.79693	8.10317	8.05917
0.0083625	8.14804	7.86277	8.22752	8.22762	8.25613	8.06289	8.16531	8.01179
0.0084875	8.04539	7.89011	8.14962	8.20588	8.10777	7.9856	8.15083	8.15084
0.008625	8.10842	8.01161	8.14565	8.15609	7.87532	7.83086	8.28536	8.10808
0.00875	8.12052	7.86047	8.03149	8.12933	7.80383	7.96723	8.1907	8.03287
0.008875	8.14404	7.93308	8.00762	8.06593	7.97749	7.93168	8.14752	8.09336
0.0090125	8.01137	8.04045	8.02742	8.07502	7.91525	7.87104	8.17543	8.00185
0.0091375	7.94537	7.9776	8.09917	8.03756	7.94046	7.85281	8.04097	8.11581
0.009275	8.10185	7.97625	8.11996	8.03871	8.00606	7.89146	8.09102	7.97695
0.0094125	8.1438	8.07883	8.03818	8.26453	7.98456	7.89601	7.93598	7.84744
0.0095375	8.13347	8.14163	7.91418	8.16098	7.86774	7.83447	8.00602	8.03082
0.009675	7.97461	8.09058	7.99565	8.0542	7.93198	7.66734	8.14663	7.93173
0.0098125	8.00764	8.03166	8.06931	7.98067	7.98174	7.76428	8.02049	8.11611
0.00995	7.9923	7.7958	7.9345	7.94038	8.04881	7.76033	8.14432	7.98704
0.0100875	8.00431	7.97809	8.10177	8.03142	8.02819	7.94169	8.19075	8.05954
0.010225	7.78817	8.00251	7.96843	8.04857	8.08667	7.84873	8.04051	8.0567
0.010375	7.9387	7.98923	7.94771	7.94847	7.97668	7.87682	8.12906	7.96269
0.0105125	8.00191	8.05272	8.0433	7.89513	7.94789	8.07659	8.3552	8.03963
0.01065	8.04923	7.91677	8.16883	8.11493	7.99996	8.03029	8.16651	8.03156
0.0108	7.82082	7.88016	8.23357	8.11112	8.10069	7.92135	8.0378	8.05849
0.0109375	7.96207	7.92417	8.10122	8.03857	8.05138	7.93834	8.06295	7.8913
0.0110875	8.10725	8.18218	7.95029	8.09006	7.8934	7.87412	8.08164	7.88597
0.0112375	8.01272	8.19962	8.22331	8.01747	7.81923	7.94527	8.13269	8.01459
0.011375	7.97271	8.12742	8.22994	8.03124	7.75955	7.9552	8.06044	8.01459
0.011525	8.02952	8.0543	8.19016	7.92	7.90293	7.87417	8.24277	8.0662
0.011675	7.96014	8.19503	8.1743	8.0099	8.14476	7.80203	8.17974	7.98934
0.011825	8.02224	8.07839	7.98146	8.09067	7.98983	7.76926	8.02319	8.10019
0.011975	8.09549	8.11422	7.97714	8.1192	7.87404	7.93241	7.96492	8.06383
0.012125	8.01654	7.96903	8.08704	8.20142	7.92749	7.74207	8.05119	8.08478
0.0122875	7.94664	8.00122	7.97694	8.13976	7.86707	7.83294	8.01866	8.08437
0.0124375	8.05293	7.99146	8.11644	7.96488	7.84975	7.85814	7.9629	8.03104
0.0126	7.99291	7.96871	8.12179	7.96638	7.99561	7.78769	7.95479	8.0048
0.01275	7.97652	7.9785	8.10853	8.11418	7.94891	7.92015	7.98897	8.00552
0.0129125	8.02719	7.98908	8.02521	8.21566	7.86741	7.81502	7.96601	7.95992
0.0130625	7.96982	7.79445	7.97217	7.9241	7.95033	7.84595	8.11388	8.0541
0.013225	8.10575	7.95221	8.06377	7.91414	7.92728	8.05149	8.06581	8.03509
0.0133875	8.12569	7.8846	7.88124	7.98017	7.8833	7.91305	8.12008	8.03936
0.01355	7.97503	7.93006	7.9606	7.96659	7.96633	7.9347	8.10221	7.97482
0.0137125	7.87376	7.88743	8.0576	7.9933	8.08232	7.85938	7.90214	7.85882
0.013875	8.07306	7.97525	8.05829	8.04159	8.06998	7.84714	7.94114	7.8924
0.0140375	8.06577	7.89335	7.90571	8.0762	7.95372	7.73642	8.00497	7.94446
0.0142125	7.99372	7.87881	7.90751	7.92901	7.96926	7.92142	7.83795	8.08047
0.014375	7.88506	7.98575	7.98908	8.04585	7.77295	7.82979	7.97692	7.97071
0.01455	7.95738	7.95063	7.98261	8.06084	7.98209	8.05651	7.96421	7.9248
0.0147125	8.02166	7.86668	8.01379	8.02776	7.86017	7.96661	8.05465	7.91341
0.0148875	8.02971	7.98143	7.98917	7.9883	8.04864	7.88898	8.11284	8.03934
0.0150625	7.91378	7.94616	7.86576	7.9814	7.99161	7.79262	8.06339	7.99846
0.0152375	7.90273	7.94335	7.89178	7.89942	8.0548	7.70062	8.06825	7.83768
0.0154125	8.07373	8.04613	7.85834	7.9662	7.85021	7.70483	8.00172	8.0034
0.0155875	7.9179	8.02811	7.93394	7.91348	7.89526	7.8108	8.081	7.96167
0.0157625	7.93977	7.88629	8.04234	7.89272	7.90868	7.90043	8.00685	8.0095
0.0159375	7.84494	7.93093	7.89405	8.13716	7.94333	7.85573	8.07356	7.89415
0.016125	7.78572	7.98308	7.79525	8.05097	7.82947	7.77282	8.09789	7.89478
0.0163	7.97215	7.94137	7.90079	7.90452	7.86263	7.8354	8.0033	7.79103
0.0164875	7.99285	8.04268	7.96853	7.97895	7.99254	7.93064	8.07284	7.95664
0.0166625	7.9205	7.87854	7.81057	8.12926	7.99506	7.82741	8.24675	7.98738
0.01685	7.98026	7.8337	7.85718	8.0639	8.00447	7.89298	8.0028	7.88148
0.0170375	7.93334	7.93584	7.9864	8.0437	7.84241	7.87101	7.94621	8.00083
0.017225	7.81332	7.91215	7.86102	8.12568	7.91571	7.77962	8.06898	7.9371
0.0174125	7.86775	8.04029	7.82382	8.10719	7.78393	7.83131	7.96983	7.92069
0.0176	7.96129	8.06205	7.91919	7.95033	7.7251	7.77606	7.98562	7.93344
0.0178	7.9802	7.95778	7.77388	7.91584	7.9349	7.75677	7.92772	7.90968
0.0179875	8.11971	8.06721	7.9544	7.96339	7.8451	7.92836	7.91803	7.94377
0.0181875	8.00711	7.95696	7.93202	7.79067	8.02146	7.85441	7.92394	8.02811
0.018375	7.91842	7.93974	7.93987	7.92651	7.92718	7.67537	8.07663	7.8877
0.018575	7.98643	7.88328	7.92625	8.05739	7.93169	7.85288	8.02805	7.98449
0.018775	7.97623	7.8632	7.90192	7.8827	7.98547	7.86315	7.99788	8.02155
0.018975	7.91195	7.87158	7.87776	7.97345	7.86824	7.70811	7.96065	7.92988
0.019175	7.99079	7.84697	7.89621	7.9238	7.74378	7.76252	7.93027	7.95888
0.019375	7.86676	7.93182	8.01821	8.01534	7.7467	7.76525	7.9627	7.96188
0.019575	7.97646	7.96042	7.84295	7.96501	8.00962	7.85626	7.96903	7.83709
0.0197875	7.92372	7.86049	7.91872	7.97159	7.87524	7.78259	7.96489	8.21623
0.0199875	7.94405	7.94334	7.85668	7.90378	8.00264	7.66417	7.95765	8.04352
0.0202	7.87059	7.96821	8.08585	7.94823	7.91209	7.84625	7.94597	8.08093
0.0204125	7.90444	7.90732	8.05957	7.80012	7.83886	7.77631	8.00736	8.05455
0.020625	7.8516	7.90451	7.88502	7.94041	7.80646	7.64146	7.9611	7.89923
0.0208375	8.00502	7.93128	7.91267	8.04862	7.73186	7.70697	7.99843	7.9637
0.02105	7.93829	7.88678	7.92644	8.02576	7.88264	7.79997	7.94642	7.93546
0.0212625	7.88188	7.85319	7.90889	7.95331	7.90304	7.81618	7.95348	7.90738
0.021475	7.76804	7.83031	7.85952	7.86663	7.92268	7.78877	8.07255	7.87724
0.0217	7.8806	7.73453	7.97694	7.93284	7.94433	7.66536	7.97032	7.8421
0.0219125	7.81586	7.7616	7.92102	7.84824	7.81456	7.70913	7.84311	7.89007
0.0221375	7.8799	7.75721	7.90274	7.9194	7.92113	7.62093	8.00256	7.94509
0.0223625	7.92089	7.83603	7.90554	7.86725	7.81081	7.79238	7.96508	7.92522
0.0225875	7.85355	7.97588	7.92742	7.8698	7.83526	7.69806	8.08589	7.93235
0.0228125	7.83353	7.90191	7.92882	7.98891	7.88241	7.82492	8.08855	7.911
0.0230375	7.96755	7.80221	7.86362	7.93772	7.9591	7.84592	7.97171	7.8241
0.0232625	7.93068	7.89487	7.9366	8.00393	7.90308	7.66345	7.87595	7.77426
0.0235	7.87909	7.81803	7.86439	7.9088	7.8735	7.77739	7.97668	7.95523
0.023725	7.81402	7.87756	7.81645	7.8139	7.80396	7.73611	7.92566	7.79139
0.0239625	7.83343	7.82099	7.9236	7.75596	7.92172	7.69838	7.88683	7.84833
0.0242	7.88182	7.77282	7.86305	7.94861	7.8669	7.81591	7.90592	7.87848
0.0244375	7.96651	7.71417	7.89387	7.89769	7.80282	7.63992	7.94247	7.89345
0.024675	7.82549	7.7216	7.97422	7.84629	7.7181	7.71415	8.0593	8.01888
0.0249125	7.89311	7.74966	8.00241	7.99814	7.84504	7.75985	8.01553	7.93178
0.02515	7.85876	7.99003	7.9784	7.90722	7.77658	7.751	7.81338	7.8683
0.0254	7.86888	7.83118	7.7586	7.91845	7.71761	7.84132	7.99114	7.92575
0.02565	7.87096	7.78434	7.92903	7.98752	7.67849	7.72334	7.98015	7.89859
0.0258875	7.81069	7.71255	7.89796	7.80001	7.77295	7.7788	7.86889	7.8316
0.0261375	7.89699	7.77788	7.99814	7.88114	7.83292	7.68673	7.75944	7.79391
0.0263875	7.83513	7.74557	7.98819	7.81762	7.80095	7.74353	7.88575	7.90325
0.02665	7.70919	7.80677	7.83434	7.83362	7.87203	7.63004	7.85836	7.75097
0.0269	7.76125	7.74673	7.83283	7.91389	7.80005	7.65902	7.88928	7.70931
0.02715	7.7401	7.84628	7.93634	7.94576	7.71868	7.5502	7.99594	7.85314
0.0274125	7.89172	7.77753	7.76223	7.96602	7.76495	7.65203	7.95682	7.91564
0.027675	7.91808	7.72432	7.81775	7.89308	7.85385	7.68904	7.99544	7.85629
0.0279375	7.79249	7.75404	7.8824	7.92012	7.78837	7.67109	7.84286	7.93413
0.0282	7.81934	7.7223	7.82322	7.90062	7.87809	7.63417	7.86491	7.78906
0.0284625	7.8964	7.76707	7.86577	7.83314	7.72243	7.59986	7.88561	7.95667
0.028725	7.78265	7.76311	7.92077	7.85184	7.83704	7.70091	7.90285	7.79045
0.029	7.73237	7.7772	7.93653	8.02948	7.82632	7.71975	7.8031	7.79999
0.0292625	7.91451	7.83883	7.78446	7.96417	7.82277	7.60971	7.91213	7.76987
0.0295375	7.87247	7.82614	7.74956	7.84043	7.86063	7.6318	7.9228	7.78751
0.0298125	7.88545	7.89304	7.80903	7.95636	7.80665	7.79646	7.86071	7.89378
0.0300875	7.82543	7.77444	7.88488	7.77415	7.70088	7.76411	7.90304	7.85525
0.0303625	7.86438	7.90882	7.93405	7.85292	7.87364	7.63978	7.83229	7.81977
0.03065	7.82577	7.77397	7.90263	7.74356	7.57657	7.73013	7.8307	7.8162
0.030925	7.68899	7.71742	7.71595	7.76247	7.69376	7.58208	7.88521	7.72109
0.0312125	7.75321	7.76996	7.72565	7.79217	7.78078	7.74378	7.75715	7.7981
0.0315	7.74587	7.80498	7.77861	7.88362	7.66966	7.62307	7.86537	7.76738
0.0317875	7.80025	7.70876	7.74596	7.80448	7.74843	7.63361	7.916	7.82526
0.032075	7.71821	7.82264	7.76915	7.7402	7.77641	7.82163	7.908	7.70918
0.0323625	7.72621	7.64207	7.75466	7.80921	7.6835	7.55706	7.86689	7.75467
0.0326625	7.72669	7.66773	7.61864	7.78324	7.87253	7.70681	7.7542	7.95048
0.03295	7.82743	7.6566	7.80763	7.89444	7.71672	7.64744	7.88743	7.79394
0.03325	7.74468	7.73568	7.90539	7.78188	7.79977	7.62202	7.77481	7.8131
0.03355	7.76261	7.75347	7.72268	7.68951	7.70213	7.51077	7.851	7.85663
0.03385	7.7279	7.69919	7.70847	7.78862	7.62088	7.57464	7.71581	7.76411
0.0341625	7.75514	7.65744	7.71983	7.80732	7.60861	7.62807	7.80624	7.75627
0.0344625	7.84949	7.70948	7.65734	7.79651	7.73427	7.50091	7.75379	7.72671
0.034775	7.67276	7.69095	7.67033	7.75613	7.60797	7.59834	7.69007	7.73391
0.0350875	7.58434	7.78472	7.7386	7.80858	7.61864	7.6909	7.71015	7.65064
0.0354	7.72602	7.79437	7.87269	7.752	7.68278	7.58015	7.71588	7.63014
0.0357125	7.70389	7.69705	7.72982	7.76284	7.6386	7.58369	7.7591	7.67941
0.036025	7.64302	7.69444	7.77873	7.73503	7.58223	7.60694	7.76078	7.64049
0.03635	7.60003	7.78966	7.80998	7.83917	7.62958	7.56438	7.81447	7.67511
0.0366625	7.71643	7.6659	7.79136	7.70273	7.6529	7.58557	7.76052	7.73164
0.0369875	7.76955	7.66382	7.66106	7.65878	7.52726	7.54364	7.85215	7.75294
0.0373125	7.78298	7.6839	7.79022	7.73521	7.63056	7.60435	7.86261	7.74892
0.0376375	7.73364	7.62408	7.91043	7.64494	7.59947	7.54432	7.78186	7.67559
0.037975	7.75154	7.76932	7.69955	7.73093	7.79544	7.60861	7.75492	7.61377
0.0383	7.67355	7.65157	7.73086	7.79483	7.76094	7.72771	7.88402	7.73122
0.0386375	7.60034	7.742	7.81325	7.74205	7.70675	7.59803	7.73896	7.68899
0.038975	7.63926	7.63939	7.69932	7.73705	7.66666	7.65585	7.75184	7.68339
0.0393125	7.69274	7.67298	7.70959	7.7254	7.75301	7.62569	7.852	7.6726
0.0396625	7.69188	7.79193	7.64327	7.81953	7.58573	7.47243	7.65428	7.64001
0.04	7.63873	7.65031	7.81425	7.81529	7.60262	7.51336	7.79985	7.62543
0.04035	7.61723	7.56029	7.67839	7.795	7.63673	7.63763	7.84497	7.67197
0.0407	7.56896	7.72114	7.65876	7.66172	7.66416	7.51115	7.71461	7.60173
0.04105	7.60545	7.60143	7.74347	7.60335	7.70038	7.53829	7.75646	7.71979
0.0414	7.61427	7.58289	7.73085	7.63166	7.64909	7.44778	7.73853	7.50628
0.0417625	7.71254	7.51092	7.69344	7.58628	7.63253	7.54783	7.66157	7.67494
0.042125	7.55553	7.66631	7.78123	7.81142	7.5521	7.40503	7.764	7.65086
0.042475	7.62594	7.5793	7.66498	7.82134	7.63937	7.53544	7.68152	7.65949
0.04285	7.55154	7.62025	7.58023	7.75329	7.66158	7.51335	7.72891	7.71401
0.0432125	7.73219	7.69331	7.58212	7.64519	7.60819	7.5408	7.72524	7.65496
0.043575	7.6506	7.63984	7.69451	7.56451	7.55533	7.55012	7.64126	7.6005
0.04395	7.73947	7.57916	7.65938	7.6505	7.69933	7.44297	7.7115	7.67487
0.044325	7.60625	7.52229	7.79237	7.6652	7.60754	7.55106	7.68696	7.67918
0.0447	7.68496	7.68636	7.69359	7.67617	7.62809	7.42926	7.75456	7.56417
0.045075	7.63878	7.65452	7.71196	7.672	7.79388	7.43288	7.62702	7.58921
0.0454625	7.68598	7.75933	7.59618	7.683	7.71513	7.44921	7.74138	7.52919
0.04585	7.49805	7.56452	7.61497	7.60323	7.60671	7.37174	7.79454	7.68487
0.0462375	7.58357	7.5959	7.65441	7.65518	7.54818	7.35388	7.57134	7.72513
0.046625	7.69177	7.53252	7.63271	7.71125	7.47382	7.40638	7.64334	7.64675
0.0470125	7.58289	7.5987	7.56725	7.56199	7.50645	7.40918	7.66992	7.52031
0.0474125	7.54272	7.4899	7.67468	7.6308	7.57027	7.47755	7.73549	7.53098
0.0478125	7.66474	7.5531	7.64292	7.74493	7.524	7.52221	7.68595	7.60804
0.0482125	7.53885	7.57121	7.51683	7.71301	7.64962	7.51972	7.59444	7.57912
0.0486125	7.5887	7.56718	7.62076	7.63624	7.61536	7.45011	7.66898	7.56535
0.049025	7.5681	7.57337	7.49375	7.66049	7.60404	7.41412	7.6118	7.59412
0.049425	7.6146	7.58858	7.57551	7.57238	7.60641	7.46916	7.56919	7.64832
0.0498375	7.63379	7.58055	7.58	7.62715	7.49313	7.38284	7.70581	7.44061
0.05025	7.62793	7.57531	7.513	7.56977	7.56252	7.49299	7.59636	7.52005
0.050675	7.59717	7.65336	7.59578	7.56637	7.63463	7.51441	7.56269	7.48215
0.0511	7.55093	7.60757	7.60649	7.70436	7.63241	7.56712	7.65534	7.67566
0.0515125	7.58486	7.61069	7.6203	7.49934	7.57384	7.48706	7.68347	7.62145
0.05195	7.68473	7.5104	7.60899	7.68989	7.65869	7.44488	7.63439	7.56784
0.052375	7.53302	7.60487	7.50907	7.61438	7.55849	7.39941	7.56547	7.50916
0.0528	7.63628	7.46058	7.55962	7.5005	7.49422	7.37454	7.62592	7.52153
0.0532375	7.43281	7.45403	7.5509	7.6454	7.6032	7.42236	7.56747	7.58617
0.053675	7.52072	7.60359	7.55513	7.53053	7.59631	7.35176	7.77083	7.45588
0.054125	7.52572	7.49655	7.57199	7.64086	7.5417	7.31793	7.5888	7.52732
0.0545625	7.53314	7.51139	7.54258	7.4457	7.60292	7.36195	7.6562	7.59878
0.0550125	7.64274	7.58388	7.50506	7.56791	7.51681	7.30813	7.58739	7.51524
0.0554625	7.39827	7.56513	7.43087	7.57552	7.58532	7.30609	7.58346	7.51075
0.0559125	7.46052	7.59466	7.50816	7.62767	7.61188	7.37218	7.63055	7.52724
0.056375	7.57737	7.49443	7.49351	7.62744	7.5347	7.44359	7.62821	7.54888
0.0568375	7.42667	7.52682	7.46732	7.49571	7.58348	7.38877	7.57868	7.48891
0.0573	7.4507	7.52126	7.54539	7.6123	7.56564	7.38244	7.58146	7.53601
0.0577625	7.44161	7.48925	7.64553	7.45341	7.55876	7.33058	7.61194	7.44416
0.0582375	7.45988	7.43584	7.48668	7.6059	7.51291	7.3601	7.64609	7.41395
0.0587125	7.59696	7.46644	7.53785	7.59296	7.48468	7.25742	7.49968	7.52574
0.0591875	7.54893	7.49786	7.54295	7.57554	7.46747	7.30341	7.54013	7.5248
0.0596625	7.44061	7.52664	7.40432	7.49624	7.54979	7.37327	7.63269	7.59046
0.06015	7.54448	7.56737	7.46681	7.53361	7.61413	7.36777	7.58253	7.53784
0.0606375	7.56427	7.51258	7.48802	7.49141	7.54935	7.22803	7.52456	7.46974
0.061125	7.49576	7.41259	7.54401	7.51151	7.55492	7.34009	7.5985	7.50086
0.0616125	7.43042	7.46852	7.49969	7.43893	7.44533	7.32291	7.59556	7.41784
0.0621125	7.47304	7.55483	7.39852	7.60896	7.44974	7.40591	7.54604	7.39401
0.0626125	7.4451	7.43453	7.42978	7.41405	7.40489	7.38731	7.47226	7.4407
0.0631125	7.42226	7.42969	7.56891	7.47302	7.4786	7.44977	7.50613	7.45033
0.063625	7.50562	7.46284	7.50059	7.53069	7.40849	7.34225	7.51718	7.49966
0.064125	7.38693	7.4384	7.51964	7.54842	7.44809	7.29168	7.5895	7.45633
0.06465	7.46445	7.57071	7.4191	7.44977	7.60166	7.29211	7.54561	7.44077
0.0651625	7.47978	7.4738	7.51425	7.36538	7.50738	7.27261	7.51562	7.34749
0.0656875	7.47143	7.54272	7.5201	7.50734	7.40726	7.31512	7.53809	7.42751
0.0662125	7.4428	7.48082	7.36548	7.51741	7.50615	7.32522	7.47141	7.44532
0.0667375	7.47112	7.48407	7.43609	7.45723	7.47127	7.37336	7.54404	7.36749
0.0672625	7.39735	7.44197	7.46796	7.43719	7.53352	7.3243	7.55113	7.42741
0.0678	7.44743	7.44142	7.44132	7.49024	7.42891	7.29529	7.42632	7.34327
0.0683375	7.42728	7.45744	7.50508	7.46871	7.52483	7.34954	7.39872	7.4305
0.0688875	7.39408	7.43178	7.35347	7.4243	7.47589	7.31362	7.48816	7.4534
0.0694375	7.38429	7.48385	7.33708	7.46407	7.49536	7.27561	7.47468	7.43884
0.0699875	7.41167	7.49449	7.50466	7.48263	7.51368	7.32845	7.49596	7.39324
0.0705375	7.3957	7.40149	7.41952	7.4824	7.50704	7.30812	7.51331	7.34536
0.0711	7.38474	7.40063	7.42829	7.3944	7.48913	7.23827	7.45753	7.48117
0.0716625	7.30137	7.45311	7.39527	7.44066	7.42867	7.25316	7.58949	7.40768
0.072225	7.44755	7.39201	7.52288	7.46444	7.42248	7.35026	7.48729	7.40072
0.0728	7.3435	7.45965	7.41771	7.42833	7.45629	7.31857	7.53512	7.37143
0.0733625	7.30678	7.43339	7.38229	7.36261	7.33988	7.28177	7.45816	7.42721
0.07395	7.48094	7.42834	7.44067	7.4209	7.38051	7.2283	7.46652	7.40213
0.074525	7.38533	7.44949	7.4533	7.40442	7.45551	7.29719	7.45625	7.45301
0.0751125	7.31094	7.41379	7.31456	7.40465	7.43355	7.2739	7.50265	7.35667
0.0757	7.36559	7.39982	7.4343	7.42414	7.46651	7.2995	7.43687	7.32545
0.0763	7.39401	7.43766	7.36544	7.39492	7.44001	7.32484	7.45364	7.37547
0.0769	7.38164	7.3426	7.32849	7.45365	7.45425	7.33208	7.3667	7.4337
0.0775	7.40296	7.34633	7.42942	7.38172	7.46845	7.28796	7.50727	7.34891
0.0781	7.40705	7.36949	7.33772	7.36636	7.39094	7.35282	7.46635	7.35683
0.0787125	7.41876	7.36942	7.41444	7.28422	7.40542	7.32017	7.45665	7.32088
0.079325	7.4286	7.44761	7.3232	7.43563	7.44587	7.24309	7.41819	7.33981
0.07995	7.35438	7.32649	7.38027	7.34598	7.31958	7.24866	7.51876	7.37949
0.080575	7.30848	7.33864	7.35843	7.39702	7.46169	7.31683	7.46929	7.41732
0.0812	7.35726	7.33711	7.35075	7.39799	7.41763	7.35261	7.39921	7.32074
0.0818375	7.35602	7.33982	7.30429	7.36261	7.38724	7.24868	7.52168	7.36475
0.082475	7.4545	7.33135	7.29727	7.41028	7.43155	7.32724	7.45142	7.27965
0.0831125	7.3476	7.37428	7.34409	7.36234	7.37731	7.26957	7.46412	7.30574
0.08375	7.35525	7.35044	7.34714	7.3533	7.40834	7.20602	7.42161	7.28489
0.0844	7.27886	7.33883	7.30889	7.3493	7.4769	7.32149	7.34523	7.31255
0.0850625	7.32358	7.38799	7.25397	7.3748	7.33187	7.19184	7.46797	7.30227
0.085725	7.3124	7.37914	7.33303	7.38245	7.40745	7.31589	7.36999	7.35085
0.0863875	7.27836	7.28238	7.37992	7.30077	7.33307	7.31007	7.37155	7.29987
0.08705	7.3616	7.27547	7.33235	7.33817	7.31165	7.21991	7.33392	7.38208
0.087725	7.37991	7.44862	7.34793	7.3553	7.39946	7.312	7.35182	7.33847
0.0884	7.32844	7.33885	7.29738	7.31339	7.29896	7.24601	7.36773	7.23584
0.0890875	7.30004	7.36408	7.26878	7.30673	7.42891	7.24572	7.38208	7.35981
0.089775	7.3441	7.36678	7.31349	7.25339	7.41963	7.16093	7.42162	7.29547
0.0904625	7.27543	7.28587	7.26942	7.23676	7.30243	7.20419	7.42094	7.27808
0.0911625	7.31894	7.33892	7.29841	7.28932	7.27215	7.27108	7.45411	7.27214
0.0918625	7.22393	7.33136	7.27175	7.26707	7.25445	7.18699	7.38754	7.26622
0.0925625	7.14634	7.26231	7.38339	7.26618	7.28546	7.27821	7.40929	7.24714
0.093275	7.2189	7.2694	7.25412	7.32128	7.32804	7.24477	7.31357	7.22475
0.0939875	7.20874	7.26499	7.22293	7.17803	7.37709	7.22053	7.3913	7.23456
0.0947125	7.31306	7.33744	7.3218	7.31396	7.36857	7.23561	7.34311	7.28182
0.0954375	7.25291	7.31223	7.24216	7.29164	7.3856	7.19399	7.33089	7.23536
0.096175	7.24177	7.29996	7.21418	7.2858	7.33621	7.27067	7.37858	7.20509
0.0969	7.2222	7.31661	7.23007	7.34141	7.30021	7.19748	7.35749	7.27307
0.09765	7.30378	7.27942	7.31093	7.29784	7.26247	7.21687	7.37347	7.32449
0.0983875	7.29915	7.28854	7.25932	7.29561	7.30686	7.20166	7.44362	7.26728
0.09915	7.16556	7.32906	7.17328	7.27829	7.31142	7.18738	7.37841	7.29023
0.0999	7.20296	7.29322	7.21992	7.1911	7.30318	7.1812	7.3844	7.19894
0.100662	7.16105	7.29553	7.22327	7.31451	7.33077	7.18011	7.30099	7.3175
0.101425	7.26718	7.30422	7.28192	7.17737	7.26678	7.11036	7.27913	7.19717
0.1022	7.26125	7.23526	7.25062	7.1982	7.25223	7.16396	7.30663	7.23686
0.102975	7.18816	7.25642	7.23216	7.14724	7.32998	7.1622	7.34569	7.28489
0.103762	7.25711	7.26751	7.24081	7.22122	7.32758	7.13137	7.34691	7.27219
0.10455	7.28966	7.26497	7.30131	7.22683	7.26835	7.14395	7.38474	7.24067
0.10535	7.26788	7.3152	7.2362	7.29354	7.26385	7.15484	7.36297	7.20067
0.10615	7.27188	7.24813	7.20394	7.18512	7.15001	7.1389	7.27687	7.20467
0.10695	7.22464	7.18228	7.25152	7.15958	7.25259	7.19363	7.30008	7.13831
0.107763	7.27938	7.3038	7.18675	7.26454	7.2332	7.14656	7.31071	7.2213
0.108575	7.15399	7.26641	7.20258	7.25833	7.21402	7.15678	7.30919	7.22812
0.1094	7.19652	7.21921	7.24566	7.25186	7.19188	7.17006	7.31178	7.20206
0.110225	7.22886	7.25819	7.28525	7.16412	7.26692	7.11127	7.27375	7.19289
0.111062	7.23984	7.1652	7.12761	7.24509	7.23706	7.12377	7.27055	7.20256
0.1119	7.21975	7.17167	7.22989	7.23624	7.1873	7.19638	7.27173	7.26926
0.11275	7.17316	7.24763	7.15117	7.22826	7.20016	7.15803	7.36911	7.14448
0.1136	7.13044	7.19495	7.1854	7.22016	7.2281	7.15432	7.30053	7.1615
0.11445	7.27581	7.13193	7.17606	7.15556	7.21466	7.1154	7.32514	7.17397
0.115313	7.18906	7.20168	7.18971	7.18336	7.15304	7.14607	7.20693	7.17649
0.116187	7.13412	7.16387	7.22169	7.21652	7.2098	7.12444	7.20322	7.20295
0.117063	7.15845	7.14392	7.19341	7.24829	7.24284	7.10361	7.26586	7.15502
0.117937	7.22832	7.24402	7.12117	7.22715	7.17547	7.14572	7.28769	7.21102
0.118825	7.15537	7.15752	7.17318	7.15956	7.25593	7.13502	7.34622	7.16748
0.119713	7.14341	7.10375	7.1866	7.26268	7.20831	7.07774	7.23379	7.19105
0.120613	7.22584	7.1901	7.16152	7.18861	7.18128	7.09424	7.29791	7.1235
0.121525	7.13802	7.27499	7.18706	7.16384	7.18274	7.1414	7.26691	7.18302
0.122437	7.22205	7.22821	7.19911	7.11485	7.23531	7.08083	7.25344	7.21562
0.12335	7.12447	7.14287	7.18564	7.09991	7.18928	7.09116	7.24552	7.14787
0.124275	7.0496	7.1669	7.2001	7.13775	7.24675	7.03686	7.19446	7.18136
0.125213	7.16617	7.17221	7.12199	7.20296	7.17781	7.00584	7.1845	7.08085
0.12615	7.14855	7.14589	7.27334	7.0802	7.24897	7.08496	7.23723	7.12882
0.127088	7.15292	7.13607	7.17532	7.17347	7.15858	7.01999	7.23378	7.11582
0.128037	7.18796	7.1752	7.17276	7.1644	7.22296	7.04873	7.22986	7.16837
0.129	7.16623	7.19632	7.19133	7.13907	7.11685	7.11097	7.21793	7.07966
0.129963	7.11288	7.08901	7.05272	7.13911	7.19855	7.07837	7.24045	7.1719
0.130925	7.12225	7.17887	7.07974	7.19679	7.17634	7.09052	7.27867	7.15941
0.1319	7.12668	7.13942	7.13683	7.12941	7.15413	7.03402	7.27586	7.10156
0.132887	7.18012	7.09025	7.11668	7.13206	7.20184	7.09611	7.20268	7.22807
0.133875	7.12089	7.13983	7.14034	7.09208	7.14033	7.1157	7.28806	7.14361
0.134875	7.13245	7.14505	7.13158	7.07471	7.14111	7.02575	7.18918	7.07271
0.135888	7.06024	7.07461	7.09054	7.13299	7.17527	7.04753	7.17727	7.02883
0.136888	7.00334	7.16278	7.14283	7.09341	7.13019	6.97887	7.20089	7.14137
0.137912	7.11914	7.07697	7.0929	7.10539	7.15324	7.05191	7.23428	7.08568
0.138938	7.13997	7.1593	7.09247	7.10704	7.14468	6.9974	7.14184	7.04564
0.139962	7.04044	7.20216	7.11418	7.11704	7.17098	6.98427	7.19032	7.12511
0.141013	7.11019	7.13407	7.10047	7.1178	7.11802	7.07687	7.13665	7.07249
0.14205	7.12886	7.1587	7.12341	7.09606	7.16188	7.0468	7.13187	7.0176
0.143112	7.03424	7.12607	7.09801	7.07592	7.12681	7.04401	7.21667	7.05002
0.144175	7.13257	7.08202	7.14616	7.12315	7.11193	7.07272	7.17288	7.04784
0.145238	7.09589	7.13945	7.08914	7.14404	7.07815	7.07165	7.17988	7.08062
0.146313	7.09996	7.13854	7.07786	7.13506	7.1409	7.00422	7.17765	7.01745
0.1474	7.06639	7.11659	7.08268	7.11124	7.10294	6.99159	7.18621	7.06686
0.148487	7.08491	7.02816	7.06824	7.09536	7.05765	7.05772	7.22598	7.07751
0.149587	7.06768	7.08409	7.04859	7.13018	7.14364	6.96801	7.19952	7.05407
0.1507	7.09938	7.09915	7.03777	7.05044	7.14441	6.97019	7.15954	7.06185
0.151812	7.07786	7.15443	7.11915	7.06724	7.06885	6.98247	7.1606	7.06501
0.152925	7.0957	7.08338	7.06085	7.02478	7.12497	7.00281	7.11962	7.00656
0.154062	7.13048	7.08113	7.09255	7.0597	7.07535	6.94866	7.16252	7.06698
0.1552	7.07058	7.08713	7.02743	7.06933	7.11825	7.0234	7.14397	7.02977
0.156337	7.06392	7.06789	7.0558	7.05579	7.08021	7.044	7.13264	7.09021
0.1575	6.96071	7.05302	7.06379	7.06527	7.05739	6.98427	7.15622	7.04524
0.15865	7.11909	7.03484	7.10593	7.07818	7.07502	6.92773	7.12352	7.00769
0.159825	7.11568	7.04383	7.00995	7.06332	7.1195	6.94884	7.0576	7.03705
0.161	7.07093	7.05966	7.02698	7.0899	7.01885	6.94596	7.14915	7.02882
0.162188	7.05607	7.06046	6.99412	7.03241	7.09474	6.98587	7.1222	7.06411
0.163375	7.01299	7.05691	7.08563	7.02656	7.03589	6.96752	7.07588	7.06022
0.164587	7.03645	7.06246	7.03305	6.98662	7.22737	6.8882	7.09272	7.01801
0.165788	7.01511	7.02825	7.0435	7.00498	7.07076	7.00992	7.13938	7.00365
0.167012	7.01499	7.02091	7.0191	7.03892	7.11137	7.00752	7.14276	7.08087
0.168238	7.01256	7.01752	6.98785	7.01855	7.05517	6.91978	7.12553	7.02533
0.169475	7.05217	7.08055	6.97489	7.01675	7.08204	6.99926	7.06755	7.00255
0.170713	7.00554	7.00845	7.01119	6.98425	7.07489	6.91978	7.13945	6.9733
0.171975	7.05298	7.04656	7.02152	7.02903	7.04693	6.96811	7.08646	7.05681
0.173238	7.01225	7.0298	7.01872	7.0504	7.05283	6.93988	7.09567	7.02415
0.1745	7.0222	6.95343	6.99935	7.04152	7.07338	6.88524	7.07057	6.94704
0.175775	6.98591	6.9868	7.05383	7.08831	7.03038	6.97733	7.11255	7.03715
0.177062	7.00314	7.10359	6.99007	7.05482	7.03752	6.94347	7.10512	7.09748
0.178363	6.99125	7.01523	6.98881	7.03072	7.03614	6.9261	7.04408	7.00104
0.179675	6.99113	7.00731	7.09656	7.00734	7.06407	6.91151	7.04063	7.00654
0.180988	6.9584	6.99841	6.99925	7.02138	6.97617	6.93903	7.0657	6.93406
0.182313	6.95637	7.02776	6.97461	6.97702	7.03791	6.97068	7.05523	7.04139
0.183637	6.97416	6.98225	6.95163	6.99758	7.00318	6.91157	7.05708	7.03448
0.184988	6.94316	7.02632	6.97904	6.95961	7.02862	6.88317	7.00635	6.99784
0.186338	6.98906	6.91527	6.9867	6.95914	7.03828	6.9214	7.03506	7.01586
0.1877	6.9301	7.00185	6.96943	6.93486	7.03308	6.85478	7.05716	6.96945
0.189063	6.97143	6.92929	6.93983	6.93053	7.00555	6.88282	7.02555	6.97339
0.19045	6.97338	7.03292	6.99635	6.97431	6.98342	6.98819	7.10011	6.97359
0.191838	6.97701	6.93571	6.97362	6.9672	6.97023	6.97526	7.04225	6.96711
0.193237	6.96807	6.97416	6.93549	6.95816	7.03516	6.88474	7.08615	6.95891
0.19465	6.99001	6.99976	7.01196	6.93058	6.99248	6.89863	7.02696	6.88421
0.196063	6.96496	6.98409	6.93626	6.93469	7.00705	6.89637	7.03398	7.00336
0.197488	6.97463	6.94295	6.95835	6.98646	7.00552	6.83604	6.97204	6.96935
0.198925	6.98494	6.95791	6.90333	6.9961	6.96012	6.8688	7.03099	6.9632
0.200375	6.9422	6.96539	6.95788	6.94726	7.01668	6.88596	7.06935	6.94399
0.201837	6.89135	6.97615	6.91443	6.92598	6.96071	6.86272	6.97636	7.00355
0.2033	6.95637	6.95465	6.96557	6.9578	7.02146	6.89679	7.01284	6.9835
0.204787	6.95197	6.98373	6.9553	6.95381	6.92254	6.85089	7.04636	6.93852
0.206275	6.89512	6.96506	6.97212	6.96855	6.92847	6.88161	7.09058	6.93923
0.207775	6.93984	6.92468	6.90307	6.88444	7.00532	6.88871	7.00345	6.9231
0.209275	6.96132	6.91666	6.92896	6.88989	6.97862	6.84014	7.01307	7.01179
0.2108	6.95866	6.968	6.97036	6.89884	6.96583	6.84698	7.03566	6.85845
0.212325	6.90027	6.96546	7.00022	6.96993	6.92277	6.88598	6.97708	6.91641
0.213875	6.85599	6.96248	6.8947	6.89659	6.9355	6.82408	7.01739	6.92954
0.215425	6.95063	6.92214	6.91091	6.97518	7.00112	6.83511	6.99918	6.9039
0.216988	6.93735	6.9778	6.88636	6.96352	6.95099	6.82495	7.01456	6.95319
0.218562	6.92776	6.88718	6.90774	6.96059	6.91629	6.8806	7.01741	6.92777
0.22015	6.95364	6.9135	6.88507	6.90056	6.93741	6.91294	7.00111	6.88662
0.221738	6.9341	6.84224	6.96375	6.90725	6.95861	6.83086	7.03796	6.96611
0.22335	6.94898	6.86308	6.89343	6.8917	6.9696	6.82581	6.99984	6.93963
0.224963	6.92855	6.97332	6.90987	6.91697	6.85599	6.84133	6.99623	6.93974
0.226588	6.88842	6.91477	6.89367	6.94347	6.95367	6.83634	6.98478	6.86964
0.228237	6.8959	6.90427	6.91615	6.93876	6.97031	6.82666	6.97924	6.96762
0.229888	6.91162	6.97224	6.94058	6.86726	6.94746	6.80836	6.96129	6.93539
0.23155	6.83013	6.89658	6.90428	6.88127	6.92739	6.89696	6.9967	6.92341
0.233225	6.87709	6.89948	6.94123	6.90034	6.94086	6.8183	6.96841	6.89894
0.234912	6.88543	6.97063	6.89869	6.94581	6.93019	6.84421	6.95383	6.87456
0.2366	6.91183	6.9151	6.85277	6.92498	6.87894	6.82984	6.95976	6.8768
0.238312	6.8952	6.91499	6.8781	6.86498	6.91748	6.83362	6.96085	6.86451
0.240038	6.8534	6.94135	6.89909	6.86553	6.8704	6.84963	6.9541	6.87625
0.241763	6.84956	6.85745	6.83957	6.90708	6.89558	6.82826	6.94303	6.84135
0.243512	6.88414	6.84252	6.90193	6.8832	6.90591	6.7634	6.92516	6.87822
0.245275	6.87733	6.91924	6.8931	6.83614	6.83742	6.79118	6.95046	6.89531
0.247038	6.89786	6.89663	6.89576	6.89856	6.90319	6.7735	6.93237	6.84942
0.248825	6.93111	6.8613	6.9104	6.84607	6.92434	6.80856	6.88549	6.84198
0.250612	6.92423	6.83725	6.86041	6.89126	6.90281	6.80411	6.98386	6.90367
0.252425	6.86927	6.92216	6.80929	6.88774	6.89736	6.85596	6.93941	6.90833
0.254238	6.87702	6.91551	6.86331	6.87597	6.86887	6.82331	6.94858	6.8895
0.256075	6.90851	6.90517	6.85308	6.86223	6.89936	6.79221	6.96474	6.83288
0.257912	6.84457	6.87646	6.8802	6.83327	6.91433	6.80317	6.95982	6.89323
0.259775	6.84159	6.89304	6.83219	6.91348	6.8836	6.77045	6.94156	6.86365
0.26165	6.85288	6.84104	6.88656	6.86284	6.90193	6.77166	6.95182	6.81808
0.263525	6.88052	6.8537	6.83976	6.8758	6.92143	6.74305	6.95138	6.86168
0.265425	6.87699	6.87916	6.88296	6.88242	6.86338	6.78096	6.93095	6.8584
0.267338	6.86043	6.88539	6.83707	6.86381	6.88073	6.79025	6.90641	6.84838
0.26925	6.82744	6.8727	6.83706	6.85654	6.87578	6.75148	6.91274	6.84319
0.271188	6.87807	6.86888	6.8623	6.84672	6.86896	6.76951	6.90122	6.84541
0.273138	6.85013	6.84117	6.90204	6.83462	6.88588	6.80826	6.92324	6.83502
0.2751	6.84917	6.83263	6.85189	6.80881	6.84397	6.77821	6.94609	6.85951
0.277075	6.83072	6.88749	6.84956	6.8726	6.87789	6.75519	6.94257	6.8421
0.279063	6.87503	6.86703	6.82244	6.84242	6.86428	6.73629	6.93007	6.82525
0.281075	6.80665	6.83365	6.82504	6.84163	6.85604	6.75896	6.9145	6.79921
0.283087	6.85157	6.83372	6.86679	6.84027	6.86304	6.77111	6.93644	6.80928
0.285125	6.81214	6.81804	6.81616	6.80376	6.84981	6.77611	6.95648	6.82057
0.287163	6.84642	6.79138	6.82418	6.82578	6.92475	6.73715	6.93267	6.85029
0.289225	6.80424	6.85671	6.8237	6.8237	6.83061	6.72007	6.9448	6.83928
0.2913	6.84316	6.84277	6.78164	6.80235	6.84596	6.75349	6.91497	6.84104
0.293388	6.79626	6.81431	6.84936	6.79012	6.87325	6.73072	6.93114	6.85239
0.295487	6.79084	6.83154	6.85036	6.84446	6.9453	6.76116	6.9382	6.79547
0.297612	6.83158	6.80876	6.85372	6.87104	6.81385	6.76856	6.92454	6.82363
0.299738	6.83849	6.87136	6.81672	6.80223	6.83928	6.73751	6.90791	6.84718
0.301888	6.80156	6.87959	6.80216	6.77311	6.84111	6.735	6.91324	6.79503
0.30405	6.77774	6.80421	6.79323	6.81561	6.84961	6.75548	6.90557	6.82615
0.306225	6.85849	6.79132	6.8211	6.83325	6.82597	6.72291	6.91249	6.79668
0.308425	6.8452	6.82232	6.78867	6.85018	6.8433	6.75246	6.89061	6.8234
0.310625	6.84869	6.86362	6.84509	6.82932	6.88448	6.76112	6.87436	6.81519
0.31285	6.80921	6.84053	6.83655	6.7971	6.84724	6.74862	6.87963	6.77817
0.315087	6.7685	6.82982	6.76478	6.77708	6.84817	6.69129	6.91342	6.8448
0.317338	6.78966	6.80579	6.8181	6.8465	6.83873	6.70423	6.86834	6.80232
0.319613	6.8284	6.79583	6.80621	6.79567	6.82815	6.74364	6.85393	6.78777
0.3219	6.81466	6.81413	6.77959	6.7909	6.8325	6.74792	6.92552	6.78462
0.3242	6.79064	6.83028	6.8007	6.80499	6.82089	6.67372	6.89513	6.80442
0.326512	6.80859	6.81538	6.79909	6.83161	6.83562	6.7131	6.89877	6.79434
0.32885	6.83026	6.81674	6.77512	6.78956	6.83648	6.72192	6.90608	6.81943
0.331187	6.77567	6.7919	6.80387	6.78302	6.81218	6.71127	6.85581	6.78563
0.333562	6.82201	6.80041	6.75975	6.81179	6.80307	6.77475	6.89262	6.78085
0.335938	6.79218	6.82402	6.81244	6.79113	6.83735	6.72392	6.89072	6.79516
0.338338	6.7481	6.85179	6.81506	6.76692	6.80216	6.69273	6.88618	6.82708
0.34075	6.80189	6.80713	6.77388	6.77941	6.80161	6.6822	6.90351	6.80034
0.343188	6.81113	6.77604	6.77692	6.77208	6.83536	6.68055	6.87789	6.79043
0.345638	6.74803	6.838	6.82594	6.79263	6.83855	6.73271	6.89601	6.814
0.3481	6.79479	6.80517	6.77586	6.77772	6.79337	6.72911	6.86615	6.7306
0.350575	6.74875	6.79104	6.76627	6.75712	6.82215	6.69753	6.85814	6.84801
0.353075	6.78103	6.78133	6.75035	6.77713	6.81096	6.72342	6.8685	6.75167
0.3556	6.74173	6.71593	6.78524	6.74647	6.83838	6.74081	6.87794	6.77834
0.358125	6.80549	6.76772	6.78764	6.76629	6.85676	6.68312	6.89678	6.76213
0.360675	6.77274	6.74479	6.80695	6.7258	6.8376	6.7072	6.85031	6.79456
0.36325	6.75417	6.76431	6.72695	6.77704	6.77403	6.74488	6.89825	6.76477
0.365838	6.77992	6.79333	6.75514	6.79186	6.80769	6.71664	6.83468	6.76075
0.368437	6.79618	6.75305	6.74623	6.74507	6.82535	6.69506	6.86201	6.79029
0.371062	6.77542	6.7703	6.75175	6.75364	6.82327	6.68657	6.84324	6.79076
0.373713	6.77839	6.80569	6.77359	6.77503	6.80952	6.71737	6.88107	6.78419
0.376363	6.74194	6.77708	6.77369	6.73899	6.8144	6.70707	6.8554	6.80659
0.37905	6.7926	6.78288	6.79876	6.76492	6.77955	6.71606	6.85521	6.7801
0.381738	6.79202	6.73077	6.74506	6.79733	6.79759	6.68734	6.86281	6.75038
0.384463	6.7765	6.8104	6.70761	6.75003	6.8041	6.70825	6.85296	6.75707
0.387188	6.74844	6.78353	6.80453	6.74791	6.82269	6.67125	6.85634	6.7701
0.38995	6.7721	6.74817	6.80795	6.76507	6.78026	6.7257	6.87897	6.77258
0.392713	6.75944	6.77945	6.75155	6.78343	6.77662	6.66466	6.86859	6.72462
0.395512	6.78982	6.76172	6.76884	6.79187	6.7899	6.69264	6.82193	6.77066
0.398325	6.70827	6.78422	6.76639	6.7342	6.79349	6.65871	6.81377	6.77781
0.40115	6.77972	6.74424	6.74508	6.76299	6.80377	6.73602	6.86883	6.75768
0.404	6.73813	6.79164	6.76767	6.72089	6.76984	6.70747	6.90185	6.73111
0.406875	6.74837	6.77223	6.77311	6.76005	6.81571	6.70121	6.8123	6.7677
0.409763	6.75751	6.73516	6.75414	6.77305	6.77788	6.6648	6.82404	6.74805
0.412663	6.72832	6.75073	6.76024	6.76103	6.78934	6.68524	6.84284	6.75923
0.4156	6.69477	6.76664	6.75561	6.73629	6.79376	6.67486	6.86607	6.7497
0.41855	6.74657	6.72955	6.77251	6.7283	6.77382	6.68654	6.81546	6.79375
0.421525	6.70966	6.76256	6.76415	6.79085	6.7785	6.68892	6.86413	6.79783
0.424513	6.75086	6.78093	6.72528	6.73013	6.79396	6.65959	6.82937	6.74192
0.427525	6.77943	6.7528	6.78688	6.75476	6.77695	6.64989	6.82338	6.75372
0.43055	6.71207	6.75442	6.74251	6.72299	6.75676	6.67076	6.83151	6.68899
0.433612	6.71049	6.74424	6.72305	6.73905	6.79703	6.71334	6.86378	6.77161
0.436687	6.69356	6.76204	6.71986	6.7261	6.78512	6.70442	6.85613	6.76309
0.439775	6.74196	6.7438	6.72793	6.72432	6.79083	6.68279	6.82686	6.77408
0.4429	6.73428	6.73706	6.74342	6.72496	6.73819	6.63653	6.87089	6.69908
0.446038	6.75327	6.72749	6.76363	6.77353	6.77968	6.67557	6.86382	6.72536
0.4492	6.72922	6.74727	6.72845	6.73471	6.80786	6.64466	6.81815	6.75954
0.452375	6.7282	6.74947	6.72448	6.74954	6.76368	6.68059	6.81322	6.71896
0.455588	6.75471	6.74549	6.73071	6.74709	6.76201	6.66709	6.85506	6.76822
0.458813	6.75889	6.73894	6.70424	6.7522	6.75413	6.68307	6.83983	6.72613
0.462063	6.75413	6.74354	6.7334	6.73665	6.75426	6.65635	6.78922	6.7467
0.465338	6.73493	6.72599	6.70734	6.74699	6.79797	6.67508	6.83083	6.72102
0.468625	6.74024	6.78998	6.72965	6.7262	6.77544	6.66792	6.80454	6.73644
0.47195	6.72469	6.7576	6.71376	6.76776	6.79654	6.66474	6.82073	6.73625
0.475287	6.69149	6.73913	6.73397	6.75068	6.73491	6.65981	6.79475	6.73859
0.47865	6.71626	6.72663	6.7584	6.68181	6.7648	6.68331	6.79479	6.74099
0.482038	6.75718	6.74685	6.78533	6.70934	6.75371	6.65539	6.80285	6.72871
0.48545	6.71981	6.76369	6.69656	6.74346	6.75903	6.64982	6.86082	6.70741
0.488887	6.74267	6.74353	6.73092	6.70368	6.76435	6.62808	6.81314	6.73489
0.492337	6.74115	6.73771	6.69148	6.71955	6.76471	6.64584	6.81318	6.70552
0.495825	6.72553	6.74562	6.75026	6.74081	6.78245	6.63567	6.80719	6.75287
0.499325	6.75479	6.71497	6.77189	6.73781	6.73339	6.6403	6.80954	6.67321
0.502863	6.76165	6.73515	6.73344	6.74313	6.8055	6.66503	6.80853	6.68539
0.506413	6.71276	6.75707	6.73165	6.73733	6.73319	6.63921	6.80497	6.74273
0.51	6.73758	6.73837	6.71788	6.70927	6.77332	6.6494	6.8156	6.73373
0.5136	6.73119	6.74808	6.68362	6.72941	6.77146	6.62175	6.78234	6.78515
0.517225	6.73427	6.73742	6.73262	6.7177	6.78052	6.65419	6.77081	6.72032
0.520887	6.68586	6.74373	6.70289	6.70849	6.74482	6.63576	6.80239	6.72188
0.524562	6.73556	6.72015	6.72145	6.74781	6.75287	6.64857	6.80141	6.73077
0.528275	6.70149	6.71329	6.6826	6.71931	6.76502	6.60472	6.77912	6.70924
0.532	6.68448	6.68902	6.71213	6.71158	6.75912	6.612	6.79223	6.71455
0.535762	6.71239	6.69889	6.71697	6.69428	6.74371	6.64689	6.82889	6.71309
0.539537	6.70276	6.74266	6.69493	6.73084	6.74548	6.61416	6.79085	6.70354
0.54335	6.72033	6.72971	6.69175	6.70922	6.75277	6.65422	6.77472	6.71324
0.547188	6.68405	6.73867	6.68369	6.71788	6.75394	6.6544	6.79825	6.7156
0.55105	6.69973	6.75143	6.70295	6.70336	6.75244	6.64307	6.78527	6.7235
0.554937	6.71595	6.71411	6.68414	6.69615	6.74688	6.62623	6.79172	6.74603
0.55885	6.70925	6.6967	6.68264	6.68898	6.74322	6.64796	6.77251	6.71168
0.5628	6.73524	6.74143	6.7027	6.68939	6.762	6.6369	6.80985	6.72207
0.566763	6.71356	6.71514	6.68094	6.71959	6.75159	6.60502	6.79002	6.75618
0.570763	6.69931	6.70864	6.70324	6.69344	6.7084	6.6509	6.75882	6.70417
0.574787	6.73778	6.71941	6.73005	6.67998	6.72594	6.65878	6.79667	6.72912
0.578838	6.71419	6.72225	6.68465	6.67292	6.75586	6.61603	6.80208	6.67401
0.582925	6.67353	6.71571	6.703	6.69559	6.7368	6.63312	6.78013	6.67888
0.587038	6.70272	6.71926	6.68429	6.72418	6.71923	6.61615	6.78719	6.71991
0.591175	6.69642	6.70421	6.66477	6.7007	6.7156	6.62044	6.79822	6.70695
0.595338	6.68097	6.73819	6.69943	6.71333	6.74085	6.60223	6.77751	6.69125
0.599537	6.69967	6.71827	6.69742	6.70274	6.74437	6.61929	6.80682	6.70163
0.603763	6.71307	6.71193	6.72562	6.72508	6.72481	6.66032	6.80094	6.70454
0.608012	6.69184	6.69021	6.71475	6.70221	6.73547	6.65443	6.76869	6.71042
0.6123	6.69695	6.72088	6.66219	6.72336	6.75198	6.59844	6.79605	6.67063
0.616612	6.70278	6.7428	6.69328	6.70046	6.77811	6.63789	6.74339	6.69435
0.620963	6.71129	6.71054	6.70154	6.69666	6.7469	6.60024	6.81146	6.69162
0.625325	6.71072	6.69667	6.69176	6.70119	6.74735	6.59536	6.7742	6.69601
0.629737	6.69736	6.70294	6.67821	6.68323	6.73013	6.61178	6.7857	6.68466
0.634175	6.70399	6.69763	6.69286	6.68054	6.72908	6.62702	6.78548	6.72134
0.638637	6.681	6.72603	6.698	6.69516	6.72847	6.64547	6.81879	6.6983
0.643125	6.70517	6.73746	6.71696	6.68078	6.75578	6.62629	6.79412	6.69044
0.647663	6.66338	6.71671	6.72424	6.69542	6.73072	6.62547	6.78714	6.69452
0.652213	6.72402	6.74045	6.70715	6.67995	6.71893	6.617	6.79971	6.69967
0.656812	6.68625	6.73003	6.66421	6.71868	6.70149	6.61217	6.78608	6.6984
0.661425	6.66819	6.70352	6.71617	6.70514	6.75063	6.59028	6.75782	6.67881
0.666088	6.70778	6.70171	6.66871	6.68357	6.71871	6.61727	6.78944	6.69984
0.670775	6.69528	6.71278	6.70337	6.66625	6.74	6.61697	6.75684	6.69795
0.675488	6.69186	6.71813	6.70126	6.71069	6.71094	6.61406	6.82558	6.71152
0.680237	6.68336	6.72296	6.6985	6.67557	6.72683	6.62549	6.76297	6.68699
0.685025	6.72053	6.69731	6.70643	6.67745	6.71954	6.62321	6.78286	6.71515
0.689838	6.69055	6.71937	6.6823	6.70569	6.75221	6.64056	6.74731	6.70283
0.694687	6.71797	6.73266	6.6793	6.66675	6.71777	6.65364	6.79307	6.72867
0.699575	6.70026	6.69102	6.69895	6.70454	6.74185	6.62208	6.76088	6.68324
0.7045	6.67228	6.69139	6.69288	6.72422	6.71843	6.62051	6.79774	6.72625
0.70945	6.67469	6.72804	6.70875	6.70102	6.72125	6.62176	6.80436	6.67259
0.714437	6.70323	6.68487	6.67366	6.7034	6.72311	6.60434	6.78346	6.69138
0.719463	6.69954	6.70867	6.69655	6.68764	6.73648	6.63165	6.77426	6.7003
0.724513	6.67389	6.69407	6.66628	6.70419	6.72712	6.60128	6.75783	6.69551
0.7296	6.71529	6.70688	6.69277	6.70744	6.7237	6.64602	6.78986	6.70799
0.734738	6.68119	6.70857	6.69166	6.68526	6.71994	6.63226	6.79817	6.67793
0.7399	6.68593	6.68953	6.68838	6.71354	6.74333	6.60899	6.79515	6.69665
0.745088	6.66918	6.66998	6.69988	6.68244	6.73828	6.60535	6.77252	6.71822
0.750325	6.68862	6.73808	6.70483	6.68775	6.7396	6.58365	6.78398	6.69939
0.7556	6.68554	6.72262	6.71221	6.68708	6.72715	6.64206	6.74904	6.70931
0.7609	6.6873	6.69136	6.69263	6.6798	6.73406	6.62248	6.75638	6.72429
0.76625	6.72127	6.69019	6.70414	6.70625	6.76545	6.63109	6.76446	6.68541
0.771625	6.68925	6.69405	6.69293	6.69197	6.76195	6.62828	6.78608	6.6815
0.77705	6.66933	6.68705	6.72861	6.69672	6.73007	6.62952	6.77039	6.68875
0.7825	6.68296	6.67681	6.69247	6.68549	6.71248	6.64726	6.78967	6.67731
0.788	6.68024	6.67581	6.69383	6.67296	6.71557	6.61198	6.78883	6.68263
0.793525	6.67387	6.66832	6.68826	6.70435	6.76075	6.62544	6.79562	6.68721
0.7991	6.69501	6.71165	6.66984	6.69258	6.72091	6.60228	6.76886	6.68521
0.8047	6.70166	6.70555	6.70756	6.66505	6.69594	6.59429	6.74555	6.6857
0.81035	6.69178	6.69025	6.68979	6.68791	6.7123	6.59367	6.78952	6.69072
0.816037	6.64395	6.69207	6.66939	6.65866	6.72222	6.61709	6.79119	6.71369
0.821763	6.69899	6.68684	6.67933	6.65379	6.74538	6.60714	6.76547	6.70368
0.827525	6.68688	6.69407	6.71025	6.65894	6.72627	6.61091	6.79331	6.69503
0.833337	6.68493	6.68909	6.70182	6.67505	6.70022	6.61733	6.78076	6.6489
0.839175	6.6747	6.70551	6.68174	6.69398	6.73472	6.60736	6.78421	6.68875
0.845062	6.67739	6.73309	6.69033	6.65182	6.71896	6.60909	6.76699	6.67735
0.851	6.67742	6.69946	6.69477	6.65033	6.71046	6.61562	6.80485	6.68366
0.856963	6.69433	6.71423	6.68754	6.68276	6.71185	6.61698	6.75833	6.67407
0.862975	6.67279	6.6986	6.69155	6.68234	6.70711	6.6016	6.77265	6.69271
0.869025	6.67151	6.68804	6.673	6.7171	6.70513	6.61438	6.79593	6.70638
0.875112	6.66093	6.71392	6.66979	6.67679	6.7316	6.60116	6.78138	6.69578
0.88125	6.67231	6.67771	6.66694	6.65912	6.74119	6.62089	6.76277	6.67546
0.887425	6.66284	6.68949	6.67455	6.69904	6.71117	6.61104	6.79866	6.6773
0.89365	6.68213	6.69863	6.6773	6.69011	6.71351	6.60397	6.75823	6.69077
0.899912	6.67724	6.68196	6.70048	6.67464	6.72165	6.58969	6.74189	6.67525
0.906225	6.69623	6.68861	6.6676	6.66846	6.70573	6.61107	6.76946	6.69273
0.912575	6.67023	6.68611	6.69497	6.66528	6.70019	6.61919	6.77966	6.68323
0.918962	6.66717	6.68105	6.67932	6.67076	6.74913	6.58959	6.75937	6.68576
0.9254	6.64464	6.71103	6.68612	6.67777	6.70771	6.61464	6.76388	6.68971
0.931888	6.69601	6.69963	6.71245	6.67233	6.71173	6.61087	6.77301	6.67225
0.938412	6.69296	6.68336	6.69128	6.67776	6.73578	6.63156	6.74945	6.71255
0.944987	6.68513	6.70325	6.68799	6.66376	6.7061	6.6117	6.75223	6.65559
0.951612	6.66974	6.69702	6.68744	6.6688	6.70452	6.62271	6.73785	6.6619
0.958275	6.66213	6.68574	6.67067	6.66654	6.70562	6.61497	6.75598	6.66059
0.964988	6.67003	6.6737	6.66916	6.68742	6.72763	6.59777	6.75617	6.67574
0.97175	6.69563	6.68747	6.68643	6.66909	6.71001	6.59414	6.75582	6.68885
0.97855	6.71292	6.69809	6.69081	6.68201	6.6954	6.61558	6.76164	6.68119
0.9854	6.65849	6.69543	6.65272	6.68105	6.70415	6.609	6.79172	6.70036
0.9923	6.6715	6.72135	6.68357	6.66274	6.7574	6.58716	6.7375	6.69044
0.99925	6.6573	6.68048	6.67451	6.65917	6.72365	6.61435	6.77762	6.68488
1.00625	6.66465	6.71704	6.68825	6.66686	6.7277	6.61831	6.76303	6.67744
1.01329	6.66679	6.69802	6.67379	6.65455	6.69841	6.59002	6.77964	6.67328
1.02039	6.6722	6.71358	6.6747	6.64593	6.72732	6.60655	6.75755	6.70071
1.02752	6.65638	6.6862	6.66459	6.65912	6.74379	6.60934	6.78159	6.64571
1.03472	6.68009	6.6896	6.68876	6.67126	6.71561	6.59049	6.77841	6.65585
1.04196	6.64796	6.70042	6.67768	6.67761	6.72344	6.58492	6.74571	6.683
1.04925	6.6598	6.68431	6.6724	6.66589	6.71765	6.6172	6.75399	6.68736
1.0566	6.67968	6.69603	6.69091	6.70269	6.72894	6.58171	6.75003	6.67687
1.06399	6.64789	6.67551	6.67249	6.66124	6.71336	6.60822	6.75759	6.70188
1.07144	6.67308	6.69403	6.67886	6.65029	6.72874	6.6029	6.77147	6.68498
1.07893	6.66731	6.70609	6.67145	6.67416	6.73494	6.6022	6.76339	6.69532
1.08648	6.66435	6.6944	6.66282	6.69986	6.72662	6.62886	6.74682	6.67848
1.09407	6.67423	6.69127	6.68713	6.70467	6.73398	6.61514	6.77998	6.68107
1.10174	6.66225	6.68365	6.68287	6.65519	6.73071	6.60791	6.75738	6.67491
1.10944	6.66423	6.66858	6.66666	6.65744	6.73826	6.59642	6.77122	6.67358
1.1172	6.6653	6.69146	6.69479	6.67407	6.72715	6.61439	6.78229	6.67965
1.12501	6.67808	6.67303	6.69041	6.69725	6.7629	6.59492	6.77406	6.69173
1.13287	6.6901	6.68142	6.67709	6.65848	6.72104	6.61289	6.74588	6.70605
1.1408	6.6799	6.69247	6.67907	6.67998	6.702	6.60032	6.75383	6.70494
1.14877	6.67467	6.6846	6.67493	6.65873	6.72194	6.59778	6.75866	6.67406
1.15681	6.66397	6.68557	6.68161	6.67068	6.72666	6.61181	6.75926	6.68216
1.1649	6.65217	6.68506	6.68062	6.67888	6.71603	6.59075	6.74884	6.66149
1.17304	6.67135	6.68461	6.64869	6.6695	6.72317	6.59619	6.76874	6.66237
1.18124	6.67732	6.66732	6.68249	6.67765	6.73495	6.59145	6.75555	6.66775
1.1895	6.64236	6.68562	6.6838	6.64634	6.70547	6.59356	6.74171	6.69317
1.19781	6.66808	6.68818	6.6853	6.6817	6.72548	6.6123	6.75024	6.66108
1.20619	6.67903	6.68043	6.6917	6.67329	6.72015	6.6147	6.74419	6.67732
1.21461	6.67358	6.66367	6.6697	6.67611	6.70043	6.65095	6.7392	6.68049
1.2231	6.66231	6.65585	6.652	6.64595	6.71666	6.57083	6.74109	6.65442
1.23165	6.68311	6.685	6.66241	6.697	6.71911	6.63108	6.7426	6.67926
1.24026	6.66712	6.71154	6.67919	6.67032	6.70948	6.60134	6.77489	6.67104
1.24892	6.68368	6.68906	6.66772	6.68085	6.71604	6.59766	6.73206	6.68046
1.25765	6.65995	6.68511	6.68209	6.68622	6.72508	6.61212	6.75793	6.66588
1.26644	6.66315	6.67828	6.65109	6.69116	6.70436	6.5943	6.74625	6.66896
1.27529	6.69067	6.69176	6.64744	6.66243	6.71654	6.62785	6.73222	6.67837
1.2842	6.66479	6.73323	6.66662	6.66226	6.71905	6.58993	6.75249	6.68867
1.29316	6.68264	6.70561	6.68142	6.66986	6.71204	6.59494	6.74258	6.66663
1.3022	6.67503	6.6749	6.68569	6.68279	6.71271	6.60904	6.76368	6.66286
1.3113	6.6871	6.6737	6.67236	6.6713	6.72635	6.60357	6.77314	6.69213
1.32045	6.68281	6.68702	6.66047	6.67205	6.72834	6.61338	6.74714	6.67204
1.32967	6.67368	6.7048	6.66677	6.66689	6.70724	6.57681	6.74615	6.673
1.33896	6.67607	6.66611	6.69139	6.67167	6.74005	6.61008	6.7434	6.69268
1.34831	6.67828	6.66043	6.67872	6.68167	6.72272	6.58576	6.75114	6.68382
1.35773	6.66914	6.69415	6.65944	6.65959	6.70895	6.63671	6.74598	6.65819
1.36721	6.68486	6.70687	6.67908	6.66766	6.72345	6.60958	6.75496	6.6841
1.37675	6.70029	6.68607	6.68131	6.69483	6.71722	6.61479	6.75645	6.66393
1.38636	6.68222	6.68203	6.69143	6.67534	6.71446	6.61419	6.74931	6.6766
1.39605	6.66316	6.70629	6.69738	6.67181	6.72167	6.58798	6.77667	6.6729
1.4058	6.69216	6.66919	6.68061	6.67286	6.69699	6.59291	6.74676	6.68545
1.41561	6.67202	6.70094	6.69165	6.66645	6.71352	6.59971	6.75676	6.67483
1.42549	6.67416	6.69667	6.65961	6.67124	6.70907	6.59546	6.76674	6.68724
1.43544	6.69152	6.69945	6.6695	6.67082	6.7095	6.58437	6.75342	6.68478
1.44546	6.68805	6.66623	6.6775	6.66106	6.73468	6.60737	6.73981	6.67224
1.45555	6.6718	6.68039	6.67948	6.68742	6.73299	6.60554	6.74842	6.68029
1.46571	6.68621	6.68913	6.68289	6.68164	6.74367	6.60573	6.76352	6.69092
1.47594	6.68439	6.68642	6.66777	6.68373	6.70178	6.58516	6.74869	6.6972
1.48624	6.66942	6.68077	6.66698	6.66422	6.72033	6.59227	6.76693	6.67795
1.49661	6.68389	6.6705	6.6888	6.67103	6.71055	6.60945	6.7786	6.68259
1.50705	6.66905	6.68983	6.67733	6.67484	6.71355	6.60373	6.79002	6.67225
1.51756	6.67613	6.68953	6.67882	6.6797	6.71811	6.61135	6.76494	6.67847
1.52815	6.65928	6.67816	6.66293	6.64913	6.70108	6.60628	6.76902	6.6741
1.53881	6.65747	6.69444	6.68146	6.67887	6.72384	6.60578	6.76048	6.67573
1.54955	6.67628	6.68943	6.69315	6.68182	6.72557	6.60667	6.75589	6.6971
1.56036	6.68318	6.68707	6.69288	6.67544	6.71372	6.61854	6.75303	6.69367
1.57125	6.67125	6.67829	6.67298	6.68196	6.70859	6.6117	6.7587	6.68295
1.58221	6.68413	6.68283	6.6819	6.6744	6.71194	6.6184	6.77067	6.68044
1.59325	6.67558	6.68532	6.6542	6.67434	6.68741	6.59779	6.74996	6.65376
1.60436	6.68215	6.66438	6.66814	6.67217	6.70247	6.61563	6.76412	6.66637
1.61555	6.68764	6.70929	6.67694	6.66604	6.74854	6.61222	6.76122	6.68719
1.62681	6.66332	6.67898	6.66524	6.6612	6.70694	6.60378	6.75806	6.67784
1.63816	6.66596	6.6691	6.67867	6.67396	6.7226	6.61135	6.76554	6.67408
1.64959	6.66981	6.6827	6.67684	6.66638	6.70337	6.59437	6.75899	6.68351
1.66109	6.6834	6.68927	6.68504	6.67547	6.69763	6.59721	6.76678	6.66411
1.67268	6.66779	6.70946	6.68154	6.66975	6.70386	6.59202	6.76814	6.67364
1.68434	6.67517	6.67911	6.6877	6.65954	6.73639	6.58821	6.76887	6.67532
1.69609	6.66135	6.67549	6.66879	6.6687	6.69299	6.61509	6.74461	6.66102
1.70791	6.67987	6.66852	6.68043	6.67652	6.70875	6.60076	6.75715	6.67798
1.71981	6.68596	6.68867	6.70879	6.66773	6.69763	6.597	6.74944	6.67378
1.73181	6.67445	6.68301	6.66496	6.69774	6.70995	6.60761	6.75228	6.6857
1.74388	6.67212	6.68645	6.67177	6.68991	6.70426	6.60418	6.7574	6.66467
1.75604	6.67676	6.67068	6.67746	6.66874	6.70649	6.59586	6.78265	6.68177
1.76828	6.66482	6.68023	6.68768	6.67917	6.69447	6.60031	6.75187	6.66685
1.7806	6.6648	6.69026	6.68806	6.67084	6.69809	6.60665	6.7473	6.68333
1.79301	6.66206	6.6702	6.68289	6.67669	6.71271	6.59615	6.75708	6.68151
1.80551	6.68582	6.68583	6.69586	6.67434	6.71297	6.61137	6.74802	6.66249
1.8181	6.66956	6.68515	6.7038	6.65942	6.69981	6.61532	6.74646	6.67576
1.83078	6.6734	6.68096	6.67568	6.67755	6.72702	6.6207	6.7611	6.65864
1.84354	6.6718	6.68786	6.69047	6.66197	6.70908	6.61652	6.78139	6.66781
1.85637	6.68265	6.68351	6.6788	6.67002	6.73934	6.60043	6.74481	6.67123
1.86931	6.65445	6.68292	6.67516	6.67768	6.71917	6.60015	6.77103	6.66046
1.88234	6.67584	6.68373	6.67862	6.65017	6.70652	6.59398	6.75723	6.70171
1.89546	6.66682	6.68303	6.67647	6.68655	6.71249	6.61378	6.74471	6.67536
1.90866	6.68391	6.67207	6.68388	6.66478	6.70411	6.59546	6.75432	6.67887
1.92196	6.66911	6.66698	6.68876	6.66011	6.68651	6.60715	6.77132	6.6811
1.93536	6.68385	6.67937	6.68419	6.6561	6.69549	6.59934	6.75124	6.67203
1.94885	6.68671	6.67555	6.67257	6.6743	6.72357	6.59211	6.75227	6.67055
1.96242	6.67975	6.68671	6.68877	6.67715	6.70874	6.60163	6.75632	6.65947
1.9761	6.6687	6.67336	6.69119	6.67716	6.71177	6.61944	6.73266	6.6711
1.98986	6.67699	6.6862	6.6787	6.68265	6.69202	6.59892	6.7422	6.67853
2.00373	6.66816	6.69644	6.66044	6.67618	6.70519	6.60581	6.74719	6.68081
2.01769	6.67359	6.67586	6.67657	6.68005	6.70688	6.60934	6.75509	6.66722
2.03174	6.67939	6.68848	6.6572	6.65646	6.72074	6.60173	6.73417	6.6556
2.04589	6.67643	6.6704	6.6823	6.66849	6.70605	6.61139	6.74586	6.67532
2.06014	6.66512	6.68524	6.67853	6.68853	6.72552	6.59692	6.74675	6.6528
2.07449	6.67829	6.6871	6.67732	6.6704	6.71433	6.59376	6.75814	6.67034
2.08894	6.65649	6.68047	6.66581	6.67684	6.73177	6.59485	6.75322	6.65424
2.10349	6.67967	6.67184	6.66675	6.66766	6.7024	6.59566	6.75896	6.67823
2.11814	6.66191	6.67075	6.68003	6.6589	6.70322	6.59936	6.76975	6.66158
2.13289	6.66127	6.67699	6.67844	6.66926	6.71102	6.6128	6.74332	6.68497
2.14775	6.68651	6.68209	6.69363	6.65719	6.71501	6.60261	6.75899	6.66199
2.1627	6.68266	6.68259	6.70045	6.66511	6.70535	6.59754	6.75826	6.67482
2.17776	6.67558	6.67542	6.66858	6.66682	6.72468	6.6005	6.74462	6.65203
2.19292	6.6604	6.68174	6.67883	6.64974	6.69835	6.59606	6.74512	6.6763
2.2082	6.66614	6.68586	6.67007	6.69106	6.71184	6.61289	6.75973	6.69106
2.22358	6.66497	6.69163	6.69684	6.66866	6.71832	6.59178	6.75676	6.69262
2.23905	6.66463	6.66988	6.67997	6.65679	6.68595	6.6033	6.74659	6.65451
2.25465	6.66452	6.67138	6.68047	6.6738	6.70561	6.60688	6.77478	6.679
2.27034	6.69153	6.68917	6.66879	6.67808	6.72244	6.61767	6.75857	6.67374
2.28615	6.67119	6.68938	6.69379	6.67656	6.70369	6.61579	6.7628	6.67545
2.30206	6.67067	6.68245	6.66441	6.66153	6.70658	6.6	6.73915	6.66583
2.31809	6.67713	6.67299	6.67929	6.67516	6.70995	6.59264	6.75609	6.6715
2.33422	6.68076	6.68687	6.68791	6.66052	6.71199	6.5959	6.76721	6.67657
2.35048	6.6619	6.67422	6.67666	6.65759	6.71657	6.59587	6.74625	6.65841
2.36684	6.64764	6.68236	6.66742	6.68282	6.71948	6.61245	6.75484	6.67568
2.38331	6.68003	6.68213	6.69295	6.68884	6.70029	6.61523	6.77113	6.68535
2.3999	6.67443	6.67823	6.68425	6.67426	6.69834	6.60212	6.76791	6.66678
2.41661	6.65396	6.68369	6.68486	6.67691	6.71176	6.60498	6.74819	6.65119
2.43342	6.6578	6.68765	6.69433	6.66897	6.70342	6.59665	6.76102	6.6664
2.45036	6.66021	6.69128	6.68201	6.64785	6.71297	6.60595	6.75764	6.66278
2.46743	6.66288	6.68841	6.68347	6.65744	6.71403	6.59476	6.76068	6.67714
2.4846	6.67605	6.6789	6.68671	6.67564	6.72163	6.57562	6.7496	6.67042
2.50189	6.65725	6.68056	6.69093	6.67902	6.7058	6.58406	6.74834	6.68655
2.5193	6.66554	6.67147	6.68219	6.67889	6.71063	6.61553	6.74952	6.66503
2.53682	6.65826	6.67952	6.67407	6.67567	6.71262	6.59172	6.76145	6.67356
2.55449	6.66585	6.68162	6.69114	6.67928	6.71062	6.59444	6.74729	6.66646
2.57226	6.67397	6.68558	6.69377	6.6726	6.71363	6.59457	6.75743	6.66074
2.59016	6.6581	6.67114	6.69114	6.67624	6.69629	6.59444	6.7585	6.6536
2.60819	6.67865	6.67416	6.69128	6.6636	6.70864	6.58038	6.76409	6.66809
2.62634	6.67004	6.68146	6.67802	6.6647	6.71184	6.58828	6.76734	6.66858
2.6446	6.65978	6.68172	6.67733	6.68195	6.71769	6.5838	6.74648	6.68398
2.66301	6.65402	6.68873	6.69584	6.67498	6.722	6.58824	6.76985	6.69298
2.68154	6.67047	6.66946	6.68458	6.67959	6.72349	6.59691	6.76387	6.66703
2.70019	6.67623	6.68438	6.69646	6.66713	6.70615	6.59452	6.75847	6.67104
2.71898	6.6606	6.67571	6.69563	6.67304	6.70688	6.5862	6.7552	6.66305
2.7379	6.66842	6.6991	6.69209	6.68223	6.68992	6.59145	6.78451	6.66017
2.75694	6.66498	6.67066	6.68754	6.66931	6.70584	6.5928	6.76592	6.66785
2.77612	6.65813	6.69331	6.69589	6.67106	6.70176	6.59045	6.75421	6.66667
2.79544	6.65811	6.68343	6.69636	6.6931	6.71375	6.60638	6.7407	6.67307
2.81487	6.65563	6.68344	6.68681	6.68018	6.7011	6.6068	6.74969	6.67207
2.83446	6.66726	6.67244	6.68368	6.67869	6.71085	6.59548	6.75564	6.66104
2.85418	6.66963	6.67219	6.68095	6.66543	6.70947	6.58388	6.75047	6.69021
2.87404	6.66886	6.68129	6.67133	6.66754	6.69956	6.59212	6.75208	6.65897
2.89403	6.6592	6.68932	6.66591	6.68095	6.71788	6.58404	6.75571	6.66151
2.91415	6.658	6.67936	6.67186	6.68297	6.7087	6.59029	6.73829	6.67122
2.93443	6.67969	6.67913	6.68281	6.68764	6.70927	6.58873	6.7611	6.67908
2.95484	6.67319	6.68273	6.69048	6.66602	6.70773	6.59999	6.75173	6.69037
2.97539	6.67199	6.6747	6.69373	6.67277	6.71098	6.59148	6.75561	6.67432
2.99607	6.67662	6.68854	6.67274	6.67008	6.71003	6.60004	6.75633	6.68087
3.01691	6.66655	6.67858	6.67864	6.68564	6.70659	6.59283	6.75692	6.67313
3.0379	6.67177	6.68486	6.68591	6.65834	6.70415	6.60149	6.76217	6.68146
3.05903	6.66696	6.68553	6.67699	6.66982	6.702	6.59775	6.76499	6.67723
3.0803	6.66382	6.69301	6.6826	6.69193	6.70746	6.59456	6.76987	6.68257
3.10171	6.68256	6.69057	6.6687	6.65583	6.72456	6.58337	6.77012	6.67966
3.12329	6.66479	6.68684	6.66988	6.67726	6.69651	6.60102	6.76291	6.6765
3.145	6.67136	6.68368	6.68708	6.68276	6.70432	6.59361	6.75825	6.66857
3.16687	6.66755	6.67802	6.66997	6.67163	6.716	6.60084	6.76253	6.65005
3.1889	6.68023	6.68523	6.67768	6.68474	6.70572	6.59357	6.74878	6.66925
3.21108	6.66748	6.69458	6.68382	6.68581	6.71301	6.59361	6.73554	6.6819
3.2334	6.65909	6.68205	6.6673	6.66709	6.7089	6.58481	6.73673	6.68173
3.25588	6.67562	6.68705	6.68351	6.67187	6.71379	6.59553	6.75265	6.67718
3.27851	6.65282	6.69842	6.65934	6.66732	6.70395	6.59405	6.7661	6.67497
3.30131	6.66631	6.68568	6.68151	6.67707	6.70456	6.59365	6.76219	6.68752
3.32426	6.66334	6.69558	6.67405	6.6741	6.69339	6.60412	6.75976	6.67825
3.34737	6.6732	6.69822	6.65568	6.66613	6.71043	6.60296	6.7664	6.66966
3.37065	6.68742	6.68524	6.66923	6.66065	6.70644	6.59374	6.76221	6.65519
3.39409	6.68759	6.68677	6.6767	6.66536	6.68387	6.59742	6.74469	6.67954
3.41768	6.66413	6.67894	6.67443	6.66345	6.7144	6.60232	6.74972	6.66249
3.44144	6.66194	6.68034	6.6793	6.67239	6.70211	6.59258	6.75368	6.68982
3.46536	6.6721	6.67988	6.68192	6.66932	6.70337	6.59741	6.76338	6.67459
3.48945	6.66845	6.69322	6.68018	6.67942	6.70165	6.5843	6.75082	6.67175
3.51371	6.67333	6.68644	6.67333	6.67632	6.70527	6.5962	6.75315	6.68581
3.53814	6.66888	6.67672	6.67427	6.66979	6.71946	6.59467	6.74693	6.67279
3.56273	6.66515	6.68894	6.67551	6.67039	6.71265	6.5905	6.75936	6.67493
3.58749	6.67044	6.68904	6.6822	6.6545	6.70663	6.58944	6.75912	6.6731
3.61243	6.66816	6.70312	6.68522	6.66249	6.7087	6.59902	6.74866	6.67044
3.63754	6.6659	6.69051	6.66985	6.65711	6.71408	6.60426	6.74438	6.67965
3.66283	6.66024	6.69532	6.67627	6.66463	6.70358	6.5947	6.74771	6.6704
3.68829	6.6608	6.69674	6.67905	6.6633	6.71291	6.5938	6.74928	6.6711
3.71391	6.66035	6.69524	6.69822	6.67384	6.70646	6.59817	6.76521	6.67803
3.73973	6.67022	6.68247	6.66668	6.67084	6.72049	6.60676	6.7448	6.67115
3.76572	6.66963	6.69247	6.6774	6.65851	6.71615	6.61437	6.76341	6.67789
3.7919	6.67036	6.68951	6.6668	6.66817	6.70901	6.60245	6.75555	6.66438
3.81825	6.68025	6.66619	6.6677	6.67072	6.705	6.58716	6.75948	6.69325
3.84479	6.66852	6.66927	6.68858	6.65863	6.70946	6.60185	6.74822	6.67595
3.8715	6.66194	6.67958	6.68255	6.66175	6.71343	6.59668	6.76366	6.66516
3.89841	6.65843	6.68586	6.69142	6.67766	6.69245	6.59242	6.76017	6.67659
3.9255	6.67133	6.68465	6.68186	6.66981	6.71298	6.5915	6.76481	6.67298
3.95278	6.66369	6.68694	6.66098	6.66396	6.70794	6.60186	6.76905	6.67197
3.98025	6.66697	6.68556	6.68122	6.65789	6.70444	6.61472	6.77006	6.67533
4.00791	6.65388	6.69116	6.67811	6.67833	6.72159	6.5863	6.75883	6.67591
4.03576	6.66593	6.6768	6.68671	6.66297	6.71013	6.5995	6.76112	6.6783
4.0638	6.6795	6.67689	6.67094	6.67361	6.71088	6.60474	6.76684	6.66777
4.09204	6.68811	6.68444	6.68015	6.68154	6.70657	6.6057	6.76186	6.67339
4.12047	6.68268	6.68785	6.68034	6.66552	6.72062	6.59689	6.75863	6.6682
4.1491	6.67843	6.69462	6.67723	6.67487	6.70094	6.623	6.77165	6.68369
4.17794	6.67025	6.69151	6.67409	6.66393	6.72034	6.60866	6.76947	6.67007
4.20696	6.67124	6.67827	6.68226	6.67254	6.71518	6.59146	6.76021	6.66358
4.2362	6.68792	6.67007	6.69021	6.6736	6.71397	6.60761	6.75781	6.67222
4.26563	6.67441	6.69547	6.68823	6.67243	6.69782	6.61004	6.77446	6.68449
4.29526	6.67178	6.70122	6.67683	6.66867	6.72068	6.60455	6.7764	6.6775
4.32511	6.67852	6.69252	6.66881	6.67492	6.70772	6.59261	6.77462	6.67341
4.35516	6.676	6.68456	6.68179	6.67696	6.71702	6.61294	6.77205	6.68403
4.38541	6.67068	6.67842	6.67832	6.67537	6.71907	6.60351	6.76947	6.67168
4.41589	6.66948	6.68742	6.68904	6.67151	6.72335	6.61074	6.76049	6.67936
4.44656	6.6769	6.692	6.68215	6.67314	6.72225	6.60137	6.76174	6.6753
4.47745	6.68692	6.67653	6.69198	6.65568	6.71667	6.60528	6.75591	6.6823
4.50856	6.67319	6.69291	6.68562	6.66274	6.71837	6.58883	6.77349	6.67648
4.53988	6.67024	6.69179	6.68085	6.67513	6.71874	6.59048	6.75976	6.66826
4.57142	6.67624	6.6878	6.66761	6.6717	6.70682	6.60956	6.75954	6.66359
4.60318	6.67526	6.68765	6.67638	6.66558	6.7155	6.60608	6.75255	6.6812
4.63515	6.68011	6.6738	6.68903	6.66582	6.73022	6.60867	6.75191	6.66834
4.66735	6.68428	6.68799	6.67345	6.67252	6.71613	6.60772	6.77178	6.67818
4.69978	6.68048	6.69318	6.68055	6.66659	6.72648	6.59869	6.76789	6.66948
4.73243	6.67348	6.68257	6.67178	6.67006	6.7173	6.59249	6.75928	6.67844
4.76529	6.67096	6.68036	6.69333	6.65724	6.71931	6.60368	6.76804	6.66694
4.79839	6.6746	6.69075	6.6787	6.68034	6.71214	6.59862	6.7662	6.67759
4.83173	6.66169	6.68508	6.6943	6.68041	6.70422	6.60462	6.75825	6.67936
4.86529	6.66807	6.69426	6.68335	6.67948	6.72946	6.60664	6.76201	6.66561
4.89908	6.66876	6.68746	6.68217	6.67159	6.71236	6.6049	6.7467	6.67177
4.93311	6.67763	6.688	6.68758	6.67956	6.7033	6.59707	6.76699	6.66884
4.96737	6.67127	6.68332	6.68301	6.67899	6.71524	6.61263	6.74859	6.67468
5.00187	6.67145	6.68697	6.68439	6.66835	6.70881	6.60571	6.76459	6.67523
5.03661	6.67965	6.67772	6.68827	6.67247	6.71323	6.6081	6.75408	6.67232
5.0716	6.66555	6.68527	6.68714	6.66989	6.71858	6.59951	6.75756	6.67983
5.10681	6.67351	6.69132	6.69021	6.6801	6.71444	6.60015	6.76923	6.68147
5.14229	6.67608	6.68287	6.66986	6.68011	6.70966	6.59414	6.76521	6.67774
5.178	6.68157	6.67571	6.68006	6.66366	6.70099	6.59406	6.76588	6.68171
5.21396	6.66487	6.68263	6.67311	6.67338	6.71241	6.60014	6.7594	6.68509
5.25017	6.67653	6.6842	6.67012	6.67934	6.70766	6.60642	6.76583	6.66564
5.28664	6.6718	6.68633	6.68279	6.66664	6.72182	6.59766	6.77425	6.67532
5.32335	6.66576	6.68237	6.68682	6.68264	6.71236	6.59505	6.76626	6.68451
5.36031	6.68276	6.66875	6.67224	6.67376	6.72028	6.60016	6.75805	6.68091
5.39754	6.67988	6.67819	6.67753	6.68086	6.71346	6.59677	6.77361	6.68923
5.43503	6.66963	6.68331	6.67592	6.66326	6.70941	6.60184	6.76985	6.68151
5.47277	6.67368	6.67393	6.66942	6.6665	6.70878	6.60265	6.76122	6.67856
5.51078	6.6741	6.68042	6.68368	6.68628	6.71412	6.60908	6.76388	6.67385
5.54904	6.67909	6.68131	6.68136	6.66438	6.71445	6.60803	6.76692	6.67857
5.58757	6.66329	6.67483	6.68166	6.68799	6.7185	6.60791	6.76545	6.6745
5.62638	6.66885	6.68711	6.68295	6.68028	6.70932	6.61138	6.76714	6.67807
5.66545	6.67827	6.69131	6.69088	6.67665	6.72195	6.59876	6.77491	6.66151
5.70479	6.66792	6.67841	6.67801	6.67773	6.70702	6.60561	6.77604	6.67174
5.7444	6.67756	6.67664	6.66762	6.67124	6.71119	6.60685	6.7625	6.66529
5.78429	6.67448	6.68128	6.6985	6.66537	6.71224	6.60401	6.75759	6.66919
5.82445	6.67627	6.68331	6.67437	6.67435	6.72241	6.59929	6.77497	6.68104
5.86489	6.66511	6.68444	6.67517	6.66759	6.71802	6.59624	6.76632	6.66965
5.90561	6.66613	6.6921	6.68048	6.67415	6.72656	6.60441	6.77326	6.66587
5.94663	6.66741	6.68356	6.68589	6.67103	6.7271	6.59837	6.76664	6.67025
5.98791	6.6677	6.68297	6.68351	6.67289	6.71914	6.60542	6.76361	6.68542
6.02949	6.66626	6.69094	6.68295	6.67421	6.71722	6.6026	6.76326	6.66538
6.07135	6.66225	6.6849	6.69439	6.6734	6.71985	6.60494	6.775	6.67396
6.1135	6.67172	6.67584	6.69494	6.67149	6.72114	6.60562	6.75712	6.67765
6.15595	6.66831	6.67807	6.68722	6.67663	6.7295	6.59191	6.76539	6.66416
6.19869	6.66571	6.6903	6.6843	6.67998	6.71232	6.59823	6.76585	6.66852
6.24172	6.66656	6.66826	6.68144	6.67907	6.71337	6.59043	6.75403	6.67951
6.28506	6.66276	6.68999	6.67054	6.6779	6.7283	6.59157	6.76656	6.67768
6.3287	6.66053	6.68511	6.67193	6.67584	6.71541	6.58893	6.77218	6.6821
6.37264	6.67683	6.67516	6.68197	6.68058	6.71724	6.59681	6.76574	6.66549
6.41687	6.67088	6.6794	6.67666	6.68794	6.70929	6.60264	6.75919	6.68126
6.46142	6.67431	6.67868	6.66754	6.68017	6.70728	6.60364	6.77304	6.67309
6.50629	6.67789	6.67331	6.67127	6.68204	6.71289	6.60034	6.76907	6.68208
6.55145	6.68416	6.68889	6.68065	6.67898	6.71902	6.59056	6.75649	6.6741
6.59694	6.6734	6.67735	6.68255	6.68317	6.71684	6.60543	6.76083	6.6821
6.64274	6.67181	6.6774	6.67582	6.66617	6.69779	6.59575	6.76959	6.67669
6.68885	6.67128	6.67672	6.67661	6.67585	6.71289	6.59614	6.75837	6.67748
6.73527	6.67753	6.67751	6.68207	6.67862	6.70938	6.60866	6.76144	6.66454
6.78204	6.68039	6.68218	6.6819	6.68318	6.71171	6.60951	6.75318	6.67028
6.82911	6.66974	6.68131	6.68901	6.66915	6.71494	6.58261	6.74684	6.67203
6.87652	6.66665	6.67862	6.68209	6.66823	6.70894	6.59156	6.76035	6.66886
6.92426	6.67318	6.67636	6.67356	6.68801	6.70565	6.60101	6.75308	6.66319
6.97232	6.67287	6.68429	6.67792	6.66822	6.7048	6.60649	6.75705	6.67134
7.02072	6.67323	6.68264	6.67569	6.67676	6.7108	6.60307	6.75015	6.67812
7.06946	6.66721	6.69331	6.67608	6.67863	6.71052	6.60335	6.7509	6.66944
7.11853	6.66997	6.69326	6.67812	6.67117	6.70777	6.60311	6.75867	6.66792
7.16794	6.68334	6.70133	6.6758	6.6773	6.70643	6.61375	6.76339	6.67601
7.2177	6.67996	6.69915	6.68139	6.67416	6.7167	6.60003	6.75723	6.67505
7.2678	6.67191	6.68621	6.68186	6.6763	6.71592	6.59683	6.75664	6.67669
7.31825	6.6726	6.69809	6.67642	6.68745	6.71581	6.60197	6.76564	6.6832
7.36904	6.67881	6.68753	6.6838	6.67846	6.71563	6.60104	6.76885	6.67834
7.42019	6.67005	6.69133	6.68183	6.685	6.71468	6.6089	6.76691	6.67969
7.4717	6.67103	6.68858	6.67545	6.67577	6.7172	6.60564	6.75523	6.68095
7.52355	6.67138	6.68772	6.67566	6.6829	6.71251	6.60177	6.75729	6.68787
7.57578	6.67266	6.68669	6.684	6.6817	6.71271	6.60152	6.76345	6.67895
7.62836	6.67035	6.68614	6.68566	6.66854	6.71007	6.60421	6.75898	6.67289
7.6813	6.66702	6.68324	6.6747	6.67478	6.71819	6.59812	6.76904	6.67946
7.73461	6.67517	6.68584	6.67982	6.68129	6.72174	6.60942	6.76508	6.6766
7.7883	6.67853	6.68638	6.68057	6.68306	6.70817	6.61017	6.76177	6.68039
7.84236	6.67992	6.68941	6.68518	6.67358	6.70891	6.6076	6.76036	6.6758
7.89679	6.67848	6.68215	6.68333	6.67532	6.71308	6.60997	6.76203	6.68357
7.95159	6.67328	6.68661	6.6734	6.67599	6.72034	6.6026	6.75979	6.67344
8.00677	6.67426	6.68074	6.67705	6.67444	6.69903	6.60419	6.74907	6.67321
8.06235	6.66805	6.69157	6.66995	6.67159	6.70792	6.60957	6.76059	6.67859
8.1183	6.66765	6.68737	6.67455	6.67654	6.70838	6.60179	6.76065	6.68194
8.17465	6.6713	6.68262	6.67411	6.66557	6.70873	6.60356	6.76627	6.68011
8.23137	6.67293	6.68829	6.6743	6.67439	6.71366	6.60705	6.76378	6.68698
8.28851	6.67781	6.68611	6.66844	6.67371	6.70371	6.60685	6.75889	6.68087
8.34603	6.66579	6.6813	6.6704	6.67704	6.70937	6.60239	6.76113	6.68405
8.40395	6.67185	6.68365	6.67664	6.67438	6.71334	6.60156	6.76825	6.68316
8.46227	6.66661	6.69047	6.68021	6.68284	6.71342	6.59956	6.75598	6.68404
8.521	6.68254	6.69749	6.67876	6.67934	6.7125	6.60045	6.76513	6.6686
8.58014	6.67351	6.70345	6.67565	6.67575	6.72315	6.59924	6.75821	6.67227
8.63968	6.67745	6.68462	6.67766	6.6706	6.71211	6.59698	6.75326	6.67739
8.69964	6.66635	6.68165	6.6848	6.67384	6.72091	6.59997	6.75776	6.6749
8.76001	6.67486	6.68295	6.67917	6.66894	6.71016	6.59272	6.75779	6.67586
8.8208	6.67363	6.6965	6.69209	6.6839	6.70725	6.59248	6.76166	6.67581
8.88201	6.6821	6.68815	6.68636	6.67921	6.7053	6.60075	6.75697	6.68064
8.94365	6.6719	6.68067	6.6812	6.67724	6.71816	6.60459	6.75595	6.67117
9.00571	6.67072	6.6913	6.6847	6.67528	6.71021	6.59908	6.75913	6.66321
9.0682	6.66674	6.68517	6.68499	6.6783	6.71449	6.60873	6.75637	6.67557
9.13114	6.67348	6.67829	6.67557	6.6838	6.71544	6.60002	6.76196	6.66962
9.1945	6.67589	6.68489	6.68337	6.67292	6.70696	6.60837	6.76973	6.68858
9.2583	6.66804	6.69218	6.6804	6.68032	6.706	6.61244	6.77646	6.69116
9.32254	6.6692	6.68202	6.66921	6.67038	6.71249	6.60086	6.77095	6.68116
9.38724	6.67441	6.68015	6.67956	6.68045	6.71657	6.60086	6.76518	6.67783
9.45238	6.67338	6.68413	6.67893	6.67885	6.71499	6.59068	6.76849	6.67464
9.51796	6.6793	6.69115	6.67652	6.67491	6.7136	6.59892	6.76964	6.68201
9.58401	6.66972	6.68008	6.68465	6.6672	6.71401	6.60398	6.76372	6.68251
9.65051	6.66404	6.68209	6.68203	6.67522	6.72123	6.60914	6.76968	6.67605
9.71747	6.66904	6.68968	6.68555	6.67162	6.71691	6.59654	6.77947	6.67677
9.7849	6.68103	6.68927	6.67678	6.67689	6.71132	6.59882	6.7659	6.6825
9.8528	6.6751	6.68072	6.68558	6.67061	6.71487	6.60435	6.76204	6.67399
9.92116	6.67235	6.67699	6.68227	6.67571	6.71585	6.60436	6.76508	6.6768
10	6.67655	6.68331	6.68062	6.67976	6.71081	6.60053	6.76288	6.67049
