7.5e-005	7.97178	7.99666	7.92806	8.08893	8.22723	8.46991	8.07529	8.20837	8.19441
0.0001375	8.03202	8.10054	7.93789	8.00359	8.26552	8.42351	8.01999	8.13365	8.32938
0.0002125	8.11772	8.03568	8.08095	8.21473	8.17063	8.40272	7.98171	8.06325	8.34327
0.000275	8.18342	8.14943	7.7464	8.20513	8.28012	8.41025	8.15628	8.06774	8.29543
0.00035	8.02707	8.37906	7.93217	8.12925	8.64774	8.47951	8.24703	8.09175	8.26279
0.000425	8.16244	8.29885	8.05255	7.87531	8.75768	8.43923	8.00404	8.07985	8.09402
0.0005	7.95831	8.14864	7.96204	7.89192	8.69638	8.39448	8.11225	8.01924	8.29469
0.0005625	7.97067	8.23093	8.11045	8.02396	8.28844	8.23528	7.94675	7.96249	8.38684
0.0006375	7.97692	8.38207	7.99396	8.03433	8.1133	8.0531	8.0179	7.84485	8.38067
0.0007125	8.10728	8.35035	8.25962	7.94494	8.13892	8.09984	8.06829	7.96869	8.32391
0.0007875	8.14263	8.36514	8.31442	7.81434	8.23693	8.13129	8.16597	7.91871	8.12995
0.0008625	8.07713	8.28903	7.8787	8.17947	8.10071	8.16078	8.2013	8.1546	8.2464
0.0009375	7.99174	8.07158	7.87164	8.20044	8.01749	8.23762	8.02945	8.11235	8.34827
0.0010125	8.04594	8.24504	7.79145	8.19452	8.0989	8.05118	8.1521	8.17082	8.32847
0.0010875	8.04572	8.33067	8.07602	8.14137	7.97416	8.09464	8.32571	8.27295	8.39917
0.0011625	7.96543	8.15816	7.98598	8.2318	7.80851	8.18247	8.08409	8.52388	8.40568
0.00125	7.93967	7.95261	8.0951	8.21642	8.03869	8.14482	8.07321	8.38892	8.15751
0.001325	8.05676	7.98374	7.99093	8.0336	8.11262	8.065	8.2307	8.24123	8.11872
0.0014	8.02162	8.06993	7.90418	8.26438	8.22318	8.32297	8.19352	8.08416	8.26787
0.0014875	8.16053	8.19446	7.81748	8.41182	8.20329	8.30612	8.07105	8.36241	8.5379
0.0015625	8.20616	8.23087	7.81994	8.2628	8.18589	8.20218	8.24692	8.42662	8.3005
0.0016375	8.42599	7.99813	7.99661	8.00184	8.35403	8.09492	8.47118	8.52355	8.29331
0.001725	8.40034	8.01122	8.24186	8.0552	8.19503	8.28379	8.49724	8.59132	8.3372
0.0018	8.30405	8.22678	8.20094	8.32585	8.06128	8.47682	8.4065	8.50405	8.26789
0.0018875	8.10892	8.02225	8.04765	8.27652	7.96912	8.56598	8.47534	8.48521	8.09431
0.0019625	7.9823	7.94418	7.84851	8.33072	8.17316	8.0674	8.17664	8.35895	8.15913
0.00205	7.89536	8.14958	7.77038	8.25744	8.50115	8.21562	8.14115	8.444	8.07449
0.0021375	7.89821	8.40498	7.99845	8.24843	8.45392	8.2681	8.13976	8.56051	8.16171
0.0022125	8.04095	8.46462	7.94183	8.23886	8.41354	8.06643	7.94589	8.6368	8.31059
0.0023	8.0802	8.16035	7.87428	8.38086	8.43232	8.30155	7.93113	8.54995	8.34313
0.0023875	8.40742	8.07655	8.02073	8.5343	8.28474	8.13488	7.92703	8.51881	8.04709
0.002475	8.45098	8.14665	7.99266	8.50693	8.28986	8.285	8.3425	8.38268	8.31723
0.0025625	8.35696	8.07113	8.01346	8.35622	8.38387	8.41007	8.54269	8.58063	8.3189
0.00265	8.14005	8.21192	8.12953	8.1098	8.33354	8.4126	8.47032	8.67905	8.52015
0.0027375	7.9864	8.00013	8.22748	8.32481	8.40033	8.01828	8.32148	8.38666	8.13321
0.002825	8.11987	7.89263	8.14303	8.36189	8.33542	8.1157	8.2223	8.43227	8.08347
0.0029125	8.30988	7.70215	8.03501	8.25923	8.3422	8.45444	8.25514	8.35477	8.17349
0.003	8.40649	7.88389	8.02594	8.23899	8.47991	8.48515	8.28309	8.3378	8.27657
0.0030875	8.06525	7.99364	8.34873	8.13628	8.1771	8.38152	8.12888	8.43799	8.3752
0.0031875	8.11889	7.9685	8.39932	8.08531	8.14821	8.38666	8.16967	8.34769	8.22574
0.003275	8.16744	7.98567	8.08689	8.32192	8.36381	8.18493	8.23995	8.32918	8.02761
0.0033625	7.91095	8.05345	8.0686	8.48677	8.36293	7.97507	8.262	8.24107	8.15435
0.0034625	8.03552	8.01259	8.1187	8.36805	7.96837	8.12029	7.91233	8.36357	8.18551
0.00355	7.94568	8.11588	8.06105	8.14289	8.02071	8.07031	8.00189	8.32265	8.04257
0.00365	8.11452	8.26958	8.00315	8.29389	7.94417	8.20401	8.03965	8.26046	8.18514
0.0037375	8.16666	8.07775	8.07739	8.22642	7.90769	7.9754	7.79966	8.32739	8.3216
0.0038375	8.09222	8.16367	8.2179	7.99654	8.06779	8.30496	7.99642	8.30529	8.19608
0.0039375	8.03686	8.46005	8.20975	8.049	7.93292	8.30013	8.0406	8.54608	8.1085
0.004025	7.89469	8.00248	8.06942	8.39229	7.95841	8.16366	7.91076	8.74914	8.25596
0.004125	7.96313	7.88457	7.99803	8.05398	7.89266	8.34182	8.03061	8.3922	8.59875
0.004225	7.91688	8.10544	7.83957	7.83968	8.09971	8.56437	8.03403	8.25636	8.40664
0.004325	7.97878	8.01167	7.92816	7.92214	8.21451	8.35563	8.1381	8.42058	8.05595
0.004425	7.98835	8.09864	8.14411	7.92647	8.21188	8.39612	8.48517	8.37634	8.14152
0.004525	7.68609	8.19605	7.7851	8.01489	8.02621	8.33791	8.38795	8.35001	8.4149
0.004625	7.9526	8.22677	7.97287	8.18775	8.03201	8.25562	8.34468	8.44995	8.38001
0.004725	8.24355	8.07117	8.14049	8.23454	7.96996	8.27038	8.59968	8.28107	8.43886
0.004825	8.30315	8.02898	8.21736	8.13727	7.8954	8.39467	8.41873	8.01111	8.39116
0.004925	7.95355	8.07258	7.99642	8.23974	8.13627	8.50383	8.08887	8.21056	8.13254
0.0050375	8.04036	7.90045	7.72337	8.17415	8.19003	8.29752	8.12632	8.12511	8.09143
0.0051375	8.27153	7.91628	7.70631	8.16434	8.37626	8.22088	8.27958	8.18452	8.05877
0.0052375	8.22399	7.90791	8.01493	8.34252	7.97039	8.24947	8.24719	8.23541	8.24071
0.00535	8.06669	8.01583	8.24203	8.12859	7.95699	8.08296	8.11463	8.24125	8.33409
0.00545	7.92019	8.09277	8.24788	8.28881	8.23575	8.16422	8.21173	8.22633	8.22226
0.0055625	8.17132	7.87641	8.09389	8.32592	8.47079	8.23196	8.36817	8.11487	8.30001
0.0056625	8.04723	8.08663	7.86443	7.97536	8.42099	8.25223	8.20875	8.11469	8.33539
0.005775	7.99667	8.12338	7.69721	8.02069	8.17834	8.07517	8.07839	8.34501	8.13945
0.0058875	7.91271	8.17801	7.66152	7.99786	8.33447	8.13627	8.01259	8.29984	8.05715
0.006	8.06571	8.07145	8.19949	7.99862	8.32808	8.18148	8.25964	8.14139	8.11628
0.0061125	7.94041	7.88876	8.08299	8.15418	8.16118	8.37176	8.09518	8.01664	8.25488
0.0062125	7.99561	7.91702	8.05747	8.08861	8.13189	8.21124	8.25271	8.33083	8.37697
0.006325	8.01228	8.12562	8.04665	8.13131	7.91468	8.22243	8.17199	8.66753	8.30219
0.0064375	7.95972	8.34891	7.96283	7.99947	7.76438	8.33262	8.11913	8.16072	8.07767
0.0065625	8.28399	7.97321	8.1556	7.89143	8.0049	8.44062	8.15614	8.07735	8.20987
0.006675	8.05839	8.17966	8.19837	8.18277	8.53485	8.50701	8.25461	8.20741	8.12103
0.0067875	7.91275	8.34181	8.12113	8.27746	8.40574	8.37299	8.35705	8.35247	8.19957
0.0069	7.96637	7.98053	8.0443	8.19416	8.19097	8.43658	8.41191	8.31954	8.3547
0.007025	8.02176	8.23068	7.90523	8.10953	8.13824	8.45841	8.20715	8.28216	7.9455
0.0071375	7.97137	8.11217	8.10775	7.94398	8.20567	8.57368	8.09451	8.31577	7.97644
0.0072625	8.11559	8.07053	8.05113	8.04634	8.36301	8.42017	8.08669	8.18399	8.17273
0.007375	7.90115	7.86711	8.08413	8.35129	8.17262	8.47801	8.36229	8.6303	8.12924
0.0075	8.00155	8.21499	8.12899	8.20077	8.07472	8.29319	7.9538	8.33015	7.99075
0.007625	7.90342	8.16881	8.07187	8.06196	8.01462	8.26573	7.89176	8.30125	8.26579
0.0077375	7.83073	8.29555	8.08935	7.84197	7.94506	8.44674	8.27487	8.24943	8.36082
0.0078625	7.8505	8.15812	7.86297	8.13158	8.14871	8.28889	8.31217	8.20959	8.22827
0.0079875	8.09953	7.76292	8.02189	8.30671	8.17743	8.15135	8.07149	8.05033	8.34306
0.0081125	8.15434	7.69147	8.22072	8.01361	8.03907	8.19401	8.20082	7.78533	8.21005
0.0082375	8.04886	7.8233	7.94598	8.06807	8.07508	8.18233	7.94695	8.19272	8.26279
0.0083625	8.03169	8.38535	8.06108	8.10969	8.37118	8.38144	7.96149	8.27405	8.30896
0.0084875	8.01398	8.36915	8.22397	8.23658	8.42936	8.26791	8.07985	8.35349	8.26435
0.008625	7.86096	8.08904	8.31044	8.17208	8.24124	8.07023	8.16428	8.30907	8.07148
0.00875	7.74509	8.02484	7.84693	8.18609	8.11177	8.15227	7.99367	8.24934	8.23135
0.008875	7.64221	8.00675	7.92253	8.32613	8.04333	7.98116	8.26586	8.17425	8.42551
0.0090125	8.05362	8.22611	7.77523	8.15762	8.17985	8.11525	8.1355	8.35146	8.38494
0.0091375	8.09251	8.13548	7.94064	8.00906	8.05756	8.14094	7.91343	8.36489	8.40868
0.009275	8.0362	8.08585	8.06875	8.01251	7.94261	7.95807	8.04555	8.28695	8.22446
0.0094125	7.80677	8.12883	8.19678	8.30822	8.09156	7.81691	8.08024	8.0192	8.28823
0.0095375	7.74687	7.93356	8.14646	8.06219	8.04408	8.15449	8.15153	7.96234	8.02914
0.009675	8.09964	8.00179	8.3285	8.1472	8.25979	8.14419	8.29249	8.26897	7.99261
0.0098125	8.22921	8.261	7.98959	8.20513	8.48699	8.11288	8.10195	8.24592	8.2513
0.00995	8.16484	8.16167	7.96098	7.93825	8.23622	8.38063	8.37272	8.10363	8.02093
0.0100875	8.04738	8.37583	7.88818	8.34418	8.16454	8.23318	8.3033	8.11647	8.0612
0.010225	8.02235	8.15513	7.94429	8.32382	8.33592	8.14684	8.22419	8.14712	8.29011
0.010375	8.05741	7.98167	7.96984	7.8594	8.21983	8.00752	8.22536	8.09707	8.08418
0.0105125	8.03895	8.30889	8.17199	8.03182	8.08353	8.07947	8.13731	8.20013	8.30452
0.01065	8.22062	8.19865	7.85751	8.19714	8.36641	8.23973	8.03323	8.07688	8.26035
0.0108	8.0887	8.08494	8.08068	8.401	8.41058	8.15025	8.03806	8.28919	8.13541
0.0109375	8.0521	7.99591	7.96218	8.22357	8.19274	8.11893	8.20329	8.29827	8.1615
0.0110875	8.32319	8.1464	7.73381	7.94925	8.1896	8.26243	8.16532	8.39131	8.16039
0.0112375	7.99275	8.04211	8.02669	8.11622	8.06774	8.1039	8.2006	8.23773	8.10161
0.011375	8.2247	7.79237	7.89506	8.05453	8.20774	8.09067	8.08701	8.53305	8.15919
0.011525	7.97702	8.14248	8.22849	8.07587	8.18346	8.3157	7.90249	8.27191	8.00135
0.011675	8.06104	7.99183	8.00356	7.94066	7.96175	8.09441	8.22969	8.28373	7.97555
0.011825	8.11258	8.15605	8.03173	8.22281	7.97158	8.20371	8.07541	8.05933	8.23852
0.011975	8.13011	7.97318	8.11214	8.13445	7.95441	8.16652	8.17032	8.23964	8.12383
0.012125	8.03567	7.99319	7.98862	8.17764	8.12711	8.0488	7.99823	8.43954	8.00856
0.0122875	8.10625	7.98315	7.91558	8.30421	7.98097	8.14306	8.13771	8.2415	8.05747
0.0124375	8.00615	8.10704	8.16373	7.92877	8.04254	8.1465	7.91996	8.27482	8.24982
0.0126	8.00111	8.05652	7.91655	8.12839	8.04137	8.13246	7.9605	8.26643	8.23105
0.01275	8.12595	8.10434	7.84363	8.11374	8.39593	8.25925	8.10523	7.97034	8.17693
0.0129125	7.96025	8.14166	8.08452	8.18588	8.19889	8.10497	8.0127	8.22789	8.29406
0.0130625	8.08586	8.22694	8.09358	8.44338	8.07934	8.13138	7.98584	8.25475	7.91219
0.013225	7.98335	7.95755	7.94247	7.96645	8.11184	8.17249	8.3348	8.09805	8.07873
0.0133875	7.99725	7.88368	8.19313	7.93904	8.06973	8.21711	8.3665	8.27367	8.0632
0.01355	8.04616	7.9983	8.01523	7.94072	8.02482	8.19646	8.19916	8.37426	8.09554
0.0137125	7.89215	8.24586	7.93905	7.92939	7.99709	8.21002	8.28046	8.13056	8.28939
0.013875	7.9179	8.19585	8.05974	8.06575	8.0332	8.26966	8.09113	8.1936	8.25188
0.0140375	8.13835	7.96467	7.90788	8.08368	8.0185	8.10159	8.12878	8.0012	8.1455
0.0142125	8.22664	7.92477	7.93451	8.07478	7.95151	8.03403	8.24175	8.09257	8.22279
0.014375	8.05357	8.1453	7.92705	7.84234	8.08575	8.08998	8.18662	8.05975	8.34746
0.01455	8.01594	8.02365	8.07892	7.7309	8.05112	8.14467	7.93554	7.99692	8.21573
0.0147125	7.98224	8.23628	8.02124	8.06759	7.93451	8.44409	8.17787	8.21112	8.03061
0.0148875	7.85762	8.36472	7.88582	8.0711	7.97548	8.20226	7.87674	8.28603	8.00361
0.0150625	8.2214	8.0974	8.14528	8.05371	7.97191	8.25666	8.12129	8.17703	8.0386
0.0152375	8.17791	7.8748	7.90758	7.82338	8.23087	8.13285	8.03047	8.09984	7.92891
0.0154125	8.16687	7.99565	7.81806	7.88329	8.02556	8.17762	8.1887	8.3589	8.43621
0.0155875	7.97965	8.02738	7.89845	8.14333	8.06519	8.18631	7.81018	8.16408	8.23924
0.0157625	8.09196	8.20683	7.89082	8.08361	8.08099	8.03933	7.98241	8.05691	8.37555
0.0159375	7.95254	8.12269	7.84142	8.03718	7.8842	8.16972	8.01153	8.2883	8.30021
0.016125	8.09376	7.99603	7.85919	8.16796	8.02536	8.27405	7.98322	8.00833	8.24709
0.0163	8.17032	7.75526	8.04043	8.24779	8.16499	8.29641	7.93728	8.06709	8.10708
0.0164875	8.18792	7.84504	7.91461	8.33702	7.9679	8.1063	8.16018	8.22312	7.99894
0.0166625	8.0357	7.9442	7.84393	7.86119	7.98351	8.09744	8.0067	8.25933	8.25783
0.01685	8.13325	8.17926	8.09439	7.77474	8.01329	8.17747	8.10289	8.42702	7.89495
0.0170375	8.17514	8.00799	7.92684	7.99167	8.03832	8.1482	8.16072	8.38017	8.21991
0.017225	8.04319	7.96427	7.94704	7.98041	8.02453	8.2395	8.18681	8.38799	8.03073
0.0174125	8.20873	8.1611	7.97611	8.11005	8.10408	8.34817	8.33802	8.12359	8.26599
0.0176	7.98039	8.11111	8.16864	7.9873	8.19372	8.34172	8.13535	8.02823	8.2441
0.0178	7.85555	7.9721	7.96166	8.23044	8.25745	8.10793	8.12031	8.08922	8.03304
0.0179875	7.9559	8.06739	7.9499	8.2992	7.89372	7.86982	7.97167	8.18642	8.23384
0.0181875	8.0653	7.92017	8.07405	8.10209	8.34474	8.19257	8.08047	8.09141	8.09287
0.018375	7.97211	8.01032	8.07688	7.97617	7.98141	8.12724	7.91425	8.13482	8.23904
0.018575	7.91673	8.02738	7.97924	8.18361	7.9056	8.24759	8.11003	8.1216	8.07724
0.018775	7.96441	8.21217	8.22193	8.03187	7.98292	8.18064	7.77138	7.99907	8.21447
0.018975	7.98391	7.98243	7.82249	8.07128	8.05534	8.07548	7.95791	8.31346	8.12453
0.019175	8.2239	8.02774	7.99763	8.02155	8.20321	7.93376	7.83015	8.24426	8.15848
0.019375	8.20741	7.86497	8.13982	8.12472	7.79767	8.08891	7.98416	8.16771	8.13207
0.019575	8.01401	7.81121	8.10861	8.04407	8.21068	8.19561	8.06323	8.21048	8.06653
0.0197875	7.85782	7.94902	7.85676	7.97069	8.07325	8.17394	7.93483	8.1175	8.16283
0.0199875	7.80793	8.12098	7.82893	8.15383	7.9812	8.23	7.94352	8.08637	8.15439
0.0202	8.02623	8.15313	7.96483	8.22533	8.06202	8.05351	8.01058	7.99868	8.07446
0.0204125	8.15782	7.99923	7.73588	7.94653	8.02148	8.01008	8.18725	8.17331	8.22476
0.020625	8.09886	8.08224	7.82604	8.10593	8.28539	8.10514	8.13923	8.37772	8.26066
0.0208375	8.05639	8.0098	8.05589	8.03138	8.09294	8.06573	8.30523	8.16102	7.9742
0.02105	7.8044	7.96815	7.8993	8.13672	8.09122	8.13522	7.94305	8.17324	7.97711
0.0212625	8.04386	7.91369	7.84405	8.23961	8.10627	8.14913	8.15036	8.38583	8.18191
0.021475	8.03894	8.02831	8.13529	8.09293	7.9122	8.34749	8.27492	8.09316	8.2672
0.0217	8.21022	8.07224	7.92711	7.96224	8.07851	7.95276	7.99575	8.05544	8.02552
0.0219125	8.05626	7.96151	8.02831	7.96167	7.90545	8.20042	7.98965	8.26429	8.00478
0.0221375	8.15065	7.96779	7.95148	7.88626	8.00785	8.21978	8.03064	8.15582	8.0501
0.0223625	7.97939	7.88129	7.82176	7.89006	8.07893	7.97406	7.94809	7.97101	7.96277
0.0225875	8.19674	7.88302	7.90889	8.02671	8.16381	8.06408	8.02216	7.99105	8.04763
0.0228125	8.09317	8.17142	7.94957	7.95233	8.10158	8.05973	8.06216	8.07967	8.2548
0.0230375	7.86114	8.31583	7.88721	8.03329	8.08959	8.11328	8.17223	8.13731	8.03231
0.0232625	8.13764	7.88093	7.92281	8.12537	8.03202	8.0027	8.01884	8.04123	8.30908
0.0235	7.83871	8.10994	7.83983	7.78105	8.04822	8.05188	8.25011	8.07255	8.10967
0.023725	7.99299	8.12424	8.37547	7.9204	8.28974	8.00127	8.17708	8.07501	7.99524
0.0239625	7.93613	7.97508	8.05752	7.95083	7.96137	8.04832	7.99859	8.23294	8.06075
0.0242	7.9388	8.09293	7.98741	7.93313	8.0144	8.12884	7.98919	8.07909	8.09516
0.0244375	7.95513	8.21545	7.93872	7.88621	8.0604	8.10765	7.96646	7.94859	8.08581
0.024675	7.78636	8.07229	8.09887	8.14886	8.1589	8.06652	7.97328	8.2529	8.07547
0.0249125	7.7643	7.98744	7.99377	7.77368	7.94087	8.17277	7.91979	8.13641	8.07114
0.02515	8.01411	7.92455	7.98029	8.062	8.06551	8.09278	7.95309	7.96306	7.98506
0.0254	7.64554	7.77557	7.93692	8.39769	7.98098	8.16616	7.95292	8.0879	7.98803
0.02565	7.86021	7.80704	7.90311	8.06275	7.93711	8.12115	8.09709	8.01681	8.13409
0.0258875	7.87716	8.00578	7.86239	8.04908	7.98234	8.15004	7.94394	8.21631	8.19906
0.0261375	7.74791	8.04573	8.0725	8.10585	8.03218	8.01894	8.07868	8.06208	8.05055
0.0263875	7.80245	7.97412	8.05649	8.13159	7.85189	7.8249	8.15565	8.04857	7.92023
0.02665	7.84799	7.98655	7.91011	8.16852	8.17956	7.95082	8.10005	8.11166	8.32805
0.0269	7.90656	8.18857	8.09474	7.93327	7.93769	7.83828	7.8809	8.01357	8.14992
0.02715	8.00157	7.8767	7.84702	8.12337	7.95689	8.02681	8.01438	8.20322	8.1232
0.0274125	7.9609	7.93094	7.77503	7.98903	8.09234	8.26105	8.03401	8.30566	7.96685
0.027675	8.03885	7.94429	7.80078	7.94679	7.9968	8.07987	8.12285	8.09171	8.08715
0.0279375	8.02772	7.9584	7.81886	8.19978	7.83988	8.01479	7.87084	8.14179	8.18542
0.0282	7.64711	7.85566	8.1048	8.08448	8.03655	8.08594	8.01208	8.16421	8.06986
0.0284625	7.9821	7.99322	7.76225	7.99869	8.03654	7.99255	8.08982	8.009	8.15208
0.028725	8.04959	7.93546	8.03643	8.08093	7.83725	8.06167	8.29779	8.22244	8.07251
0.029	7.91177	7.91478	7.94334	8.02266	8.08039	8.14292	7.94088	8.22502	7.92123
0.0292625	7.94164	7.94771	7.92394	7.99148	8.17027	8.10005	8.08255	8.0382	7.92661
0.0295375	7.76032	8.12967	8.01989	7.90158	8.15427	7.72706	8.02218	7.83858	7.97755
0.0298125	7.87405	8.02162	7.85837	8.06511	8.0083	7.97309	8.14618	8.10037	8.1875
0.0300875	8.00216	7.93592	7.98691	7.96598	7.75321	8.1614	7.94989	8.15829	7.96671
0.0303625	7.69576	7.92595	7.93861	8.24702	7.95952	8.20509	8.04276	8.06035	8.1508
0.03065	7.86123	8.10617	7.78141	8.06447	7.89737	8.07352	8.12098	8.19267	8.15009
0.030925	7.78874	8.02473	7.82879	8.06248	7.83135	8.09668	7.99428	8.09555	8.04405
0.0312125	7.89679	7.94013	7.7371	7.68332	8.06691	7.93733	7.71152	8.22033	7.92573
0.0315	8.04606	8.03728	7.63035	7.8528	7.93766	8.00015	7.82081	8.14506	7.99982
0.0317875	7.88888	8.07143	7.84463	7.87078	7.98114	8.25744	7.8894	8.0815	8.12498
0.032075	7.92227	7.88825	7.82924	7.90161	7.94684	8.07155	8.00187	8.12862	8.05778
0.0323625	7.95276	7.94171	7.77219	8.11144	8.02603	8.00011	8.19965	8.01872	8.12854
0.0326625	7.8166	7.8	7.73641	7.81044	8.14505	8.01863	7.90134	8.11139	8.10533
0.03295	7.76356	7.97953	7.76146	8.09655	8.02166	8.15332	8.08404	8.15377	8.09878
0.03325	7.88932	7.76397	8.10731	7.91678	7.98192	7.97443	8.12394	8.17267	8.05096
0.03355	7.76019	7.85624	7.90513	7.90673	7.98727	8.03699	7.97251	8.03684	8.03441
0.03385	7.85177	7.79583	7.94471	7.95503	7.98882	7.92404	7.98507	8.08796	7.95377
0.0341625	7.87032	7.80622	7.94477	7.93429	7.97788	8.02778	8.11225	8.12868	8.01665
0.0344625	7.83256	7.92586	7.87685	8.00918	7.881	8.14289	8.08796	7.91495	8.09135
0.034775	7.81388	7.99107	7.82329	7.94077	7.83521	7.79252	8.14762	8.0206	8.05381
0.0350875	7.65862	7.94064	8.06531	8.04748	7.99669	7.99222	8.03228	8.07324	7.97185
0.0354	7.73337	7.8011	7.663	7.98954	8.0428	7.99232	8.09027	8.00383	7.94842
0.0357125	7.69989	7.83401	7.82636	7.9919	7.87265	8.04113	7.95162	8.17958	7.99372
0.036025	7.71438	7.87013	7.76165	7.96904	8.09731	8.02636	7.80357	8.02921	8.01966
0.03635	7.79892	7.97271	7.70839	8.07623	8.05787	7.91214	7.97186	8.07924	8.14345
0.0366625	7.76258	7.70837	7.79819	7.85714	8.01733	7.95731	7.87823	8.08376	7.96537
0.0369875	7.90703	7.99192	7.76045	7.84965	7.86884	7.87255	7.91257	8.168	8.08916
0.0373125	7.60834	7.63618	7.88671	7.86866	8.10222	8.0023	7.79375	7.94576	8.15852
0.0376375	7.68939	7.77102	7.76008	7.69873	7.9459	8.06384	7.93809	7.96379	7.82164
0.037975	7.76673	7.87185	7.73226	8.0503	7.83948	8.00337	7.90413	8.13897	7.81078
0.0383	8.00162	7.7084	7.56074	7.88624	7.97358	8.1342	7.9648	8.14454	8.16175
0.0386375	7.77452	7.93626	7.86994	7.78197	7.9613	8.04565	7.94053	7.89784	8.04932
0.038975	7.70104	8.00089	7.77843	7.93705	7.8965	7.95037	7.85577	8.10986	7.98811
0.0393125	7.85238	7.8476	7.73732	7.68057	8.17174	7.86303	7.69591	7.98651	7.93539
0.0396625	7.57548	8.0129	7.79144	7.92221	7.63564	8.06538	7.68655	8.10628	8.01366
0.04	7.79621	7.76685	7.78539	7.8492	7.67195	8.14591	8.05783	7.89384	8.01529
0.04035	7.68265	7.82173	7.76606	7.81552	7.79254	8.02817	8.01687	7.91432	7.93049
0.0407	7.72812	7.90153	7.65542	7.946	7.95784	7.98864	7.78587	8.02174	8.00594
0.04105	7.67066	7.76775	7.74352	7.64739	7.83039	8.02558	7.87176	8.04322	7.93526
0.0414	7.65405	7.79001	7.83835	7.83183	7.97415	7.81453	7.97264	8.07398	8.11155
0.0417625	7.9914	7.9447	7.84582	7.94874	8.11266	8.11832	7.82674	8.05939	8.05008
0.042125	7.88851	7.72202	7.79294	7.92025	8.01018	8.0408	7.96776	7.82576	7.98937
0.042475	7.78808	7.7505	7.69766	7.67908	7.83835	7.95646	8.0709	7.95866	8.02719
0.04285	7.71616	7.91368	7.8003	7.82602	7.92331	7.88622	8.00678	7.72252	8.13649
0.0432125	7.83675	7.55534	7.62018	7.86041	7.77914	7.71795	8.07199	7.80583	7.96329
0.043575	7.94997	7.86192	7.9518	7.81231	7.78145	7.91662	7.96575	7.76867	7.95949
0.04395	7.5531	7.54961	7.90526	7.75863	7.99953	8.04433	7.93775	7.90684	7.91273
0.044325	7.64192	7.78027	7.56595	7.91502	7.99654	7.97173	7.95821	7.98567	7.94636
0.0447	7.65853	7.81077	7.71158	7.65703	7.92599	8.0357	8.13101	8.0578	7.93337
0.045075	7.98811	7.98702	7.62494	7.75732	7.86806	8.07452	7.934	7.81052	7.95839
0.0454625	7.7796	7.88204	7.70554	7.68683	7.87453	7.96646	7.94154	7.93205	7.94278
0.04585	7.6528	7.72616	7.81651	7.68349	7.95852	7.72825	7.85901	7.88765	8.03933
0.0462375	7.60001	7.56962	7.64732	7.91141	7.81373	7.90561	7.64598	7.91708	7.83098
0.046625	7.80874	7.60071	7.58742	7.59369	7.92089	7.83448	7.92058	7.91325	7.9212
0.0470125	7.77543	7.91201	7.74819	7.72973	8.01586	7.75901	7.82631	7.78149	7.83954
0.0474125	7.62934	7.74301	7.60246	7.92312	7.8677	7.8849	7.74357	7.96116	7.93287
0.0478125	7.71459	7.7292	7.77919	7.78845	7.81663	8.02954	7.96839	7.91893	7.99035
0.0482125	7.51309	7.80699	7.63064	7.76947	7.88191	7.92391	7.88393	7.98311	7.89658
0.0486125	7.67713	7.8418	7.66196	8.03446	7.89629	7.87253	8.01488	8.01867	8.00483
0.049025	7.72149	7.86059	7.78487	7.71631	7.8539	8.0376	7.9586	7.88802	7.93864
0.049425	7.72568	7.76909	7.7594	7.75197	7.89455	8.00307	7.75864	7.9576	8.00642
0.0498375	7.62338	7.71415	7.7897	7.78149	7.97284	7.88593	7.77287	7.86417	7.83157
0.05025	7.85688	7.93777	7.85254	7.70386	7.91489	7.8816	7.88297	7.90244	7.88432
0.050675	7.59986	7.56994	7.83378	7.72291	7.80571	7.98618	7.93231	8.18445	7.85216
0.0511	7.51892	7.68255	7.90633	7.78098	7.95784	7.98542	7.75944	7.98717	7.85722
0.0515125	7.58452	7.77515	7.56724	7.77379	7.728	7.88311	7.96471	7.71124	7.93246
0.05195	7.62377	7.85246	7.71459	7.94755	7.8988	7.8926	7.82954	7.89043	8.00305
0.052375	7.68535	7.63097	7.78803	7.79472	7.76356	7.96172	7.79557	7.83971	8.20261
0.0528	7.76867	7.78459	7.73939	7.78304	7.82331	7.93658	7.71744	7.91354	7.96578
0.0532375	7.71056	7.81117	7.7258	7.77751	7.76176	8.02866	7.81984	7.84514	7.96051
0.053675	7.66863	7.82657	7.70582	7.72837	7.85319	7.88868	7.89926	8.00382	7.76587
0.054125	7.65719	7.51314	7.6532	7.69294	7.74964	7.78051	7.91678	8.03182	8.03481
0.0545625	7.64325	7.70458	7.7562	7.70797	7.98468	7.93434	7.77247	7.94937	7.96911
0.0550125	7.76339	7.69119	7.56551	7.87342	7.92469	7.93342	7.95506	7.89308	7.94816
0.0554625	7.64268	7.55188	7.60214	7.69719	7.9939	7.82901	7.85928	7.78045	7.83392
0.0559125	7.71861	7.77824	7.68585	7.78606	7.74991	7.83319	7.83623	7.84119	7.83204
0.056375	7.58812	7.62603	7.8415	7.60757	7.81528	7.91241	7.85841	7.89062	7.862
0.0568375	7.63446	7.80706	7.80178	7.77397	8.04516	7.92186	7.87028	7.8303	7.89094
0.0573	7.68438	7.73066	7.72871	7.79603	7.91176	7.91713	7.84977	7.89017	8.01908
0.0577625	7.52113	7.72586	7.58044	7.71729	7.83862	7.94343	7.8234	7.83715	8.04572
0.0582375	7.48521	7.71719	7.88387	7.73975	7.87146	7.87886	7.66665	7.81433	7.96533
0.0587125	7.69783	7.72135	7.69835	7.67866	7.89783	8.018	7.76191	7.72364	8.03475
0.0591875	7.67122	7.49576	7.70649	7.67551	7.89169	7.94686	7.6182	7.78536	7.83133
0.0596625	7.55459	7.67109	7.81907	7.65896	7.83208	7.91943	7.88324	7.76432	7.83554
0.06015	7.75163	7.74995	7.67439	7.75503	7.88828	7.81527	7.93644	7.89335	7.87945
0.0606375	7.64069	7.68725	7.60441	7.83589	7.78639	7.80848	7.90975	7.98698	7.90875
0.061125	7.73052	7.66216	7.65521	7.89951	7.60228	7.91882	7.85223	7.8088	7.86673
0.0616125	7.54649	7.58737	7.67337	7.90149	7.78249	7.80007	7.65161	7.64837	7.89768
0.0621125	7.58561	7.72748	7.60898	7.81742	7.98918	7.84013	7.75176	7.8179	7.90765
0.0626125	7.72603	7.70122	7.71578	7.75162	7.73773	7.81207	7.81697	7.78822	7.99961
0.0631125	7.57315	7.70899	7.52456	7.65916	7.81957	7.80236	7.61881	7.77991	7.89143
0.063625	7.65885	7.58915	7.65509	7.71742	7.94079	7.9474	7.79202	7.75334	7.9031
0.064125	7.57013	7.69247	7.61345	7.57654	7.63503	7.81298	7.84654	7.89764	7.97404
0.06465	7.59055	7.56257	7.71732	7.53231	7.95458	7.95676	7.70946	7.7826	7.8627
0.0651625	7.56705	7.51848	7.56122	7.57915	7.78453	7.97933	7.7246	7.82078	7.95479
0.0656875	7.78135	7.52477	7.64134	7.52768	7.93502	7.81458	7.76857	7.89592	7.80976
0.0662125	7.7669	7.71958	7.58108	7.80554	7.65302	7.84197	7.72927	7.85521	7.75218
0.0667375	7.56727	7.63599	7.79498	7.65901	7.85369	7.81252	7.81543	7.81976	7.87385
0.0672625	7.61458	7.65492	7.69433	7.62908	7.76673	7.80743	7.7509	7.77917	7.80725
0.0678	7.68988	7.75509	7.69996	7.65548	7.79837	7.91328	7.59979	7.87922	7.88817
0.0683375	7.75861	7.57217	7.4381	7.52622	7.79763	7.73665	7.84419	7.69747	7.7677
0.0688875	7.48954	7.60334	7.39469	7.62889	8.00144	7.82577	7.78333	7.95534	7.92914
0.0694375	7.47504	7.62267	7.52387	7.62748	7.84093	7.82166	7.81925	7.89961	7.82442
0.0699875	7.56265	7.65065	7.68312	7.56964	7.79105	7.79953	7.78065	7.6817	7.76497
0.0705375	7.55844	7.59447	7.69394	7.54683	7.80472	7.73802	7.75673	7.81262	7.83336
0.0711	7.56219	7.58182	7.50641	7.8021	7.8771	7.75157	7.73432	7.7678	7.81183
0.0716625	7.5924	7.60662	7.57047	7.79571	7.6852	7.75391	7.87148	7.87728	7.82289
0.072225	7.50693	7.68316	7.59669	7.67245	7.83178	7.65641	7.83358	7.76474	7.93732
0.0728	7.67568	7.43364	7.5421	7.76176	7.82639	7.69561	7.71494	7.74882	7.9158
0.0733625	7.59597	7.70142	7.553	7.59337	7.68816	7.8944	7.66024	7.62541	7.76709
0.07395	7.55511	7.54457	7.61833	7.69489	7.74426	7.8284	7.70944	7.67223	7.88228
0.074525	7.49731	7.46823	7.40875	7.57928	7.6429	7.76415	7.85757	7.6457	7.7572
0.0751125	7.40513	7.61442	7.54986	7.71461	7.68238	7.73561	7.61892	7.77671	7.82962
0.0757	7.5677	7.67111	7.51999	7.6204	7.74562	7.68789	7.70068	7.58427	7.78107
0.0763	7.49891	7.59989	7.59013	7.49566	7.77027	7.73935	7.72032	7.83827	7.84641
0.0769	7.57183	7.5817	7.49074	7.62807	7.53205	7.70906	7.66856	7.80347	7.70481
0.0775	7.45403	7.44541	7.55585	7.68499	7.68483	7.57059	7.66779	7.6628	7.80738
0.0781	7.67689	7.38639	7.53975	7.71962	7.69341	7.69292	7.7116	7.63312	7.90854
0.0787125	7.4529	7.65864	7.41108	7.52132	7.63752	7.73042	7.57642	7.75192	7.71601
0.079325	7.50945	7.53501	7.56307	7.50858	7.57326	7.70154	7.79951	7.70284	7.83456
0.07995	7.57552	7.66765	7.49604	7.60759	7.60149	7.85546	7.63685	7.67033	7.67472
0.080575	7.57062	7.58312	7.57517	7.50487	7.78851	7.74815	7.70246	7.6693	7.75863
0.0812	7.54772	7.61968	7.46826	7.62372	7.68642	7.72509	7.80419	7.82903	7.82222
0.0818375	7.39302	7.57854	7.59841	7.73937	7.69335	7.69352	7.65439	7.65802	7.83191
0.082475	7.55095	7.48793	7.57076	7.49373	7.69394	7.67883	7.61486	7.56537	7.83547
0.0831125	7.4836	7.54487	7.55418	7.5702	7.64078	7.6299	7.68053	7.55057	7.84097
0.08375	7.41824	7.64181	7.59156	7.63459	7.62243	7.75025	7.69158	7.64194	7.79159
0.0844	7.41655	7.54379	7.52611	7.54635	7.61694	7.7028	7.7908	7.67254	7.90478
0.0850625	7.38713	7.51032	7.52411	7.5898	7.57959	7.76619	7.59514	7.62579	7.68945
0.085725	7.42639	7.62168	7.59101	7.67068	7.58909	7.76564	7.67573	7.79128	7.71369
0.0863875	7.42698	7.63481	7.45662	7.38916	7.72244	7.73396	7.73517	7.79317	7.78325
0.08705	7.40184	7.55384	7.53119	7.51917	7.79127	7.67354	7.52886	7.61582	7.81127
0.087725	7.34963	7.45359	7.4086	7.56462	7.58836	7.73714	7.6124	7.68705	7.92552
0.0884	7.48372	7.35533	7.62243	7.56551	7.71729	7.78383	7.54242	7.5975	7.9306
0.0890875	7.42513	7.59871	7.58627	7.5412	7.7642	7.56451	7.63899	7.6418	7.69202
0.089775	7.44362	7.50196	7.56527	7.60606	7.66036	7.78253	7.68175	7.55732	7.61253
0.0904625	7.50728	7.52192	7.59676	7.48193	7.81595	7.62134	7.48445	7.51159	7.70006
0.0911625	7.54727	7.43445	7.4749	7.55854	7.70579	7.68815	7.58777	7.72346	7.70822
0.0918625	7.51243	7.48805	7.56719	7.5392	7.72136	7.71211	7.58004	7.66667	7.85498
0.0925625	7.39256	7.64415	7.44507	7.6608	7.6463	7.6596	7.66357	7.52923	7.58409
0.093275	7.39903	7.5691	7.41912	7.52364	7.44758	7.74045	7.66507	7.66982	7.57604
0.0939875	7.35565	7.46559	7.40397	7.55015	7.57945	7.6538	7.62672	7.61423	7.72256
0.0947125	7.44123	7.42265	7.47219	7.47194	7.84616	7.65755	7.5917	7.48405	7.76195
0.0954375	7.38228	7.47105	7.40671	7.56314	7.70941	7.71027	7.64744	7.60152	7.77571
0.096175	7.34435	7.43725	7.61033	7.41864	7.71492	7.77009	7.51074	7.6432	7.65671
0.0969	7.47158	7.50253	7.48806	7.4412	7.73263	7.65253	7.63779	7.52566	7.72862
0.09765	7.41073	7.52998	7.47343	7.4583	7.67756	7.60144	7.50632	7.77432	7.78259
0.0983875	7.40603	7.54584	7.3989	7.50461	7.60503	7.6397	7.6127	7.57928	7.65537
0.09915	7.368	7.52369	7.62242	7.58187	7.5436	7.55678	7.42789	7.60893	7.76227
0.0999	7.37445	7.43444	7.39311	7.51528	7.52602	7.65168	7.63917	7.7149	7.79927
0.100662	7.3538	7.44678	7.42537	7.50732	7.70212	7.81608	7.59079	7.61353	7.61663
0.101425	7.4465	7.41268	7.44347	7.49944	7.55954	7.81453	7.453	7.69635	7.73219
0.1022	7.37817	7.33768	7.45978	7.48127	7.64618	7.61785	7.67571	7.53664	7.48626
0.102975	7.34634	7.49401	7.35402	7.48924	7.61317	7.59712	7.57269	7.60905	7.76195
0.103762	7.50625	7.41803	7.40692	7.36369	7.69102	7.70454	7.67234	7.65791	7.67788
0.10455	7.42096	7.56737	7.46049	7.46838	7.54955	7.65014	7.48198	7.56906	7.78015
0.10535	7.43473	7.39312	7.34087	7.42229	7.76242	7.70151	7.61664	7.6331	7.5865
0.10615	7.43828	7.39712	7.33369	7.42473	7.75737	7.67794	7.59091	7.46674	7.70754
0.10695	7.26327	7.35394	7.49594	7.43058	7.44325	7.73695	7.61774	7.59814	7.64148
0.107763	7.48467	7.48944	7.43912	7.364	7.6408	7.6077	7.71253	7.47243	7.74933
0.108575	7.38234	7.49328	7.36247	7.47907	7.48284	7.56521	7.64752	7.69171	7.63866
0.1094	7.38128	7.33159	7.44598	7.44	7.49075	7.67612	7.53343	7.57524	7.62099
0.110225	7.49735	7.28898	7.33914	7.49654	7.48798	7.64551	7.64566	7.70758	7.74256
0.111062	7.34479	7.4038	7.48398	7.39223	7.63472	7.63797	7.4473	7.58486	7.67631
0.1119	7.43545	7.41153	7.59778	7.43548	7.60508	7.57399	7.66075	7.52764	7.56594
0.11275	7.41242	7.47376	7.41319	7.40048	7.57191	7.55683	7.703	7.49695	7.65515
0.1136	7.5022	7.46286	7.4277	7.4856	7.66768	7.69393	7.51483	7.39744	7.67873
0.11445	7.35062	7.42607	7.38261	7.4803	7.6297	7.53322	7.56563	7.52661	7.59044
0.115313	7.3425	7.55428	7.45285	7.41903	7.62029	7.67032	7.36402	7.49177	7.59186
0.116187	7.39304	7.42039	7.44367	7.43611	7.60637	7.57557	7.56964	7.62963	7.60458
0.117063	7.29691	7.28662	7.44756	7.40901	7.55477	7.53721	7.46093	7.49563	7.49843
0.117937	7.39038	7.31555	7.2988	7.44865	7.52577	7.55517	7.6168	7.57009	7.54626
0.118825	7.26475	7.44505	7.42137	7.31169	7.44248	7.63032	7.56437	7.55138	7.7264
0.119713	7.46695	7.43495	7.41175	7.45519	7.4888	7.55286	7.45994	7.61647	7.55916
0.120613	7.40553	7.34906	7.36953	7.43236	7.55863	7.54983	7.53344	7.49814	7.64021
0.121525	7.3826	7.35946	7.37996	7.33533	7.48457	7.44989	7.55474	7.5144	7.54426
0.122437	7.38167	7.41122	7.38175	7.42953	7.55555	7.68665	7.61076	7.46845	7.52644
0.12335	7.34701	7.35574	7.40814	7.44889	7.55464	7.47725	7.58569	7.57796	7.67368
0.124275	7.31133	7.30149	7.363	7.40392	7.50993	7.53095	7.50426	7.49732	7.62628
0.125213	7.23841	7.42721	7.31436	7.41569	7.41945	7.5208	7.51851	7.51302	7.6661
0.12615	7.28597	7.37603	7.37232	7.35037	7.58506	7.5676	7.46324	7.53469	7.57848
0.127088	7.28526	7.28503	7.41247	7.4049	7.52943	7.48263	7.53856	7.55691	7.60355
0.128037	7.3573	7.24665	7.42541	7.34409	7.54549	7.54892	7.50138	7.53039	7.57302
0.129	7.25095	7.46531	7.3136	7.42802	7.46388	7.55448	7.56984	7.52756	7.63986
0.129963	7.31269	7.24363	7.2343	7.34859	7.51995	7.55381	7.46607	7.57448	7.62687
0.130925	7.26969	7.34362	7.28082	7.36965	7.55279	7.66964	7.58755	7.42714	7.68312
0.1319	7.34394	7.25316	7.29383	7.36048	7.59624	7.47298	7.48405	7.60132	7.53036
0.132887	7.27305	7.43595	7.23392	7.40493	7.53447	7.56436	7.43768	7.35999	7.53329
0.133875	7.36063	7.37553	7.31485	7.28675	7.53069	7.53341	7.45132	7.48107	7.60371
0.134875	7.27695	7.30842	7.38744	7.35618	7.5072	7.43993	7.55486	7.50848	7.56978
0.135888	7.24881	7.45568	7.3374	7.3238	7.40909	7.5677	7.4742	7.50939	7.50617
0.136888	7.23139	7.32804	7.3524	7.32696	7.47017	7.5884	7.4668	7.46925	7.59117
0.137912	7.31235	7.23621	7.42566	7.50532	7.4971	7.56983	7.36155	7.5583	7.63637
0.138938	7.31813	7.41741	7.29968	7.24371	7.40957	7.52461	7.3577	7.45703	7.50079
0.139962	7.22098	7.29695	7.25249	7.37686	7.42342	7.48413	7.43511	7.41287	7.55327
0.141013	7.24309	7.27897	7.36399	7.41453	7.52547	7.51295	7.39783	7.48362	7.56022
0.14205	7.35672	7.4017	7.30638	7.42029	7.51863	7.56126	7.40329	7.43779	7.52481
0.143112	7.2209	7.34415	7.28257	7.25326	7.52305	7.38701	7.3924	7.53731	7.56634
0.144175	7.3813	7.30064	7.21745	7.24816	7.43559	7.4165	7.3783	7.52102	7.35756
0.145238	7.2766	7.22451	7.2705	7.2771	7.38979	7.51147	7.47617	7.53015	7.56013
0.146313	7.1937	7.30574	7.29266	7.37465	7.33445	7.50016	7.4611	7.35475	7.43106
0.1474	7.29376	7.24229	7.35176	7.19278	7.56259	7.41511	7.39766	7.53848	7.64738
0.148487	7.36433	7.24958	7.35507	7.24621	7.49198	7.42581	7.4792	7.40872	7.59369
0.149587	7.15959	7.22027	7.35256	7.25092	7.35261	7.54397	7.32128	7.38404	7.51663
0.1507	7.1507	7.25416	7.27165	7.32182	7.53931	7.36631	7.44799	7.3527	7.51936
0.151812	7.244	7.32251	7.27025	7.29649	7.21402	7.52392	7.4367	7.44189	7.47569
0.152925	7.15071	7.29651	7.25497	7.28307	7.38343	7.41084	7.39477	7.46113	7.4538
0.154062	7.18138	7.23469	7.26421	7.36546	7.37077	7.3797	7.44011	7.41469	7.52391
0.1552	7.20942	7.20526	7.28589	7.30455	7.40006	7.53788	7.37892	7.43434	7.66474
0.156337	7.10773	7.24803	7.21075	7.24025	7.38104	7.50078	7.48661	7.48854	7.56342
0.1575	7.18778	7.12442	7.27797	7.3301	7.33082	7.46674	7.35218	7.43056	7.62296
0.15865	7.1689	7.28302	7.314	7.38104	7.53789	7.49229	7.42046	7.41147	7.45517
0.159825	7.23698	7.28433	7.19383	7.20056	7.51126	7.4621	7.47385	7.32497	7.4787
0.161	7.11217	7.16799	7.21333	7.29967	7.37103	7.52617	7.42332	7.35907	7.48026
0.162188	7.07517	7.24242	7.21542	7.25833	7.45388	7.47429	7.38827	7.34869	7.42134
0.163375	7.16135	7.19356	7.17086	7.41422	7.45106	7.43876	7.31982	7.40544	7.53514
0.164587	7.19499	7.2542	7.36833	7.22485	7.41906	7.48176	7.43016	7.35292	7.41899
0.165788	7.11737	7.32747	7.15897	7.14557	7.24575	7.43236	7.37278	7.30975	7.44387
0.167012	7.17189	7.31734	7.18809	7.24521	7.30827	7.43542	7.35695	7.4259	7.49904
0.168238	7.10824	7.27432	7.12368	7.31277	7.30901	7.42427	7.38753	7.38108	7.43411
0.169475	7.23734	7.21554	7.05465	7.29196	7.28215	7.3454	7.31889	7.39507	7.55218
0.170713	7.1361	7.19922	7.21468	7.19307	7.36501	7.46915	7.39002	7.32969	7.478
0.171975	7.09894	7.18815	7.16861	7.22912	7.47472	7.49555	7.3507	7.43871	7.45525
0.173238	7.10636	7.22919	7.15842	7.25499	7.41697	7.45332	7.3328	7.44151	7.48595
0.1745	7.15446	7.19522	7.2119	7.21602	7.39856	7.4836	7.26291	7.34209	7.46699
0.175775	7.17018	7.07301	7.15394	7.24513	7.31379	7.39681	7.40738	7.30603	7.36602
0.177062	7.11792	7.21789	7.14819	7.26162	7.28205	7.4411	7.35686	7.40258	7.37176
0.178363	7.16717	7.21224	7.19338	7.22887	7.39466	7.42527	7.27897	7.37092	7.42027
0.179675	7.10847	7.23475	7.19241	7.17126	7.47545	7.38361	7.21558	7.37015	7.5058
0.180988	7.0922	7.18975	7.22629	7.17812	7.39787	7.37346	7.30802	7.29992	7.36101
0.182313	7.07681	7.18621	7.22467	7.31505	7.40656	7.4111	7.25816	7.33901	7.28318
0.183637	7.18244	7.07067	7.23628	7.18754	7.32193	7.31623	7.32247	7.30819	7.37982
0.184988	7.15404	7.1833	7.07435	7.23486	7.42442	7.30771	7.27672	7.38743	7.43339
0.186338	7.12415	7.17717	7.19242	7.10236	7.27021	7.42003	7.31051	7.38356	7.40254
0.1877	7.16886	7.27365	7.04839	7.14913	7.29815	7.38559	7.27819	7.32312	7.45182
0.189063	7.18287	7.23107	7.07853	7.13	7.26676	7.39181	7.28804	7.38854	7.39472
0.19045	7.02932	7.13852	7.16854	7.25602	7.31084	7.33402	7.24432	7.30045	7.40804
0.191838	7.03856	7.16313	7.26913	7.12487	7.26222	7.27399	7.24109	7.27579	7.39277
0.193237	7.12712	7.23601	7.14478	7.19539	7.15708	7.30215	7.22552	7.30988	7.41563
0.19465	7.09761	7.15486	7.16359	7.11856	7.32172	7.42325	7.2835	7.3597	7.33985
0.196063	7.02535	7.15021	7.20037	7.18515	7.33862	7.34711	7.32151	7.31328	7.36222
0.197488	7.06932	7.12698	7.1853	7.10531	7.32568	7.29745	7.24333	7.33453	7.39347
0.198925	7.04267	7.11984	7.1004	7.23589	7.2643	7.35116	7.18902	7.3396	7.43429
0.200375	7.07763	7.19037	7.10029	7.08513	7.42142	7.34069	7.22607	7.32028	7.24923
0.201837	7.03641	7.11248	7.20628	7.17915	7.35835	7.25045	7.34733	7.30965	7.46016
0.2033	7.10008	7.19788	7.24611	7.21498	7.34996	7.30815	7.27947	7.31495	7.30421
0.204787	7.00125	7.06046	7.12438	7.18729	7.17221	7.31034	7.16279	7.30304	7.3778
0.206275	7.13291	7.0366	7.08953	7.19741	7.34595	7.26616	7.19354	7.37518	7.35952
0.207775	7.05442	7.03322	7.14575	7.08966	7.26351	7.21914	7.2168	7.19555	7.36435
0.209275	7.112	7.21332	7.17859	7.03206	7.22639	7.31755	7.18627	7.27059	7.3545
0.2108	7.06013	7.13588	7.12953	7.09915	7.18602	7.35462	7.20041	7.25311	7.33486
0.212325	7.0762	7.10246	7.12797	7.16171	7.18095	7.3259	7.2942	7.30543	7.26381
0.213875	7.08832	7.05934	7.13725	7.14154	7.32096	7.37069	7.24321	7.20021	7.23824
0.215425	7.08497	7.07324	7.04745	7.08236	7.22241	7.33929	7.15827	7.24745	7.36525
0.216988	7.05304	7.07714	7.11558	7.14235	7.28883	7.22626	7.21667	7.24549	7.31188
0.218562	7.03779	7.119	7.0594	7.16153	7.27453	7.27638	7.2087	7.39631	7.3275
0.22015	7.04511	7.15774	7.01204	7.18999	7.13102	7.23423	7.23794	7.27223	7.25872
0.221738	6.96533	7.12774	7.08671	7.04483	7.14578	7.20231	7.19451	7.26393	7.27227
0.22335	7.07139	7.12338	7.00328	7.19914	7.31714	7.22783	7.23986	7.29104	7.43379
0.224963	7.02672	7.05894	7.14407	7.1747	7.21311	7.23811	7.30467	7.16928	7.37257
0.226588	7.06448	7.05168	7.03452	7.09818	7.22077	7.30017	7.1926	7.23703	7.24849
0.228237	7.08052	7.0856	7.1138	7.17946	7.23223	7.26029	7.18426	7.32209	7.32926
0.229888	6.97687	7.16714	7.06902	7.12167	7.2354	7.32743	7.26541	7.16187	7.27006
0.23155	6.99404	7.07814	6.95856	7.06096	7.21645	7.13005	7.15865	7.16126	7.26569
0.233225	7.05368	7.07392	7.07896	7.14401	7.10623	7.21632	7.19279	7.19544	7.25827
0.234912	7.03627	7.04681	7.0186	7.11519	7.25249	7.28672	7.06621	7.20267	7.24266
0.2366	6.96366	7.00555	7.09532	7.09558	7.26241	7.23296	7.1739	7.16231	7.25515
0.238312	6.95249	7.0315	6.99761	7.10786	7.15185	7.22689	7.1768	7.25591	7.25396
0.240038	7.04288	7.06757	6.9923	7.04672	7.21604	7.17856	7.1692	7.2139	7.28046
0.241763	7.02518	7.09251	6.93146	7.12737	7.19283	7.22747	7.16917	7.17305	7.27992
0.243512	7.03161	7.05238	7.01644	7.07112	7.12361	7.28808	7.18463	7.23237	7.28943
0.245275	6.93994	6.95776	7.01569	7.12668	7.16973	7.18095	7.11007	7.1188	7.26273
0.247038	6.92013	7.01796	7.10462	7.04415	7.16815	7.17005	7.14766	7.21047	7.22366
0.248825	7.05502	7.0177	7.0065	7.15209	7.12543	7.20131	7.16858	7.174	7.25105
0.250612	6.97865	6.96572	7.09101	7.03818	7.26293	7.21473	7.14759	7.19139	7.27682
0.252425	6.92832	7.04416	6.99929	7.06216	7.15575	7.19204	7.21011	7.20297	7.30164
0.254238	6.96528	7.00944	7.0866	6.97243	7.23304	7.1827	7.195	7.06399	7.21953
0.256075	6.97362	6.99113	6.94926	7.01945	7.09548	7.16608	7.25123	7.11091	7.13389
0.257912	6.9409	7.00859	6.99306	7.07736	7.20086	7.12318	7.07112	7.27589	7.16121
0.259775	6.9407	6.96385	7.02884	6.99138	7.18106	7.17403	7.15909	7.12141	7.18646
0.26165	7.02174	6.9747	7.04853	7.01723	7.17846	7.19416	7.15324	7.22607	7.30285
0.263525	6.93776	6.99693	6.92176	7.0085	7.21281	7.1615	7.14909	7.09571	7.23639
0.265425	6.90973	7.03268	7.04457	7.05009	7.11054	7.17706	7.10215	7.14189	7.19339
0.267338	6.93308	7.05252	6.9791	6.98508	7.15694	7.23835	7.12051	7.2563	7.23395
0.26925	6.93755	7.0117	7.05457	7.02213	7.17278	7.19094	7.08462	7.12705	7.27189
0.271188	6.95307	7.01576	7.00046	7.0338	7.21254	7.15805	7.06228	7.1837	7.23762
0.273138	6.89987	7.01663	7.01754	7.048	7.14531	7.14606	7.19709	7.15323	7.26413
0.2751	6.9109	6.96476	6.95796	6.97862	7.1196	7.07543	7.04904	7.13683	7.20885
0.277075	6.88214	7.00364	6.95581	6.99258	7.06546	7.09746	7.10182	7.10737	7.14839
0.279063	6.95336	7.00491	6.91709	7.02543	7.10368	7.15155	7.13561	7.13814	7.21484
0.281075	6.95537	6.91792	6.96954	7.0239	7.12921	7.16871	7.11197	7.11497	7.23532
0.283087	6.94202	6.99093	6.97003	7.01207	7.13061	7.14802	7.13487	7.10183	7.20837
0.285125	6.94593	6.98381	7.02085	6.97573	7.0978	7.11425	7.01481	7.07423	7.19179
0.287163	6.8838	6.97774	6.97662	7.06059	7.15267	7.07509	7.07645	7.14488	7.1401
0.289225	6.89723	7.01708	6.98601	6.98056	7.10727	7.16356	7.0983	7.0869	7.22051
0.2913	6.9091	6.91509	6.86636	7.0589	7.08377	7.17956	7.09629	7.13784	7.25345
0.293388	6.94227	6.88564	6.96609	6.99351	7.20715	7.10739	7.11542	7.02876	7.21265
0.295487	6.90503	6.93956	6.90952	6.9936	7.1572	7.1649	7.09815	7.0399	7.1851
0.297612	6.92461	6.95573	6.87395	7.03116	7.07523	7.06702	7.10954	7.14397	7.09402
0.299738	6.89234	6.90663	6.94934	7.01604	7.1459	7.07704	7.04156	7.0907	7.18969
0.301888	6.93214	7.0535	6.94326	6.94798	7.11237	7.1499	7.1192	7.054	7.13897
0.30405	6.88831	6.96694	6.9102	6.97404	7.06378	7.11258	7.06723	7.06221	7.05925
0.306225	6.92357	6.91226	6.92445	6.9736	7.10555	7.10159	7.13068	7.09937	7.15554
0.308425	6.81891	6.95288	6.87074	6.91315	7.13504	7.1133	7.01399	7.07703	7.18882
0.310625	6.84929	6.92973	6.8677	7.03698	7.05906	7.16119	7.12276	7.0785	7.13577
0.31285	6.87332	6.93314	6.89587	6.93895	7.14602	7.12538	7.04042	7.0758	7.11608
0.315087	6.90846	6.9007	6.89239	6.95214	7.16534	7.12537	7.03789	7.08299	7.09434
0.317338	6.89232	6.95194	6.88877	6.98001	7.08096	7.1635	7.10218	7.01594	7.17917
0.319613	6.83667	6.87553	6.94411	6.95104	7.08796	7.1281	6.99829	7.12794	7.17102
0.3219	6.84107	6.96181	6.83554	6.97377	7.08778	7.14462	7.06099	7.02068	7.06526
0.3242	6.84053	6.96433	6.84189	6.99896	7.10688	7.06002	6.99802	7.15963	7.15985
0.326512	6.83895	6.96446	6.89778	6.94532	7.09037	7.1132	7.07872	7.07881	7.15371
0.32885	6.89644	6.83498	6.91632	6.90668	7.08169	7.02792	7.04209	7.09148	7.23208
0.331187	6.83808	6.87384	6.88121	6.92441	7.10281	7.08846	7.06232	7.06947	7.10546
0.333562	6.84971	6.9124	6.87136	6.94699	7.03264	7.06883	7.03747	7.10437	7.08998
0.335938	6.87409	6.9336	6.8817	6.92329	6.95938	7.13797	7.11529	7.05653	6.98502
0.338338	6.77779	6.87804	6.93325	6.87625	7.10484	7.0723	7.06002	7.00935	7.18651
0.34075	6.91408	6.83387	6.90756	6.90375	7.01026	7.08573	6.99031	6.9844	7.11736
0.343188	6.84119	6.93014	6.94549	6.97627	7.10444	7.09065	7.04214	7.02459	7.10322
0.345638	6.75611	6.85105	6.92089	6.85794	7.02334	7.09008	6.93706	6.97537	7.05993
0.3481	6.83877	6.90443	6.88796	6.87511	7.00382	7.0327	7.03152	7.02899	7.14384
0.350575	6.78773	6.90047	6.86213	6.93534	7.05591	7.093	6.96923	7.0717	7.10722
0.353075	6.75252	6.83801	6.86001	6.90808	7.01631	7.08228	7.04195	6.99742	7.08032
0.3556	6.77658	6.87693	6.90938	6.8771	7.05959	7.04553	7.10236	7.04885	7.09507
0.358125	6.87801	6.80455	6.80209	6.88664	7.04478	7.00541	7.0195	7.00647	7.10485
0.360675	6.86238	6.90059	6.85696	6.96271	6.99983	7.07318	6.99535	6.95422	7.20148
0.36325	6.7937	6.77036	6.86346	6.91399	6.98606	7.09308	7.05513	7.0256	7.18975
0.365838	6.80038	6.86811	6.87731	6.92181	6.96957	7.05475	6.96286	6.97572	7.11365
0.368437	6.80937	6.91331	6.84173	6.87745	7.00613	7.08806	6.91101	6.95184	7.04946
0.371062	6.78634	6.80586	6.90286	6.84828	6.96077	7.03164	6.9637	6.98781	7.14901
0.373713	6.71064	6.81064	6.91288	6.86632	7.02769	6.99746	7.00206	7.06279	7.08348
0.376363	6.82567	6.82956	6.88241	6.89652	6.95531	7.0065	7.01294	6.94249	7.0771
0.37905	6.76682	6.90707	6.7859	6.97228	6.93207	7.00995	6.98811	7.01971	7.0844
0.381738	6.79918	6.8398	6.75406	6.80835	6.91459	7.05614	6.98767	6.96764	7.1274
0.384463	6.75245	6.77575	6.80244	6.89357	6.97363	7.00355	6.9925	6.9892	7.08455
0.387188	6.76566	6.82632	6.83576	6.81501	7.05044	6.99603	6.94793	6.99675	7.0631
0.38995	6.78539	6.85987	6.78025	6.85271	7.0289	7.03301	6.90534	7.04198	7.08361
0.392713	6.82151	6.79712	6.76789	6.81816	6.99447	7.03085	6.98392	7.0077	7.01396
0.395512	6.81464	6.83251	6.84746	6.93154	6.93337	6.99139	6.95734	7.00154	7.0826
0.398325	6.80917	6.75	6.77187	6.86742	7.0078	7.01394	6.91493	6.97729	6.99241
0.40115	6.80321	6.9146	6.84744	6.86206	6.97209	6.99817	6.93826	6.95614	6.9933
0.404	6.74303	6.81935	6.84226	6.89642	7.04364	6.99507	6.96933	7.0146	7.05114
0.406875	6.71151	6.8253	6.83381	6.86492	6.99938	7.03103	6.90325	6.96993	7.09081
0.409763	6.73312	6.8526	6.79258	6.8287	6.94716	6.9484	6.89511	6.95053	7.09135
0.412663	6.81817	6.86811	6.78968	6.85982	6.98045	6.99287	6.91095	6.98751	7.03681
0.4156	6.74455	6.79373	6.80914	6.86314	6.99086	7.0014	6.93568	6.89969	7.0431
0.41855	6.7143	6.78893	6.79589	6.8089	6.94186	7.01259	6.94058	6.95833	7.05339
0.421525	6.76048	6.81805	6.7959	6.80743	6.98009	6.94491	6.89986	6.93969	7.04709
0.424513	6.73474	6.77046	6.79084	6.82947	6.977	7.0298	6.96076	6.96175	6.93418
0.427525	6.6807	6.80307	6.7998	6.82337	6.90448	6.98252	7.01656	6.9457	7.09391
0.43055	6.76345	6.81348	6.73241	6.76124	6.92298	6.95802	6.93083	6.98534	7.0529
0.433612	6.73031	6.76381	6.8266	6.85206	6.90934	6.9543	6.9034	6.95231	7.03062
0.436687	6.71151	6.77029	6.78829	6.78172	6.95202	6.97644	6.9326	6.98087	7.04943
0.439775	6.77472	6.73654	6.79684	6.83901	6.8966	6.96403	6.89858	6.99111	6.9388
0.4429	6.74314	6.75711	6.87798	6.84405	6.90686	6.92689	6.94717	6.93242	7.06302
0.446038	6.73901	6.77992	6.76939	6.82162	6.96404	7.00016	6.8693	6.85302	7.06559
0.4492	6.73266	6.83874	6.7354	6.87093	6.98608	6.87238	6.88017	6.94847	7.01723
0.452375	6.78092	6.79581	6.80329	6.78969	6.9127	6.94941	6.93016	6.92565	7.01841
0.455588	6.71717	6.77246	6.85372	6.8007	6.94784	6.96741	6.91435	6.88114	7.02491
0.458813	6.72769	6.80599	6.7237	6.84258	6.91597	6.9994	6.93441	6.98083	7.0199
0.462063	6.74875	6.76308	6.79693	6.82357	6.92007	6.97531	6.98469	6.87544	7.00728
0.465338	6.72678	6.74049	6.76152	6.79561	6.97687	6.97436	6.92691	6.92942	6.9752
0.468625	6.755	6.76631	6.74116	6.77403	6.87068	6.90819	6.92295	6.92371	7.06581
0.47195	6.73234	6.78067	6.74649	6.80042	6.93146	6.93933	6.93063	7.02313	7.01003
0.475287	6.74554	6.70861	6.79222	6.74816	6.85397	7.03695	6.88709	6.95817	6.98333
0.47865	6.71915	6.70411	6.73119	6.73628	6.8527	6.9772	6.89247	6.92312	7.0112
0.482038	6.67405	6.80086	6.7598	6.85949	6.8326	6.93795	6.83141	6.90881	7.05403
0.48545	6.67809	6.76229	6.75643	6.76193	6.89112	6.95066	6.89338	6.87682	6.97539
0.488887	6.73208	6.74452	6.77882	6.7689	6.8777	6.97041	6.80195	6.87427	7.02565
0.492337	6.758	6.73245	6.73823	6.75186	6.94605	6.88059	6.82691	6.93338	6.97116
0.495825	6.67218	6.71935	6.73454	6.81986	6.86459	6.88589	6.82914	6.90204	6.98299
0.499325	6.69969	6.76737	6.73841	6.84488	6.89729	6.9457	6.86379	6.86151	6.99169
0.502863	6.67237	6.78277	6.7412	6.74778	6.88276	6.91231	6.87036	6.91886	6.95702
0.506413	6.70735	6.76424	6.67471	6.77785	6.86565	6.93315	6.93628	6.88203	6.96833
0.51	6.68637	6.77776	6.73533	6.77987	6.90093	6.91211	6.87398	6.84668	6.98657
0.5136	6.64765	6.71227	6.75773	6.77219	6.89421	6.90076	6.83786	6.84472	6.97755
0.517225	6.6431	6.7128	6.70279	6.82505	6.93162	6.9128	6.89189	6.91541	6.97923
0.520887	6.7072	6.74509	6.71606	6.68708	6.92374	6.95578	6.85593	6.92668	6.93293
0.524562	6.69143	6.77022	6.77298	6.77626	6.89566	6.8784	6.8698	6.88047	6.96058
0.528275	6.6577	6.73199	6.74813	6.77766	6.87187	6.99491	6.90687	6.8783	6.99027
0.532	6.64186	6.70028	6.77734	6.71086	6.84381	6.91303	6.87884	6.96532	6.93494
0.535762	6.65364	6.78136	6.70134	6.7616	6.88797	6.87083	6.86459	6.91697	6.97643
0.539537	6.67717	6.72308	6.729	6.75043	6.91564	6.95613	6.83028	6.88262	7.04157
0.54335	6.68447	6.74592	6.73144	6.79292	6.86052	6.88054	6.83827	6.8644	6.98722
0.547188	6.62319	6.76087	6.7466	6.72998	6.90878	6.91731	6.85561	6.86697	6.95722
0.55105	6.639	6.70964	6.77425	6.73402	6.88634	6.95288	6.86088	6.86345	6.96302
0.554937	6.62168	6.74208	6.70749	6.69533	6.89451	6.88067	6.90571	6.96117	6.91589
0.55885	6.64296	6.74325	6.73513	6.7433	6.84837	6.89713	6.93352	6.82611	6.89915
0.5628	6.68738	6.69019	6.72256	6.76773	6.85384	6.89659	6.80061	6.87302	6.94507
0.566763	6.59195	6.71692	6.73474	6.71307	6.84722	6.91633	6.82395	6.90627	6.92074
0.570763	6.69263	6.73391	6.70731	6.77551	6.88589	6.9123	6.83079	6.86951	6.88337
0.574787	6.63455	6.73179	6.71017	6.67204	6.88502	6.88476	6.84358	6.86029	6.95576
0.578838	6.62083	6.71071	6.71155	6.70453	6.8198	6.88873	6.88145	6.83336	6.94865
0.582925	6.64335	6.71934	6.74323	6.74844	6.8969	6.86335	6.84369	6.81831	6.96255
0.587038	6.65133	6.72609	6.71938	6.77626	6.84065	6.91057	6.84629	6.86108	6.89131
0.591175	6.63779	6.77833	6.6987	6.72645	6.87333	6.88627	6.8795	6.90293	6.94122
0.595338	6.62108	6.63258	6.74609	6.77135	6.82145	6.95954	6.83487	6.89224	6.93505
0.599537	6.63958	6.71319	6.69812	6.75056	6.88162	6.87219	6.82157	6.81907	6.8899
0.603763	6.61917	6.68741	6.73779	6.75285	6.91584	6.86692	6.84797	6.85764	6.94521
0.608012	6.65061	6.70514	6.68327	6.72869	6.83731	6.90654	6.87093	6.84714	6.89348
0.6123	6.60749	6.70768	6.73332	6.72992	6.84355	6.88329	6.8337	6.84832	6.93824
0.616612	6.57362	6.73085	6.69297	6.69577	6.81333	6.8109	6.84073	6.78928	6.93616
0.620963	6.63224	6.71135	6.65906	6.71112	6.81656	6.88201	6.81348	6.8255	6.92397
0.625325	6.56984	6.73009	6.69403	6.68726	6.89403	6.86327	6.82675	6.86429	6.93299
0.629737	6.63881	6.64073	6.66942	6.67383	6.82895	6.88953	6.79868	6.85039	6.9424
0.634175	6.62962	6.72069	6.68565	6.70965	6.85183	6.91608	6.80829	6.82823	6.94109
0.638637	6.65819	6.65547	6.69609	6.70053	6.8895	6.89551	6.85138	6.88461	6.94416
0.643125	6.66362	6.67198	6.69175	6.72787	6.8442	6.85084	6.80796	6.87066	6.98954
0.647663	6.61039	6.70544	6.73748	6.69619	6.7581	6.85523	6.81302	6.81075	6.95797
0.652213	6.60731	6.67703	6.7276	6.72243	6.83358	6.8847	6.83596	6.77576	6.9565
0.656812	6.64536	6.64914	6.65492	6.68805	6.88033	6.87559	6.81453	6.83458	6.89686
0.661425	6.60564	6.72252	6.68734	6.68845	6.84117	6.86012	6.8339	6.78473	6.91714
0.666088	6.59748	6.61093	6.72276	6.72369	6.85189	6.86388	6.78339	6.77147	6.90648
0.670775	6.5767	6.74082	6.74433	6.69284	6.80448	6.88813	6.79308	6.81768	6.92374
0.675488	6.592	6.67656	6.68688	6.68886	6.78252	6.8518	6.79696	6.87755	6.86938
0.680237	6.6426	6.70149	6.64344	6.66937	6.7863	6.89223	6.81366	6.84387	6.93848
0.685025	6.64244	6.66917	6.6639	6.72815	6.79757	6.88333	6.79433	6.85905	6.91035
0.689838	6.64364	6.68407	6.65405	6.72639	6.80283	6.90167	6.84043	6.88198	6.93581
0.694687	6.64251	6.65905	6.65016	6.66502	6.85712	6.8846	6.80261	6.85356	6.91648
0.699575	6.57013	6.67917	6.63116	6.63798	6.80815	6.8336	6.84726	6.81383	6.91821
0.7045	6.61708	6.62682	6.6498	6.72389	6.88932	6.84091	6.76358	6.81132	6.89973
0.70945	6.61736	6.61673	6.70401	6.67166	6.78296	6.87186	6.85028	6.81142	6.98529
0.714437	6.61889	6.67041	6.6954	6.69282	6.84748	6.85997	6.84476	6.81711	6.87279
0.719463	6.57435	6.64879	6.69253	6.74221	6.84289	6.85728	6.81525	6.84935	6.87765
0.724513	6.62948	6.6172	6.69943	6.73448	6.78365	6.83625	6.78485	6.80995	6.85731
0.7296	6.59226	6.69406	6.65093	6.71913	6.84959	6.88257	6.77564	6.8541	6.91668
0.734738	6.58367	6.63307	6.64916	6.69981	6.78981	6.85292	6.82479	6.80774	6.92709
0.7399	6.6356	6.66586	6.6908	6.65561	6.8337	6.85056	6.82541	6.81144	6.94332
0.745088	6.59649	6.65489	6.67055	6.68348	6.8032	6.79753	6.77218	6.79009	6.86172
0.750325	6.60226	6.66435	6.64974	6.73995	6.84309	6.8059	6.7935	6.84965	6.91032
0.7556	6.59719	6.67519	6.64701	6.73669	6.82812	6.85586	6.79264	6.85238	6.87158
0.7609	6.63556	6.67318	6.64955	6.67503	6.79547	6.83776	6.76841	6.82095	6.86395
0.76625	6.57693	6.63889	6.65049	6.69309	6.85771	6.81196	6.75955	6.77654	6.89971
0.771625	6.58323	6.6684	6.68731	6.6913	6.79042	6.82595	6.79094	6.83242	6.93314
0.77705	6.55505	6.63671	6.65445	6.68654	6.78548	6.83993	6.78076	6.79458	6.93507
0.7825	6.59038	6.65008	6.65405	6.69874	6.8664	6.8674	6.76045	6.79314	6.90459
0.788	6.56934	6.62303	6.66308	6.68766	6.84371	6.85053	6.78733	6.82004	6.85114
0.793525	6.61336	6.66465	6.66205	6.66838	6.82175	6.87014	6.76217	6.74818	6.89111
0.7991	6.62656	6.66493	6.61734	6.6756	6.78592	6.83755	6.82063	6.82432	6.86697
0.8047	6.57329	6.63205	6.6724	6.72351	6.81955	6.80149	6.76599	6.82108	6.89561
0.81035	6.59369	6.57852	6.66018	6.69628	6.77563	6.82126	6.80453	6.75487	6.89827
0.816037	6.54852	6.67939	6.65829	6.6996	6.81819	6.78455	6.80999	6.80335	6.94807
0.821763	6.57683	6.65643	6.70077	6.68833	6.7828	6.83438	6.784	6.79626	6.85925
0.827525	6.62226	6.62616	6.70553	6.68132	6.73142	6.83616	6.76027	6.82406	6.84551
0.833337	6.58114	6.62976	6.68808	6.64499	6.80015	6.88699	6.79339	6.81856	6.8762
0.839175	6.61536	6.64549	6.63694	6.65566	6.82206	6.86256	6.7425	6.84816	6.87969
0.845062	6.56147	6.655	6.64733	6.7095	6.81756	6.85407	6.77344	6.79912	6.92539
0.851	6.59459	6.63066	6.64253	6.69391	6.81777	6.84751	6.76195	6.80938	6.91069
0.856963	6.61576	6.6037	6.64963	6.66095	6.78851	6.84912	6.80032	6.7742	6.86387
0.862975	6.58682	6.64069	6.69073	6.65809	6.75856	6.81879	6.78668	6.74982	6.89647
0.869025	6.59091	6.62182	6.61595	6.63317	6.77943	6.81898	6.80645	6.79228	6.91176
0.875112	6.55664	6.63262	6.60418	6.6643	6.80134	6.86889	6.78975	6.8192	6.86745
0.88125	6.59656	6.62331	6.64894	6.69004	6.81751	6.84646	6.84226	6.80353	6.85963
0.887425	6.62301	6.62968	6.67294	6.62638	6.8003	6.84695	6.7986	6.80323	6.85671
0.89365	6.61758	6.63064	6.68764	6.68197	6.75828	6.83375	6.82547	6.84547	6.88036
0.899912	6.60576	6.63649	6.66107	6.71378	6.82553	6.81034	6.81518	6.80407	6.89153
0.906225	6.61216	6.65099	6.64884	6.68764	6.7479	6.82711	6.7262	6.82673	6.86119
0.912575	6.59282	6.6328	6.6421	6.68221	6.79244	6.82053	6.79773	6.81719	6.86632
0.918962	6.61812	6.67649	6.59524	6.69187	6.77543	6.81773	6.78317	6.77652	6.87925
0.9254	6.59966	6.66735	6.64778	6.67585	6.77617	6.85439	6.75397	6.83512	6.84955
0.931888	6.60156	6.6715	6.60216	6.68317	6.79713	6.84614	6.80676	6.80192	6.92184
0.938412	6.57605	6.68076	6.69483	6.71755	6.77427	6.78707	6.79873	6.74852	6.89813
0.944987	6.5864	6.60415	6.65121	6.6649	6.81031	6.85642	6.78543	6.82134	6.87001
0.951612	6.5524	6.64096	6.64574	6.67313	6.77277	6.85532	6.78349	6.80975	6.9095
0.958275	6.58707	6.65136	6.62569	6.72232	6.7856	6.78904	6.79599	6.8395	6.92341
0.964988	6.58112	6.666	6.63379	6.66571	6.76246	6.82755	6.76988	6.81277	6.89634
0.97175	6.58254	6.64055	6.64514	6.66293	6.76634	6.81438	6.77755	6.81075	6.86651
0.97855	6.62293	6.62103	6.65359	6.69551	6.75037	6.89267	6.77596	6.79152	6.84408
0.9854	6.5879	6.67739	6.63111	6.64706	6.84952	6.81637	6.81104	6.78535	6.89274
0.9923	6.6205	6.61551	6.64673	6.70731	6.80479	6.83566	6.71844	6.81489	6.86626
0.99925	6.60618	6.59308	6.68697	6.65095	6.76178	6.80434	6.80406	6.80996	6.86936
1.00625	6.55093	6.65307	6.64991	6.65781	6.74846	6.82586	6.79826	6.78931	6.88704
1.01329	6.56289	6.61438	6.66257	6.68007	6.77437	6.82408	6.77556	6.79946	6.86999
1.02039	6.57939	6.64393	6.61764	6.65438	6.82901	6.83747	6.76134	6.80373	6.85961
1.02752	6.57718	6.68671	6.65176	6.69055	6.78898	6.85449	6.75223	6.80376	6.89888
1.03472	6.5901	6.64968	6.62285	6.671	6.82105	6.81574	6.75776	6.76761	6.92642
1.04196	6.56098	6.62857	6.62057	6.68145	6.76225	6.82315	6.79726	6.79295	6.83
1.04925	6.58872	6.65567	6.64837	6.67675	6.77916	6.8319	6.78577	6.80123	6.89018
1.0566	6.56477	6.66819	6.65238	6.66022	6.78556	6.83426	6.79963	6.78765	6.85068
1.06399	6.56953	6.67354	6.6786	6.66281	6.81273	6.81106	6.8124	6.76874	6.86949
1.07144	6.62837	6.64513	6.6108	6.69818	6.79141	6.8584	6.82196	6.78756	6.86036
1.07893	6.62165	6.65951	6.59591	6.68975	6.77981	6.81606	6.80522	6.79763	6.88167
1.08648	6.61395	6.65743	6.64678	6.64379	6.79937	6.82095	6.77415	6.78322	6.83289
1.09407	6.54427	6.61413	6.66638	6.68549	6.77758	6.80422	6.7302	6.78014	6.8211
1.10174	6.60089	6.65212	6.64931	6.65892	6.80199	6.80427	6.80469	6.7667	6.88779
1.10944	6.60758	6.61494	6.61613	6.68453	6.77887	6.81643	6.74256	6.775	6.92725
1.1172	6.60713	6.64231	6.65142	6.68528	6.78537	6.80456	6.79152	6.80079	6.89467
1.12501	6.60051	6.63401	6.65532	6.66563	6.78979	6.88137	6.78556	6.75864	6.83759
1.13287	6.57269	6.60264	6.66148	6.69308	6.774	6.81243	6.77498	6.78877	6.89992
1.1408	6.6052	6.60936	6.66564	6.6979	6.82742	6.83139	6.76193	6.77419	6.90202
1.14877	6.56977	6.58528	6.65494	6.69326	6.80314	6.79119	6.77277	6.81923	6.87034
1.15681	6.55814	6.66621	6.65169	6.68355	6.80786	6.86146	6.76994	6.77743	6.84291
1.1649	6.59701	6.65128	6.63172	6.70253	6.81911	6.79783	6.74627	6.80199	6.90222
1.17304	6.56591	6.69362	6.58106	6.63988	6.79437	6.86335	6.76923	6.81942	6.8793
1.18124	6.58427	6.65351	6.66637	6.65505	6.79197	6.82791	6.74829	6.7795	6.88204
1.1895	6.55499	6.64502	6.65965	6.65832	6.76451	6.83704	6.80902	6.78415	6.86432
1.19781	6.58968	6.68052	6.63939	6.69486	6.75942	6.81586	6.81018	6.7891	6.87977
1.20619	6.57933	6.68359	6.6333	6.67603	6.79094	6.79524	6.78397	6.76536	6.8566
1.21461	6.59957	6.66189	6.605	6.72257	6.79498	6.83305	6.76714	6.77107	6.87442
1.2231	6.56605	6.62798	6.62155	6.69129	6.81663	6.80911	6.78522	6.78902	6.8688
1.23165	6.59453	6.65662	6.65124	6.66151	6.80236	6.8388	6.77549	6.78673	6.87844
1.24026	6.59835	6.64288	6.65382	6.64402	6.82661	6.85406	6.79083	6.79378	6.84458
1.24892	6.55778	6.62337	6.62637	6.67026	6.81265	6.81667	6.76351	6.81624	6.90325
1.25765	6.57619	6.62779	6.63167	6.68552	6.80409	6.84467	6.78563	6.77524	6.86317
1.26644	6.56753	6.61711	6.6615	6.68599	6.81858	6.79488	6.76212	6.82421	6.85826
1.27529	6.60315	6.6516	6.64702	6.66921	6.78638	6.82447	6.76103	6.77696	6.8694
1.2842	6.58442	6.66006	6.67644	6.6603	6.75792	6.81903	6.83579	6.80711	6.82447
1.29316	6.56872	6.64464	6.64782	6.68365	6.77233	6.83174	6.80327	6.7846	6.87422
1.3022	6.61047	6.62864	6.66874	6.69747	6.78316	6.82629	6.81252	6.81155	6.85239
1.3113	6.59423	6.70128	6.69096	6.70805	6.814	6.8532	6.81389	6.82952	6.88464
1.32045	6.58072	6.66336	6.65258	6.68497	6.80959	6.80186	6.81105	6.81243	6.86673
1.32967	6.61128	6.63724	6.59456	6.64645	6.80181	6.85551	6.79818	6.8253	6.8896
1.33896	6.62802	6.62487	6.6723	6.7052	6.80537	6.8227	6.78558	6.80837	6.90362
1.34831	6.61313	6.63427	6.62112	6.71554	6.81161	6.84094	6.80287	6.80683	6.90211
1.35773	6.57314	6.66272	6.63554	6.65023	6.76435	6.84888	6.79145	6.77369	6.89151
1.36721	6.57782	6.60008	6.62064	6.71608	6.78746	6.84467	6.78809	6.78083	6.9039
1.37675	6.57261	6.67103	6.65044	6.66383	6.76355	6.82978	6.77761	6.79954	6.86332
1.38636	6.59511	6.67425	6.6641	6.64274	6.78135	6.83607	6.79188	6.81744	6.88293
1.39605	6.58732	6.66903	6.67847	6.68584	6.81429	6.8516	6.76831	6.76821	6.86707
1.4058	6.59634	6.62369	6.68812	6.67296	6.79818	6.82078	6.80595	6.77968	6.84739
1.41561	6.59364	6.6632	6.65392	6.6421	6.83966	6.85034	6.77434	6.80233	6.88332
1.42549	6.58231	6.62795	6.62026	6.67702	6.74085	6.83801	6.78612	6.78962	6.86739
1.43544	6.59533	6.65237	6.66883	6.67815	6.80899	6.8269	6.79051	6.79244	6.91723
1.44546	6.58314	6.65988	6.68527	6.67341	6.78903	6.81202	6.81718	6.8271	6.88753
1.45555	6.59174	6.62943	6.64236	6.69035	6.80468	6.87511	6.7842	6.77951	6.86656
1.46571	6.5974	6.65289	6.62462	6.66504	6.80658	6.81128	6.77585	6.81056	6.85211
1.47594	6.58543	6.63238	6.64429	6.67236	6.76577	6.85455	6.83416	6.82412	6.90725
1.48624	6.54948	6.65576	6.65252	6.66757	6.76965	6.84801	6.77793	6.82566	6.87419
1.49661	6.58219	6.63042	6.65503	6.71817	6.78185	6.8527	6.78798	6.80655	6.88292
1.50705	6.57259	6.6429	6.67379	6.69644	6.80073	6.84705	6.78234	6.77264	6.88382
1.51756	6.60657	6.67372	6.62965	6.64515	6.81563	6.84537	6.76583	6.82349	6.88651
1.52815	6.61607	6.62882	6.65329	6.66779	6.79521	6.83303	6.8272	6.8093	6.90217
1.53881	6.59309	6.65094	6.67432	6.68039	6.81109	6.83708	6.76613	6.78512	6.85805
1.54955	6.58871	6.66591	6.65166	6.66416	6.82322	6.82884	6.81901	6.80273	6.85824
1.56036	6.60816	6.65653	6.63771	6.69879	6.81655	6.85611	6.77839	6.78864	6.86456
1.57125	6.61225	6.67373	6.63785	6.67159	6.81148	6.85166	6.80228	6.79746	6.89129
1.58221	6.60249	6.67314	6.64353	6.67875	6.79891	6.85033	6.7842	6.81579	6.8868
1.59325	6.60052	6.62643	6.65971	6.71869	6.81507	6.87812	6.7961	6.81585	6.88418
1.60436	6.58936	6.62989	6.68679	6.68272	6.78826	6.84793	6.79671	6.80618	6.91401
1.61555	6.59949	6.65239	6.65235	6.68357	6.81302	6.84476	6.80235	6.78075	6.90191
1.62681	6.60597	6.68086	6.66303	6.69063	6.74878	6.82533	6.80106	6.80383	6.8559
1.63816	6.5881	6.65724	6.65202	6.69888	6.78609	6.80688	6.79605	6.8048	6.89837
1.64959	6.58132	6.64389	6.66917	6.67952	6.82171	6.86406	6.78341	6.83211	6.89028
1.66109	6.57944	6.66748	6.64174	6.6914	6.81204	6.85962	6.81842	6.81038	6.89763
1.67268	6.63708	6.6687	6.66565	6.6928	6.81846	6.85918	6.78819	6.78539	6.86274
1.68434	6.60299	6.63193	6.65749	6.68325	6.80602	6.84868	6.83804	6.80877	6.90785
1.69609	6.57681	6.6445	6.68213	6.65064	6.8369	6.86442	6.79766	6.78847	6.89927
1.70791	6.5596	6.63711	6.66027	6.69845	6.79681	6.83396	6.79267	6.8096	6.88068
1.71981	6.61161	6.65945	6.6689	6.69165	6.80301	6.85267	6.79941	6.82644	6.87772
1.73181	6.58969	6.66212	6.66222	6.69312	6.81098	6.8316	6.7867	6.80931	6.86883
1.74388	6.62528	6.66175	6.65714	6.69659	6.80292	6.84817	6.78815	6.80846	6.87329
1.75604	6.6064	6.64461	6.67491	6.6832	6.80255	6.82907	6.79592	6.82108	6.8718
1.76828	6.61067	6.64653	6.67253	6.6743	6.81193	6.82653	6.79131	6.78303	6.91841
1.7806	6.60727	6.64629	6.71556	6.70208	6.80504	6.90053	6.78792	6.85075	6.91478
1.79301	6.63309	6.67764	6.63847	6.7101	6.83326	6.85294	6.77983	6.8048	6.91319
1.80551	6.59055	6.65183	6.66968	6.68941	6.84155	6.86705	6.82409	6.81256	6.90543
1.8181	6.59676	6.65782	6.65454	6.67563	6.82143	6.836	6.81384	6.79753	6.88231
1.83078	6.60984	6.65638	6.66345	6.66856	6.81298	6.86555	6.81606	6.79551	6.90411
1.84354	6.60597	6.68717	6.65493	6.65913	6.8278	6.84228	6.79305	6.86349	6.90887
1.85637	6.60804	6.65535	6.65747	6.69984	6.81947	6.85227	6.79301	6.84619	6.86582
1.86931	6.61909	6.65893	6.66006	6.65882	6.8313	6.81184	6.83112	6.81172	6.8926
1.88234	6.59189	6.65857	6.67704	6.69706	6.801	6.85902	6.81431	6.83578	6.90812
1.89546	6.63628	6.66537	6.68047	6.70535	6.80077	6.83467	6.78003	6.80767	6.91526
1.90866	6.62289	6.64872	6.6587	6.68168	6.84859	6.87346	6.8345	6.80369	6.90647
1.92196	6.59952	6.69035	6.68304	6.6858	6.79757	6.84105	6.80153	6.85575	6.91626
1.93536	6.63068	6.66432	6.67161	6.69361	6.81188	6.84487	6.80269	6.81774	6.90112
1.94885	6.58424	6.68685	6.65968	6.68562	6.80573	6.86054	6.79455	6.80133	6.88344
1.96242	6.59968	6.63696	6.65743	6.72247	6.83606	6.86002	6.8237	6.84448	6.90736
1.9761	6.581	6.64799	6.63639	6.69531	6.82009	6.88458	6.80225	6.82264	6.9301
1.98986	6.62475	6.6907	6.67354	6.69755	6.83263	6.84326	6.79857	6.79861	6.8937
2.00373	6.60587	6.66764	6.68281	6.72274	6.82394	6.86715	6.81541	6.81726	6.91977
2.01769	6.63467	6.66173	6.70695	6.71285	6.83192	6.87674	6.81092	6.83084	6.93331
2.03174	6.62736	6.67427	6.67839	6.71193	6.83087	6.87232	6.77953	6.81496	6.90894
2.04589	6.65825	6.67206	6.67906	6.69954	6.81482	6.86868	6.80162	6.83734	6.89776
2.06014	6.5935	6.67767	6.67359	6.6893	6.84959	6.85155	6.82662	6.80477	6.87931
2.07449	6.63692	6.6785	6.67265	6.71518	6.83452	6.89839	6.80967	6.82927	6.91844
2.08894	6.60707	6.65445	6.67855	6.70844	6.83024	6.85389	6.83678	6.83802	6.91036
2.10349	6.61489	6.72421	6.70193	6.72612	6.82223	6.83752	6.82059	6.83172	6.86827
2.11814	6.61039	6.6736	6.66343	6.71016	6.82783	6.84122	6.82655	6.83582	6.92709
2.13289	6.62612	6.67492	6.66719	6.72492	6.82304	6.87518	6.81892	6.85121	6.93243
2.14775	6.63168	6.65419	6.71125	6.69453	6.80792	6.87036	6.85463	6.80517	6.87715
2.1627	6.59979	6.67329	6.64244	6.70251	6.81881	6.89029	6.81044	6.82383	6.89696
2.17776	6.60613	6.6627	6.70422	6.73851	6.79743	6.86297	6.82371	6.85321	6.92388
2.19292	6.61345	6.66947	6.67672	6.67967	6.84393	6.88534	6.77841	6.82686	6.89618
2.2082	6.63174	6.65213	6.68974	6.72617	6.82232	6.84462	6.81047	6.84142	6.91129
2.22358	6.63221	6.66977	6.6985	6.70778	6.84998	6.87178	6.79247	6.80372	6.90495
2.23905	6.61151	6.65927	6.70773	6.7288	6.84091	6.87929	6.81898	6.83987	6.92601
2.25465	6.6305	6.67366	6.67933	6.68691	6.85871	6.87925	6.82314	6.85045	6.93144
2.27034	6.62743	6.65733	6.69783	6.72768	6.83134	6.87547	6.83987	6.84482	6.88739
2.28615	6.62324	6.68563	6.70213	6.74702	6.81301	6.89152	6.82107	6.83885	6.90089
2.30206	6.61867	6.68475	6.69454	6.7323	6.82021	6.89868	6.80512	6.83887	6.91991
2.31809	6.62913	6.67836	6.67098	6.73702	6.83548	6.84866	6.81993	6.84742	6.8896
2.33422	6.64986	6.67871	6.68533	6.71425	6.82183	6.86856	6.8063	6.82244	6.92141
2.35048	6.64912	6.68806	6.67778	6.70996	6.84226	6.87896	6.80386	6.84316	6.90227
2.36684	6.62054	6.68701	6.74016	6.74761	6.85454	6.8695	6.8429	6.85124	6.90215
2.38331	6.64461	6.68156	6.70323	6.71754	6.83643	6.87792	6.82503	6.83284	6.90208
2.3999	6.62975	6.68122	6.66654	6.71602	6.81027	6.90637	6.84605	6.82444	6.91233
2.41661	6.62056	6.67687	6.67675	6.73948	6.83632	6.89857	6.83408	6.8173	6.89346
2.43342	6.63351	6.66629	6.70573	6.72356	6.83149	6.87577	6.84937	6.82399	6.89684
2.45036	6.62939	6.65189	6.6865	6.72367	6.82715	6.88229	6.79231	6.84998	6.90982
2.46743	6.63816	6.69188	6.66344	6.75227	6.80107	6.88211	6.84261	6.85031	6.89061
2.4846	6.63421	6.6979	6.69169	6.71728	6.85292	6.8528	6.83823	6.84686	6.89409
2.50189	6.64168	6.68543	6.72358	6.72059	6.85947	6.87557	6.87591	6.85559	6.91524
2.5193	6.6299	6.67901	6.71168	6.746	6.84289	6.87513	6.85863	6.81021	6.90942
2.53682	6.63216	6.71936	6.7063	6.70948	6.83546	6.87488	6.82316	6.84796	6.92834
2.55449	6.62511	6.68864	6.70689	6.75152	6.85139	6.88915	6.82912	6.84398	6.90481
2.57226	6.65457	6.68988	6.69231	6.72779	6.84798	6.86308	6.83016	6.85475	6.90496
2.59016	6.6599	6.68781	6.68769	6.74709	6.8245	6.88665	6.83909	6.83756	6.89594
2.60819	6.63477	6.70394	6.69725	6.71511	6.8494	6.86471	6.83319	6.8428	6.94959
2.62634	6.64802	6.68114	6.68707	6.71342	6.8661	6.90489	6.848	6.86028	6.89692
2.6446	6.6194	6.67146	6.70963	6.72196	6.81883	6.90464	6.80895	6.8528	6.92253
2.66301	6.63369	6.70728	6.71806	6.72245	6.85838	6.89587	6.84642	6.86318	6.9456
2.68154	6.65594	6.71177	6.69219	6.73606	6.84919	6.89536	6.8053	6.84575	6.93306
2.70019	6.66666	6.69026	6.68745	6.72615	6.8524	6.86381	6.84004	6.8264	6.9058
2.71898	6.66987	6.69833	6.70984	6.74475	6.85086	6.86504	6.82957	6.8357	6.92019
2.7379	6.63883	6.68476	6.69677	6.74559	6.84272	6.87379	6.80577	6.85511	6.92264
2.75694	6.66555	6.69669	6.70216	6.76085	6.86626	6.89427	6.83535	6.8442	6.91894
2.77612	6.66687	6.70897	6.71573	6.74649	6.86778	6.87611	6.83495	6.8659	6.9003
2.79544	6.63664	6.69873	6.67308	6.71072	6.83904	6.87745	6.85256	6.84078	6.91677
2.81487	6.63766	6.70964	6.71045	6.75046	6.85318	6.87587	6.84531	6.85748	6.93954
2.83446	6.62701	6.71738	6.68219	6.752	6.83532	6.8869	6.86662	6.87206	6.97633
2.85418	6.64002	6.70083	6.72838	6.75454	6.85141	6.88326	6.84684	6.87141	6.93204
2.87404	6.64554	6.66722	6.7056	6.74632	6.8458	6.89326	6.8213	6.86772	6.96255
2.89403	6.64435	6.68573	6.7053	6.72871	6.86655	6.88781	6.8517	6.87967	6.95019
2.91415	6.65381	6.69075	6.68882	6.73381	6.84278	6.90825	6.84713	6.86121	6.95832
2.93443	6.64326	6.69083	6.71746	6.75766	6.84297	6.90431	6.84118	6.86247	6.93386
2.95484	6.64759	6.69787	6.68512	6.71753	6.87699	6.91671	6.81888	6.86562	6.9295
2.97539	6.63045	6.72522	6.68966	6.74962	6.85228	6.88941	6.83894	6.86601	6.94653
2.99607	6.65848	6.67163	6.70986	6.76172	6.85837	6.89487	6.82955	6.88231	6.9387
3.01691	6.64738	6.69495	6.73787	6.76195	6.85145	6.90736	6.86406	6.86926	6.93885
3.0379	6.65423	6.69338	6.68214	6.74185	6.86094	6.91288	6.8233	6.91622	6.92972
3.05903	6.67007	6.67449	6.69711	6.71507	6.87337	6.88252	6.83919	6.88614	6.94174
3.0803	6.63577	6.70404	6.71491	6.7603	6.85455	6.89363	6.84535	6.88795	6.93429
3.10171	6.66154	6.71257	6.70335	6.75565	6.87514	6.91522	6.84179	6.86736	6.93577
3.12329	6.67336	6.70338	6.73215	6.73172	6.86197	6.86407	6.85517	6.8649	6.92661
3.145	6.66698	6.69596	6.72522	6.7596	6.8813	6.89381	6.86118	6.8708	6.93602
3.16687	6.64651	6.69204	6.72163	6.78171	6.86037	6.88952	6.84689	6.85581	6.93549
3.1889	6.66203	6.72819	6.69919	6.75908	6.8598	6.91391	6.85381	6.87135	6.93932
3.21108	6.65321	6.69746	6.71228	6.76366	6.86849	6.91736	6.83077	6.87092	6.93103
3.2334	6.65022	6.70386	6.68274	6.73749	6.85623	6.87714	6.85905	6.87713	6.96844
3.25588	6.65667	6.69938	6.72793	6.76313	6.87524	6.87963	6.84492	6.86133	6.95368
3.27851	6.6672	6.71754	6.73941	6.72943	6.88535	6.90283	6.8446	6.89545	6.95127
3.30131	6.65526	6.71041	6.72727	6.71796	6.86026	6.91425	6.84692	6.85266	6.94068
3.32426	6.66922	6.69644	6.69179	6.76287	6.87359	6.89777	6.85138	6.8649	6.93447
3.34737	6.66527	6.7138	6.70809	6.75984	6.86104	6.90512	6.85523	6.87551	6.93135
3.37065	6.66627	6.72887	6.69951	6.76777	6.88043	6.88078	6.85746	6.86583	6.94346
3.39409	6.66984	6.7065	6.70277	6.76841	6.88388	6.90199	6.85698	6.85443	6.94919
3.41768	6.64613	6.71101	6.71988	6.75789	6.88051	6.89802	6.82656	6.86929	6.95522
3.44144	6.66114	6.70981	6.72532	6.75599	6.86698	6.8992	6.85888	6.87529	6.93384
3.46536	6.65624	6.70036	6.71134	6.77698	6.86223	6.88092	6.84662	6.8857	6.96025
3.48945	6.65951	6.70714	6.73303	6.74286	6.86546	6.92031	6.86421	6.88851	6.93689
3.51371	6.66369	6.73714	6.70422	6.76059	6.86213	6.90994	6.84518	6.87855	6.95128
3.53814	6.67288	6.72256	6.72059	6.76106	6.88061	6.87534	6.87538	6.89381	6.94409
3.56273	6.68428	6.72791	6.72393	6.75863	6.89045	6.92053	6.85323	6.87897	6.93989
3.58749	6.64892	6.71736	6.68968	6.7794	6.86655	6.89323	6.85557	6.8952	6.93499
3.61243	6.65935	6.71683	6.71971	6.74189	6.88131	6.91837	6.86227	6.88387	6.93925
3.63754	6.65471	6.70562	6.71942	6.75313	6.87587	6.91879	6.8505	6.88523	6.94684
3.66283	6.66852	6.70497	6.71748	6.77566	6.87041	6.92265	6.88388	6.87593	6.96671
3.68829	6.66687	6.71805	6.71045	6.78373	6.89713	6.89478	6.88525	6.88268	6.94276
3.71391	6.68121	6.70534	6.72813	6.74544	6.86588	6.90477	6.88214	6.89157	6.94549
3.73973	6.67885	6.7002	6.72131	6.77424	6.86719	6.91661	6.87002	6.89142	6.94099
3.76572	6.67932	6.70912	6.74114	6.76779	6.86902	6.89477	6.86395	6.86694	6.96966
3.7919	6.66371	6.71585	6.71491	6.75755	6.86087	6.92229	6.86924	6.88743	6.9717
3.81825	6.66819	6.74326	6.72981	6.73544	6.87503	6.9077	6.87519	6.88463	6.97224
3.84479	6.68346	6.72634	6.75312	6.75081	6.87403	6.9183	6.85549	6.86917	6.951
3.8715	6.69903	6.71456	6.71882	6.77832	6.87361	6.91221	6.87658	6.90563	6.94792
3.89841	6.64896	6.72835	6.72081	6.76995	6.88517	6.93055	6.86996	6.8545	6.95714
3.9255	6.65953	6.72956	6.72511	6.7629	6.88035	6.91932	6.86161	6.88371	6.95394
3.95278	6.66284	6.71392	6.74823	6.74999	6.88119	6.88974	6.86016	6.85114	6.93422
3.98025	6.66845	6.71727	6.73769	6.77252	6.87265	6.89587	6.87284	6.87351	6.9459
4.00791	6.68467	6.72904	6.72967	6.76248	6.87764	6.91969	6.86588	6.87873	6.96936
4.03576	6.67864	6.71614	6.72426	6.78522	6.88859	6.91859	6.86263	6.90142	6.97604
4.0638	6.66489	6.7029	6.74209	6.77911	6.87075	6.92902	6.866	6.87584	6.97585
4.09204	6.66716	6.72166	6.73924	6.74305	6.88123	6.91174	6.8638	6.9068	6.98347
4.12047	6.6523	6.74446	6.71962	6.75733	6.86757	6.90232	6.88757	6.90287	6.9552
4.1491	6.64465	6.7256	6.7077	6.75213	6.88554	6.90279	6.88374	6.90131	6.95948
4.17794	6.67131	6.71987	6.72652	6.75666	6.87151	6.9289	6.8917	6.87042	6.97147
4.20696	6.67054	6.71477	6.73863	6.75141	6.87798	6.94279	6.86291	6.89874	6.94111
4.2362	6.67863	6.71201	6.72841	6.74951	6.87835	6.93452	6.89002	6.88329	6.9683
4.26563	6.68402	6.72942	6.7458	6.78097	6.87829	6.91231	6.88198	6.89147	6.94798
4.29526	6.64986	6.69745	6.71466	6.76968	6.91298	6.90601	6.86119	6.87886	6.98533
4.32511	6.68236	6.73475	6.73322	6.77189	6.88463	6.92403	6.86802	6.89523	6.96073
4.35516	6.66096	6.72742	6.74689	6.74528	6.87478	6.91847	6.87964	6.87433	6.95318
4.38541	6.68948	6.7232	6.73096	6.76918	6.87723	6.94489	6.88458	6.8888	6.98532
4.41589	6.67841	6.73334	6.73477	6.75377	6.88739	6.91229	6.87412	6.88249	6.96299
4.44656	6.69025	6.71119	6.72414	6.76416	6.87581	6.90558	6.8794	6.89203	6.95573
4.47745	6.6896	6.7437	6.73078	6.77882	6.90343	6.90904	6.87864	6.89762	6.96786
4.50856	6.68758	6.7096	6.75192	6.77027	6.89505	6.90406	6.86988	6.89518	6.94806
4.53988	6.69127	6.71872	6.72657	6.76734	6.88754	6.92193	6.8707	6.89938	6.97573
4.57142	6.66511	6.71572	6.73267	6.75401	6.873	6.91196	6.87404	6.89958	6.95743
4.60318	6.68019	6.73882	6.73111	6.78036	6.87036	6.9076	6.88975	6.87493	6.9759
4.63515	6.68491	6.72643	6.75197	6.76734	6.87102	6.93187	6.87765	6.8952	6.97435
4.66735	6.67498	6.71031	6.73606	6.76139	6.88904	6.90935	6.88548	6.87877	6.98108
4.69978	6.70333	6.73952	6.73657	6.76714	6.8862	6.91955	6.88498	6.88858	6.9737
4.73243	6.69807	6.73941	6.73753	6.7535	6.88641	6.93873	6.88582	6.90254	6.98322
4.76529	6.67178	6.74209	6.74898	6.77792	6.88691	6.91921	6.87557	6.901	6.96543
4.79839	6.68645	6.72739	6.73383	6.77698	6.88511	6.92878	6.88361	6.89494	6.97587
4.83173	6.6777	6.73989	6.73837	6.74997	6.87858	6.93993	6.86248	6.88746	6.95878
4.86529	6.69101	6.74398	6.75458	6.76656	6.90354	6.9346	6.89712	6.89701	6.96324
4.89908	6.68564	6.73936	6.75999	6.78201	6.91394	6.92848	6.88618	6.88931	6.9615
4.93311	6.67445	6.74927	6.74121	6.76381	6.89877	6.91556	6.85681	6.87876	6.97457
4.96737	6.6668	6.72802	6.73779	6.76532	6.90748	6.91934	6.88486	6.89608	6.96064
5.00187	6.67344	6.72954	6.74348	6.7687	6.88565	6.92872	6.88815	6.88316	6.96053
5.03661	6.68289	6.74679	6.73607	6.78325	6.87324	6.92116	6.89577	6.86883	6.97311
5.0716	6.6774	6.73248	6.75064	6.78953	6.90128	6.95488	6.88676	6.90054	6.96081
5.10681	6.68396	6.76023	6.7556	6.78775	6.8894	6.91712	6.88725	6.8886	6.96534
5.14229	6.69013	6.73464	6.75394	6.77974	6.90855	6.92809	6.88917	6.90013	6.95856
5.178	6.68066	6.72995	6.76086	6.77988	6.88996	6.91534	6.89412	6.87708	6.98121
5.21396	6.67955	6.71971	6.73716	6.76343	6.89552	6.93234	6.87692	6.89807	6.97043
5.25017	6.69981	6.7354	6.7486	6.79374	6.90618	6.9194	6.87644	6.91079	6.98018
5.28664	6.71158	6.73407	6.73635	6.78943	6.89363	6.91645	6.86888	6.89663	6.97831
5.32335	6.68436	6.72751	6.75911	6.78001	6.90153	6.91915	6.8819	6.88742	6.9618
5.36031	6.68967	6.74455	6.76262	6.78197	6.9029	6.92024	6.89079	6.89169	6.98331
5.39754	6.68509	6.72102	6.7586	6.79068	6.89551	6.93565	6.88495	6.87877	6.96653
5.43503	6.67249	6.73124	6.74585	6.77832	6.89582	6.92026	6.87993	6.88854	6.96793
5.47277	6.68116	6.73581	6.7601	6.77984	6.90766	6.93821	6.88958	6.88661	6.98148
5.51078	6.69182	6.73746	6.74235	6.78816	6.89517	6.92725	6.90249	6.88033	6.98149
5.54904	6.69195	6.73783	6.77302	6.79081	6.89621	6.93999	6.89879	6.89672	6.98445
5.58757	6.69683	6.7623	6.74397	6.76156	6.88655	6.92156	6.88059	6.89451	6.97121
5.62638	6.69089	6.73754	6.74433	6.78792	6.92652	6.93512	6.89331	6.89973	6.9736
5.66545	6.68564	6.74276	6.73947	6.7956	6.88728	6.92566	6.88167	6.89411	6.97754
5.70479	6.66744	6.73851	6.74323	6.78064	6.89688	6.92841	6.90456	6.90534	6.96582
5.7444	6.6882	6.74967	6.75987	6.78485	6.91474	6.93249	6.86563	6.91324	6.95352
5.78429	6.70997	6.74978	6.7398	6.79788	6.90918	6.92035	6.87427	6.88996	6.97291
5.82445	6.68807	6.74268	6.75486	6.77302	6.89062	6.93339	6.89781	6.89235	6.96883
5.86489	6.69297	6.74458	6.75454	6.77459	6.89408	6.91354	6.88638	6.88812	6.97332
5.90561	6.69502	6.74697	6.75038	6.78789	6.89385	6.9328	6.87739	6.91405	6.96733
5.94663	6.68071	6.73948	6.76282	6.78999	6.91039	6.93099	6.87186	6.90102	6.97979
5.98791	6.66644	6.7535	6.76854	6.7692	6.88715	6.9351	6.88233	6.90342	6.98822
6.02949	6.69035	6.74175	6.76253	6.79075	6.90995	6.92073	6.8867	6.90619	6.96903
6.07135	6.68902	6.73511	6.76598	6.7753	6.8916	6.91044	6.89348	6.90459	6.97419
6.1135	6.68488	6.74055	6.73954	6.78851	6.89025	6.93178	6.86534	6.89635	6.99305
6.15595	6.69387	6.74238	6.74925	6.79166	6.91668	6.94219	6.89011	6.90157	6.98006
6.19869	6.68577	6.74425	6.74821	6.78039	6.88565	6.93652	6.89369	6.91316	6.97329
6.24172	6.69159	6.73477	6.72572	6.77587	6.91427	6.93982	6.88608	6.91257	6.95635
6.28506	6.69433	6.72109	6.75106	6.77122	6.89565	6.93873	6.88157	6.90215	6.97382
6.3287	6.68224	6.74379	6.76916	6.78798	6.88821	6.94848	6.87418	6.89063	6.96495
6.37264	6.714	6.72627	6.75821	6.78966	6.89756	6.94979	6.90759	6.9069	6.97036
6.41687	6.69095	6.74632	6.7503	6.79959	6.9015	6.93905	6.90411	6.89508	6.97121
6.46142	6.68634	6.75056	6.75402	6.78731	6.90795	6.92689	6.90025	6.89503	6.98994
6.50629	6.70367	6.74013	6.75641	6.78935	6.91964	6.93599	6.89654	6.9029	6.96607
6.55145	6.68224	6.74985	6.76887	6.78203	6.89773	6.93776	6.88524	6.90812	6.97781
6.59694	6.69554	6.75685	6.74951	6.77385	6.90826	6.93079	6.9048	6.90669	6.96792
6.64274	6.69984	6.74467	6.75422	6.80224	6.9002	6.93564	6.88495	6.9066	6.97533
6.68885	6.68984	6.74267	6.74272	6.77912	6.90955	6.93625	6.87959	6.89872	6.96365
6.73527	6.68872	6.76173	6.76832	6.79249	6.89502	6.93378	6.87909	6.9141	6.98602
6.78204	6.69782	6.74303	6.75982	6.77667	6.90509	6.92307	6.89676	6.89071	6.978
6.82911	6.69392	6.73335	6.75874	6.77846	6.88615	6.93528	6.89395	6.90792	6.97308
6.87652	6.69582	6.73261	6.76253	6.78238	6.91409	6.93684	6.89755	6.91521	6.97831
6.92426	6.68988	6.73918	6.76606	6.77886	6.90009	6.93283	6.88924	6.90757	6.9962
6.97232	6.70563	6.75466	6.75364	6.76887	6.90435	6.94195	6.90524	6.90542	6.98723
7.02072	6.6921	6.73389	6.75789	6.78248	6.92295	6.93124	6.89848	6.90165	6.97694
7.06946	6.70214	6.73019	6.76191	6.7777	6.91907	6.94723	6.91337	6.9089	6.97466
7.11853	6.69572	6.74577	6.75496	6.79108	6.89696	6.93254	6.89547	6.89664	6.97372
7.16794	6.69388	6.73746	6.73391	6.77209	6.90338	6.92796	6.89576	6.89495	6.97666
7.2177	6.69312	6.75821	6.77478	6.76248	6.90754	6.94604	6.91002	6.90632	6.99188
7.2678	6.70532	6.74683	6.76727	6.79388	6.92765	6.94698	6.89993	6.90839	6.98205
7.31825	6.70718	6.74536	6.75145	6.77536	6.90345	6.95366	6.89703	6.90639	6.981
7.36904	6.70115	6.75398	6.7524	6.78696	6.90177	6.9262	6.90369	6.91101	6.99493
7.42019	6.69648	6.75541	6.77326	6.78636	6.90068	6.93245	6.8961	6.90006	6.98638
7.4717	6.70092	6.75112	6.76336	6.79396	6.91139	6.96163	6.89301	6.91019	6.97993
7.52355	6.70148	6.76619	6.74419	6.76284	6.90341	6.92938	6.89189	6.91744	6.98655
7.57578	6.70849	6.74278	6.75231	6.77486	6.90082	6.93385	6.89077	6.91281	6.9906
7.62836	6.69983	6.75432	6.75467	6.79029	6.91083	6.9375	6.90344	6.92596	6.98833
7.6813	6.69983	6.73854	6.76432	6.77021	6.90926	6.94568	6.87929	6.90644	6.97604
7.73461	6.69825	6.75307	6.7554	6.7766	6.87746	6.94213	6.90342	6.90969	6.98034
7.7883	6.69021	6.74088	6.7457	6.77943	6.90771	6.94966	6.89781	6.90945	6.99151
7.84236	6.69907	6.74565	6.75858	6.7903	6.91071	6.95037	6.88953	6.9084	6.98463
7.89679	6.6946	6.75938	6.74796	6.77974	6.90681	6.9414	6.90807	6.91318	6.9817
7.95159	6.69758	6.76177	6.74343	6.79972	6.911	6.93272	6.89152	6.91271	6.9733
8.00677	6.70275	6.76131	6.7681	6.7772	6.89901	6.95413	6.90728	6.91421	6.98394
8.06235	6.68893	6.76175	6.76524	6.80069	6.88644	6.94091	6.89608	6.91888	6.99028
8.1183	6.69879	6.75055	6.7547	6.78235	6.89952	6.94949	6.8837	6.90947	6.97627
8.17465	6.68568	6.75292	6.76738	6.7843	6.89749	6.93794	6.8948	6.90293	6.97385
8.23137	6.72081	6.75378	6.76071	6.79067	6.9087	6.96005	6.89323	6.90567	6.98844
8.28851	6.70549	6.7378	6.76395	6.78016	6.90196	6.94225	6.88684	6.8976	6.97473
8.34603	6.69397	6.7459	6.7556	6.77988	6.90249	6.93445	6.90997	6.9148	6.98032
8.40395	6.71987	6.74224	6.76413	6.7823	6.8939	6.92463	6.91605	6.9169	6.98535
8.46227	6.69119	6.75626	6.75954	6.78048	6.90492	6.93163	6.89896	6.88837	6.98462
8.521	6.69539	6.75476	6.76059	6.7899	6.90872	6.93501	6.90866	6.923	6.99282
8.58014	6.71181	6.75193	6.75756	6.78208	6.9219	6.94092	6.89054	6.93366	6.98549
8.63968	6.70504	6.74773	6.76788	6.78624	6.91347	6.92775	6.89432	6.92064	6.98208
8.69964	6.70493	6.74343	6.7659	6.79239	6.90396	6.95973	6.91747	6.89685	6.99386
8.76001	6.71514	6.74593	6.76152	6.76784	6.91687	6.94751	6.90556	6.89486	6.98026
8.8208	6.71553	6.7613	6.76816	6.79252	6.89687	6.95096	6.89309	6.89761	6.98379
8.88201	6.70353	6.74673	6.77108	6.79216	6.9033	6.95416	6.90224	6.89895	6.97955
8.94365	6.70518	6.74384	6.7834	6.78712	6.90977	6.93296	6.90672	6.91608	6.98476
9.00571	6.70214	6.74829	6.76097	6.78818	6.89553	6.92882	6.9166	6.90714	6.98293
9.0682	6.69824	6.74883	6.77692	6.80019	6.9067	6.94196	6.89575	6.90407	6.99751
9.13114	6.70871	6.76437	6.76113	6.77004	6.90748	6.9549	6.90764	6.9166	6.99909
9.1945	6.70618	6.7438	6.76096	6.77978	6.91401	6.95956	6.91237	6.90461	6.97508
9.2583	6.70493	6.73764	6.76746	6.77822	6.9103	6.94705	6.88596	6.90699	6.98965
9.32254	6.7011	6.73908	6.76034	6.77028	6.9035	6.94662	6.88881	6.91426	6.98195
9.38724	6.69728	6.74782	6.77111	6.7918	6.89497	6.9388	6.90066	6.92157	6.99817
9.45238	6.69159	6.73861	6.7807	6.77646	6.9022	6.94295	6.88744	6.91339	6.99134
9.51796	6.70324	6.74083	6.76174	6.77727	6.89465	6.94345	6.90126	6.90924	6.99052
9.58401	6.69786	6.75074	6.76399	6.78168	6.9048	6.9338	6.89911	6.90361	6.99963
9.65051	6.69605	6.74383	6.7753	6.78222	6.90293	6.93974	6.88067	6.90211	6.98604
9.71747	6.70207	6.75042	6.76485	6.79124	6.90302	6.93707	6.89147	6.91015	6.99875
9.7849	6.69838	6.75216	6.75508	6.78431	6.9013	6.94916	6.89337	6.90219	6.98674
9.8528	6.69621	6.74859	6.75981	6.78219	6.8998	6.94411	6.89161	6.90184	6.98708
9.92116	6.70004	6.75006	6.76494	6.78572	6.90133	6.95905	6.89711	6.91944	6.99472
10	6.71416	6.74029	6.7586	6.78887	6.90662	6.93965	6.89551	6.92423	6.98878