0.002075	8.41108	8.22867	8.1072	8.15286
0.004175	8.20169	8.27409	8.28021	8.16212
0.0062875	8.15358	8.36955	8.20973	8.1971
0.0084	8.26136	8.16225	8.23864	8.43482
0.0105375	8.11422	8.23461	8.16283	8.28639
0.0127	8.03591	8.2941	8.25084	8.29797
0.0148625	8.22355	8.10414	8.15063	8.3198
0.01705	8.13413	8.29485	8.24491	8.47882
0.0192375	8.22322	8.20856	8.17811	8.35477
0.02145	8.20209	8.22734	8.11689	8.22782
0.0236875	8.20079	8.21414	8.2543	8.24817
0.025925	8.12783	8.20089	8.14843	8.1249
0.0281875	8.27555	8.19468	8.28502	8.15966
0.0304625	8.3064	8.06324	8.23442	8.33906
0.03275	8.10636	8.23274	8.22624	8.37383
0.0350625	8.00704	8.24787	8.17681	8.2357
0.0373875	8.19324	8.31066	8.28433	8.38432
0.039725	8.35687	8.17536	8.12769	8.26605
0.042075	8.20309	8.38185	8.16535	8.24431
0.04445	8.21715	8.10893	8.3783	8.39602
0.0468375	8.32258	8.36349	8.10362	8.20204
0.0492375	8.0753	8.27794	8.09961	8.22328
0.0516625	8.31969	8.21384	8.19538	8.26639
0.0541	8.03744	8.0914	8.17454	8.40519
0.05655	8.3073	8.2768	8.1224	8.39726
0.059025	8.2459	8.09909	8.09744	8.39225
0.0615125	8.13019	8.25171	8.27909	8.35264
0.0640125	8.16833	8.2138	8.02467	8.27298
0.0665375	8.15304	8.25191	8.17742	8.28631
0.069075	8.20877	8.10525	8.18039	8.26861
0.0716375	8.27604	8.12538	8.31388	8.27023
0.0742125	8.27205	8.1714	8.15366	8.41182
0.0768125	8.20119	8.22654	8.14145	8.28916
0.079425	8.18358	8.22975	8.27225	8.22332
0.08205	8.22087	8.0206	7.99798	8.38146
0.0847	8.33994	8.23483	8.19526	8.32319
0.0873625	8.23425	8.09419	8.09354	8.31773
0.09005	8.13849	8.13724	8.10944	8.17477
0.09275	8.22952	8.31053	8.21071	8.1687
0.095475	8.16974	8.15188	8.16645	8.16984
0.0982125	8.15581	8.16457	8.17889	8.34321
0.100975	8.32817	8.08452	8.2785	8.25509
0.103762	8.23083	8.27855	8.14755	8.30134
0.106563	8.1642	8.25689	8.15674	8.35052
0.109375	8.17282	8.31147	8.14325	8.32744
0.112213	8.19878	8.35595	8.26323	8.26179
0.115075	8.22162	8.16616	8.06486	8.31873
0.11795	8.16837	8.08341	8.14707	8.33595
0.12085	8.22252	8.15189	8.19471	8.48286
0.123763	8.07718	8.15005	8.12389	8.31162
0.1267	8.40705	8.09499	8.0584	8.21664
0.129662	8.09549	8.20338	8.19684	8.26995
0.132638	8.09144	8.3033	8.2433	8.47522
0.135638	8.14997	8.22162	8.15296	8.28962
0.13865	8.30122	8.27634	8.24658	8.39177
0.1417	8.36783	8.09914	8.21995	8.37766
0.14475	8.14511	8.08101	8.16833	8.26204
0.147838	8.18987	8.13803	8.20728	8.31987
0.150937	8.21846	8.09339	8.21655	8.35798
0.154062	8.19485	8.19415	8.31791	8.31086
0.157212	8.33713	8.18642	8.12346	8.30643
0.160388	8.19395	8.14209	8.03986	8.22308
0.163575	8.14641	8.13244	8.2271	8.27746
0.166788	8.07775	8.25844	8.06359	8.26582
0.170025	8.22013	8.15666	8.11872	8.31435
0.173287	8.20548	8.2075	8.06898	8.29723
0.176563	8.16824	8.16687	8.04018	8.32914
0.179862	8.19692	8.20833	8.19367	8.20639
0.183187	8.0608	8.23048	8.11172	8.38133
0.186538	8.2426	8.14195	8.17699	8.23199
0.189912	8.2117	8.11419	8.17082	8.37026
0.193312	8.24716	8.13201	8.17786	8.40157
0.196725	8.10705	8.07624	8.27652	8.25362
0.200175	8.28748	8.07215	8.17749	8.36544
0.203637	8.28005	8.26286	8.08997	8.43548
0.207137	8.24136	8.26755	8.08731	8.43426
0.21065	8.13986	8.17526	7.99409	8.33629
0.214188	8.29401	8.2421	8.10558	8.35689
0.21775	8.21485	8.07354	8.10589	8.31739
0.221337	8.08749	8.19158	8.06655	8.17099
0.22495	8.2143	8.13575	8.28649	8.2629
0.228587	8.26774	8.10988	8.22325	8.30505
0.232263	8.2241	8.16435	8.07548	8.36445
0.23595	8.25407	8.23263	8.18246	8.31641
0.239662	8.28862	8.10721	8.05744	8.35804
0.2434	8.27888	8.09074	7.99469	8.388
0.247163	8.25366	8.0725	8.19977	8.34509
0.250962	8.20235	8.13723	8.01709	8.41297
0.254775	8.19455	8.17141	8.13438	8.29703
0.258625	8.21105	8.11306	8.21243	8.2742
0.2625	8.23992	8.19771	8.14719	8.35158
0.2664	8.29958	8.14108	8.0451	8.18184
0.270325	8.18179	8.20805	8.16175	8.37309
0.274275	8.1368	8.36237	8.21411	8.32314
0.278262	8.24168	8.14295	8.03243	8.23487
0.282263	8.1926	8.21132	8.13225	8.31985
0.2863	8.19134	8.07318	8.1751	8.19905
0.290363	8.23655	8.13928	8.17536	8.43359
0.294463	8.26139	8.26646	8.14884	8.30343
0.298575	8.19077	8.17029	8.12678	8.32094
0.302725	8.26153	8.06525	8.09092	8.27365
0.3069	8.17037	8.19215	8.15614	8.4526
0.311112	8.22919	8.18315	8.05363	8.27832
0.31535	8.19529	8.17214	8.10991	8.31765
0.319613	8.13793	8.15133	8.08399	8.29678
0.323913	8.21959	8.18264	8.12855	8.23901
0.328238	8.22819	8.13416	8.17856	8.34983
0.332588	8.14797	8.16978	8.11838	8.24762
0.336975	8.17865	8.14475	8.15242	8.19861
0.341388	8.19105	8.167	8.13415	8.41684
0.345838	8.29205	8.11832	8.16904	8.32695
0.350313	8.28961	8.06446	8.17391	8.2547
0.354825	8.11893	8.01408	8.13527	8.27207
0.359363	8.16332	8.10797	8.09219	8.27203
0.363925	8.17779	8.16493	8.17845	8.30828
0.368525	8.24204	8.09405	8.13142	8.3448
0.373163	8.12294	8.16412	8.0852	8.34014
0.377825	8.19733	8.14361	8.15557	8.23807
0.382525	8.1648	8.22266	8.10033	8.26084
0.387262	8.16568	8.05764	8.0739	8.27003
0.392025	8.14684	8.04292	8.14379	8.35886
0.396825	8.24288	8.13489	8.15279	8.31809
0.40165	8.137	8.26162	8.05758	8.19873
0.406512	8.13845	8.17136	8.16696	8.2791
0.411413	8.18894	8.10178	8.04246	8.2866
0.416337	8.14472	8.19836	7.9934	8.33638
0.421313	8.21333	8.09735	8.17535	8.26674
0.426313	8.24405	8.25397	8.01627	8.2451
0.431338	8.2381	8.17035	8.11364	8.22954
0.436413	8.19282	8.0947	8.16877	8.35564
0.441512	8.20888	8.22701	8.23568	8.26018
0.446662	8.14507	8.13295	8.10532	8.26269
0.451838	8.1784	8.09012	8.03697	8.36994
0.45705	8.17846	8.19983	8.12371	8.19773
0.462287	8.20628	8.12066	8.11178	8.29591
0.467575	8.17537	8.11779	8.09465	8.37031
0.4729	8.16356	8.15339	8.1422	8.24574
0.47825	8.22185	8.18502	8.05579	8.27973
0.48365	8.19885	8.20416	8.15207	8.23157
0.489075	8.14852	8.16907	8.14576	8.25248
0.49455	8.15202	8.20469	8.13022	8.21592
0.500063	8.2343	8.19223	8.0897	8.21688
0.5056	8.16557	8.12386	8.16038	8.27292
0.511187	8.24558	8.15377	8.1611	8.33525
0.516813	8.1159	8.14814	8.11701	8.24102
0.522475	8.17269	8.14635	8.13883	8.31835
0.528175	8.12995	8.18411	8.12047	8.26597
0.533912	8.25408	8.2047	8.13421	8.24369
0.5397	8.2139	8.15174	8.20622	8.2836
0.545512	8.18947	8.10055	8.12594	8.19475
0.551375	8.07592	8.06403	8.09505	8.33803
0.557275	8.14784	8.16631	8.15272	8.29339
0.563225	8.10227	8.08426	8.06269	8.28233
0.5692	8.13915	8.08281	8.15903	8.33023
0.575225	8.27687	8.15247	8.06463	8.25209
0.5813	8.17818	8.18337	8.09844	8.32086
0.5874	8.10857	8.08085	8.19058	8.29498
0.59355	8.11626	8.12447	8.16166	8.22132
0.59975	8.19838	8.17842	8.21163	8.30886
0.605987	8.14305	8.14252	8.11095	8.30628
0.612262	8.13183	8.15514	8.1248	8.28069
0.618587	8.14519	8.1397	8.10874	8.30739
0.624963	8.13431	8.11577	8.12992	8.29814
0.631362	8.11684	8.14307	8.16502	8.1808
0.637825	8.25803	8.16592	8.14322	8.26952
0.644325	8.19117	8.14504	8.17256	8.30302
0.650875	8.16227	8.13233	8.07622	8.26475
0.657462	8.13137	8.11767	8.07862	8.28352
0.6641	8.2306	8.21601	8.06297	8.38915
0.670775	8.10905	8.11482	8.13361	8.21935
0.677513	8.16783	8.06428	8.15342	8.33132
0.684287	8.17444	8.13273	8.10688	8.30338
0.691113	8.24888	8.14765	8.11316	8.25055
0.697975	8.06549	8.11925	8.14161	8.32976
0.7049	8.14634	8.19808	8.11286	8.27055
0.711863	8.20811	8.10737	8.15309	8.1906
0.718875	8.05381	8.05039	8.08983	8.25402
0.725937	8.07671	8.13335	8.18288	8.25264
0.73305	8.24177	8.11794	8.17353	8.2529
0.740213	8.10428	8.1938	8.13189	8.31975
0.747425	8.14109	8.12905	8.17707	8.29799
0.754687	8.16603	8.07386	8.11363	8.23047
0.761988	8.17441	8.11467	8.114	8.27504
0.76935	8.17694	8.19734	8.05527	8.25286
0.776762	8.13215	8.08982	8.07944	8.22676
0.784225	8.15779	8.09976	8.14358	8.23574
0.79175	8.13083	8.16709	8.12423	8.28165
0.799312	8.11973	8.18872	8.07264	8.25176
0.806938	8.13417	8.06078	8.09448	8.345
0.8146	8.17747	8.13488	8.10935	8.31235
0.822338	8.14654	8.13981	8.13876	8.29015
0.830113	8.15561	8.1757	8.12091	8.22965
0.83795	8.17018	8.10458	8.09358	8.28251
0.845837	8.11288	8.10794	8.06477	8.21453
0.853775	8.14622	8.09854	8.10813	8.27934
0.861775	8.11548	8.09541	8.07293	8.21621
0.869825	8.14262	8.17917	8.11633	8.32191
0.877937	8.1316	8.15651	8.18416	8.29541
0.8861	8.17347	8.12825	8.05768	8.34199
0.894325	8.19441	8.15029	8.11656	8.25724
0.9026	8.11482	8.13998	8.19601	8.34701
0.910937	8.16329	8.08111	8.07535	8.25501
0.919325	8.15753	8.0898	8.13449	8.23672
0.927787	8.15718	8.24531	8.08869	8.20852
0.936288	8.06517	8.19944	8.20763	8.30138
0.944862	8.15375	8.12143	8.11945	8.25534
0.953488	8.2177	8.18119	8.07142	8.33528
0.962175	8.07601	8.0355	8.08334	8.22754
0.970925	8.08831	8.10114	8.18111	8.35522
0.979738	8.10744	8.10359	8.07715	8.31912
0.988612	8.21977	8.12303	8.11244	8.28741
0.997537	8.06876	8.13687	8.10874	8.27652
1.00654	8.09675	8.08264	8.09179	8.25161
1.01559	8.02889	8.16683	8.12356	8.29658
1.02471	8.13305	8.08148	8.09383	8.30467
1.0339	8.1007	8.14644	8.07276	8.26031
1.04314	8.19526	8.15642	8.09543	8.25796
1.05245	8.14148	8.09775	8.11172	8.27464
1.06183	8.17364	8.19079	8.06005	8.31576
1.07126	8.08862	8.16332	8.09237	8.24911
1.08078	8.06826	8.18445	8.16166	8.26592
1.09034	8.1705	8.14112	8.07233	8.32512
1.09997	8.12904	8.17171	8.09106	8.295
1.10969	8.15298	8.13728	8.09566	8.28256
1.11945	8.14945	8.16382	8.19308	8.31702
1.12929	8.18896	8.15785	8.14931	8.31745
1.1392	8.16516	8.15835	8.14009	8.2793
1.14918	8.13692	8.1817	8.11774	8.24229
1.15922	8.1086	8.10735	8.05814	8.18116
1.16934	8.05977	8.1312	8.04947	8.24928
1.17953	8.14128	8.09658	8.14112	8.23776
1.18977	8.10744	8.08153	8.08722	8.35201
1.2001	8.11234	8.10585	8.10752	8.29371
1.2105	8.08774	8.11319	8.13487	8.38537
1.22098	8.12604	8.11588	8.09649	8.25416
1.23151	8.05593	8.12945	8.1487	8.22926
1.24213	8.20106	8.13286	8.07725	8.29895
1.25283	8.11658	8.14104	8.10355	8.1934
1.26359	8.07511	8.05383	8.12185	8.27856
1.27443	8.09834	8.19466	8.11439	8.25252
1.28534	8.04912	8.11972	8.11885	8.29979
1.29632	8.15914	8.09969	8.12021	8.20178
1.30739	8.0933	8.11568	8.07737	8.28253
1.31854	8.15636	8.11607	8.08794	8.2547
1.32975	8.15204	8.11758	8.13636	8.35268
1.34105	8.1492	8.1403	8.10677	8.20675
1.35242	8.14013	8.20437	8.1143	8.29941
1.36388	8.09349	8.10437	8.08303	8.29082
1.37541	8.13581	8.0748	8.09098	8.29869
1.38702	8.08683	8.09059	8.07094	8.25561
1.39871	8.05487	8.13637	8.10892	8.28463
1.41049	8.16042	8.11021	8.1149	8.29116
1.42235	8.14925	8.13082	8.07346	8.24377
1.43429	8.15702	8.11605	8.08298	8.29924
1.44631	8.15174	8.11367	8.12519	8.3039
1.45841	8.14799	8.13137	8.11015	8.22231
1.4706	8.0903	8.13029	8.07382	8.28582
1.48287	8.08143	8.13789	8.10621	8.29084
1.49524	8.09881	8.08881	8.03428	8.23239
1.50768	8.14576	8.05645	8.12651	8.22736
1.52021	8.10245	8.06179	8.08624	8.26815
1.53282	8.14819	8.10852	8.0629	8.23597
1.54552	8.10824	8.11534	8.08737	8.24245
1.55833	8.17743	8.13284	8.03819	8.26988
1.5712	8.14461	8.10487	8.07127	8.22127
1.58417	8.14944	8.14866	8.10918	8.26107
1.59724	8.15415	8.14269	8.12085	8.26026
1.61039	8.1134	8.17362	8.10902	8.26881
1.62363	8.09562	8.10302	8.04292	8.15066
1.63696	8.13139	8.14693	8.07846	8.24625
1.65039	8.09619	8.10878	8.14216	8.18488
1.66391	8.11693	8.13359	8.09681	8.2959
1.67753	8.11358	8.10188	8.0226	8.17002
1.69123	8.11487	8.09912	8.06452	8.20907
1.70504	8.10897	8.14971	8.04294	8.30453
1.71892	8.12809	8.079	8.10589	8.24411
1.73293	8.08229	8.11568	8.101	8.24986
1.74701	8.12016	8.09286	8.13474	8.21304
1.7612	8.14386	8.10636	8.11616	8.27627
1.77549	8.04838	8.04286	8.15604	8.29732
1.78988	8.11507	8.04106	8.11086	8.2325
1.80436	8.06724	8.11888	8.09367	8.15719
1.81895	8.13794	8.09097	8.08617	8.26075
1.83364	8.09672	8.12299	8.07562	8.23594
1.84843	8.12991	8.06983	8.07504	8.23586
1.86332	8.09651	8.14939	8.0833	8.26623
1.87831	8.09116	8.1109	8.02701	8.20757
1.89341	8.09115	8.12026	8.0662	8.25933
1.90863	8.14742	8.1265	8.04702	8.21233
1.92393	8.08959	8.15792	8.14514	8.26478
1.93935	8.15165	8.10156	8.10819	8.27664
1.95486	8.08563	8.09397	8.08956	8.26453
1.9705	8.0713	8.09634	8.10319	8.23981
1.98624	8.15038	8.13737	8.12199	8.26595
2.00209	8.06164	8.12919	8.05802	8.28454
2.01804	8.10726	8.07098	8.11941	8.2246
2.03411	8.12107	8.10011	8.0144	8.27437
2.05029	8.02502	8.08426	8.08679	8.24953
2.06658	8.1069	8.13026	8.05067	8.22176
2.08299	8.07042	8.12479	8.07474	8.25637
2.0995	8.10921	8.09329	8.05255	8.2747
2.11614	8.10797	8.09049	8.05196	8.26374
2.13289	8.05552	8.10677	8.03499	8.23506
2.14975	8.07983	8.08381	8.11124	8.25599
2.16672	8.14173	8.02287	8.03722	8.23179
2.18383	8.05548	8.11503	8.10303	8.25942
2.20104	8.06849	8.04571	8.07146	8.22041
2.21837	8.03776	8.0785	8.10406	8.21408
2.23584	8.07695	8.10986	8.04633	8.23197
2.25341	8.00385	8.11578	8.12052	8.21304
2.27111	8.09997	8.12239	8.0196	8.26351
2.28894	8.08211	8.09775	8.09412	8.21463
2.30689	8.07834	8.09181	8.07495	8.25826
2.32495	8.04574	8.09488	8.06954	8.22347
2.34315	8.01292	8.08961	8.09285	8.25148
2.36146	8.11327	8.06971	8.05217	8.26833
2.37991	8.05446	8.09563	8.04443	8.22469
2.39849	8.00086	8.07166	8.11326	8.26103
2.4172	8.04849	8.09175	8.10834	8.26596
2.43604	8.07291	8.07678	8.07936	8.25472
2.455	8.0382	8.09773	8.08382	8.16442
2.4741	8.10727	8.09293	8.06713	8.19643
2.49332	8.09683	8.1071	8.11967	8.17518
2.51269	8.09017	8.07133	8.0841	8.19453
2.53219	8.0573	8.03074	8.01443	8.24467
2.55181	8.07988	8.06585	8.09717	8.18926
2.57159	8.04877	8.15252	8.09083	8.23219
2.59149	8.028	8.07993	8.03651	8.26063
2.61153	8.05574	8.08762	8.05397	8.26756
2.63171	8.12784	8.0798	8.08045	8.18476
2.65204	8.10264	8.11673	8.04678	8.2558
2.6725	8.05723	8.07215	8.06597	8.23412
2.6931	8.00729	8.08241	8.02479	8.19835
2.71385	8.08849	8.07468	8.11453	8.20124
2.73474	8.02187	8.06874	8.07545	8.23687
2.75577	8.09569	8.09765	8.06689	8.22526
2.77695	8.10119	8.07914	8.04426	8.24898
2.79829	8.023	8.04336	8.12174	8.23296
2.81976	8.1004	8.10407	8.06923	8.27593
2.84139	8.08403	8.09469	8.04356	8.19089
2.86316	8.07076	8.13683	8.05232	8.22268
2.88509	8.04827	8.09528	8.06854	8.23058
2.90716	8.094	8.09205	8.07614	8.24602
2.9294	8.15612	8.09367	8.06045	8.22684
2.95178	8.05915	8.06851	8.07669	8.21604
2.97432	8.07113	8.07026	8.05726	8.19961
2.99701	8.06605	8.13042	8.08666	8.22698
3.01988	8.05576	8.09819	8.00782	8.22181
3.04289	8.08781	8.07369	8.05158	8.25182
3.06605	8.02575	8.04389	8.04009	8.17803
3.08939	8.1121	8.0571	8.05743	8.20265
3.11289	8.06927	8.04753	8.04346	8.24581
3.13654	8.0501	8.12719	8.0683	8.23406
3.16036	8.06849	8.08484	8.00393	8.1684
3.18435	8.03771	8.03762	8.02827	8.22786
3.2085	8.1012	8.03852	8.04062	8.21544
3.23281	8.06072	8.08129	8.06831	8.21476
3.2573	8.07021	8.04906	8.0583	8.19014
3.28196	8.00506	8.05903	8.05204	8.21249
3.30679	8.02807	8.0314	8.04261	8.17348
3.3318	8.08698	8.06327	8.04111	8.1832
3.35698	8.02352	8.06391	8.01562	8.17247
3.38231	8.05913	8.04913	8.05448	8.16747
3.40784	8.11392	8.07234	8.01577	8.20548
3.43355	8.0255	8.04204	8.01557	8.16266
3.45942	8.02096	8.03752	8.03448	8.22214
3.48549	8.07569	8.03484	8.04688	8.20697
3.51172	8.07127	8.03801	8.03066	8.16524
3.53815	8.041	8.03364	8.01195	8.12114
3.56475	8.0737	8.03024	8.03014	8.17667
3.59154	8.0684	8.08815	8.06735	8.18841
3.61851	8.07839	8.02463	8.08261	8.18353
3.64567	8.06287	8.09437	8.02997	8.16105
3.67302	8.06466	8.03139	8.03813	8.16452
3.70056	8.05086	8.03012	8.06672	8.15391
3.7283	8.05745	8.02112	8.00791	8.18437
3.75621	8.0502	8.06108	8.05731	8.13363
3.78434	8.02283	8.07277	8.04151	8.1879
3.81265	8.04817	7.98958	8.01527	8.18367
3.84115	8.02585	8.03356	8.02439	8.16813
3.86986	8.03009	8.03867	8.03099	8.18664
3.89876	8.05064	8.01348	8.04269	8.22812
3.92786	8.03735	8.01152	8.05363	8.18229
3.95718	8.00073	7.99609	8.04307	8.16627
3.98669	8.01372	7.99928	8.02135	8.2097
4.0164	8.01583	8.04944	8.02426	8.16264
4.04631	8.02485	8.02494	8.04195	8.19908
4.07644	8.02946	8.05228	8.01012	8.20928
4.10677	8.01315	8.01762	8.01497	8.17477
4.13732	8.01739	8.01739	8.05552	8.19091
4.16809	8.02139	8.04539	8.03614	8.1906
4.19905	8.03083	8.07416	8.01693	8.16279
4.23024	8.04239	8.06414	8.04828	8.18657
4.26164	8.00937	8.0628	7.99504	8.16082
4.29326	8.02423	8.03489	8.02456	8.16361
4.3251	7.98926	8.03162	8.04252	8.18356
4.35716	7.9955	8.03343	8.04839	8.16673
4.38944	8.02621	8.01243	8.05145	8.16463
4.42195	8.01216	8.02646	8.02602	8.17101
4.45468	8.02616	8.06965	7.99928	8.16948
4.48764	8.03313	8.05111	8.0119	8.15191
4.52082	8.02792	8.04499	8.02551	8.19248
4.55424	8.00334	8.0378	8.00511	8.15423
4.58789	7.9561	8.03724	8.01706	8.14331
4.62178	8.01029	8.01578	8.01419	8.16165
4.65589	8.02126	8.00994	8.00771	8.16299
4.69024	7.99921	8.03005	8.00444	8.15203
4.72482	7.98003	8.03084	7.99304	8.13667
4.75966	8.05561	8.03061	8.00825	8.12495
4.79472	8.00847	8.0457	8.01963	8.16174
4.83005	8.00725	8.02999	8.00371	8.17485
4.8656	7.95682	8.02153	7.97469	8.17045
4.90141	8.00094	8.01444	7.9896	8.13816
4.93746	8.03211	8.01605	7.98208	8.14538
4.97377	8.0089	8.01298	8.01381	8.13174
5.01032	7.99352	8.03797	8.03545	8.15308
5.04714	7.99717	8.00145	8.02285	8.13701
5.0842	7.97912	8.0029	8.04185	8.17233
5.12152	8.03195	8.0654	7.97283	8.13564
5.1591	8.00478	8.01445	8.00277	8.15631
5.19694	8.00886	8.02981	8.02225	8.15541
5.23505	8.03468	8.0542	8.02586	8.19138
5.27341	8.02132	8.0147	7.99224	8.16494
5.31205	7.99707	7.98214	8.00041	8.19326
5.35095	8.04558	8.03406	8.02907	8.15662
5.39011	8.01269	7.99928	7.99773	8.17653
5.42956	8.00129	7.98973	8.00382	8.17019
5.46927	8.01331	8.00177	8.01466	8.18671
5.50926	7.97342	7.98501	8.00884	8.16749
5.54954	8.02426	8.02951	7.99766	8.16593
5.59008	8.03717	8.01855	7.996	8.15977
5.63091	8.00901	8.01336	8.01116	8.16386
5.67203	7.99374	8.02654	7.98413	8.19825
5.71341	7.97751	8.01019	8.00326	8.18906
5.7551	8.01722	8.02189	7.98735	8.12968
5.79707	7.97692	8.01216	7.97722	8.17117
5.83934	7.97866	7.99461	8.00075	8.16575
5.88189	8.00972	8.01921	7.98571	8.17218
5.92474	8.01761	8.01263	7.99802	8.15962
5.96789	7.98733	7.99065	7.98853	8.14234
6.01134	8.04416	7.99625	7.98375	8.13176
6.05509	8.0067	7.98005	8.00104	8.15153
6.09914	8.00722	7.99895	8.0128	8.16258
6.14349	7.97246	7.96364	7.9744	8.14625
6.18815	7.9999	8.01048	7.97549	8.1545
6.23313	7.98622	7.98043	7.9738	8.12981
6.27841	7.98092	8.01759	7.96437	8.08547
6.32401	7.97068	7.97441	7.95768	8.1348
6.36993	7.94483	8.00535	7.97157	8.12836
6.41616	7.97052	8.02488	7.97378	8.10421
6.46271	7.94884	7.97858	7.97225	8.12704
6.5096	7.93057	7.99866	7.97107	8.12245
6.5568	7.94872	7.99861	7.98112	8.11537
6.60432	7.95913	7.99567	7.97354	8.11325
6.65219	7.96428	7.98056	7.95309	8.11886
6.70038	7.94523	8.00787	7.98929	8.09921
6.7489	7.96584	7.98587	7.96361	8.11044
6.79776	7.96854	7.99493	7.99719	8.13553
6.84696	8.00428	7.97894	7.96834	8.10152
6.8965	7.96319	7.97101	8.00468	8.09481
6.94639	7.99955	7.98191	7.95599	8.08443
6.99661	7.97367	7.98816	7.95735	8.11722
7.04719	7.97738	7.9724	7.94565	8.08965
7.09811	7.91609	7.97504	7.97972	8.12595
7.1494	7.97976	7.9613	7.9581	8.08037
7.20104	7.93406	7.94423	7.97011	8.10536
7.25303	7.94921	7.94642	7.98537	8.10997
7.30539	7.97471	7.96205	7.95605	8.11411
7.3581	7.93571	7.94527	7.97358	8.12379
7.41119	7.93086	7.96162	7.95056	8.12413
7.46464	7.94722	7.96709	7.97898	8.10165
7.51846	7.92113	7.97253	7.98753	8.07336
7.57265	7.96958	7.95833	7.99511	8.08706
7.62722	7.95323	7.94863	7.95806	8.11637
7.68218	7.934	7.96664	7.94828	8.10936
7.7375	7.97	7.96072	7.98084	8.11438
7.79321	7.92037	7.9824	7.97726	8.10566
7.84931	7.92782	7.95021	7.96398	8.12028
7.9058	7.92104	7.99575	7.95281	8.08157
7.96269	7.93312	7.96897	7.95312	8.12888
8.01996	7.92145	7.96064	7.93535	8.10565
8.07764	7.94715	7.93567	7.93932	8.09371
8.1357	7.93488	7.97518	7.94796	8.09655
8.19417	7.95084	7.95901	7.9528	8.11919
8.25305	7.96356	7.97022	7.9284	8.1134
8.31234	7.91615	7.9727	7.93538	8.09418
8.37204	7.94028	7.91858	7.93083	8.10112
8.43215	7.919	7.93301	7.9346	8.08
8.49267	7.93528	7.92243	7.94042	8.10041
8.55363	7.91903	7.93767	7.93421	8.10686
8.615	7.90371	7.93474	7.93012	8.11783
8.6768	7.94329	7.96755	7.91439	8.1091
8.73901	7.93885	7.93534	7.94371	8.06531
8.80167	7.93342	7.94264	7.91362	8.0883
8.86476	7.95699	7.96237	7.94657	8.08434
8.92829	7.93603	7.94927	7.94274	8.07592
8.99226	7.89991	7.93207	7.95199	8.07345
9.05667	7.89739	7.93599	7.92416	8.09374
9.12152	7.93228	7.93525	7.93944	8.05226
9.18684	7.94835	7.91615	7.94085	8.09316
9.25259	7.91166	7.9381	7.92911	8.06106
9.31881	7.9498	7.95411	7.90969	8.07547
9.38549	7.91612	7.93427	7.90385	8.07326
9.45263	7.90963	7.94966	7.9179	8.06522
9.52022	7.90972	7.93725	7.94722	8.05473
9.58829	7.90688	7.91902	7.94265	8.06552
9.65684	7.90196	7.93613	7.91691	8.07363
9.72585	7.90822	7.93395	7.93099	8.07261
9.79535	7.93151	7.88924	7.9178	8.09204
9.86532	7.92084	7.95009	7.93278	8.06789
9.93579	7.90463	7.92511	7.93512	8.08457
10.0067	7.91018	7.92435	7.92367	8.05212
10.0782	7.9147	7.90385	7.93113	8.08554
10.1501	7.89103	7.93518	7.9153	8.05731
10.2226	7.90064	7.89681	7.92475	8.03891
10.2955	7.90428	7.92552	7.9083	8.04633
10.3689	7.9181	7.93702	7.89452	8.04942
10.4429	7.89324	7.90836	7.91625	8.07096
10.5174	7.8972	7.90569	7.92625	8.03973
10.5923	7.8832	7.90807	7.90167	8.06598
10.6678	7.89871	7.92771	7.88419	8.06258
10.7439	7.90199	7.92397	7.91929	8.04903
10.8204	7.89141	7.91473	7.90794	8.08009
10.8975	7.90346	7.91814	7.90427	8.03813
10.9751	7.8989	7.93599	7.87907	8.05077
11.0533	7.8883	7.91381	7.90346	8.0687
11.132	7.88511	7.9205	7.91403	8.03363
11.2112	7.88553	7.91017	7.90003	8.06737
11.291	7.89217	7.92395	7.8719	8.04721
11.3714	7.85949	7.89144	7.89318	8.04656
11.4523	7.88213	7.90592	7.91944	8.07325
11.5337	7.86992	7.91474	7.89391	8.04775
11.6158	7.88301	7.90195	7.88824	8.0586
11.6983	7.84822	7.89898	7.88631	8.04863
11.7815	7.86958	7.89696	7.89263	8.01587
11.8652	7.84854	7.90108	7.87706	8.04331
11.9496	7.87621	7.90346	7.85154	8.04956
12.0345	7.86984	7.89826	7.87715	8.05639
12.12	7.87907	7.88707	7.87471	8.02211
12.2061	7.86909	7.89315	7.87123	8.03991
12.2928	7.87229	7.9023	7.8464	8.0452
12.3801	7.86919	7.88277	7.87818	8.02886
12.4679	7.86642	7.89592	7.85868	8.02709
12.5564	7.88846	7.87755	7.8656	8.0216
12.6456	7.87562	7.89234	7.85351	8.02817
12.7353	7.84135	7.88141	7.85657	8.03559
12.8257	7.85294	7.88113	7.84849	8.02748
12.9166	7.85782	7.87404	7.87328	7.98834
13.0083	7.85343	7.85159	7.86414	8.04016
13.1005	7.8691	7.89421	7.87446	8.01266
13.1934	7.89001	7.87398	7.87452	8.01377
13.2869	7.83759	7.88755	7.84837	8.01295
13.3811	7.84579	7.88716	7.85164	8.02861
13.4759	7.86217	7.89308	7.85303	8.0203
13.5714	7.84536	7.90433	7.84962	8.02485
13.6676	7.87319	7.85201	7.85845	8.01495
13.7644	7.85758	7.86664	7.83818	8.03011
13.8619	7.83353	7.85928	7.84206	7.99936
13.9601	7.84262	7.87599	7.86065	8.02823
14.0589	7.84626	7.86921	7.84889	8.02381
14.1584	7.84121	7.85748	7.85187	8.00924
14.2586	7.84883	7.86341	7.85483	8.02269
14.3596	7.84296	7.86963	7.85347	8.01677
14.4612	7.82538	7.86196	7.81116	7.98704
14.5635	7.83704	7.8595	7.83176	8.01464
14.6665	7.84697	7.87356	7.84589	8.00353
14.7703	7.83139	7.86302	7.86281	7.99019
14.8747	7.84285	7.8645	7.84003	8.00369
14.9799	7.82543	7.83886	7.84225	8.00613
15.0858	7.81587	7.84301	7.83664	7.97722
15.1925	7.82957	7.81653	7.80497	7.96736
15.2999	7.81576	7.84037	7.83403	7.98547
15.408	7.83506	7.82247	7.8157	8.00092
15.5169	7.8131	7.84213	7.82094	7.99573
15.6265	7.79542	7.8187	7.82213	7.98109
15.7369	7.81608	7.83266	7.81656	7.99338
15.8481	7.79551	7.82984	7.82699	7.97642
15.96	7.79717	7.8347	7.8224	7.97583
16.0727	7.79868	7.83384	7.81891	7.98055
16.1862	7.80369	7.82083	7.81605	7.98632
16.3005	7.8198	7.82227	7.807	7.98729
16.4156	7.80589	7.83135	7.82847	7.96688
16.5314	7.80617	7.83712	7.79866	7.98541
16.6481	7.79176	7.82649	7.80889	7.9478
16.7656	7.79837	7.8145	7.79573	7.98019
16.8839	7.81384	7.82697	7.82349	7.95763
17.003	7.81067	7.80041	7.80846	7.97036
17.1229	7.79822	7.82976	7.81945	7.94744
17.2437	7.81049	7.80974	7.79743	7.96064
17.3653	7.79666	7.80707	7.79733	7.94616
17.4878	7.76952	7.80475	7.79701	7.94987
17.6111	7.78807	7.82083	7.80565	7.95547
17.7352	7.78891	7.81823	7.80651	7.95349
17.8602	7.79357	7.80792	7.80003	7.95904
17.9861	7.81484	7.83582	7.78295	7.93956
18.1129	7.80296	7.79193	7.79024	7.95755
18.2405	7.80019	7.81512	7.78726	7.94354
18.369	7.79958	7.79838	7.78714	7.95212
18.4984	7.79029	7.80749	7.80121	7.95129
18.6287	7.79594	7.81167	7.77944	7.96367
18.7599	7.77	7.82386	7.77998	7.96226
18.892	7.76227	7.7964	7.79789	7.9394
19.0251	7.76841	7.80354	7.79931	7.94112
19.159	7.77527	7.80174	7.79437	7.94687
19.2939	7.77227	7.79198	7.76721	7.96685
19.4297	7.7843	7.81034	7.77016	7.94494
19.5665	7.77645	7.78648	7.76693	7.92639
19.7042	7.75826	7.79387	7.78222	7.95358
19.8429	7.758	7.78435	7.75618	7.93613
19.9825	7.74285	7.79467	7.75899	7.91874
20.1231	7.73475	7.79032	7.75318	7.93396
20.2647	7.74409	7.7877	7.76712	7.94205
20.4072	7.75314	7.79512	7.77022	7.92922
20.5507	7.74688	7.79658	7.77227	7.92561
20.6953	7.76006	7.79694	7.77826	7.93478
20.8408	7.75059	7.77518	7.7552	7.92918
20.9873	7.7601	7.78638	7.75927	7.92209
21.1349	7.73024	7.77178	7.76892	7.90131
21.2835	7.74186	7.777	7.75662	7.91932
21.4331	7.74554	7.78725	7.76027	7.91123
21.5837	7.76417	7.77181	7.7665	7.91607
21.7354	7.75632	7.76202	7.74578	7.90643
21.8882	7.73763	7.76288	7.77991	7.90965
22.042	7.75057	7.76089	7.7464	7.92785
22.1968	7.74996	7.76489	7.74393	7.90669
22.3528	7.73667	7.75444	7.73315	7.88839
22.5098	7.72937	7.74604	7.748	7.89923
22.6679	7.7177	7.77334	7.75481	7.90357
22.8271	7.71637	7.77292	7.74455	7.90674
22.9874	7.72013	7.75471	7.7554	7.89742
23.1488	7.72581	7.7599	7.73818	7.91431
23.3114	7.71189	7.75365	7.75164	7.89284
23.475	7.72385	7.76616	7.74042	7.90906
23.6398	7.73517	7.74884	7.72681	7.90142
23.8058	7.73201	7.75679	7.74994	7.90141
23.9729	7.72543	7.73437	7.74855	7.9043
24.1411	7.70367	7.74468	7.73271	7.89302
24.3106	7.71894	7.70271	7.71447	7.90246
24.4811	7.69404	7.73452	7.73063	7.89974
24.6529	7.70757	7.75133	7.71431	7.87319
24.8259	7.68761	7.73855	7.73667	7.89157
25	7.71692	7.73761	7.72273	7.89936
25.1754	7.72183	7.73764	7.71776	7.8847
25.352	7.69635	7.72088	7.71155	7.87448
25.5298	7.71742	7.70961	7.73109	7.88454
25.7089	7.70436	7.7281	7.73549	7.86354
25.8891	7.69758	7.73858	7.72018	7.87342
26.0707	7.7038	7.73075	7.70667	7.85457
26.2535	7.69111	7.73463	7.68393	7.85861
26.4375	7.7062	7.74391	7.696	7.86937
26.6229	7.69239	7.72766	7.70929	7.86378
26.8095	7.69593	7.71567	7.70531	7.86859
26.9974	7.66728	7.722	7.71493	7.85796
27.1866	7.69415	7.71229	7.72496	7.84257
27.3771	7.66928	7.72309	7.67395	7.87882
27.569	7.68908	7.71935	7.68821	7.87056
27.7622	7.70306	7.70907	7.69644	7.87706
27.9567	7.68369	7.70432	7.68613	7.88246
28.1525	7.65667	7.70388	7.71291	7.87073
28.3498	7.67519	7.71472	7.69505	7.85289
28.5484	7.6635	7.72151	7.67306	7.84985
28.7483	7.66621	7.71028	7.68375	7.84075
28.9497	7.66689	7.68133	7.6816	7.83957
29.1524	7.67518	7.70511	7.70158	7.84382
29.3566	7.66051	7.69872	7.68408	7.85048
29.5622	7.66493	7.70643	7.67302	7.85433
29.7692	7.66252	7.70437	7.67335	7.83821
29.9776	7.66725	7.68218	7.66402	7.82051
30.1875	7.6895	7.68246	7.67369	7.83953
30.3988	7.68011	7.68765	7.68773	7.84873
30.6116	7.66572	7.65504	7.66621	7.85365
30.8258	7.66873	7.68208	7.65921	7.84431
31.0416	7.64434	7.68052	7.66845	7.8446
31.2589	7.64677	7.67977	7.6549	7.84186
31.4776	7.65557	7.68783	7.65601	7.83411
31.6979	7.66466	7.6991	7.67432	7.83419
31.9197	7.67333	7.67869	7.66976	7.83851
32.143	7.64231	7.67677	7.67225	7.81798
32.3679	7.63424	7.67993	7.67931	7.8222
32.5943	7.62145	7.6644	7.65943	7.8205
32.8224	7.64314	7.66005	7.64235	7.80599
33.0519	7.62465	7.67807	7.65469	7.81132
33.2831	7.62543	7.66831	7.65734	7.8122
33.5159	7.63558	7.6506	7.64035	7.8138
33.7503	7.63435	7.64331	7.66489	7.83096
33.9864	7.63005	7.653	7.65695	7.80103
34.224	7.62475	7.655	7.64057	7.82818
34.4633	7.63011	7.66609	7.63534	7.81312
34.7043	7.64122	7.66936	7.62687	7.79344
34.9469	7.61344	7.68538	7.64497	7.78989
35.1912	7.61363	7.67393	7.62994	7.79506
35.4373	7.61553	7.65587	7.63165	7.80308
35.685	7.64195	7.65149	7.6289	7.79188
35.9344	7.62294	7.65324	7.62903	7.80318
36.1856	7.60927	7.63721	7.62603	7.78003
36.4385	7.61053	7.63923	7.619	7.78444
36.6931	7.61519	7.64426	7.61856	7.80253
36.9496	7.60103	7.62887	7.62324	7.78708
37.2078	7.61299	7.6406	7.61341	7.79429
37.4678	7.59618	7.64803	7.62238	7.78617
37.7295	7.61228	7.63752	7.62174	7.78345
37.9932	7.60901	7.62616	7.60799	7.79628
38.2586	7.60439	7.62984	7.60634	7.78417
38.5259	7.58111	7.63395	7.61903	7.77303
38.795	7.58191	7.60596	7.628	7.77463
39.066	7.59406	7.62612	7.59578	7.76772
39.3389	7.59442	7.617	7.6199	7.77357
39.6136	7.58658	7.63274	7.61627	7.77204
39.8903	7.59594	7.63106	7.60884	7.77571
40.1689	7.57959	7.63162	7.61018	7.77237
40.4494	7.59978	7.61934	7.59414	7.77082
40.7319	7.57317	7.61624	7.60373	7.76667
41.0163	7.5683	7.62886	7.59267	7.75661
41.3027	7.57749	7.62197	7.58824	7.75498
41.591	7.57546	7.60943	7.59906	7.74617
41.8814	7.56314	7.61349	7.60379	7.75399
42.1738	7.5567	7.59231	7.58538	7.74072
42.4682	7.59297	7.6151	7.59	7.74128
42.7647	7.56906	7.61666	7.59685	7.74603
43.0632	7.56025	7.60786	7.58121	7.73765
43.3638	7.56551	7.60267	7.58889	7.74268
43.6664	7.56575	7.59556	7.56594	7.75551
43.9712	7.55998	7.60946	7.58451	7.75199
44.2781	7.54274	7.60798	7.59036	7.73998
44.5871	7.54973	7.58049	7.55598	7.75624
44.8982	7.55355	7.59476	7.56893	7.75329
45.2115	7.56355	7.58222	7.58082	7.74037
45.527	7.57333	7.5884	7.58625	7.73729
45.8446	7.5714	7.58407	7.5823	7.73389
46.1645	7.54957	7.57976	7.5753	7.72068
46.4866	7.56397	7.59594	7.56944	7.71334
46.8109	7.53961	7.59329	7.55276	7.74125
47.1374	7.53358	7.57951	7.5687	7.7369
47.4663	7.56415	7.59735	7.57386	7.73471
47.7974	7.57862	7.58201	7.56504	7.73901
48.1308	7.53221	7.57608	7.5607	7.72463
48.4665	7.51347	7.58403	7.56011	7.72751
48.8045	7.53413	7.55943	7.54805	7.72627
49.1449	7.53243	7.55689	7.55851	7.6965
49.4876	7.52384	7.57048	7.56998	7.72266
49.8327	7.53274	7.58653	7.55561	7.72174
50.1802	7.53763	7.56945	7.55502	7.70598
50.5301	7.52114	7.57906	7.57391	7.71697
50.8825	7.5206	7.56727	7.55354	7.69664
51.2373	7.53028	7.55174	7.55121	7.71285
51.5945	7.52254	7.55631	7.5566	7.71016
51.9542	7.52127	7.57302	7.54751	7.72295
52.3164	7.51944	7.56255	7.53944	7.70192
52.6811	7.5225	7.55981	7.55241	7.70821
53.0484	7.51346	7.5511	7.52788	7.72256
53.4182	7.51117	7.55206	7.53682	7.69641
53.7905	7.50206	7.54071	7.54255	7.69552
54.1655	7.50798	7.54789	7.5468	7.70914
54.543	7.50275	7.5523	7.52477	7.71332
54.9232	7.53224	7.54727	7.53522	7.70451
55.306	7.52293	7.54964	7.52161	7.68912
55.6914	7.50953	7.55889	7.53461	7.68199
56.0795	7.49428	7.55087	7.51977	7.68128
56.4703	7.50173	7.53788	7.52255	7.69158
56.8638	7.49703	7.53355	7.52677	7.68824
57.2601	7.4877	7.53315	7.51471	7.67939
57.659	7.48947	7.53541	7.51535	7.66914
58.0608	7.50205	7.53251	7.52051	7.68293
58.4653	7.49971	7.54779	7.50743	7.69091
58.8727	7.48414	7.54322	7.52621	7.68144
59.2828	7.47266	7.5273	7.51935	7.6852
59.6959	7.4951	7.5273	7.50294	7.6872
60.1117	7.49767	7.53483	7.51011	7.69353
60.5305	7.49325	7.51696	7.50432	7.68259
60.9521	7.49697	7.50971	7.49755	7.67964
61.3767	7.48087	7.51772	7.51745	7.67756
61.8042	7.48523	7.51643	7.51343	7.65012
62.2347	7.47899	7.51683	7.50635	7.67701
62.6682	7.47075	7.51563	7.51037	7.66816
63.1047	7.47473	7.51996	7.49326	7.67138
63.5442	7.4668	7.52004	7.50833	7.68358
63.9867	7.47652	7.52406	7.49726	7.6789
64.4323	7.47843	7.51674	7.50924	7.67207
64.881	7.48569	7.52063	7.49966	7.67413
65.3328	7.48442	7.50803	7.50939	7.66689
65.7878	7.46046	7.50964	7.47975	7.65537
66.2459	7.46968	7.50631	7.4934	7.6544
66.7072	7.45782	7.4946	7.50312	7.66493
67.1716	7.46367	7.49809	7.48277	7.66049
67.6393	7.45775	7.49975	7.49167	7.66529
68.1103	7.4634	7.51559	7.48732	7.63547
68.5845	7.47131	7.50992	7.49915	7.64915
69.0619	7.45157	7.50474	7.49489	7.65211
69.5427	7.4651	7.50113	7.49425	7.64827
70.0269	7.46266	7.50685	7.49574	7.64862
70.5144	7.45612	7.51588	7.48028	7.65063
71.0052	7.45005	7.49729	7.49769	7.65439
71.4995	7.45266	7.50184	7.48036	7.64001
71.9972	7.45558	7.50117	7.48412	7.64545
72.4983	7.45441	7.49386	7.48414	7.65533
73.0029	7.46189	7.49762	7.47887	7.64538
73.511	7.43979	7.49558	7.47903	7.63874
74.0227	7.4392	7.49625	7.47835	7.63296
74.5378	7.44671	7.48584	7.46882	7.62849
75.0566	7.43057	7.50308	7.46881	7.64867
75.5789	7.43155	7.50748	7.47882	7.64874
76.1049	7.44282	7.49696	7.47082	7.64123
76.6345	7.44434	7.4861	7.47293	7.63215
77.1678	7.43509	7.49139	7.47062	7.64391
77.7048	7.42906	7.49497	7.48086	7.63476
78.2455	7.44322	7.48203	7.47	7.63209
78.7899	7.44996	7.48203	7.468	7.63539
79.3382	7.4309	7.47287	7.47244	7.62916
79.8902	7.44796	7.4906	7.45537	7.62285
80.4461	7.43503	7.48848	7.45964	7.62663
81.0058	7.42545	7.47449	7.46025	7.62994
81.5693	7.44074	7.48247	7.46182	7.62144
82.1368	7.42514	7.47782	7.47251	7.62901
82.7083	7.43457	7.47344	7.46757	7.62073
83.2836	7.42968	7.47428	7.45334	7.62918
83.863	7.43843	7.47263	7.45327	7.61768
84.4464	7.43154	7.47001	7.45136	7.62012
85.0338	7.40916	7.47735	7.46263	7.6126
85.6253	7.41711	7.47395	7.4555	7.62613
86.2209	7.43995	7.46625	7.45003	7.61669
86.8207	7.42651	7.4822	7.44662	7.61629
87.4246	7.4331	7.4773	7.447	7.62041
88.0327	7.41485	7.46531	7.443	7.6117
88.6449	7.41568	7.46548	7.42648	7.62396
89.2615	7.40725	7.46398	7.45193	7.60882
89.8823	7.41711	7.46319	7.45519	7.62341
90.5074	7.41172	7.46279	7.44107	7.60224
91.1368	7.41476	7.46212	7.44966	7.59851
91.7707	7.4246	7.47051	7.43735	7.60277
92.4089	7.40495	7.4547	7.42906	7.599
93.0515	7.40711	7.46009	7.45878	7.61265
93.6986	7.40525	7.46265	7.44339	7.61647
94.3501	7.40826	7.44702	7.44585	7.60767
95.0062	7.4197	7.44485	7.43731	7.59283
95.6668	7.40163	7.45742	7.43283	7.59395
96.3321	7.40448	7.47007	7.43262	7.58999
97.0019	7.41914	7.45159	7.43842	7.60224
97.6764	7.40646	7.45338	7.42676	7.60578
98.3555	7.39356	7.44873	7.4448	7.59038
99.0393	7.41287	7.45441	7.41926	7.60222
99.7279	7.41222	7.45165	7.43159	7.59205
100.421	7.40427	7.45494	7.42168	7.58984
101.119	7.39547	7.45992	7.43352	7.5836
101.822	7.40253	7.46949	7.42717	7.60004
102.53	7.40317	7.44968	7.43385	7.58197
103.243	7.39892	7.43524	7.4391	7.59631
103.961	7.40596	7.45178	7.42314	7.58787
104.684	7.3859	7.44542	7.43872	7.58972
105.411	7.39688	7.44001	7.42507	7.59216
106.144	7.39415	7.45167	7.43222	7.59215
106.882	7.40529	7.43371	7.42698	7.58259
107.625	7.39613	7.43332	7.42946	7.59712
108.373	7.38545	7.44468	7.42625	7.58859
109.126	7.39439	7.44399	7.40325	7.59228
109.885	7.38485	7.43778	7.41256	7.59252
110.648	7.40493	7.45677	7.4197	7.57846
111.418	7.39213	7.42795	7.41961	7.58593
112.192	7.39189	7.43859	7.4311	7.59023
112.972	7.40672	7.45842	7.43088	7.59163
113.757	7.39191	7.42798	7.42667	7.57654
114.547	7.37929	7.44156	7.42625	7.58183
115.344	7.39532	7.43381	7.42655	7.58205
116.145	7.37633	7.44884	7.41815	7.58103
116.952	7.38854	7.44127	7.4227	7.57442
117.765	7.38107	7.43093	7.41847	7.59005
118.583	7.37961	7.44727	7.41037	7.58769
119.407	7.38294	7.43348	7.40695	7.57341
120.237	7.38851	7.42599	7.41098	7.5687
121.073	7.37693	7.4365	7.41943	7.56329
121.914	7.37525	7.43451	7.42432	7.56679
122.761	7.39373	7.41991	7.41229	7.57738
123.614	7.38217	7.42146	7.40582	7.5708
124.473	7.38106	7.43479	7.42224	7.57401
125.338	7.37788	7.42365	7.41222	7.57101
126.209	7.38428	7.423	7.40967	7.57446
127.086	7.38259	7.43665	7.41467	7.56454
127.969	7.37929	7.43981	7.4158	7.57439
128.858	7.38021	7.41373	7.41209	7.56942
129.753	7.36863	7.42952	7.41131	7.56931
130.655	7.36755	7.42436	7.41177	7.56528
131.562	7.37586	7.41568	7.42226	7.57252
132.477	7.38747	7.43236	7.41009	7.56457
133.397	7.3735	7.43581	7.42364	7.56992
134.324	7.36775	7.42857	7.40184	7.56063
135.257	7.37041	7.42566	7.41081	7.57078
136.196	7.37637	7.42548	7.42072	7.57052
137.143	7.38375	7.42562	7.41022	7.55761
138.095	7.37855	7.41674	7.40679	7.5635
139.055	7.3723	7.42235	7.40265	7.56687
140.021	7.3808	7.43807	7.40703	7.56289
140.993	7.37655	7.41859	7.40373	7.56333
141.973	7.38134	7.43429	7.40104	7.56526
142.959	7.37247	7.43347	7.41097	7.57219
143.952	7.36797	7.41852	7.41089	7.55979
144.952	7.36989	7.41384	7.40907	7.55898
145.959	7.37403	7.43141	7.40198	7.56806
146.972	7.36451	7.41669	7.40854	7.55912
147.993	7.37172	7.41581	7.40676	7.56209
149.021	7.37062	7.42057	7.40463	7.56291
150.056	7.36875	7.42599	7.4117	7.56386
151.098	7.3695	7.42596	7.41101	7.57501
152.148	7.36853	7.41332	7.41225	7.56477
153.205	7.36386	7.41831	7.40806	7.55009
154.269	7.3827	7.40882	7.40033	7.55945
155.34	7.36314	7.41687	7.39145	7.55112
156.419	7.37767	7.41741	7.40591	7.55896
157.505	7.37372	7.4234	7.40493	7.55825
158.599	7.37456	7.42344	7.394	7.56384
159.7	7.36017	7.42012	7.39566	7.56125
160.81	7.37197	7.41383	7.39656	7.55409
161.926	7.3679	7.41266	7.40073	7.55667
163.051	7.37202	7.41595	7.39634	7.55454
164.183	7.36317	7.42246	7.38871	7.55604
165.323	7.36485	7.41332	7.40005	7.56202
166.471	7.36858	7.40339	7.40279	7.55904
167.627	7.36973	7.41882	7.38953	7.5457
168.791	7.35934	7.41738	7.39307	7.55487
169.963	7.36251	7.41282	7.38729	7.55622
171.144	7.37568	7.41284	7.39576	7.54343
172.332	7.37286	7.40833	7.39637	7.54229
173.529	7.35933	7.42227	7.39398	7.55985
174.734	7.36062	7.42164	7.38492	7.55109
175.947	7.37113	7.40438	7.38515	7.54963
177.168	7.35918	7.4099	7.39036	7.55039
178.399	7.36574	7.40977	7.39011	7.5524
179.637	7.36137	7.40779	7.39443	7.5647
180.885	7.3671	7.41046	7.40627	7.54687
182.141	7.37316	7.40972	7.39491	7.54132
183.405	7.3675	7.40753	7.38734	7.55081
184.678	7.36846	7.4067	7.39335	7.55031
185.961	7.36468	7.40784	7.3917	7.55675
187.252	7.36973	7.41436	7.38535	7.55306
188.552	7.35047	7.40225	7.39309	7.54552
189.861	7.36001	7.41232	7.38868	7.55414
191.179	7.36278	7.40523	7.39504	7.54993
192.506	7.36178	7.40508	7.39464	7.54966
193.843	7.35503	7.40748	7.39358	7.55856
195.189	7.37276	7.40924	7.38992	7.55672
196.544	7.36363	7.40244	7.39344	7.54759
197.908	7.36346	7.40891	7.39019	7.55524
199.282	7.35526	7.40713	7.39515	7.54896
200.665	7.35543	7.40842	7.38506	7.54425
202.058	7.36229	7.40367	7.38562	7.54843
203.461	7.3621	7.40175	7.38856	7.55105
204.874	7.36384	7.41095	7.38632	7.55171
206.296	7.35448	7.41156	7.38698	7.54327
207.728	7.36131	7.41135	7.3933	7.54794
209.17	7.36142	7.39403	7.39277	7.54906
210.622	7.35746	7.40244	7.38429	7.54675
212.084	7.36448	7.40334	7.39173	7.5448
213.556	7.35408	7.40649	7.38986	7.54721
215.038	7.35474	7.40324	7.38605	7.55372
216.531	7.35694	7.39569	7.39322	7.55594
218.034	7.35599	7.40296	7.3899	7.55146
219.547	7.35373	7.39758	7.38418	7.54692
221.071	7.34796	7.40666	7.38246	7.55566
222.606	7.34598	7.40192	7.39423	7.54904
224.151	7.3525	7.4066	7.38355	7.55235
225.707	7.35597	7.39749	7.38719	7.5439
227.273	7.36794	7.40242	7.38246	7.55124
228.851	7.35288	7.39456	7.38138	7.54704
230.439	7.35015	7.40279	7.38956	7.54697
232.039	7.36021	7.40018	7.39078	7.54639
233.649	7.34937	7.39823	7.39189	7.54179
235.271	7.35328	7.39541	7.38038	7.54576
236.904	7.35944	7.39778	7.38399	7.55221
238.548	7.34893	7.40245	7.38221	7.54029
240.203	7.35057	7.40021	7.37928	7.54347
241.871	7.36181	7.3931	7.39055	7.53949
243.549	7.35276	7.39617	7.38005	7.54456
245.239	7.3447	7.40678	7.39009	7.54273
246.941	7.34741	7.39659	7.38476	7.54868
248.655	7.36809	7.40738	7.39207	7.54237
250.381	7.3497	7.40233	7.38569	7.53155
252.119	7.35686	7.39532	7.39183	7.53889
253.868	7.36167	7.40193	7.38613	7.53952
255.63	7.34059	7.39516	7.38056	7.53988
257.404	7.36494	7.40383	7.39442	7.53876
259.19	7.34252	7.39842	7.38749	7.54085
260.989	7.36179	7.40016	7.38885	7.54826
262.8	7.3428	7.39717	7.38691	7.54265
264.624	7.35319	7.39751	7.38454	7.54651
266.46	7.3544	7.39721	7.38682	7.54499
268.309	7.3582	7.39816	7.38907	7.54602
270.171	7.3654	7.40351	7.39162	7.54209
272.046	7.35922	7.39766	7.38552	7.54034
273.934	7.35151	7.39605	7.38319	7.55041
275.835	7.35214	7.40111	7.38226	7.54386
277.749	7.35957	7.40159	7.38878	7.54075
279.676	7.35033	7.3963	7.38818	7.5403
281.617	7.34622	7.40028	7.39324	7.54905
283.571	7.35844	7.39695	7.38553	7.53775
285.539	7.35885	7.39702	7.38894	7.54596
287.52	7.35864	7.39866	7.38499	7.54091
289.515	7.36105	7.40345	7.38938	7.54973
