7.5e-005	8.22308	7.94611	8.31754	7.71988	8.2532	7.83335	8.00466	7.77679	8.23296
0.0001375	8.26298	8.01235	8.29399	8.13632	8.05089	7.77746	7.86257	7.81072	8.24923
0.0002125	8.41263	8.15337	8.02346	8.07228	7.94727	7.97249	7.91685	8.08807	8.1583
0.000275	8.52885	7.97389	8.03759	7.91718	7.96426	7.96291	8.09151	8.30328	8.31909
0.00035	8.33685	7.76602	8.39902	8.20224	7.92712	8.09161	8.2902	8.33864	8.20789
0.000425	8.13189	7.70337	8.36338	7.96293	7.88699	8.24992	8.0563	8.4062	8.49532
0.0005	8.15283	7.79441	8.31358	7.89965	7.85423	8.09719	8.1348	8.30812	8.52171
0.0005625	7.89096	8.03091	8.2211	7.83491	7.95819	7.81194	8.21253	8.22938	8.18675
0.0006375	8.05939	8.05467	8.00552	7.97255	8.05815	7.83494	7.98218	8.15815	8.06929
0.0007125	8.09218	8.01292	7.67422	7.8422	8.10028	7.7774	7.9552	8.13407	8.25834
0.0007875	8.17465	7.96598	7.65942	7.99791	8.15817	7.97647	8.12807	7.95325	8.13038
0.0008625	8.16733	7.97401	7.83261	8.16047	8.05538	7.9719	8.06222	8.0088	8.10589
0.0009375	8.42151	8.02378	7.89891	8.05	8.22857	8.12452	8.09156	8.16101	8.06939
0.0010125	8.32106	8.11291	7.8891	8.04947	8.47408	8.11236	8.3204	8.37597	7.79617
0.0010875	8.13996	7.9772	7.89513	8.32477	8.09653	8.00148	8.1995	8.26948	8.08116
0.0011625	8.05061	8.08352	7.88992	8.35014	8.03655	7.83563	8.04775	8.19728	7.94307
0.00125	8.14983	8.1294	7.93488	7.99178	7.9618	7.85595	8.12349	8.11566	8.04261
0.001325	8.29019	7.94765	7.94807	8.05957	8.17834	7.95989	8.46941	8.30285	8.04564
0.0014	8.19405	8.05448	7.87972	7.91673	8.24306	7.90132	8.66758	8.39074	8.2451
0.0014875	7.96581	7.97867	7.64381	8.03764	8.27408	8.0041	8.20248	8.19594	8.49616
0.0015625	7.83154	7.76651	7.74883	7.90865	8.05153	7.98648	8.11298	8.06976	8.43432
0.0016375	7.95927	7.69746	7.89304	8.10348	7.95338	8.21882	8.22676	8.00334	8.21466
0.001725	8.1597	7.65595	7.78655	8.19126	7.98344	8.24903	8.08536	8.13542	7.98458
0.0018	8.13966	7.7579	7.68762	8.05198	8.00354	8.38201	8.2317	8.18172	8.30677
0.0018875	7.96511	7.93816	8.06939	7.91342	8.01654	8.29566	8.23695	8.13448	8.39711
0.0019625	7.99479	7.84629	8.07171	8.045	7.99437	8.10739	8.00834	7.96943	8.38489
0.00205	8.03225	8.1136	7.94041	8.29799	8.18463	8.28146	8.19041	8.22509	8.21722
0.0021375	8.26402	8.08709	7.86793	8.36853	8.29971	8.34754	8.18145	8.32986	8.29608
0.0022125	8.34389	7.87339	7.92933	8.22499	8.22742	8.15437	8.15878	8.19133	8.19562
0.0023	8.24257	7.89173	8.20588	8.00363	8.48114	8.10096	8.25858	8.13056	8.22747
0.0023875	8.12665	7.88751	7.99669	8.10321	8.10616	8.30524	8.33379	8.19503	8.07357
0.002475	8.042	8.02974	8.18339	7.97152	7.91348	8.11918	8.25187	8.21303	8.03606
0.0025625	8.01816	7.87906	8.28391	7.87706	7.80971	8.23626	8.46836	8.13862	8.15881
0.00265	7.95605	7.72025	7.85667	8.19309	8.05779	8.34667	8.38191	8.14323	8.34056
0.0027375	7.95899	8.00515	7.96194	8.18254	8.06004	8.25206	8.2619	8.0025	8.14035
0.002825	7.93716	7.96905	8.25735	7.9359	8.18382	8.16843	8.05917	7.90017	8.06073
0.0029125	7.90025	8.06497	7.82244	7.92501	8.12396	7.82859	7.99862	8.13695	8.41342
0.003	8.05823	7.93374	7.5741	8.06435	8.05963	8.03042	8.07847	8.41766	8.71323
0.0030875	8.02905	7.8422	7.67682	7.87807	8.21491	8.07151	8.28027	8.09957	8.30451
0.0031875	8.06667	7.75672	7.77972	8.04424	8.14981	8.30133	8.31782	8.21106	8.36451
0.003275	8.06791	7.79248	8.05558	8.00989	8.05991	8.21775	8.18372	8.1085	8.30437
0.0033625	8.11818	7.85936	7.78889	7.8923	8.04964	7.83886	8.08889	7.98125	8.12782
0.0034625	8.22942	7.83343	7.82895	8.12451	8.14621	8.01338	7.93473	7.88724	8.15014
0.00355	8.36523	7.90115	7.90494	7.93694	8.04157	7.98652	7.97775	8.04534	8.37763
0.00365	8.25969	7.765	7.95126	8.02751	8.07525	7.97437	7.97844	8.00047	8.35247
0.0037375	7.9566	7.73898	7.99596	7.98883	8.22508	7.87581	7.94992	7.99119	7.98288
0.0038375	8.03031	7.7386	7.95768	8.10734	8.08591	7.97196	7.94164	8.10787	7.97858
0.0039375	7.98671	7.9151	8.14409	8.1587	8.06766	8.19007	7.82512	7.77247	8.25666
0.004025	7.7029	7.97152	8.20044	8.05474	8.09255	8.25318	8.04612	8.10305	8.19986
0.004125	7.79971	8.02532	8.25057	8.11954	7.90729	8.19069	8.16947	8.25303	8.29616
0.004225	7.75077	7.90566	8.30055	7.98666	7.84394	7.93885	8.13991	8.24615	7.9879
0.004325	8.25235	7.80234	8.25333	8.01661	7.99644	7.85805	8.02158	8.10902	8.05986
0.004425	8.03106	8.00965	8.22996	7.88096	8.02184	7.97998	8.04143	8.24352	8.24784
0.004525	8.12618	8.04977	8.29293	7.75162	8.04976	7.97116	8.02392	8.25132	8.00583
0.004625	8.1316	8.03935	8.17799	7.66273	8.17611	8.1192	8.0833	8.1341	8.08386
0.004725	8.01091	8.21717	8.18934	8.02191	8.23674	7.92464	7.98654	8.31987	7.96953
0.004825	8.12963	8.0078	7.93696	8.18751	8.03409	7.78837	8.18081	8.21868	8.04918
0.004925	8.2277	7.82258	8.11413	8.23194	8.1857	8.01329	8.06867	8.12795	8.15544
0.0050375	7.98876	7.66347	7.90161	8.31458	7.92505	8.06638	8.15467	8.37732	8.19324
0.0051375	8.03832	7.87897	7.97462	8.3015	8.1432	8.15193	8.10387	8.15215	8.43232
0.0052375	7.94302	7.99544	7.9829	8.17905	8.01491	8.20644	8.22709	8.29734	8.30882
0.00535	8.06727	8.06455	7.89093	7.86796	7.82593	7.87714	8.28973	8.10452	8.50663
0.00545	7.98071	7.98309	7.89047	7.74862	7.77487	7.86417	8.06527	8.28679	8.3039
0.0055625	7.81782	7.99934	7.73695	7.96121	8.10295	7.69723	7.8953	8.10783	8.16266
0.0056625	7.89803	7.93154	7.76899	7.80263	8.03329	7.90207	8.03976	7.95203	7.95623
0.005775	8.04784	8.12612	7.89623	7.90276	8.23824	7.7046	8.2652	7.95362	8.00715
0.0058875	7.90627	7.87665	7.61752	7.99637	8.05323	8.1529	8.38979	8.25137	8.29629
0.006	8.02137	7.77371	7.83521	7.75169	8.17664	8.16549	8.13309	8.20584	8.15986
0.0061125	7.94098	8.10431	7.90008	7.84694	8.29112	8.11827	7.89188	7.98137	8.36882
0.0062125	8.14449	7.89206	8.10974	7.93094	8.06561	8.00496	8.02963	7.93955	8.31004
0.006325	7.93838	8.00189	7.95011	8.00062	8.04661	7.90431	8.01961	7.95839	8.18056
0.0064375	7.9324	7.93	8.01903	8.01719	7.97841	7.75203	7.89706	8.13324	8.42205
0.0065625	7.91164	8.01973	8.11915	8.17858	7.9494	7.91532	8.12769	8.0988	8.02535
0.006675	7.93367	7.68192	7.91072	7.97327	8.10914	8.23047	8.09521	8.07406	8.16964
0.0067875	7.94359	7.66562	7.94122	7.96837	7.90184	8.12673	8.00573	8.15254	8.21859
0.0069	7.97269	7.80012	7.85345	7.90305	8.20138	8.0562	7.96069	8.21601	8.199
0.007025	7.89762	7.84389	7.81603	7.88335	8.00972	7.8877	8.22793	8.09524	8.43504
0.0071375	7.97212	7.84604	7.95406	7.73988	8.1786	8.08638	7.99727	8.0713	8.41352
0.0072625	8.05336	7.76486	7.90454	7.86801	8.04645	7.99648	7.97401	8.16745	8.28499
0.007375	8.28411	7.89913	8.19707	7.95177	8.09067	7.55763	8.03054	8.22618	8.29725
0.0075	8.04341	7.87858	8.0892	8.05943	8.02645	7.78471	8.30648	8.06279	8.35274
0.007625	8.18583	8.01347	8.00918	8.03268	8.07482	8.17268	8.01183	7.96527	8.04142
0.0077375	8.21207	7.94751	7.77775	8.07266	8.18126	7.91878	7.81348	8.02059	8.30419
0.0078625	8.02729	8.03522	7.90935	8.02449	8.03546	8.04523	7.95197	8.09161	8.17792
0.0079875	8.13187	7.94279	7.92102	7.91745	7.89618	8.17967	8.30604	7.81142	8.06041
0.0081125	8.13947	7.74602	8.03788	8.05054	8.22953	8.16015	8.32191	7.92442	8.03423
0.0082375	8.01145	8.03726	7.77871	8.11117	8.35182	7.90628	8.04673	7.96775	8.18506
0.0083625	8.29022	7.94309	7.9903	7.99013	8.14204	8.00204	8.02238	8.27781	8.27032
0.0084875	8.12699	8.02644	7.87788	7.89525	8.05855	7.95139	8.32045	8.30771	8.48055
0.008625	8.06066	7.96821	7.96498	7.89546	8.04469	8.16006	8.08757	7.89958	8.30469
0.00875	7.97617	7.96036	8.014	7.84437	8.04745	8.04164	8.05377	7.81331	8.25048
0.008875	8.05745	8.0166	8.02037	8.00428	7.88128	8.07416	8.05815	8.0528	8.283
0.0090125	8.23186	7.96114	7.81284	7.76467	7.81827	8.1238	8.08107	8.35704	8.32763
0.0091375	8.13468	8.0864	7.89521	7.97819	7.54506	7.97143	8.20462	8.00037	8.07198
0.009275	8.00849	7.9458	7.98954	8.01656	7.83404	8.14827	8.10548	8.02347	7.97448
0.0094125	8.01434	7.81484	7.85854	7.95694	7.89709	7.97445	8.0672	8.07745	7.83946
0.0095375	7.99453	7.91593	7.86403	7.97132	8.08755	8.01187	8.216	7.91317	8.08512
0.009675	8.07409	7.88887	7.83991	8.09296	7.99852	7.75818	8.27096	7.95922	8.3608
0.0098125	7.88523	7.86944	8.10143	8.04873	8.01056	7.93596	8.32326	8.09059	8.26347
0.00995	7.94591	8.05403	7.97034	7.90894	8.06341	7.75009	8.3733	7.97621	8.07856
0.0100875	7.88206	7.95663	7.96282	8.00983	8.13507	7.65364	8.12847	8.07595	8.07018
0.010225	7.91295	7.90915	7.97129	7.9326	7.93245	8.08997	8.15077	7.93504	8.40095
0.010375	8.10995	7.81478	7.86018	7.91278	8.12319	8.11721	7.98829	8.00575	8.31641
0.0105125	8.18681	7.99234	8.02137	7.9382	8.11552	8.15678	7.99459	8.12515	8.27207
0.01065	8.23073	7.82291	8.01791	8.29605	8.0521	8.20587	8.11865	8.18314	8.4575
0.0108	8.04743	8.04902	7.90044	7.99339	8.18321	8.23968	8.23991	8.1772	8.47022
0.0109375	8.34673	7.7078	8.01024	7.88168	7.97149	8.08683	7.88184	8.17814	8.25002
0.0110875	8.10247	8.12776	7.778	8.03559	7.78903	8.22703	8.07411	7.82065	8.22229
0.0112375	7.94506	8.06008	7.79364	7.96262	7.95154	8.11918	8.09403	8.05745	8.29344
0.011375	8.08672	7.79729	7.75493	8.04671	7.96849	8.10524	8.28562	8.07705	8.23262
0.011525	8.05768	7.82658	7.64853	8.09754	8.2532	8.13926	8.03361	8.03661	8.2483
0.011675	7.96859	7.98714	7.65255	8.13344	8.08745	7.94763	8.01784	8.03049	8.3222
0.011825	7.84425	7.91978	7.93694	8.14945	8.01238	7.87259	7.81306	8.08544	8.21743
0.011975	7.90939	7.92485	8.07645	7.8903	7.72053	7.98064	7.95532	8.12658	8.19193
0.012125	7.85063	7.80094	7.84692	7.86931	7.78787	8.03865	8.18552	8.04283	8.32866
0.0122875	8.12073	7.91183	7.94246	7.86494	8.05184	8.14626	7.99982	7.96886	7.9259
0.0124375	8.04799	7.81588	8.18176	7.92312	8.05564	8.2416	8.25829	8.13128	8.1582
0.0126	8.26349	8.01519	8.0236	7.86164	7.9216	7.97471	8.26288	8.06327	8.30118
0.01275	8.19627	8.10008	7.86497	7.90646	8.14956	7.67324	8.06054	8.18381	8.31332
0.0129125	8.03847	7.8688	7.88683	7.95252	8.01734	7.84886	8.20478	8.18526	8.21885
0.0130625	7.99503	7.97581	7.92619	8.11647	7.89328	7.97458	7.8388	7.69132	8.04198
0.013225	8.06245	7.81428	7.95657	7.97987	8.05363	7.79844	8.10481	7.97658	8.23069
0.0133875	7.93015	7.68721	7.89346	7.97931	8.18879	7.88075	8.49704	8.03403	8.36043
0.01355	7.86607	7.89628	7.95432	7.97379	8.15951	7.97988	8.19007	8.02809	8.3929
0.0137125	7.89085	7.95546	7.87997	7.9084	8.0976	8.03673	7.94274	7.98172	7.9726
0.013875	7.94749	8.08322	8.01032	7.99218	8.00018	8.03847	8.10383	7.96723	7.94419
0.0140375	8.06471	8.04226	7.83727	7.9409	7.9442	8.07461	8.25653	7.89366	8.10169
0.0142125	7.87631	7.94241	7.75561	7.86088	8.00738	8.21861	8.06974	8.0018	8.13439
0.014375	7.91068	7.89752	7.5724	7.87024	7.92488	7.98074	8.01731	8.05763	8.24788
0.01455	7.94547	7.80069	7.75653	8.08189	7.97858	7.89295	8.02963	8.01726	8.15323
0.0147125	7.83955	7.80074	8.13256	7.93958	8.04777	7.73746	7.87801	7.98521	8.17253
0.0148875	7.99479	7.77334	7.98208	8.03983	8.13026	7.80679	8.01854	7.95831	8.18209
0.0150625	8.10998	7.82106	7.75465	7.84508	7.94023	8.02764	8.0046	8.07387	8.24903
0.0152375	7.897	7.81127	8.1177	7.777	7.87564	7.98771	8.06318	8.11115	8.21263
0.0154125	8.02084	7.77261	8.03714	7.84667	7.99835	7.85665	8.26218	8.16124	7.96175
0.0155875	8.00053	7.95094	7.94591	7.89783	8.07684	8.0547	8.00554	8.00755	8.21546
0.0157625	7.98749	7.69929	7.92082	8.04943	7.93261	7.91576	7.99529	8.03284	8.12106
0.0159375	7.97787	7.72314	7.82272	7.86633	7.96	8.07325	8.00144	8.29141	8.16612
0.016125	7.98029	7.92256	7.62949	7.65584	7.8194	8.04097	8.1356	7.90001	8.02233
0.0163	7.89211	7.99599	7.89149	7.79781	8.0055	7.9677	8.02873	7.99231	7.96883
0.0164875	7.93426	7.75886	7.70125	8.0359	8.28831	7.98379	8.12079	8.01214	8.06412
0.0166625	7.85682	7.57738	7.97087	7.86371	8.17433	7.79058	8.07461	7.9008	8.02022
0.01685	8.00233	7.92068	7.85893	7.71979	8.00513	7.74835	8.25591	7.89942	8.04183
0.0170375	8.08282	7.73201	7.94948	7.99534	7.97631	8.05945	7.93801	7.888	8.00692
0.017225	7.81755	7.90208	7.66939	7.84464	8.01393	7.95456	7.81339	8.01414	8.36647
0.0174125	8.02516	7.73346	7.85696	7.76116	8.00594	8.29725	8.2951	7.97215	8.32544
0.0176	8.0065	7.98315	8.10957	7.94147	8.19292	7.90328	8.09968	8.28285	8.21423
0.0178	8.00029	7.68746	7.92507	7.78986	7.97033	7.94546	8.0621	7.95163	8.27678
0.0179875	7.98875	7.9872	7.98582	7.83514	8.02063	7.72555	8.04078	8.01021	8.08774
0.0181875	8.11031	8.10372	7.80019	7.80078	7.99157	7.80095	7.92425	8.06823	7.91012
0.018375	7.91038	7.66384	7.99755	7.77383	7.89572	7.86396	7.98864	8.24389	7.99996
0.018575	7.82628	7.86256	7.67834	7.89594	7.92996	7.94223	8.04725	8.13269	8.17131
0.018775	7.83366	7.82638	7.83736	7.83536	8.05155	7.8303	8.10497	8.13591	8.25734
0.018975	7.67696	7.58447	7.86172	8.02564	7.99742	8.04904	8.0762	7.94231	8.37755
0.019175	7.95693	7.68909	7.78519	7.98206	8.01065	8.10361	8.0021	8.04496	8.15099
0.019375	7.99896	7.86425	7.93226	7.96566	7.98411	7.84576	8.2318	7.85287	8.02519
0.019575	7.93179	7.84017	7.95017	7.80119	7.8196	8.12635	7.93263	8.09568	8.03168
0.0197875	7.98331	7.74973	7.80284	7.71402	7.87778	7.99883	8.07376	7.98029	7.91977
0.0199875	7.87796	7.83623	7.84389	7.96042	7.9308	7.93307	8.08819	7.79637	8.07082
0.0202	7.96038	7.90746	7.83834	7.74584	8.05078	8.09212	7.90838	8.10488	8.23456
0.0204125	8.18312	7.84068	7.89469	8.11425	8.04881	8.08807	8.14087	7.93452	8.14305
0.020625	7.67942	7.6604	7.87534	8.02097	7.84848	7.90645	8.15646	7.79911	7.90289
0.0208375	7.85668	7.92031	7.89592	8.00682	7.92541	7.93475	8.06315	8.04904	7.99064
0.02105	7.81294	7.84576	7.90263	7.7878	7.94948	8.02903	8.09463	7.94143	7.99424
0.0212625	7.83034	7.65707	7.67532	7.91592	7.96106	8.01937	7.99696	7.84197	8.1665
0.021475	7.96902	7.70574	7.97085	7.87304	7.98412	7.94116	7.9243	7.96323	8.10559
0.0217	7.88025	7.81841	7.88261	8.02093	8.02213	8.00227	8.0058	8.03598	7.93339
0.0219125	7.67758	8.02237	7.86075	7.99347	7.925	8.05818	8.20638	8.15013	7.88213
0.0221375	7.69828	7.87413	7.94771	7.90345	7.95964	7.76932	7.88448	7.82117	8.01334
0.0223625	7.89832	7.94757	7.78089	7.8739	7.93987	7.91132	8.00237	7.97887	7.92725
0.0225875	8.02886	7.70368	7.65875	7.82001	7.95459	7.9219	8.00407	8.17274	7.91367
0.0228125	7.72127	7.72785	7.97881	7.69643	7.97834	8.0868	7.94751	8.0842	8.20855
0.0230375	7.73235	7.80774	8.06566	7.71369	8.03689	7.82515	8.01204	7.80075	8.28079
0.0232625	7.97933	7.50919	8.00287	7.76223	8.04553	7.97085	7.9579	7.83401	8.01787
0.0235	7.92587	7.79584	7.86456	7.55015	7.99382	7.97777	8.19428	7.6585	8.01713
0.023725	7.91164	7.86009	7.68209	7.5213	8.08607	7.93006	7.95436	7.98415	8.03523
0.0239625	7.87305	7.78418	7.92522	7.5947	7.83	7.78755	7.9548	7.9373	8.21335
0.0242	7.84748	7.84637	7.74487	7.80302	7.78138	7.88006	8.014	8.16682	8.17619
0.0244375	7.84808	7.91224	7.83454	7.98843	7.64332	7.84175	7.98963	7.90118	8.19327
0.024675	7.72703	7.7159	7.71287	7.79546	7.92737	8.02728	8.03466	8.00552	8.17918
0.0249125	7.90317	7.88135	7.98439	7.84044	8.08549	7.98095	8.01612	7.97611	8.15956
0.02515	7.93555	7.81721	7.7426	7.87878	7.93287	7.8027	7.84321	7.98565	8.14442
0.0254	7.74094	7.84407	7.68646	7.96077	7.91066	7.76399	8.07767	7.97826	8.07748
0.02565	7.88196	7.85459	7.76479	8.0002	7.80718	7.81291	8.05508	7.80219	8.19639
0.0258875	7.81224	7.91906	7.91658	7.85494	7.65708	7.89488	8.28176	7.81367	8.06628
0.0261375	8.05305	7.86522	7.84243	7.79135	7.96828	7.89948	7.98611	8.08414	8.00661
0.0263875	7.72168	7.72233	7.67895	7.55889	7.93663	7.92928	7.8671	7.80985	8.0888
0.02665	7.80086	7.65918	7.73221	7.6501	8.11664	7.8104	7.9629	7.96792	8.04749
0.0269	8.05547	7.80359	7.88744	7.75713	7.82243	7.90153	7.86398	7.83532	7.98838
0.02715	7.946	7.84942	7.78185	7.76535	7.72191	7.94389	7.84135	8.04634	8.18425
0.0274125	7.80661	7.78938	7.9653	7.9519	7.84209	8.20199	8.0029	8.1556	8.07769
0.027675	7.75448	7.99636	7.72043	8.05569	8.04215	7.99157	7.99607	8.01753	8.02331
0.0279375	7.87133	7.85003	7.70001	8.04612	7.89247	7.88973	7.84949	8.08491	8.09166
0.0282	7.98364	7.7264	7.64909	7.7877	7.80851	7.65143	7.96612	7.94743	8.11073
0.0284625	8.02064	7.89316	7.69017	7.81487	7.92032	7.86845	7.92565	7.82453	8.15201
0.028725	7.82918	7.83012	7.67119	7.89613	8.02352	7.91677	7.96966	7.98773	8.01995
0.029	7.92513	7.70792	7.79363	7.8973	7.82002	7.79412	7.90767	8.16378	7.93674
0.0292625	7.9108	7.62696	7.83555	7.7969	8.08259	7.9074	7.86213	8.00216	8.02202
0.0295375	7.74273	7.81876	7.72496	7.84101	8.16831	7.81424	8.10957	7.93949	8.0193
0.0298125	7.72723	7.84584	7.75939	7.72131	7.97466	7.93326	7.98637	8.04402	8.00475
0.0300875	7.98332	7.50923	7.89207	7.81607	7.95413	7.84456	8.12431	7.85473	8.01904
0.0303625	7.97103	7.63583	7.71094	7.84153	7.80216	7.92897	7.87897	8.03124	7.94668
0.03065	7.64559	7.56632	7.75306	7.73544	7.77393	7.9433	7.99642	7.99981	8.05124
0.030925	7.81965	7.67537	7.75957	7.58463	7.6828	7.90096	8.05454	7.9037	8.25577
0.0312125	7.88492	7.58244	7.88144	7.60097	7.91002	7.8865	7.90414	7.75053	8.05001
0.0315	7.6904	7.77783	7.65714	7.84331	7.92258	7.82159	7.80517	7.88744	7.91173
0.0317875	7.96734	7.75659	7.51432	7.75709	8.0503	7.80336	7.78798	7.82228	7.99708
0.032075	7.75462	7.7847	7.86484	7.85097	7.87922	7.96672	7.96657	7.83725	7.88985
0.0323625	7.85097	7.7154	7.68562	7.69604	7.96856	7.90875	8.08245	7.90066	7.98579
0.0326625	7.74241	7.78948	7.85164	7.87103	8.08469	7.93698	7.99143	7.9073	7.95848
0.03295	7.73952	8.05776	7.97976	7.76018	7.81481	7.75619	7.83839	7.92446	7.86646
0.03325	7.65296	7.63389	7.85635	7.85283	7.71947	7.78672	7.84611	7.84939	7.98137
0.03355	7.81421	7.79066	7.57872	7.73348	7.82398	7.71595	8.02983	7.95866	7.92525
0.03385	7.91056	7.81464	7.80815	7.79658	7.93524	7.54002	8.15571	7.89631	8.13072
0.0341625	7.78246	7.70602	7.77029	7.81108	7.91414	7.861	7.99424	7.86171	7.91755
0.0344625	7.88785	7.73185	7.85465	7.68374	7.84634	7.82459	7.99613	8.00201	7.96126
0.034775	8.00679	7.68514	7.65487	7.71333	7.86317	7.72991	7.89593	8.10275	7.87422
0.0350875	7.70263	7.75356	7.77903	7.53196	7.78138	7.95138	7.74672	7.89769	8.00646
0.0354	7.82156	7.68046	7.71595	7.69544	7.73185	7.87973	7.80312	7.9021	7.93341
0.0357125	7.66584	7.64779	7.7763	7.71845	7.80409	7.8134	8.06681	7.89931	8.01754
0.036025	7.69448	7.60675	7.91711	7.7687	7.93703	7.94657	7.99203	7.89112	7.79723
0.03635	7.72066	7.51771	7.76023	7.52767	7.87985	7.71198	7.89675	7.93796	7.77419
0.0366625	7.9487	7.73376	7.50947	7.7546	7.78773	7.74518	8.00059	7.76664	7.8247
0.0369875	7.74638	7.54797	7.67672	7.7184	7.84481	7.5557	7.97054	7.88424	7.86655
0.0373125	7.8253	7.69068	7.79596	7.81768	7.76496	7.77574	8.03583	7.96235	7.9012
0.0376375	7.81822	7.80363	7.81764	7.76588	7.85269	7.78366	8.007	7.83066	7.9838
0.037975	7.81127	7.60297	7.70064	7.60162	7.78223	7.84957	8.02696	7.75866	7.9058
0.0383	7.86118	7.64546	7.67433	7.66838	8.01309	7.85836	7.92487	7.9626	8.13779
0.0386375	7.87908	7.79426	7.82642	7.77997	7.91624	7.86671	7.96543	7.93589	7.59929
0.038975	7.72363	7.44966	7.96597	7.80264	7.80091	7.80973	7.93783	7.75168	7.84552
0.0393125	7.86546	7.69206	7.81073	7.83663	7.77295	7.77223	7.8144	8.00043	8.04928
0.0396625	7.75789	7.55614	7.89366	7.52144	7.86449	7.70883	7.97908	7.75093	7.94206
0.04	7.75717	7.51825	7.72545	7.6348	7.84372	7.64636	7.85725	7.76081	7.90507
0.04035	7.88217	7.68154	7.53436	7.68771	7.96617	7.72389	7.75037	7.83143	7.90967
0.0407	7.80864	7.72696	7.64973	7.51718	7.9366	7.72622	7.65548	7.83949	7.94552
0.04105	7.8928	7.6495	7.54011	7.65014	7.66792	7.77193	8.03032	7.75471	7.96023
0.0414	7.85701	7.60188	7.80814	7.52019	7.76536	7.87798	8.01395	7.95292	8.09438
0.0417625	7.67419	7.79353	7.85082	7.62939	7.69731	7.96268	8.00775	7.74653	7.70815
0.042125	7.78349	7.37338	7.77883	7.82739	7.75712	7.74262	7.88483	7.76005	7.92603
0.042475	7.72318	7.56572	7.75331	7.75878	7.86152	7.83642	7.85382	7.9155	7.95975
0.04285	7.715	7.73673	7.70617	7.65716	7.77739	7.80121	7.73455	7.81147	7.86884
0.0432125	7.91811	7.57071	7.70368	7.65484	7.75549	7.64149	7.99015	7.63448	7.75415
0.043575	7.82197	7.66823	7.69174	7.60362	7.60349	7.83388	7.87178	7.50317	7.85181
0.04395	7.77827	7.60115	7.60644	7.58442	7.80418	7.71007	7.84599	7.89085	7.93011
0.044325	7.7253	7.54624	7.71069	7.62531	7.77344	7.75855	7.69851	7.87875	8.02302
0.0447	7.81029	7.66883	7.63667	7.66144	7.95749	7.90585	7.76195	7.76989	7.89564
0.045075	7.92437	7.64914	7.61721	7.54633	7.6127	7.78034	7.84689	7.80287	7.95666
0.0454625	7.80945	7.59972	7.94282	7.80249	7.76309	7.72609	7.77626	7.75462	8.02122
0.04585	7.5824	7.66171	7.7514	7.66466	7.90353	7.88474	7.85836	7.68797	7.94979
0.0462375	7.7683	7.44028	7.56865	7.71218	7.77447	7.73251	7.90914	7.90409	7.93479
0.046625	7.84469	7.41101	7.78892	7.61869	7.82188	7.93741	8.00238	7.68588	8.00391
0.0470125	7.75529	7.62178	7.71174	7.57038	7.64218	7.86005	7.78387	7.73323	8.05822
0.0474125	7.7615	7.75951	7.70627	7.79716	7.82174	7.72513	7.94255	7.82095	8.03695
0.0478125	7.67408	7.33901	7.73091	7.66356	7.69387	7.66244	7.83158	7.82275	7.97722
0.0482125	7.6843	7.52148	7.6507	7.62137	7.69436	7.82403	7.74436	7.83994	7.81931
0.0486125	7.71076	7.56936	7.68412	7.43879	7.87834	7.71572	7.82823	7.68451	7.9
0.049025	7.77418	7.62368	7.71406	7.40549	7.58295	7.71789	7.75397	7.8185	7.84134
0.049425	7.59357	7.56906	7.76827	7.44	7.76634	7.69734	7.81695	7.86241	7.91952
0.0498375	7.73675	7.58203	7.84939	7.50724	7.58863	7.49442	7.80992	7.71272	7.73052
0.05025	7.76453	7.70037	7.74102	7.57049	7.79512	7.86217	7.79378	7.68825	7.82974
0.050675	7.68128	7.43701	7.58012	7.62235	7.74112	7.78512	7.69057	7.74062	7.8403
0.0511	7.86299	7.67478	7.73008	7.55974	7.70953	7.7823	7.88178	7.7278	7.71917
0.0515125	7.62687	7.49472	7.51016	7.5636	7.70576	7.65691	7.88809	7.60216	7.83846
0.05195	7.74027	7.65943	7.75449	7.6334	7.6687	7.74513	7.80909	7.75385	7.91907
0.052375	7.6882	7.62119	7.83847	7.57629	7.64347	7.68356	7.86469	7.91409	7.96694
0.0528	7.9176	7.54355	7.71339	7.67376	7.7312	7.58703	7.88429	7.67666	8.00737
0.0532375	7.85629	7.56273	7.6515	7.57943	7.48979	7.67362	7.78039	7.69796	7.82572
0.053675	7.77303	7.46562	7.60559	7.55273	7.61832	7.63744	7.64033	7.61025	7.8706
0.054125	7.81658	7.55857	7.58152	7.45758	7.78325	7.68606	7.7502	7.73498	7.81881
0.0545625	7.70583	7.6234	7.73035	7.71853	7.33807	7.65181	7.80205	7.66563	7.85675
0.0550125	7.54609	7.62218	7.63144	7.67509	7.72887	7.53321	7.8572	7.91813	7.85543
0.0554625	7.79437	7.55071	7.61872	7.63038	7.63141	7.83083	7.84636	7.86619	7.72297
0.0559125	7.82285	7.53788	7.50011	7.54326	7.70652	7.78448	7.77422	7.59351	7.79972
0.056375	7.75378	7.36995	7.63427	7.48171	7.84984	7.5474	7.67164	7.80253	7.92363
0.0568375	7.68565	7.47962	7.71805	7.44084	7.73994	7.56343	7.8181	7.72767	7.99358
0.0573	7.6989	7.57552	7.57474	7.53551	7.68394	7.62228	7.64945	7.71703	7.80957
0.0577625	7.72037	7.46098	7.74665	7.66183	7.757	7.61272	7.81116	7.82037	7.93596
0.0582375	7.76339	7.42965	7.67334	7.6826	7.77231	7.57321	7.5343	7.61571	7.79645
0.0587125	7.88327	7.70276	7.61383	7.66479	7.52402	7.75393	7.71873	7.75036	7.77393
0.0591875	7.70145	7.5708	7.54301	7.40788	7.62037	7.71982	7.69048	7.60282	7.9
0.0596625	7.81451	7.41601	7.4727	7.50568	7.70815	7.64309	7.69714	7.68975	7.83185
0.06015	7.93855	7.73523	7.65875	7.69532	7.75208	7.78194	7.77139	7.73656	7.79966
0.0606375	7.72519	7.3648	7.64328	7.51695	7.66092	7.71187	7.78451	7.75104	7.968
0.061125	7.84967	7.44287	7.60301	7.5598	7.66871	7.60792	7.67413	7.64288	7.8705
0.0616125	7.80891	7.49364	7.75543	7.47011	7.7807	7.64502	7.66633	7.48936	7.78582
0.0621125	7.73646	7.28801	7.62263	7.45067	7.62652	7.62123	7.67816	7.77882	7.77941
0.0626125	7.86375	7.54415	7.37888	7.51626	7.59933	7.65995	7.69728	7.65265	7.79997
0.0631125	7.54586	7.5234	7.46094	7.5104	7.6741	7.63249	7.72505	7.6594	7.90555
0.063625	7.63966	7.57562	7.82505	7.3951	7.59991	7.6206	7.69148	7.88058	7.84152
0.064125	7.72299	7.5044	7.70285	7.51216	7.68205	7.60409	7.7345	7.71189	7.81661
0.06465	7.57281	7.5259	7.64342	7.46237	7.62439	7.53472	7.77524	7.65176	7.67842
0.0651625	7.76809	7.5156	7.57747	7.57713	7.62213	7.663	7.7532	7.57349	7.74869
0.0656875	7.75182	7.44957	7.67866	7.34239	7.57717	7.58669	7.6877	7.57828	7.79935
0.0662125	7.81703	7.4441	7.60881	7.48394	7.51029	7.35618	7.83664	7.57383	7.56564
0.0667375	7.75865	7.51073	7.50935	7.35777	7.55803	7.60785	7.60676	7.68002	7.78089
0.0672625	7.58739	7.65442	7.69578	7.49195	7.60876	7.62626	7.72633	7.76333	7.78916
0.0678	7.63577	7.45625	7.61349	7.57747	7.71074	7.50065	7.61814	7.67522	7.81808
0.0683375	7.57379	7.43993	7.62387	7.59028	7.59285	7.60564	7.65595	7.54365	7.75281
0.0688875	7.562	7.49134	7.51938	7.49736	7.4869	7.55304	7.57908	7.68012	7.88073
0.0694375	7.38429	7.4406	7.60913	7.4743	7.69303	7.61733	7.55879	7.75008	7.61569
0.0699875	7.55851	7.34286	7.43757	7.27954	7.68021	7.55624	7.60515	7.7756	7.80865
0.0705375	7.65204	7.54322	7.6297	7.44638	7.60387	7.52896	7.6644	7.70724	7.88792
0.0711	7.61853	7.49685	7.54968	7.50415	7.60032	7.45076	7.65623	7.66652	7.75455
0.0716625	7.51962	7.54012	7.61233	7.41199	7.5738	7.59762	7.68613	7.70603	7.60926
0.072225	7.68344	7.32052	7.5152	7.45722	7.52275	7.62168	7.68227	7.70039	7.64051
0.0728	7.60714	7.36779	7.57185	7.47523	7.44677	7.68269	7.62127	7.61105	7.88604
0.0733625	7.81831	7.49323	7.69969	7.4935	7.43031	7.72989	7.54061	7.6352	7.72108
0.07395	7.50191	7.62564	7.58371	7.45247	7.5537	7.52021	7.69575	7.65141	7.69083
0.074525	7.62842	7.45549	7.69443	7.4796	7.36955	7.49517	7.66926	7.67313	7.78101
0.0751125	7.68449	7.39451	7.61984	7.53211	7.62767	7.41403	7.53432	7.65437	7.69943
0.0757	7.58048	7.42948	7.64357	7.47659	7.42578	7.5166	7.5609	7.6265	7.80282
0.0763	7.67757	7.57375	7.50231	7.40533	7.38404	7.48691	7.6563	7.69054	7.85071
0.0769	7.43617	7.31518	7.49974	7.36	7.48835	7.56309	7.67203	7.54353	7.61958
0.0775	7.59539	7.3887	7.4535	7.40568	7.4625	7.50163	7.66791	7.54749	7.73297
0.0781	7.63564	7.28476	7.56762	7.49368	7.53506	7.67399	7.49428	7.60534	7.78467
0.0787125	7.54776	7.57325	7.43661	7.31792	7.47643	7.49393	7.79287	7.60965	7.7951
0.079325	7.75126	7.43516	7.51509	7.34289	7.4659	7.54818	7.56705	7.5668	7.69099
0.07995	7.57428	7.39364	7.56057	7.51646	7.42558	7.48754	7.62747	7.64018	7.61402
0.080575	7.67936	7.3766	7.47795	7.37952	7.59728	7.45974	7.52068	7.57574	7.72055
0.0812	7.48875	7.30206	7.53342	7.43491	7.60557	7.50658	7.63093	7.4986	7.61596
0.0818375	7.50902	7.33664	7.46575	7.37995	7.55492	7.5312	7.53149	7.55237	7.58366
0.082475	7.5755	7.31299	7.60513	7.50322	7.49868	7.56997	7.59163	7.60438	7.61632
0.0831125	7.59352	7.57202	7.67907	7.4112	7.53991	7.52914	7.65569	7.54291	7.55012
0.08375	7.63051	7.31273	7.43971	7.37352	7.38809	7.51476	7.61796	7.63467	7.70445
0.0844	7.45487	7.42478	7.47428	7.46555	7.64807	7.4496	7.50851	7.55727	7.71057
0.0850625	7.60979	7.55103	7.57492	7.36119	7.55245	7.47143	7.57628	7.55708	7.61171
0.085725	7.64498	7.41625	7.63859	7.41013	7.37475	7.4903	7.66945	7.53164	7.65496
0.0863875	7.7521	7.47594	7.53273	7.34921	7.55154	7.34697	7.49417	7.58479	7.64366
0.08705	7.46175	7.39075	7.59291	7.36401	7.45057	7.40777	7.66607	7.33457	7.52354
0.087725	7.55985	7.30082	7.43003	7.40896	7.48313	7.44073	7.59972	7.61407	7.56323
0.0884	7.57451	7.50785	7.41155	7.43509	7.44755	7.59183	7.48965	7.55822	7.64786
0.0890875	7.57123	7.41986	7.40932	7.50354	7.40385	7.49617	7.52022	7.55714	7.52325
0.089775	7.58457	7.37559	7.58104	7.42011	7.4846	7.39409	7.48323	7.67087	7.66339
0.0904625	7.58412	7.42592	7.45613	7.48321	7.38826	7.47021	7.44479	7.49922	7.63355
0.0911625	7.52053	7.37975	7.50058	7.48733	7.25717	7.48086	7.51826	7.52231	7.59525
0.0918625	7.50465	7.39637	7.50803	7.32411	7.45394	7.50795	7.39336	7.43894	7.57764
0.0925625	7.43611	7.31262	7.52163	7.42697	7.28723	7.39024	7.50572	7.4008	7.62399
0.093275	7.47226	7.37826	7.57044	7.49169	7.34213	7.50682	7.54704	7.53682	7.53641
0.0939875	7.60165	7.42	7.38119	7.42647	7.44248	7.48611	7.39997	7.52929	7.61765
0.0947125	7.51584	7.23133	7.50542	7.31266	7.48864	7.55784	7.40669	7.59846	7.56667
0.0954375	7.52152	7.29032	7.42631	7.42098	7.43119	7.40869	7.48569	7.4687	7.60443
0.096175	7.59906	7.38405	7.54507	7.42659	7.40664	7.30069	7.6361	7.46601	7.45924
0.0969	7.46941	7.46457	7.45518	7.29422	7.46417	7.30436	7.56316	7.58162	7.56021
0.09765	7.48934	7.3586	7.4933	7.44074	7.32592	7.47106	7.49231	7.4915	7.54113
0.0983875	7.60573	7.31694	7.40819	7.20707	7.42936	7.54874	7.53839	7.58758	7.58417
0.09915	7.55339	7.28419	7.41073	7.20841	7.46198	7.46266	7.54213	7.51692	7.59058
0.0999	7.54929	7.39893	7.43308	7.35998	7.53268	7.3973	7.45144	7.52031	7.66034
0.100662	7.5679	7.37676	7.35577	7.48937	7.4461	7.37741	7.54801	7.64995	7.5968
0.101425	7.40378	7.25974	7.47955	7.39432	7.40128	7.47299	7.52916	7.54216	7.66535
0.1022	7.62081	7.44877	7.45964	7.2656	7.51176	7.41043	7.31476	7.37598	7.51858
0.102975	7.39261	7.27855	7.386	7.17042	7.40912	7.50644	7.4685	7.53393	7.58455
0.103762	7.57999	7.34899	7.47827	7.30659	7.40933	7.37432	7.57678	7.57657	7.6148
0.10455	7.57304	7.25977	7.43766	7.39404	7.41744	7.35018	7.3782	7.55117	7.51275
0.10535	7.47457	7.2808	7.34636	7.38507	7.26735	7.48423	7.48268	7.41137	7.5967
0.10615	7.46667	7.27964	7.49858	7.27245	7.39893	7.46888	7.45383	7.40746	7.43307
0.10695	7.38172	7.24816	7.44782	7.37821	7.45405	7.28981	7.51538	7.55475	7.60877
0.107763	7.58964	7.21007	7.48774	7.22154	7.47605	7.41056	7.46502	7.4702	7.54905
0.108575	7.49883	7.16236	7.42923	7.21599	7.35647	7.39065	7.37133	7.46384	7.60472
0.1094	7.4521	7.23181	7.47614	7.2658	7.36815	7.37129	7.62659	7.39935	7.6038
0.110225	7.40816	7.31255	7.35959	7.31247	7.43147	7.34056	7.38436	7.37211	7.56248
0.111062	7.48596	7.3103	7.43671	7.36878	7.56106	7.37045	7.42719	7.33087	7.54395
0.1119	7.5942	7.34132	7.38943	7.39234	7.43629	7.37026	7.43344	7.49922	7.54991
0.11275	7.44962	7.2385	7.38894	7.22503	7.44211	7.23869	7.47204	7.46543	7.52918
0.1136	7.4282	7.33837	7.36726	7.27934	7.45196	7.35891	7.34708	7.45487	7.49991
0.11445	7.33209	7.30078	7.42453	7.27111	7.44027	7.32984	7.42311	7.43984	7.49542
0.115313	7.51156	7.35254	7.37941	7.2097	7.38391	7.36406	7.4139	7.42835	7.47606
0.116187	7.40288	7.2364	7.34305	7.26497	7.40263	7.29824	7.46716	7.48079	7.50014
0.117063	7.5078	7.26593	7.42072	7.37369	7.31288	7.28582	7.34787	7.39218	7.53961
0.117937	7.37849	7.24644	7.34721	7.26466	7.26089	7.48526	7.41308	7.34594	7.58382
0.118825	7.54746	7.26799	7.33379	7.29332	7.34526	7.38919	7.52266	7.40089	7.57826
0.119713	7.40776	7.26768	7.33023	7.26484	7.33039	7.38792	7.42994	7.47178	7.44174
0.120613	7.48902	7.29242	7.23646	7.13108	7.38718	7.34217	7.27077	7.27474	7.4417
0.121525	7.46735	7.2982	7.28625	7.20791	7.3525	7.30319	7.38382	7.33564	7.42304
0.122437	7.32553	7.19535	7.41043	7.32013	7.3751	7.4135	7.45748	7.40453	7.54888
0.12335	7.50567	7.34749	7.32985	7.29935	7.3613	7.19605	7.33217	7.44262	7.58054
0.124275	7.29194	7.26306	7.33475	7.09537	7.40126	7.26507	7.41352	7.40305	7.32378
0.125213	7.4407	7.23553	7.30419	7.18904	7.27607	7.36687	7.30511	7.46515	7.50262
0.12615	7.4787	7.24853	7.32175	7.24912	7.30974	7.32958	7.41108	7.45635	7.54725
0.127088	7.38507	7.18548	7.26016	7.1526	7.28585	7.34853	7.25828	7.50856	7.49561
0.128037	7.49069	7.24608	7.46573	7.14277	7.36743	7.23761	7.44814	7.37189	7.45302
0.129	7.28713	7.13688	7.41692	7.22924	7.31406	7.28147	7.48807	7.24896	7.47494
0.129963	7.34641	7.21361	7.34158	7.11733	7.32609	7.25702	7.39342	7.45351	7.46436
0.130925	7.32707	7.12767	7.33312	7.11065	7.21827	7.3571	7.26651	7.40663	7.54711
0.1319	7.43221	7.19495	7.18627	7.19383	7.41892	7.25017	7.32862	7.27676	7.4575
0.132887	7.35291	7.20127	7.34663	7.17582	7.37853	7.2261	7.39887	7.3459	7.31201
0.133875	7.42717	7.1619	7.32564	7.2014	7.30896	7.22886	7.25843	7.41645	7.43763
0.134875	7.44041	7.25636	7.30531	7.19822	7.28041	7.21647	7.27588	7.40892	7.49307
0.135888	7.40574	7.26209	7.24734	7.12609	7.28614	7.20015	7.33408	7.31986	7.41023
0.136888	7.47921	7.29279	7.44006	7.11868	7.33443	7.24086	7.21308	7.29839	7.41303
0.137912	7.28051	7.17924	7.24616	7.18867	7.2206	7.22568	7.269	7.32859	7.40425
0.138938	7.37961	7.32803	7.30865	7.22872	7.32303	7.21502	7.37978	7.37941	7.45826
0.139962	7.37519	7.15023	7.33775	7.13837	7.27638	7.355	7.29529	7.266	7.3829
0.141013	7.42614	7.1138	7.41977	7.11975	7.17831	7.19559	7.29926	7.45442	7.44157
0.14205	7.37779	7.24936	7.35079	7.10912	7.3064	7.37125	7.37598	7.25998	7.43634
0.143112	7.34302	7.15471	7.27015	7.17967	7.34252	7.20379	7.30314	7.45262	7.30414
0.144175	7.34849	7.02401	7.29225	7.13635	7.23006	7.28351	7.26024	7.2535	7.39072
0.145238	7.30708	7.20419	7.27122	7.1831	7.2311	7.26703	7.3438	7.43895	7.26546
0.146313	7.23936	7.16828	7.29249	7.13463	7.25486	7.11129	7.33274	7.30614	7.39395
0.1474	7.47135	7.24661	7.26196	7.08955	7.17739	7.32902	7.23157	7.30127	7.25722
0.148487	7.30464	7.14406	7.19331	7.09149	7.28704	7.16182	7.2092	7.23726	7.4488
0.149587	7.38635	7.06267	7.28249	7.17124	7.25569	7.23213	7.26374	7.30141	7.34887
0.1507	7.38851	7.17916	7.22485	7.13465	7.23006	7.23164	7.23344	7.42938	7.36382
0.151812	7.27998	7.03742	7.37655	7.19748	7.21101	7.16127	7.21576	7.2357	7.40403
0.152925	7.24932	7.13397	7.16135	7.04201	7.20651	7.24053	7.21166	7.26258	7.43773
0.154062	7.27697	7.11247	7.18021	7.0964	7.24794	7.15029	7.29174	7.21908	7.33994
0.1552	7.35354	7.0617	7.27738	7.18862	7.24173	7.22896	7.32101	7.31977	7.28173
0.156337	7.25382	7.00477	7.18883	7.14096	7.09952	7.2327	7.1755	7.21711	7.32682
0.1575	7.29745	7.10781	7.12214	7.20666	7.1881	7.17608	7.32461	7.30818	7.31671
0.15865	7.27519	7.15899	7.16952	7.19607	7.1255	7.08152	7.25381	7.23717	7.44855
0.159825	7.27438	7.10235	7.30776	7.01329	7.17004	7.15619	7.32413	7.33126	7.37993
0.161	7.36122	7.12147	7.20465	7.10644	7.2232	7.05311	7.26534	7.22143	7.35081
0.162188	7.38113	7.10507	7.19754	7.08681	7.18521	7.20844	7.22203	7.28184	7.31795
0.163375	7.31933	7.22835	7.29041	6.96162	7.17473	7.25994	7.25392	7.32215	7.36545
0.164587	7.22549	7.17429	7.26989	7.04511	7.29873	7.25846	7.20353	7.26218	7.33917
0.165788	7.22216	7.04638	7.21052	7.03004	7.13439	7.22059	7.15752	7.32843	7.35781
0.167012	7.19364	7.11218	7.21237	7.10072	7.23962	7.25913	7.32619	7.19099	7.35314
0.168238	7.20374	6.9917	7.19679	7.13694	7.18898	7.16652	7.31796	7.29545	7.31111
0.169475	7.23982	7.08639	7.22144	6.9793	7.03899	7.12198	7.34489	7.2934	7.42849
0.170713	7.24363	7.21183	7.12833	7.11445	7.12202	7.18019	7.22316	7.21687	7.31469
0.171975	7.27923	7.0685	7.11913	7.05512	7.1682	7.20936	7.25269	7.22119	7.25384
0.173238	7.25772	7.15579	7.22553	6.9953	7.08911	7.13852	7.22319	7.1603	7.33763
0.1745	7.1843	7.10284	7.09704	7.05795	7.2221	7.12615	7.23466	7.28689	7.26944
0.175775	7.17944	7.04389	7.19713	7.06692	7.15381	7.17348	7.1705	7.18564	7.3161
0.177062	7.14321	7.06726	7.25332	7.00427	7.17591	7.11781	7.3409	7.27489	7.33707
0.178363	7.16121	7.05497	7.21254	7.05613	7.06794	7.1337	7.20672	7.22506	7.25662
0.179675	7.162	7.07749	7.17528	7.11056	7.04854	7.09782	7.08234	7.17255	7.28876
0.180988	7.29874	7.02594	7.0741	7.07546	7.12287	7.05049	7.20988	7.17587	7.23559
0.182313	7.21785	7.06343	7.1326	7.00058	7.14183	7.11994	7.2121	7.15827	7.31134
0.183637	7.33724	7.00593	7.12267	7.00506	7.09519	7.11804	7.27768	7.18985	7.29668
0.184988	7.29012	6.95456	7.23342	7.03598	7.09459	7.04671	7.24722	7.16671	7.22563
0.186338	7.24089	6.95232	7.12865	7.10317	7.23471	7.04486	7.18143	7.14933	7.2468
0.1877	7.03858	7.03659	7.04146	6.99437	7.08685	7.08595	7.16788	7.22294	7.27862
0.189063	7.10667	6.96394	7.0913	6.98944	7.0291	7.10035	7.17261	7.28463	7.13107
0.19045	7.23509	7.01967	7.19394	7.0877	7.0907	7.03657	7.18857	7.14999	7.35328
0.191838	7.13464	6.9817	7.18309	7.05735	7.09714	7.04676	7.17197	7.13043	7.19263
0.193237	7.10364	7.07608	7.13437	6.92122	7.17542	7.07087	7.07817	7.13063	7.28655
0.19465	7.19774	6.95869	7.08842	6.96025	7.19422	7.19066	7.12589	7.09307	7.26141
0.196063	7.16647	6.94183	7.09291	7.0404	7.10196	7.09532	7.19282	7.26509	7.25694
0.197488	7.17906	7.00321	7.16527	7.00511	7.05737	7.13206	7.08641	7.26122	7.32561
0.198925	7.23404	6.95304	7.01168	6.99096	7.08635	7.13041	7.16779	7.12365	7.30839
0.200375	7.08017	7.00181	7.07657	7.03849	7.12383	7.04722	7.1272	7.1982	7.1232
0.201837	7.22692	7.02957	7.0572	6.94251	7.02902	7.03356	7.06633	7.14771	7.13707
0.2033	7.16604	6.89993	7.1179	6.94672	7.05419	7.13087	7.18774	7.06864	7.25948
0.204787	7.07377	7.01354	7.01232	6.92909	7.01544	6.99066	7.28692	7.15353	7.20043
0.206275	7.15358	6.93367	7.00685	6.88636	6.9663	6.95633	7.1689	7.08416	7.26165
0.207775	7.13592	6.9972	7.16257	6.87156	7.08237	7.00532	7.10413	7.24573	7.18045
0.209275	7.18721	6.94574	7.05317	6.98069	7.03272	7.14686	7.07435	7.17249	7.19806
0.2108	7.20112	6.96715	7.03251	6.94663	7.11	7.01898	7.16535	7.14053	7.15486
0.212325	7.11406	6.97884	7.08796	7.07052	7.03943	7.11436	7.06948	7.06945	7.16404
0.213875	7.17612	7.01537	7.06166	6.90558	6.99587	7.05076	7.02902	7.14111	7.31143
0.215425	7.11211	7.01837	7.16417	6.86587	6.99591	7.02034	7.15804	7.01689	7.225
0.216988	7.09597	6.95111	7.13783	6.90715	7.00939	7.01348	7.08615	7.03183	7.22478
0.218562	7.17934	6.92404	7.0688	6.99148	7.08773	6.98515	7.11162	7.05472	7.19446
0.22015	7.06587	6.88728	7.12329	6.92092	7.04363	7.04765	7.08808	7.09554	7.15651
0.221738	7.01524	7.01209	6.98769	6.97246	7.03625	6.99991	7.1934	7.10946	7.1308
0.22335	7.103	6.90094	7.02595	6.93557	7.00905	6.99064	7.04748	7.08296	7.21353
0.224963	7.15095	6.83532	6.99834	6.87401	7.05983	6.98261	7.07471	7.01815	7.22186
0.226588	7.1545	6.91336	7.04834	6.86014	7.06029	6.95582	7.06777	7.12235	7.20133
0.228237	7.04007	6.95018	7.03092	6.95002	7.06167	7.03231	7.0398	7.10016	7.19731
0.229888	7.11415	6.91458	7.04245	6.96677	6.98304	6.98878	7.14195	7.0825	7.20118
0.23155	7.10322	6.89467	7.07282	6.89831	7.02465	7.07917	7.00324	7.11146	7.13227
0.233225	7.06127	6.92645	6.98429	6.88719	6.93968	6.95668	6.98918	7.08436	7.15469
0.234912	7.11511	6.84173	7.06803	6.87508	7.06803	6.94447	7.00982	7.02013	7.20789
0.2366	7.10063	6.90721	6.93587	6.89802	7.03483	6.96021	7.0099	7.05204	7.07643
0.238312	7.105	6.81419	6.98568	6.84365	6.98818	7.02711	7.09876	7.04461	7.07503
0.240038	7.01986	6.85911	6.98343	6.88699	6.98643	7.05842	7.06131	7.04569	7.12489
0.241763	7.07698	6.92836	6.97615	6.92221	7.02843	6.8734	7.08347	7.0257	7.14618
0.243512	7.00009	6.86717	6.935	6.86836	6.914	6.90737	7.04176	7.0388	7.20021
0.245275	7.0546	6.77106	6.96181	6.82826	6.89242	6.95554	7.13885	7.05949	7.09712
0.247038	7.07739	6.84468	7.0247	6.80419	6.92363	6.962	7.04205	6.9646	7.10951
0.248825	7.02095	6.8415	6.99427	6.96377	6.99865	7.0317	7.04703	7.06407	7.155
0.250612	6.98201	6.8604	6.96115	6.78955	6.94415	7.00357	7.03276	6.97907	7.10453
0.252425	7.09292	6.86369	6.99765	6.80848	6.96978	6.99362	7.06887	6.95007	6.93485
0.254238	6.97963	6.8561	6.98057	6.76593	6.9121	6.94392	6.97141	6.99938	7.15387
0.256075	7.06103	6.90507	6.8899	6.93188	6.93964	6.97624	6.99563	7.0953	7.08945
0.257912	6.95175	6.87935	6.86189	6.80659	6.93396	6.94131	7.00679	7.05944	7.06011
0.259775	6.98673	6.82065	6.97014	6.84554	7.0043	6.88221	7.08694	6.99639	7.06649
0.26165	7.03817	6.81985	6.98318	6.91044	6.93913	6.97383	7.06157	7.01779	7.01729
0.263525	7.04597	6.80638	6.93286	6.79225	6.89038	6.9213	7.00359	7.02528	7.1246
0.265425	7.00362	6.78699	7.01849	6.92489	6.91793	6.91973	6.89278	7.06118	7.12665
0.267338	7.0616	6.79971	6.97081	6.8374	6.8425	7.01235	7.04617	6.96678	7.06002
0.26925	7.00623	6.77649	6.93914	6.73528	6.91667	6.85062	7.04547	7.06895	7.0393
0.271188	6.96037	6.76368	6.95656	6.76465	7.00393	6.97194	7.00096	7.05205	7.03525
0.273138	6.98854	6.79351	6.96798	6.8305	6.87076	6.81911	6.94404	7.07357	7.10344
0.2751	6.90143	6.82563	6.92631	6.77382	6.92753	6.9366	6.9313	7.05674	7.0075
0.277075	7.00882	6.81972	6.9042	6.73652	6.91958	6.88004	6.9476	7.04432	7.13543
0.279063	7.00058	6.76723	6.93517	6.84944	6.8842	6.93094	7.00161	6.96673	7.01934
0.281075	7.0798	6.81962	6.91082	6.83512	6.95748	6.94638	6.97721	7.0223	7.04497
0.283087	6.99042	6.73176	6.87473	6.74269	6.89198	6.90251	6.97867	6.94045	7.07382
0.285125	7.03517	6.75149	6.93379	6.84907	6.90105	6.91473	6.95609	6.9525	7.05416
0.287163	6.90315	6.73324	6.89302	6.7614	6.86609	6.91576	7.00792	6.93829	7.12765
0.289225	6.97587	6.7838	6.91193	6.79848	6.85401	6.91438	6.95345	6.89284	7.05663
0.2913	7.02732	6.79233	6.94955	6.79317	6.91933	6.86055	6.9411	6.89752	7.00416
0.293388	6.90495	6.76546	6.83723	6.72811	6.89238	6.83962	6.89871	6.88735	7.01083
0.295487	7.01379	6.76258	6.81827	6.69701	6.92898	6.83027	6.92118	6.92499	6.94578
0.297612	6.96458	6.79026	6.86807	6.76625	6.83998	6.80888	7.01406	6.93112	7.04332
0.299738	6.95813	6.78991	6.90387	6.78708	6.85532	6.95212	6.99428	6.89388	7.05188
0.301888	7.01355	6.80716	6.8932	6.7399	6.86251	6.89449	6.99629	6.9033	7.07725
0.30405	6.89471	6.81824	6.94721	6.73811	6.86513	6.78551	6.92099	7.02275	7.0522
0.306225	6.95397	6.78073	6.86114	6.74709	6.86895	6.81413	6.97765	7.00968	7.06914
0.308425	6.93331	6.72612	6.91555	6.65362	6.8529	6.87587	6.86442	6.88881	6.94986
0.310625	6.95127	6.74026	6.86619	6.72902	6.80788	6.89717	6.85596	6.89683	6.96569
0.31285	6.89345	6.75344	6.90313	6.75599	6.82207	6.85414	6.92472	6.94915	7.03328
0.315087	6.83825	6.73557	6.90619	6.75964	6.84292	6.88104	6.86214	6.94184	6.99755
0.317338	6.92877	6.73081	6.79618	6.7054	6.86817	6.84123	6.88592	6.83851	7.04745
0.319613	6.87832	6.71018	6.89761	6.70213	6.81088	6.8165	6.8936	6.83277	6.93051
0.3219	6.84817	6.6947	6.83244	6.6748	6.80146	6.82052	6.88379	6.88512	6.97427
0.3242	6.94911	6.6864	6.88272	6.73215	6.78014	6.85656	6.86009	6.92499	6.98383
0.326512	6.97737	6.77287	6.81171	6.8022	6.83153	6.83058	6.91168	6.87896	6.97947
0.32885	6.92259	6.81221	6.87625	6.69793	6.84864	6.73912	6.83769	6.91342	6.9697
0.331187	6.93466	6.73761	6.85055	6.67971	6.73909	6.81789	6.91112	6.8464	6.97731
0.333562	6.89773	6.74302	6.83647	6.68742	6.82571	6.91171	6.84003	6.80764	6.93902
0.335938	6.91939	6.74234	6.75024	6.67484	6.76828	6.81918	6.80025	6.91502	6.97546
0.338338	6.85971	6.70398	6.84758	6.70912	6.82627	6.84117	6.81411	6.90466	6.91658
0.34075	6.93609	6.72253	6.7582	6.70081	6.77593	6.79033	6.86909	6.87035	6.97475
0.343188	6.89867	6.67056	6.8036	6.62515	6.77886	6.82531	6.88119	6.80972	6.89453
0.345638	6.95722	6.69913	6.84274	6.70844	6.80931	6.82493	6.81904	6.88293	6.97492
0.3481	6.82738	6.82153	6.82324	6.69468	6.77673	6.90195	6.84341	6.83387	6.98603
0.350575	6.85932	6.70147	6.74863	6.75016	6.81416	6.77658	6.85853	6.88767	6.97628
0.353075	6.88302	6.74506	6.83226	6.63289	6.82156	6.7718	6.80972	6.81432	6.90789
0.3556	6.86361	6.66631	6.79503	6.71515	6.75183	6.82738	6.87889	6.88046	6.95678
0.358125	6.88427	6.67021	6.82265	6.63428	6.79068	6.75917	6.88908	6.80772	6.92892
0.360675	6.8216	6.68857	6.79886	6.66723	6.72478	6.79853	6.85537	6.90334	6.97199
0.36325	6.87973	6.66352	6.75488	6.67799	6.83719	6.76801	6.75815	6.83136	6.94569
0.365838	6.83104	6.65792	6.81798	6.62985	6.74947	6.7078	6.85632	6.84048	6.90606
0.368437	6.82339	6.654	6.70222	6.71553	6.71171	6.73849	6.8403	6.77939	6.94882
0.371062	6.83799	6.54164	6.78947	6.64703	6.80508	6.79181	6.88387	6.82222	6.90249
0.373713	6.75093	6.66187	6.73719	6.6253	6.74659	6.7669	6.86523	6.86388	6.94735
0.376363	6.89895	6.70648	6.81769	6.61431	6.79557	6.81391	6.84467	6.84385	6.87268
0.37905	6.78163	6.69413	6.77746	6.60052	6.8263	6.72674	6.80383	6.84374	6.91174
0.381738	6.83899	6.6706	6.69505	6.62237	6.68077	6.77138	6.87582	6.79875	6.86878
0.384463	6.86903	6.67994	6.73249	6.60602	6.77946	6.71753	6.85605	6.80247	6.85202
0.387188	6.80611	6.63173	6.82773	6.59724	6.74333	6.73668	6.78282	6.81719	6.85941
0.38995	6.81364	6.62572	6.77385	6.66387	6.71816	6.75297	6.73834	6.87016	6.87764
0.392713	6.8033	6.65857	6.67628	6.61014	6.79321	6.71561	6.76522	6.86278	6.85285
0.395512	6.84879	6.60573	6.77018	6.60129	6.69582	6.74381	6.84972	6.81128	6.85245
0.398325	6.74959	6.61274	6.81618	6.60276	6.73215	6.68852	6.72483	6.74234	6.90492
0.40115	6.77559	6.59794	6.69655	6.59593	6.72801	6.72129	6.77078	6.76559	6.89667
0.404	6.80876	6.53647	6.74774	6.62556	6.78549	6.67882	6.84503	6.84265	6.89985
0.406875	6.78532	6.62814	6.79488	6.56469	6.70621	6.71517	6.8254	6.74757	6.94765
0.409763	6.7547	6.59088	6.79525	6.5931	6.6679	6.72996	6.7561	6.69515	6.89856
0.412663	6.83021	6.57572	6.71401	6.6621	6.7061	6.69195	6.83879	6.74526	6.84973
0.4156	6.79908	6.59918	6.75505	6.62307	6.73422	6.66695	6.85782	6.74784	6.85987
0.41855	6.75774	6.64662	6.73236	6.57772	6.65828	6.76819	6.71733	6.76492	6.80806
0.421525	6.75143	6.6123	6.68898	6.52202	6.72277	6.66492	6.75851	6.7986	6.89082
0.424513	6.77346	6.58385	6.67987	6.5911	6.72377	6.67197	6.83125	6.78216	6.79646
0.427525	6.76644	6.63638	6.74894	6.58388	6.72707	6.6327	6.69788	6.70061	6.89265
0.43055	6.72219	6.585	6.7942	6.57535	6.65778	6.67865	6.74613	6.77897	6.81487
0.433612	6.74129	6.58969	6.65778	6.54206	6.72254	6.62318	6.81536	6.75246	6.85209
0.436687	6.81533	6.6058	6.7507	6.55341	6.68189	6.60686	6.72406	6.72054	6.84677
0.439775	6.75702	6.58335	6.77106	6.62986	6.63689	6.69116	6.78399	6.76691	6.85918
0.4429	6.77186	6.59636	6.70746	6.54905	6.63896	6.68361	6.74214	6.77583	6.8478
0.446038	6.77767	6.56279	6.7103	6.52613	6.69649	6.67666	6.75869	6.74015	6.80611
0.4492	6.82027	6.5755	6.67032	6.57421	6.65903	6.68427	6.77177	6.70431	6.86236
0.452375	6.73468	6.56074	6.65706	6.58232	6.68368	6.71568	6.71925	6.74349	6.82606
0.455588	6.76303	6.49574	6.72658	6.56985	6.57668	6.62495	6.71523	6.72013	6.76213
0.458813	6.78799	6.52466	6.7027	6.53784	6.63852	6.64435	6.80582	6.73713	6.76156
0.462063	6.72377	6.55183	6.69765	6.54193	6.64378	6.62727	6.71454	6.75112	6.80078
0.465338	6.77451	6.55725	6.64153	6.5935	6.63911	6.74502	6.7311	6.65568	6.70481
0.468625	6.80472	6.60072	6.65771	6.53472	6.58809	6.65105	6.69062	6.8302	6.83417
0.47195	6.74481	6.57625	6.70668	6.56989	6.61182	6.60195	6.74058	6.78113	6.85419
0.475287	6.68286	6.59332	6.70767	6.54559	6.69413	6.62483	6.72841	6.77265	6.77827
0.47865	6.71125	6.52773	6.64474	6.5458	6.63814	6.63019	6.72342	6.7147	6.81752
0.482038	6.75462	6.5289	6.70437	6.52597	6.65194	6.618	6.72273	6.64673	6.79082
0.48545	6.62681	6.53865	6.64832	6.56083	6.64609	6.61808	6.75367	6.7063	6.82285
0.488887	6.74172	6.55029	6.62001	6.49661	6.63226	6.60836	6.76201	6.70656	6.81685
0.492337	6.71321	6.50078	6.65093	6.44725	6.61633	6.59316	6.63864	6.74872	6.7524
0.495825	6.66691	6.52052	6.68626	6.52507	6.59034	6.63783	6.73859	6.67435	6.76526
0.499325	6.6867	6.5439	6.6542	6.43213	6.65421	6.60478	6.67157	6.69814	6.82056
0.502863	6.67205	6.56138	6.66757	6.48511	6.59217	6.6242	6.67229	6.68548	6.77676
0.506413	6.70416	6.49915	6.60816	6.44095	6.63911	6.58837	6.72586	6.71482	6.80866
0.51	6.68874	6.55483	6.62566	6.50958	6.60567	6.6216	6.69442	6.67576	6.77015
0.5136	6.7051	6.51858	6.6075	6.47341	6.59152	6.5428	6.68243	6.69124	6.75287
0.517225	6.65609	6.54757	6.62535	6.48389	6.63549	6.57129	6.73209	6.70174	6.73145
0.520887	6.69797	6.46169	6.62304	6.48849	6.62967	6.54771	6.58199	6.6922	6.79442
0.524562	6.69716	6.50856	6.66912	6.41841	6.60056	6.59855	6.64639	6.64323	6.80415
0.528275	6.68518	6.53157	6.66804	6.50169	6.64175	6.58912	6.68222	6.70472	6.78376
0.532	6.71064	6.4861	6.63036	6.52903	6.60666	6.58273	6.70751	6.71615	6.76434
0.535762	6.72882	6.47335	6.57809	6.47474	6.59691	6.587	6.64868	6.67249	6.78302
0.539537	6.68472	6.50396	6.67015	6.43887	6.62939	6.55863	6.7566	6.64449	6.79798
0.54335	6.66165	6.50116	6.63554	6.46974	6.57051	6.50024	6.64365	6.64319	6.71136
0.547188	6.63281	6.43215	6.61426	6.47403	6.57789	6.57367	6.61843	6.69357	6.73968
0.55105	6.70102	6.48533	6.58581	6.49798	6.54758	6.57089	6.62124	6.71278	6.77273
0.554937	6.72704	6.48706	6.59854	6.50402	6.6269	6.56423	6.59741	6.64974	6.71355
0.55885	6.66961	6.46466	6.6123	6.42673	6.51674	6.63937	6.65037	6.64247	6.74568
0.5628	6.71564	6.56767	6.55346	6.46968	6.58903	6.61533	6.65726	6.67296	6.66171
0.566763	6.62022	6.45703	6.57473	6.40782	6.53665	6.53883	6.61882	6.6695	6.72118
0.570763	6.67094	6.38611	6.59364	6.46023	6.57717	6.53013	6.61677	6.6096	6.78157
0.574787	6.665	6.4659	6.58984	6.4458	6.56911	6.59569	6.60411	6.67513	6.69715
0.578838	6.64621	6.45661	6.60952	6.4502	6.50753	6.57262	6.63968	6.64048	6.78078
0.582925	6.67739	6.46279	6.57096	6.40112	6.50808	6.60503	6.5639	6.62962	6.75918
0.587038	6.67529	6.43519	6.60542	6.47586	6.50305	6.55449	6.63157	6.65585	6.67268
0.591175	6.62596	6.43915	6.58719	6.45504	6.4805	6.53894	6.62509	6.66226	6.72177
0.595338	6.65656	6.48805	6.58413	6.43267	6.56591	6.60482	6.5823	6.59725	6.7128
0.599537	6.64219	6.46907	6.56932	6.50595	6.59305	6.5383	6.6197	6.65383	6.71738
0.603763	6.63837	6.40073	6.57759	6.40041	6.55092	6.55794	6.58032	6.58058	6.71595
0.608012	6.65334	6.47795	6.56717	6.42911	6.52331	6.51668	6.58371	6.59311	6.65888
0.6123	6.61115	6.44159	6.57271	6.46886	6.58888	6.58747	6.63816	6.65018	6.67001
0.616612	6.58161	6.44964	6.53437	6.43338	6.56546	6.53421	6.61747	6.63355	6.6915
0.620963	6.59746	6.45167	6.55708	6.45432	6.54404	6.53936	6.56498	6.68095	6.69785
0.625325	6.6222	6.46746	6.55669	6.39447	6.51884	6.55524	6.65021	6.61459	6.64105
0.629737	6.64624	6.44245	6.54903	6.446	6.44701	6.54934	6.66455	6.60814	6.70607
0.634175	6.60206	6.43247	6.48946	6.39064	6.54209	6.52401	6.61713	6.62538	6.72123
0.638637	6.58694	6.42894	6.60272	6.46728	6.5694	6.52401	6.61793	6.5717	6.71912
0.643125	6.58102	6.45185	6.53555	6.39994	6.52005	6.5414	6.62662	6.60645	6.68281
0.647663	6.65402	6.47056	6.56807	6.43476	6.51646	6.49428	6.58683	6.56094	6.71421
0.652213	6.58564	6.42913	6.55255	6.42003	6.53592	6.54331	6.57487	6.54683	6.72025
0.656812	6.60379	6.41927	6.54012	6.41385	6.51471	6.51656	6.63008	6.58727	6.7236
0.661425	6.61007	6.43975	6.55422	6.44475	6.52372	6.51305	6.59737	6.59596	6.67154
0.666088	6.6238	6.44836	6.50517	6.45882	6.53248	6.46562	6.57943	6.61613	6.68396
0.670775	6.60946	6.45306	6.55219	6.37279	6.48397	6.47667	6.59207	6.63585	6.65679
0.675488	6.61088	6.38945	6.55427	6.3952	6.44421	6.53174	6.56204	6.61046	6.63982
0.680237	6.61971	6.42025	6.56182	6.37909	6.50296	6.50716	6.60589	6.54426	6.71251
0.685025	6.5748	6.51019	6.53158	6.38966	6.51267	6.50311	6.58772	6.54436	6.69274
0.689838	6.60834	6.40033	6.54226	6.33283	6.49588	6.57204	6.59143	6.59582	6.6796
0.694687	6.6298	6.38424	6.50503	6.36473	6.49089	6.55118	6.55213	6.56383	6.67337
0.699575	6.58134	6.44755	6.54604	6.34179	6.47787	6.45712	6.58758	6.56163	6.69044
0.7045	6.6297	6.41671	6.49325	6.36921	6.49725	6.51415	6.54794	6.55346	6.66115
0.70945	6.64795	6.37568	6.52205	6.34387	6.48785	6.50378	6.53829	6.5828	6.62271
0.714437	6.58194	6.41188	6.51336	6.3491	6.46941	6.52363	6.54569	6.57674	6.6385
0.719463	6.61076	6.3921	6.50798	6.36045	6.4822	6.48443	6.57002	6.52198	6.63626
0.724513	6.61163	6.39568	6.48753	6.41184	6.52107	6.47206	6.58054	6.63067	6.65517
0.7296	6.60869	6.41014	6.50343	6.39333	6.48276	6.47756	6.54481	6.60015	6.64964
0.734738	6.55639	6.38022	6.55247	6.40742	6.5021	6.50114	6.53603	6.56487	6.68684
0.7399	6.57973	6.40377	6.52606	6.35798	6.49846	6.48091	6.54571	6.56851	6.69756
0.745088	6.57448	6.36334	6.4997	6.37162	6.47777	6.49268	6.54208	6.56423	6.65367
0.750325	6.55153	6.39655	6.45588	6.31001	6.46938	6.46927	6.58672	6.54027	6.66929
0.7556	6.58271	6.36177	6.47486	6.36808	6.50703	6.4629	6.57106	6.50017	6.67442
0.7609	6.60883	6.39117	6.51421	6.33065	6.48284	6.50273	6.52414	6.52109	6.62264
0.76625	6.61707	6.38504	6.53875	6.34404	6.47943	6.47983	6.50919	6.56241	6.62738
0.771625	6.5698	6.37667	6.48163	6.31331	6.47556	6.46157	6.51823	6.53297	6.62251
0.77705	6.56266	6.41743	6.47751	6.33032	6.48115	6.43233	6.5429	6.59766	6.64984
0.7825	6.5914	6.33357	6.4847	6.35154	6.50375	6.49788	6.50302	6.532	6.59671
0.788	6.58749	6.38266	6.47473	6.32465	6.45771	6.50569	6.547	6.53942	6.63501
0.793525	6.55674	6.30096	6.51386	6.35088	6.49096	6.47577	6.57613	6.50902	6.62439
0.7991	6.53733	6.41868	6.53516	6.34754	6.52177	6.52124	6.52277	6.53263	6.6032
0.8047	6.55851	6.37329	6.50726	6.33804	6.48454	6.46003	6.49687	6.52508	6.65054
0.81035	6.55095	6.34772	6.49284	6.31211	6.51157	6.44547	6.50426	6.52536	6.60903
0.816037	6.49737	6.38057	6.51217	6.35751	6.38063	6.49424	6.50166	6.50992	6.63438
0.821763	6.5987	6.36825	6.51681	6.2819	6.45694	6.45609	6.52785	6.57205	6.64858
0.827525	6.54886	6.38361	6.51463	6.39257	6.45426	6.46857	6.48753	6.56964	6.57753
0.833337	6.51821	6.37394	6.47502	6.30961	6.43048	6.44285	6.53606	6.56171	6.6768
0.839175	6.49882	6.37149	6.45569	6.38486	6.49581	6.4569	6.49736	6.48314	6.63959
0.845062	6.54583	6.37882	6.47755	6.3284	6.44328	6.45593	6.50499	6.52794	6.63203
0.851	6.54743	6.34865	6.48851	6.29865	6.45048	6.46956	6.51252	6.5297	6.59974
0.856963	6.51696	6.39525	6.46702	6.31026	6.42731	6.44813	6.53655	6.53496	6.59296
0.862975	6.55401	6.40936	6.4689	6.30973	6.47479	6.42771	6.52014	6.52717	6.63863
0.869025	6.57396	6.31643	6.49756	6.35986	6.45707	6.46974	6.52205	6.53913	6.61688
0.875112	6.52445	6.35488	6.51145	6.29197	6.41094	6.42845	6.51614	6.51001	6.61534
0.88125	6.55235	6.38077	6.44083	6.32647	6.4564	6.45629	6.54346	6.51503	6.60026
0.887425	6.54336	6.31719	6.47298	6.3343	6.43791	6.46265	6.50225	6.49148	6.62517
0.89365	6.53179	6.33878	6.47741	6.26841	6.41437	6.49692	6.51236	6.55006	6.54152
0.899912	6.52738	6.35313	6.4303	6.29549	6.43363	6.44708	6.50142	6.50706	6.63523
0.906225	6.52868	6.39112	6.47828	6.29621	6.46995	6.41361	6.50961	6.50801	6.58815
0.912575	6.55438	6.33221	6.46951	6.30304	6.44517	6.44344	6.48893	6.54057	6.61387
0.918962	6.53846	6.32295	6.48983	6.3503	6.44281	6.44305	6.47965	6.50436	6.60147
0.9254	6.50746	6.34238	6.45082	6.30608	6.44871	6.44939	6.46785	6.53565	6.60046
0.931888	6.54045	6.32183	6.47682	6.3056	6.4299	6.43239	6.4742	6.49636	6.59487
0.938412	6.48976	6.38669	6.46912	6.28959	6.45608	6.44962	6.50666	6.509	6.5914
0.944987	6.49794	6.35977	6.46082	6.2967	6.36945	6.42851	6.52526	6.49126	6.60799
0.951612	6.55998	6.33582	6.49211	6.28631	6.42973	6.43263	6.5101	6.50957	6.58069
0.958275	6.49907	6.33041	6.46189	6.29283	6.44969	6.42018	6.48797	6.479	6.58531
0.964988	6.50123	6.3419	6.45526	6.29562	6.42204	6.40956	6.47975	6.47543	6.55795
0.97175	6.52723	6.31147	6.48945	6.27984	6.4102	6.44013	6.5292	6.47113	6.59537
0.97855	6.52411	6.37169	6.47337	6.32487	6.43042	6.4562	6.46419	6.50496	6.56138
0.9854	6.50047	6.37922	6.42436	6.29509	6.40121	6.45861	6.46221	6.47974	6.62028
0.9923	6.51037	6.35353	6.42259	6.30136	6.40292	6.40334	6.48492	6.55455	6.58183
0.99925	6.50532	6.33324	6.50656	6.26934	6.38541	6.42758	6.49999	6.51521	6.59984
1.00625	6.51145	6.33338	6.47505	6.28903	6.42701	6.39093	6.445	6.51694	6.60499
1.01329	6.53086	6.29617	6.46577	6.27998	6.40235	6.44268	6.5172	6.51653	6.58592
1.02039	6.54517	6.2917	6.43577	6.31454	6.42991	6.42178	6.48801	6.49681	6.53474
1.02752	6.50473	6.34767	6.41774	6.29297	6.38688	6.42865	6.44385	6.44154	6.61045
1.03472	6.53822	6.31503	6.47857	6.27886	6.43656	6.39065	6.4928	6.51106	6.58243
1.04196	6.5004	6.30936	6.44529	6.30649	6.39281	6.40839	6.49175	6.5056	6.55723
1.04925	6.48044	6.32121	6.46388	6.28118	6.40184	6.39173	6.48587	6.50706	6.59063
1.0566	6.5104	6.31652	6.43026	6.28134	6.40292	6.39987	6.52077	6.51238	6.60278
1.06399	6.48639	6.34811	6.44051	6.30256	6.38952	6.43811	6.51949	6.49047	6.57326
1.07144	6.47019	6.26302	6.39199	6.28641	6.38513	6.40704	6.43937	6.47049	6.57104
1.07893	6.50698	6.31078	6.44118	6.30924	6.41958	6.41308	6.44259	6.48451	6.59231
1.08648	6.49158	6.34031	6.44771	6.27033	6.41546	6.38671	6.42146	6.50114	6.53821
1.09407	6.51121	6.32045	6.42624	6.27879	6.40904	6.38399	6.50924	6.48222	6.5578
1.10174	6.48105	6.3333	6.42662	6.27352	6.41198	6.40631	6.48005	6.50099	6.58467
1.10944	6.53703	6.32081	6.44962	6.27999	6.43342	6.45396	6.47059	6.48172	6.55947
1.1172	6.47078	6.32101	6.47038	6.28203	6.41701	6.41035	6.48566	6.50624	6.54886
1.12501	6.47939	6.31076	6.44355	6.25693	6.41737	6.38967	6.45826	6.48627	6.57152
1.13287	6.51389	6.28041	6.42032	6.29002	6.41894	6.42307	6.45956	6.46142	6.60208
1.1408	6.43718	6.30125	6.43016	6.27092	6.37793	6.42964	6.42615	6.47007	6.55931
1.14877	6.50755	6.32014	6.4523	6.29217	6.40945	6.39681	6.45994	6.5117	6.55266
1.15681	6.49628	6.29975	6.43828	6.28726	6.4157	6.41082	6.48819	6.45112	6.51875
1.1649	6.46787	6.29285	6.42673	6.29098	6.41498	6.41666	6.43029	6.46326	6.52175
1.17304	6.52338	6.30938	6.44753	6.27972	6.41466	6.38163	6.47614	6.47915	6.5361
1.18124	6.52972	6.32787	6.40746	6.27537	6.40023	6.41232	6.4562	6.45956	6.57403
1.1895	6.50942	6.3303	6.44681	6.25417	6.36822	6.39154	6.45717	6.48431	6.51867
1.19781	6.47777	6.28739	6.39361	6.30496	6.3659	6.43323	6.45106	6.45917	6.5805
1.20619	6.48913	6.32412	6.41277	6.25676	6.3933	6.44031	6.45166	6.46783	6.53638
1.21461	6.50011	6.28701	6.45219	6.28033	6.38065	6.38433	6.44677	6.42571	6.50163
1.2231	6.48846	6.31451	6.43988	6.2356	6.37564	6.37272	6.46076	6.47918	6.5276
1.23165	6.46486	6.33731	6.37098	6.24502	6.39968	6.38649	6.44333	6.47808	6.57335
1.24026	6.49237	6.30799	6.42984	6.24135	6.40641	6.39337	6.44871	6.45611	6.54383
1.24892	6.48358	6.30745	6.41687	6.27978	6.36119	6.39104	6.44551	6.45933	6.54812
1.25765	6.48271	6.28868	6.4073	6.29871	6.40849	6.37156	6.46274	6.45794	6.57795
1.26644	6.43475	6.27306	6.42807	6.29448	6.37819	6.37773	6.43934	6.45049	6.56511
1.27529	6.45676	6.29941	6.44008	6.26893	6.34696	6.40827	6.43911	6.44545	6.54232
1.2842	6.48974	6.27201	6.38953	6.24041	6.39616	6.36843	6.47925	6.4608	6.52718
1.29316	6.45242	6.31504	6.41867	6.26196	6.39208	6.37793	6.47309	6.45279	6.53173
1.3022	6.50758	6.29377	6.41094	6.2361	6.40691	6.37401	6.42604	6.44477	6.54007
1.3113	6.50042	6.29138	6.42724	6.30245	6.39297	6.39098	6.47985	6.42254	6.52851
1.32045	6.50609	6.27425	6.41112	6.24224	6.37337	6.40882	6.43195	6.46723	6.51462
1.32967	6.50416	6.28595	6.41426	6.23828	6.39211	6.37226	6.44138	6.4678	6.53759
1.33896	6.486	6.30232	6.3713	6.25335	6.38703	6.37311	6.45269	6.44868	6.53284
1.34831	6.46946	6.27438	6.39654	6.24694	6.38632	6.38965	6.43721	6.4565	6.51075
1.35773	6.46322	6.28205	6.40643	6.25267	6.37189	6.37344	6.44343	6.45674	6.54925
1.36721	6.4778	6.2805	6.41191	6.27562	6.39161	6.36592	6.46373	6.42423	6.55795
1.37675	6.45882	6.28421	6.40337	6.28274	6.35412	6.41464	6.41138	6.40728	6.54226
1.38636	6.44903	6.26351	6.40951	6.27076	6.36612	6.37559	6.43509	6.45448	6.54938
1.39605	6.45095	6.27286	6.39769	6.2802	6.38161	6.37856	6.42185	6.49106	6.53125
1.4058	6.4439	6.2943	6.39785	6.25732	6.35879	6.36499	6.43978	6.44498	6.51678
1.41561	6.44273	6.28316	6.37921	6.25501	6.35973	6.35472	6.42745	6.4488	6.48641
1.42549	6.48919	6.30018	6.37898	6.27477	6.39275	6.40881	6.45879	6.45479	6.50773
1.43544	6.49357	6.28183	6.40126	6.28937	6.32612	6.36951	6.46086	6.44988	6.54277
1.44546	6.49056	6.26931	6.39776	6.26016	6.35707	6.33453	6.43691	6.46722	6.52534
1.45555	6.46318	6.27445	6.42277	6.2758	6.40208	6.35901	6.45225	6.42619	6.5046
1.46571	6.44934	6.28108	6.37615	6.26555	6.40698	6.36223	6.44255	6.46241	6.55778
1.47594	6.44619	6.31823	6.41509	6.28685	6.38685	6.34683	6.45098	6.45135	6.52986
1.48624	6.45567	6.27715	6.38563	6.29224	6.39905	6.35758	6.43303	6.445	6.52775
1.49661	6.42058	6.2744	6.39704	6.24112	6.37856	6.37283	6.41836	6.42159	6.48089
1.50705	6.4662	6.29819	6.38755	6.2911	6.37543	6.37278	6.42775	6.44282	6.5444
1.51756	6.47201	6.24491	6.37213	6.26236	6.37567	6.36538	6.407	6.4422	6.51217
1.52815	6.44684	6.28013	6.40788	6.24274	6.3861	6.37882	6.4421	6.43263	6.53265
1.53881	6.45722	6.29884	6.40352	6.26664	6.37095	6.38915	6.42345	6.4483	6.48674
1.54955	6.45071	6.25793	6.38798	6.27027	6.35676	6.34476	6.45197	6.45162	6.53985
1.56036	6.46827	6.31169	6.39433	6.25651	6.37425	6.35962	6.43793	6.44308	6.49251
1.57125	6.43001	6.28074	6.3902	6.24412	6.35319	6.34099	6.44025	6.42991	6.48848
1.58221	6.46716	6.272	6.38558	6.28994	6.40059	6.39068	6.41405	6.43148	6.5239
1.59325	6.47523	6.30288	6.40506	6.258	6.38501	6.39698	6.43287	6.43962	6.53825
1.60436	6.47699	6.28146	6.40205	6.26514	6.36193	6.37462	6.41697	6.43455	6.49838
1.61555	6.45919	6.28206	6.41928	6.24657	6.35277	6.33299	6.41555	6.41523	6.51879
1.62681	6.48116	6.28508	6.39837	6.25102	6.37966	6.38498	6.43446	6.43302	6.5173
1.63816	6.44126	6.29109	6.37702	6.24034	6.37872	6.38694	6.43657	6.42487	6.57956
1.64959	6.46796	6.21843	6.37693	6.24859	6.37986	6.36255	6.40105	6.46421	6.55497
1.66109	6.45437	6.27191	6.36881	6.26884	6.35436	6.36615	6.45539	6.42495	6.49274
1.67268	6.46776	6.26198	6.39791	6.24238	6.3829	6.37278	6.40381	6.39855	6.51168
1.68434	6.43539	6.24536	6.36634	6.2694	6.34322	6.35325	6.42043	6.43228	6.52
1.69609	6.46326	6.2962	6.40041	6.21445	6.37903	6.35385	6.43557	6.4458	6.48219
1.70791	6.44058	6.27919	6.38254	6.23551	6.36555	6.3682	6.40051	6.44018	6.49625
1.71981	6.44058	6.26728	6.39772	6.26354	6.34636	6.38185	6.40964	6.43371	6.50132
1.73181	6.43161	6.25371	6.38984	6.2199	6.37666	6.34843	6.40967	6.4347	6.49647
1.74388	6.44991	6.28976	6.39942	6.26555	6.33865	6.3783	6.43679	6.44819	6.50939
1.75604	6.45663	6.26826	6.40005	6.26554	6.35573	6.33829	6.41569	6.43751	6.49686
1.76828	6.46596	6.28005	6.38774	6.23533	6.37232	6.37087	6.40705	6.4469	6.51292
1.7806	6.43087	6.26989	6.39456	6.22972	6.36294	6.35414	6.40549	6.43637	6.50167
1.79301	6.42645	6.28534	6.38467	6.23845	6.34451	6.36303	6.41389	6.46667	6.50683
1.80551	6.4493	6.27673	6.39063	6.26535	6.36795	6.33029	6.41172	6.43367	6.48492
1.8181	6.43535	6.24382	6.37883	6.23593	6.3404	6.33412	6.42244	6.43289	6.52392
1.83078	6.4619	6.26099	6.41491	6.225	6.38476	6.33269	6.42301	6.4641	6.46815
1.84354	6.41713	6.25575	6.40148	6.25411	6.38142	6.38845	6.42646	6.46924	6.50857
1.85637	6.47264	6.27027	6.37059	6.25452	6.36953	6.37912	6.39675	6.43057	6.49279
1.86931	6.43317	6.27069	6.39015	6.2534	6.34937	6.36983	6.38656	6.42741	6.50081
1.88234	6.44847	6.24598	6.38511	6.2572	6.36902	6.34719	6.39816	6.40818	6.52207
1.89546	6.44198	6.27588	6.3856	6.27255	6.33862	6.361	6.43767	6.41966	6.51091
1.90866	6.4547	6.27952	6.40613	6.2279	6.34486	6.35105	6.43246	6.4152	6.50269
1.92196	6.45638	6.27222	6.36557	6.23453	6.38122	6.35974	6.40059	6.44322	6.51342
1.93536	6.44799	6.2589	6.37124	6.23993	6.35699	6.37071	6.42903	6.46093	6.50167
1.94885	6.44239	6.25944	6.36868	6.23215	6.30766	6.33278	6.41978	6.46243	6.50247
1.96242	6.42396	6.25816	6.38493	6.22945	6.33258	6.37439	6.39897	6.40477	6.50373
1.9761	6.43451	6.23983	6.35523	6.2834	6.34467	6.33578	6.43999	6.41972	6.49784
1.98986	6.4619	6.27028	6.41223	6.25177	6.38257	6.32887	6.41198	6.44817	6.50921
2.00373	6.47567	6.24642	6.362	6.23623	6.32897	6.3583	6.38852	6.42848	6.48179
2.01769	6.4475	6.24932	6.3679	6.28475	6.33008	6.36165	6.42576	6.45306	6.50407
2.03174	6.44338	6.25062	6.34663	6.24951	6.34526	6.37489	6.40168	6.44294	6.50848
2.04589	6.4565	6.27509	6.38848	6.21536	6.35262	6.367	6.42759	6.41712	6.49468
2.06014	6.45485	6.24435	6.35633	6.24684	6.33585	6.36987	6.44055	6.45693	6.48058
2.07449	6.43858	6.31035	6.37503	6.26131	6.35214	6.34551	6.41483	6.4106	6.47872
2.08894	6.42262	6.25277	6.39148	6.22474	6.35669	6.34963	6.40953	6.44053	6.47367
2.10349	6.42429	6.25048	6.39532	6.24026	6.35704	6.34113	6.44274	6.44065	6.48774
2.11814	6.44036	6.27458	6.36998	6.23796	6.35749	6.36988	6.3991	6.42614	6.50184
2.13289	6.4537	6.26347	6.37557	6.24885	6.36696	6.34601	6.39115	6.42179	6.47503
2.14775	6.46296	6.25755	6.39487	6.23011	6.35169	6.36931	6.40061	6.41869	6.52111
2.1627	6.44279	6.24398	6.38077	6.27031	6.35298	6.36768	6.40373	6.40028	6.48144
2.17776	6.44089	6.26124	6.35149	6.25183	6.31911	6.34187	6.42286	6.43419	6.49665
2.19292	6.4489	6.2495	6.35682	6.23796	6.33757	6.35674	6.41739	6.42845	6.51235
2.2082	6.42691	6.25913	6.37346	6.22644	6.31878	6.34947	6.44169	6.42373	6.51793
2.22358	6.43896	6.25244	6.35859	6.23408	6.34592	6.35351	6.42573	6.42382	6.50064
2.23905	6.463	6.25679	6.36545	6.25117	6.32857	6.34871	6.41168	6.42292	6.48687
2.25465	6.43712	6.27663	6.35617	6.2494	6.33635	6.34447	6.41761	6.42153	6.47525
2.27034	6.42089	6.26163	6.38824	6.24748	6.3311	6.36558	6.4163	6.43601	6.49591
2.28615	6.45282	6.22878	6.35534	6.24952	6.34607	6.34914	6.4212	6.42385	6.50483
2.30206	6.44785	6.26532	6.35815	6.26159	6.33406	6.35492	6.43348	6.4332	6.48092
2.31809	6.43165	6.27226	6.38945	6.25406	6.36141	6.36361	6.42485	6.4076	6.48708
2.33422	6.40536	6.26668	6.36218	6.23944	6.34621	6.3386	6.40699	6.43042	6.49591
2.35048	6.42978	6.22035	6.38299	6.27507	6.33064	6.3588	6.40112	6.43698	6.49625
2.36684	6.44835	6.25893	6.39379	6.22573	6.35897	6.3513	6.40735	6.41176	6.49104
2.38331	6.42448	6.24009	6.33101	6.25738	6.34189	6.33466	6.40402	6.42529	6.51607
2.3999	6.42939	6.2473	6.36691	6.21818	6.36452	6.35333	6.42771	6.40686	6.49744
2.41661	6.43467	6.23366	6.37904	6.2488	6.37296	6.31469	6.4079	6.41986	6.47656
2.43342	6.44213	6.24468	6.39913	6.25174	6.34983	6.32422	6.42762	6.40381	6.4958
2.45036	6.44797	6.26555	6.36851	6.2414	6.34863	6.32242	6.42494	6.4179	6.48054
2.46743	6.42307	6.26644	6.39052	6.26831	6.35721	6.33873	6.41805	6.42084	6.48615
2.4846	6.43412	6.25025	6.36469	6.24037	6.34039	6.35847	6.4286	6.41343	6.48368
2.50189	6.47012	6.27045	6.37784	6.21379	6.3465	6.31537	6.42195	6.40967	6.4843
2.5193	6.45754	6.23609	6.39719	6.24656	6.34315	6.34236	6.41913	6.40477	6.48858
2.53682	6.45392	6.22561	6.36298	6.23886	6.36652	6.34572	6.4139	6.429	6.52315
2.55449	6.44294	6.23171	6.3759	6.24701	6.36431	6.33156	6.41615	6.44073	6.51433
2.57226	6.42026	6.26445	6.36284	6.23771	6.32443	6.34585	6.41496	6.41526	6.4921
2.59016	6.44651	6.25375	6.37759	6.24875	6.37731	6.38513	6.41602	6.41495	6.4876
2.60819	6.41169	6.26366	6.34602	6.2397	6.36954	6.33844	6.42749	6.40849	6.481
2.62634	6.43492	6.25092	6.37865	6.2034	6.32701	6.3653	6.44511	6.43798	6.50199
2.6446	6.44632	6.26269	6.35631	6.25939	6.32867	6.33721	6.42711	6.44007	6.51186
2.66301	6.43316	6.24618	6.3726	6.23889	6.34395	6.35559	6.40733	6.4039	6.48871
2.68154	6.43038	6.24201	6.37978	6.24689	6.3157	6.32836	6.40863	6.42172	6.4831
2.70019	6.46023	6.25677	6.39505	6.25529	6.36082	6.35385	6.39825	6.42139	6.4955
2.71898	6.42681	6.23729	6.38352	6.2499	6.32897	6.33039	6.44114	6.42722	6.5061
2.7379	6.43678	6.25098	6.3934	6.23186	6.34532	6.33399	6.42357	6.41106	6.44786
2.75694	6.43057	6.25128	6.36796	6.23071	6.33852	6.34322	6.40264	6.42793	6.48581
2.77612	6.43143	6.25882	6.37493	6.22515	6.35596	6.35872	6.40717	6.40442	6.4929
2.79544	6.45932	6.25983	6.38479	6.25179	6.35544	6.33754	6.40447	6.42706	6.49873
2.81487	6.42099	6.28633	6.39912	6.26614	6.33964	6.32511	6.42178	6.42545	6.48317
2.83446	6.42867	6.23866	6.36674	6.24542	6.34497	6.33374	6.41611	6.43161	6.49928
2.85418	6.43264	6.22068	6.40402	6.23441	6.34345	6.3577	6.3963	6.42478	6.50246
2.87404	6.44824	6.26533	6.37518	6.23098	6.31227	6.34544	6.42613	6.43311	6.49383
2.89403	6.43833	6.23119	6.38651	6.23455	6.34682	6.35029	6.39994	6.41873	6.50004
2.91415	6.41001	6.22539	6.38749	6.2574	6.32679	6.33191	6.40516	6.42141	6.50203
2.93443	6.42072	6.23118	6.38005	6.22945	6.32492	6.32762	6.41655	6.40402	6.49402
2.95484	6.43462	6.2417	6.35821	6.211	6.34496	6.34565	6.42077	6.4349	6.51046
2.97539	6.4405	6.25696	6.37087	6.2514	6.32284	6.34851	6.4018	6.43809	6.50234
2.99607	6.42942	6.23916	6.37037	6.21108	6.36155	6.32533	6.4344	6.39915	6.49534
3.01691	6.41507	6.25632	6.38017	6.22668	6.34993	6.34424	6.42384	6.44814	6.52275
3.0379	6.42621	6.235	6.37218	6.22143	6.35187	6.33985	6.40124	6.42707	6.47931
3.05903	6.40615	6.23563	6.35687	6.25774	6.33494	6.36861	6.42775	6.42841	6.52635
3.0803	6.41944	6.24892	6.38569	6.24458	6.34828	6.34763	6.41481	6.40454	6.4911
3.10171	6.4177	6.25656	6.40328	6.23006	6.33425	6.33912	6.4272	6.41455	6.4979
3.12329	6.43717	6.27297	6.37667	6.2648	6.36797	6.35575	6.40444	6.41653	6.49292
3.145	6.44614	6.26231	6.37341	6.2507	6.32428	6.36454	6.42266	6.41889	6.4719
3.16687	6.43083	6.24006	6.37271	6.2352	6.32325	6.33256	6.40655	6.41766	6.50837
3.1889	6.42022	6.25983	6.37603	6.21505	6.36371	6.34977	6.42336	6.42221	6.50827
3.21108	6.42762	6.2541	6.35457	6.24945	6.35329	6.35392	6.40425	6.42037	6.51018
3.2334	6.43946	6.28162	6.36963	6.22577	6.35651	6.33702	6.4319	6.41568	6.49467
3.25588	6.42428	6.2597	6.38522	6.24923	6.3397	6.34295	6.41498	6.42435	6.48582
3.27851	6.41556	6.24337	6.38556	6.22892	6.34206	6.33251	6.40367	6.40955	6.49553
3.30131	6.45626	6.26731	6.37353	6.22518	6.34014	6.3372	6.41576	6.43709	6.52693
3.32426	6.43303	6.26233	6.36573	6.2405	6.35715	6.35578	6.38328	6.4285	6.49231
3.34737	6.43852	6.25653	6.37004	6.2287	6.3554	6.32139	6.4141	6.42382	6.52501
3.37065	6.43803	6.24604	6.37212	6.23415	6.34889	6.32818	6.38981	6.42626	6.50688
3.39409	6.46529	6.25416	6.38816	6.26838	6.34525	6.34269	6.40653	6.42646	6.4846
3.41768	6.4462	6.25746	6.36842	6.24087	6.35675	6.34318	6.40996	6.40529	6.50036
3.44144	6.4085	6.25615	6.36684	6.22479	6.34609	6.35359	6.42617	6.41134	6.49407
3.46536	6.44494	6.25816	6.3818	6.26194	6.32606	6.33938	6.44088	6.43037	6.47649
3.48945	6.40529	6.25732	6.36142	6.27316	6.35587	6.33239	6.42167	6.42634	6.47725
3.51371	6.44424	6.2552	6.36993	6.25548	6.32058	6.35522	6.42297	6.44608	6.49022
3.53814	6.44955	6.25427	6.37217	6.23302	6.3603	6.35273	6.41337	6.42698	6.49876
3.56273	6.42369	6.25514	6.37851	6.25884	6.33804	6.3439	6.41977	6.41903	6.51499
3.58749	6.42334	6.25784	6.35785	6.22693	6.33083	6.33562	6.43221	6.43506	6.46954
3.61243	6.46675	6.22841	6.38687	6.22231	6.34535	6.35436	6.43477	6.4156	6.49921
3.63754	6.4252	6.25389	6.37217	6.23012	6.32785	6.33602	6.40803	6.40975	6.50416
3.66283	6.41764	6.25827	6.35447	6.22198	6.3437	6.33798	6.41881	6.42914	6.48616
3.68829	6.43012	6.27029	6.34725	6.2328	6.3313	6.32816	6.41972	6.39162	6.50773
3.71391	6.44763	6.26232	6.36182	6.24064	6.34125	6.34279	6.43037	6.40811	6.49785
3.73973	6.4597	6.25995	6.3649	6.23414	6.33724	6.33615	6.40262	6.42617	6.4833
3.76572	6.42961	6.2393	6.3757	6.22382	6.36382	6.33732	6.43316	6.41651	6.492
3.7919	6.42456	6.25439	6.3626	6.20512	6.34496	6.32941	6.42676	6.40547	6.50016
3.81825	6.43072	6.27807	6.34374	6.2202	6.3385	6.35593	6.40506	6.40858	6.48141
3.84479	6.45644	6.2553	6.37945	6.22648	6.31902	6.3319	6.40815	6.43099	6.46726
3.8715	6.43397	6.25522	6.37191	6.24326	6.3687	6.35461	6.43377	6.40821	6.5055
3.89841	6.44013	6.2639	6.35703	6.21827	6.34639	6.33221	6.41975	6.42067	6.49778
3.9255	6.43129	6.24779	6.3972	6.21008	6.3499	6.36199	6.42061	6.40487	6.50395
3.95278	6.44385	6.23781	6.34884	6.21556	6.33868	6.33184	6.40752	6.42533	6.4762
3.98025	6.42886	6.27779	6.38452	6.25553	6.3396	6.34279	6.42036	6.39882	6.49058
4.00791	6.44982	6.28898	6.36434	6.23152	6.34492	6.34483	6.40244	6.40901	6.49437
4.03576	6.42224	6.26884	6.36455	6.21503	6.33144	6.34141	6.40698	6.3967	6.49048
4.0638	6.42107	6.26759	6.37937	6.21958	6.3397	6.33275	6.42431	6.43443	6.47677
4.09204	6.44165	6.25527	6.35811	6.22434	6.34616	6.34396	6.39804	6.39663	6.5048
4.12047	6.42297	6.252	6.36519	6.21482	6.35153	6.31833	6.40922	6.42081	6.507
4.1491	6.44779	6.25926	6.38478	6.23719	6.35025	6.33208	6.42471	6.42776	6.48649
4.17794	6.42216	6.26826	6.37483	6.24383	6.34197	6.33305	6.39375	6.43676	6.48956
4.20696	6.43016	6.26525	6.35092	6.23761	6.3454	6.34452	6.40544	6.41104	6.47662
4.2362	6.4358	6.24265	6.36152	6.23101	6.34506	6.32344	6.40171	6.43299	6.50502
4.26563	6.44104	6.25922	6.38311	6.21655	6.34863	6.33665	6.39803	6.43652	6.49718
4.29526	6.42926	6.25471	6.36428	6.22828	6.34943	6.36234	6.39351	6.4093	6.49466
4.32511	6.44823	6.24748	6.3949	6.2181	6.35468	6.33804	6.38936	6.42181	6.49787
4.35516	6.4215	6.26652	6.37343	6.2364	6.33383	6.34116	6.41376	6.40904	6.49691
4.38541	6.42234	6.24591	6.37033	6.24233	6.34873	6.32664	6.40594	6.39933	6.49626
4.41589	6.41265	6.24599	6.36823	6.24106	6.34005	6.35803	6.38571	6.40261	6.49247
4.44656	6.45034	6.25723	6.3454	6.20815	6.34126	6.35071	6.39013	6.42613	6.48856
4.47745	6.45622	6.24714	6.36933	6.23083	6.34476	6.33773	6.41658	6.42412	6.47644
4.50856	6.43165	6.24592	6.38114	6.23384	6.35003	6.34012	6.40125	6.41969	6.49291
4.53988	6.42616	6.26254	6.38067	6.2336	6.33465	6.35094	6.42895	6.39645	6.48118
4.57142	6.43061	6.26944	6.37213	6.23203	6.3565	6.33005	6.409	6.41951	6.49374
4.60318	6.41549	6.25152	6.36993	6.22902	6.34138	6.35276	6.41038	6.41176	6.48825
4.63515	6.4262	6.25022	6.37356	6.23803	6.36155	6.33696	6.41419	6.40614	6.48281
4.66735	6.41849	6.24868	6.37345	6.2356	6.33282	6.35503	6.38132	6.41934	6.47847
4.69978	6.40644	6.26241	6.3895	6.22846	6.33282	6.35468	6.39433	6.41223	6.46195
4.73243	6.43445	6.25871	6.36563	6.23911	6.34368	6.33244	6.41924	6.40024	6.47674
4.76529	6.43669	6.24978	6.37302	6.2331	6.34995	6.34798	6.42046	6.43869	6.48415
4.79839	6.42176	6.25554	6.36939	6.23888	6.34118	6.33151	6.38808	6.44173	6.49581
4.83173	6.43546	6.25981	6.38485	6.23448	6.35081	6.34548	6.41054	6.40486	6.47371
4.86529	6.43916	6.24097	6.36083	6.23117	6.34217	6.3534	6.41083	6.43881	6.50544
4.89908	6.41386	6.27009	6.3703	6.23797	6.3231	6.34009	6.41716	6.40095	6.50821
4.93311	6.4074	6.25741	6.37225	6.22849	6.3471	6.31922	6.40762	6.4266	6.47746
4.96737	6.42984	6.26706	6.37526	6.24603	6.3425	6.3395	6.39378	6.39855	6.46647
5.00187	6.42224	6.24492	6.38761	6.22807	6.33615	6.33255	6.40751	6.42117	6.4839
5.03661	6.43439	6.24287	6.37259	6.2371	6.32627	6.33827	6.41141	6.41529	6.48554
5.0716	6.42761	6.24773	6.37765	6.24139	6.34631	6.32385	6.41951	6.42347	6.49198
5.10681	6.41985	6.24779	6.35427	6.2189	6.33958	6.34781	6.40826	6.41826	6.48195
5.14229	6.41601	6.24495	6.35474	6.22566	6.34166	6.32468	6.41963	6.41756	6.47365
5.178	6.44818	6.2719	6.38214	6.2468	6.33173	6.34751	6.42303	6.41462	6.49358
5.21396	6.41642	6.23832	6.36241	6.2316	6.34086	6.33818	6.39894	6.42729	6.49342
5.25017	6.4209	6.24999	6.38647	6.22883	6.33653	6.34449	6.40821	6.42248	6.50693
5.28664	6.42228	6.24477	6.38952	6.22692	6.3378	6.34013	6.42092	6.40141	6.47399
5.32335	6.43016	6.2441	6.37442	6.23982	6.34416	6.33693	6.41514	6.43324	6.47782
5.36031	6.42651	6.24106	6.35664	6.23732	6.32033	6.32568	6.39876	6.41983	6.48836
5.39754	6.42091	6.25684	6.38516	6.22935	6.32603	6.3331	6.39661	6.42369	6.49281
5.43503	6.42462	6.24522	6.36686	6.22137	6.33056	6.33034	6.40565	6.40977	6.47947
5.47277	6.44057	6.24228	6.36896	6.22909	6.32934	6.33388	6.41075	6.42453	6.49089
5.51078	6.42459	6.26109	6.35677	6.2273	6.3457	6.33085	6.39842	6.40764	6.46572
5.54904	6.42321	6.23748	6.36901	6.22974	6.33769	6.34765	6.39077	6.42077	6.47354
5.58757	6.42007	6.25561	6.38461	6.22306	6.32357	6.32413	6.40522	6.42189	6.49205
5.62638	6.44087	6.25002	6.37761	6.21118	6.34116	6.34761	6.39189	6.42567	6.49315
5.66545	6.43441	6.254	6.37473	6.22756	6.32906	6.32448	6.40834	6.40549	6.48113
5.70479	6.43785	6.25054	6.39597	6.22468	6.3438	6.33265	6.39603	6.406	6.49502
5.7444	6.4407	6.24305	6.37658	6.23051	6.34381	6.32996	6.39828	6.41633	6.48696
5.78429	6.43827	6.25071	6.39086	6.23092	6.32849	6.33566	6.41056	6.437	6.47152
5.82445	6.44351	6.2364	6.3724	6.22154	6.32524	6.33218	6.41014	6.42526	6.48761
5.86489	6.43995	6.2605	6.38129	6.21621	6.32635	6.31569	6.40052	6.42028	6.49029
5.90561	6.43098	6.23938	6.36856	6.23564	6.33589	6.32992	6.4003	6.43161	6.4899
5.94663	6.42883	6.26609	6.3705	6.22471	6.33247	6.31845	6.40693	6.4075	6.48914
5.98791	6.44348	6.2552	6.37716	6.24231	6.34523	6.32857	6.40793	6.43184	6.49594
6.02949	6.44244	6.24616	6.39369	6.21138	6.34707	6.32367	6.40566	6.42149	6.50153
6.07135	6.42661	6.24731	6.37909	6.24343	6.33933	6.33622	6.41355	6.42272	6.48569
6.1135	6.43865	6.25986	6.36304	6.22606	6.34058	6.32593	6.40888	6.4362	6.48534
6.15595	6.44687	6.24683	6.37161	6.255	6.34713	6.34264	6.39555	6.41407	6.50427
6.19869	6.44902	6.25075	6.39119	6.23462	6.35424	6.33356	6.41491	6.42856	6.49693
6.24172	6.43272	6.2493	6.37316	6.2177	6.35533	6.33555	6.40246	6.42527	6.47587
6.28506	6.44866	6.25113	6.38483	6.22796	6.32097	6.34459	6.40395	6.42125	6.49051
6.3287	6.43797	6.23988	6.36888	6.23479	6.33929	6.34337	6.38428	6.42367	6.49656
6.37264	6.43618	6.26544	6.3789	6.23077	6.34386	6.34138	6.40322	6.41914	6.48032
6.41687	6.43859	6.2466	6.37692	6.24297	6.34458	6.33866	6.41713	6.43164	6.49804
6.46142	6.43275	6.2549	6.38031	6.23805	6.33751	6.32907	6.40438	6.42325	6.48451
6.50629	6.43879	6.24777	6.37166	6.23748	6.34564	6.33015	6.41744	6.42907	6.48125
6.55145	6.41583	6.24998	6.37733	6.2342	6.33878	6.33846	6.40242	6.42836	6.49365
6.59694	6.42725	6.26446	6.37295	6.24892	6.33251	6.33945	6.40006	6.42138	6.49184
6.64274	6.42709	6.24142	6.37976	6.23328	6.35391	6.34143	6.40163	6.40389	6.50121
6.68885	6.43941	6.25609	6.36543	6.23648	6.33655	6.33906	6.4027	6.41323	6.49039
6.73527	6.42438	6.24877	6.39487	6.22093	6.3403	6.34997	6.40205	6.40254	6.49096
6.78204	6.42462	6.2603	6.36427	6.24328	6.34853	6.33973	6.41109	6.43033	6.49379
6.82911	6.42655	6.25637	6.37582	6.24944	6.33937	6.32966	6.41281	6.40978	6.49069
6.87652	6.42452	6.25343	6.3671	6.232	6.33274	6.3618	6.4139	6.40936	6.48403
6.92426	6.41966	6.25279	6.37319	6.22056	6.34361	6.3526	6.42376	6.41773	6.47184
6.97232	6.4229	6.24855	6.37226	6.22969	6.34857	6.34676	6.39975	6.41745	6.50106
7.02072	6.42094	6.2396	6.3692	6.23314	6.33414	6.33979	6.41644	6.40254	6.49351
7.06946	6.42223	6.25695	6.38406	6.22148	6.33025	6.34048	6.42371	6.40847	6.50011
7.11853	6.43306	6.24184	6.35319	6.23189	6.34573	6.33108	6.4108	6.41538	6.48401
7.16794	6.43092	6.24904	6.35966	6.22893	6.34629	6.32895	6.3979	6.40432	6.48574
7.2177	6.44832	6.2503	6.3767	6.23219	6.33881	6.33746	6.40093	6.40834	6.48804
7.2678	6.42998	6.24787	6.37023	6.2366	6.34639	6.33673	6.41158	6.4177	6.48029
7.31825	6.43333	6.24421	6.37573	6.23127	6.34444	6.3465	6.40435	6.4178	6.50163
7.36904	6.43121	6.24733	6.38609	6.23104	6.33338	6.32524	6.43517	6.42834	6.49148
7.42019	6.43565	6.23959	6.37205	6.23708	6.34596	6.35526	6.40939	6.41327	6.49883
7.4717	6.43456	6.26827	6.37712	6.23138	6.34477	6.33642	6.41939	6.39888	6.50284
7.52355	6.43319	6.25764	6.37864	6.23965	6.3587	6.34223	6.39901	6.41802	6.50314
7.57578	6.43546	6.26892	6.37079	6.23992	6.35483	6.34095	6.41091	6.42222	6.50746
7.62836	6.43377	6.26274	6.37957	6.22423	6.34731	6.34781	6.40463	6.40429	6.48785
7.6813	6.42359	6.25851	6.37021	6.24209	6.33073	6.34014	6.3969	6.40595	6.49579
7.73461	6.42795	6.25634	6.37084	6.24393	6.34736	6.33381	6.41452	6.42573	6.50302
7.7883	6.43121	6.25587	6.36312	6.2326	6.3539	6.35238	6.42331	6.42141	6.49458
7.84236	6.43888	6.26132	6.37207	6.22399	6.33334	6.35436	6.40069	6.40851	6.50394
7.89679	6.42181	6.25756	6.37499	6.23889	6.35279	6.35075	6.40249	6.43175	6.49508
7.95159	6.42799	6.25998	6.35747	6.24239	6.34523	6.3348	6.40454	6.41808	6.4899
8.00677	6.41938	6.25125	6.36156	6.23346	6.34105	6.33419	6.40197	6.41042	6.50271
8.06235	6.4265	6.24825	6.362	6.22982	6.34486	6.34069	6.41145	6.40978	6.49071
8.1183	6.4341	6.25074	6.36566	6.23399	6.33412	6.33912	6.41154	6.40586	6.50449
8.17465	6.43396	6.2516	6.37426	6.24007	6.34154	6.32955	6.41157	6.42208	6.48726
8.23137	6.43423	6.23897	6.36447	6.23427	6.34381	6.34025	6.42016	6.42063	6.49672
8.28851	6.44	6.26101	6.37175	6.23897	6.3576	6.34625	6.41243	6.41922	6.4873
8.34603	6.42875	6.24667	6.37767	6.2318	6.34208	6.33546	6.41382	6.41047	6.49652
8.40395	6.44266	6.26865	6.36578	6.23645	6.34097	6.35095	6.402	6.41729	6.48475
8.46227	6.43829	6.2458	6.37435	6.23405	6.33889	6.34153	6.41085	6.42362	6.49478
8.521	6.43699	6.25366	6.38443	6.22605	6.35156	6.33757	6.40243	6.40735	6.4841
8.58014	6.42969	6.26015	6.37134	6.22773	6.34515	6.35887	6.4221	6.41939	6.49454
8.63968	6.44378	6.25429	6.36576	6.2376	6.35217	6.35905	6.40252	6.42265	6.50773
8.69964	6.4289	6.2501	6.36943	6.22564	6.34213	6.35139	6.40694	6.4235	6.49472
8.76001	6.42785	6.26427	6.3714	6.23334	6.34507	6.33799	6.42381	6.40345	6.49454
8.8208	6.41953	6.25025	6.3683	6.22932	6.33406	6.3484	6.40237	6.41529	6.49561
8.88201	6.42676	6.26237	6.36963	6.22784	6.33659	6.34925	6.41537	6.4052	6.48715
8.94365	6.41826	6.25231	6.37643	6.22949	6.34071	6.35185	6.41832	6.42464	6.49797
9.00571	6.42706	6.25292	6.38374	6.23551	6.33545	6.35723	6.39705	6.4201	6.47804
9.0682	6.42718	6.24624	6.35473	6.23706	6.34401	6.34809	6.39844	6.41297	6.49882
9.13114	6.43756	6.2546	6.37004	6.23219	6.34917	6.3414	6.40646	6.41895	6.49644
9.1945	6.42339	6.24544	6.38327	6.2293	6.3561	6.34038	6.42731	6.416	6.50209
9.2583	6.42078	6.25046	6.38219	6.24059	6.34005	6.34509	6.421	6.42028	6.50077
9.32254	6.4275	6.24484	6.38592	6.24451	6.35542	6.34957	6.42721	6.41931	6.491
9.38724	6.43426	6.25013	6.3883	6.2318	6.34888	6.34491	6.41404	6.42457	6.49023
9.45238	6.42414	6.23965	6.37944	6.23621	6.3344	6.34241	6.41493	6.40863	6.49932
9.51796	6.43793	6.2425	6.36778	6.22975	6.33893	6.34044	6.40476	6.41676	6.49461
9.58401	6.42527	6.23236	6.35841	6.22796	6.33815	6.33641	6.39881	6.41588	6.4819
9.65051	6.41971	6.25586	6.39628	6.22861	6.31993	6.35353	6.40868	6.42518	6.48793
9.71747	6.41836	6.23458	6.36296	6.23703	6.32609	6.3407	6.41529	6.41777	6.48681
9.7849	6.42563	6.24015	6.36067	6.23481	6.34236	6.34989	6.41036	6.40938	6.49518
9.8528	6.43101	6.24086	6.36579	6.23539	6.3402	6.33207	6.41393	6.421	6.48898
9.92116	6.44489	6.25174	6.36832	6.23918	6.33828	6.35779	6.40757	6.41568	6.48215
10	6.42385	6.24694	6.36953	6.24655	6.33982	6.35548	6.40665	6.4185	6.49106