7.5e-005	9.15827	7.79572	7.50658	7.6103	7.92182	7.98758	7.62468	7.64777	8.18096
0.0001375	8.90359	7.33146	7.45189	7.4864	7.62599	7.56939	7.7002	7.78742	7.88481
0.0002125	8.71053	7.05715	7.83118	7.5591	8.01146	7.86504	7.74362	7.83687	8.124
0.000275	8.65462	7.25789	7.99214	7.88043	7.92649	8.09728	7.72656	7.97135	8.5343
0.00035	8.38496	7.79658	8.18518	7.96902	8.02844	8.09224	7.53976	8.03232	8.53084
0.000425	8.35273	7.72468	7.9956	8.00194	7.9888	8.11478	7.59048	7.97504	7.78069
0.0005	8.21565	8.22012	7.98604	7.70743	7.99262	8.13073	7.49114	8.05092	7.53503
0.0005625	8.27315	8.17811	8.04414	7.76558	7.72249	7.79557	7.65777	7.96761	7.58725
0.0006375	8.12987	7.79262	7.86324	7.80539	8.23191	7.49664	7.47407	7.85242	7.37798
0.0007125	7.96852	8.20542	7.748	7.84686	8.24593	7.64331	7.51485	8.1562	7.45821
0.0007875	7.74689	8.20145	7.63945	7.87315	8.27635	7.96252	7.60361	7.69508	7.7069
0.0008625	7.861	7.69711	7.72346	7.79554	8.25511	7.77036	7.89403	7.66835	7.7482
0.0009375	8.158	7.83622	8.05462	8.19755	8.19822	7.78803	8.2353	7.32799	7.71133
0.0010125	8.3187	7.44557	8.12354	7.9584	8.33979	7.75573	7.98904	7.5142	7.72807
0.0010875	7.77601	7.57447	7.92276	8.05692	7.80178	7.85452	7.64571	7.58472	7.51812
0.0011625	7.97469	7.64243	8.01442	7.87174	8.11667	7.98657	7.87949	7.30465	7.52911
0.00125	7.72481	7.97905	7.88184	7.56106	8.05691	8.12318	7.59158	7.83425	7.64663
0.001325	8.11367	8.36744	7.79958	7.53654	8.00299	8.17033	7.93295	7.69373	7.9918
0.0014	8.03557	8.19026	7.88042	8.15946	8.05507	7.99713	8.24273	7.6424	8.38303
0.0014875	7.60235	7.55521	7.84686	7.88248	7.94184	8.12921	8.5302	7.65411	7.89858
0.0015625	7.4975	7.97179	8.04404	7.96055	8.3646	8.10328	8.27968	7.41568	7.64633
0.0016375	7.80633	8.36517	7.95713	7.91126	8.52224	7.91074	7.62809	7.55899	8.05688
0.001725	7.99941	8.5165	7.78514	7.98552	8.10677	7.62228	7.6676	7.82969	7.77395
0.0018	7.98468	8.27269	7.34761	7.68342	8.06107	7.82414	7.82267	7.63881	7.35994
0.0018875	7.95528	8.15991	7.29637	7.88317	8.24809	7.87772	7.91973	7.80122	7.58449
0.0019625	8.05527	8.05117	7.57165	8.05807	8.11251	8.04151	8.03271	7.41335	7.73594
0.00205	7.97056	8.11979	7.74715	7.48469	8.242	8.23591	7.91897	7.43917	8.08241
0.0021375	8.12189	8.22982	8.09683	7.61881	7.83215	7.75009	7.63631	7.50609	7.64929
0.0022125	7.82307	7.73204	8.25146	8.09737	7.88805	7.70042	7.63595	7.66214	8.11149
0.0023	7.76388	8.0151	7.74003	7.91426	7.87212	7.65446	7.99761	7.82611	7.99859
0.0023875	7.70603	8.48731	7.67769	7.7753	7.93859	7.79686	8.21062	7.31737	7.47074
0.002475	8.03178	7.99386	7.73461	7.65375	8.17375	7.61888	7.80088	7.35076	7.49194
0.0025625	7.7695	7.5778	7.79569	7.52025	8.08839	7.40514	7.54913	7.37725	7.80662
0.00265	8.04641	7.72205	8.00302	7.65249	7.80024	7.3251	7.66613	7.30875	7.85446
0.0027375	8.0567	7.63699	7.9301	7.54009	8.04206	7.66391	7.70414	7.78014	7.7119
0.002825	7.80117	8.08817	7.84551	7.60107	8.16953	7.55366	7.67665	8.00732	7.64754
0.0029125	7.87197	8.23331	7.84748	7.576	8.05016	7.92147	7.85521	7.94391	7.65741
0.003	7.95246	7.73468	7.90782	7.53329	8.09759	7.67819	7.93999	8.22135	8.13608
0.0030875	7.8637	7.67799	7.59554	8.0135	7.91506	7.70222	7.85584	7.75558	7.43266
0.0031875	7.91623	7.27099	7.79847	7.89986	8.30575	7.98276	7.78662	7.91207	7.4542
0.003275	8.02872	7.96814	7.99622	8.08378	7.65506	8.06184	8.36802	8.07491	8.0796
0.0033625	8.10913	7.68668	7.70125	8.19828	7.51113	7.95362	8.11197	8.12344	7.75757
0.0034625	8.35464	7.66791	7.83891	7.77128	8.33532	7.80192	8.00845	7.85275	7.58908
0.00355	8.22192	7.94352	7.90228	7.66525	8.31136	7.39832	8.13	7.77936	7.83671
0.00365	7.79389	7.79804	7.70523	7.78903	7.80091	7.17908	7.99316	7.96504	7.81491
0.0037375	7.66312	8.03787	7.83962	8.52892	8.04066	7.82481	7.5843	7.55799	7.98329
0.0038375	7.75194	7.92697	7.63977	8.02279	8.05469	7.67414	7.74875	7.61668	8.44209
0.0039375	8.11414	8.01088	7.92593	8.17658	7.68744	7.75406	7.8762	7.30527	7.86414
0.004025	8.1606	7.71259	8.04613	8.27676	8.07838	8.0813	8.07725	7.40867	7.55398
0.004125	7.80506	7.59002	7.96926	7.81725	7.7984	7.59627	8.11226	7.56737	7.87247
0.004225	7.63101	8.00225	7.70571	8.08296	7.48962	7.60522	7.7952	7.40209	8.27499
0.004325	7.63282	8.08877	7.91257	7.92422	7.91779	7.84143	8.26256	7.43171	7.86335
0.004425	7.83696	8.18586	7.78066	8.01198	7.68265	7.76138	8.37721	7.79418	7.86007
0.004525	7.87255	7.58847	8.17304	7.65663	7.44327	7.54003	8.09215	7.86508	7.49482
0.004625	7.91389	8.08396	8.33372	7.66428	8.29809	7.91101	7.66982	7.60047	7.65634
0.004725	7.68899	7.93232	7.93571	7.78365	8.14256	7.99313	7.64862	7.41206	7.34566
0.004825	7.88536	7.69586	8.23908	7.88824	8.32753	7.90358	7.92899	7.23899	7.62521
0.004925	7.7879	8.05999	8.06399	7.90515	7.96903	7.58549	8.29768	7.35982	7.81406
0.0050375	7.82826	7.87769	7.88849	7.82742	7.85423	7.37111	7.88691	7.90793	7.80901
0.0051375	8.33172	7.58075	7.58287	7.72551	7.84353	8.10393	7.84358	7.73961	7.79747
0.0052375	8.41158	7.66891	7.87823	7.87281	7.74784	8.0046	8.0488	7.23553	7.71559
0.00535	8.12448	7.64997	7.36361	8.16236	8.09173	7.9174	7.88612	7.64538	8.03518
0.00545	8.0103	7.52976	8.034	8.02949	7.9902	7.693	8.07585	7.65191	8.09187
0.0055625	7.62394	7.86652	7.99385	8.20581	7.82288	7.54092	7.99676	7.71811	7.93401
0.0056625	8.10886	7.94884	8.01888	8.06336	7.91783	7.51502	7.77475	7.38014	7.58974
0.005775	7.88495	7.87432	7.98978	7.9551	7.89637	7.38058	7.83501	7.77582	7.29027
0.0058875	8.0651	7.87894	8.03076	7.89718	7.95835	7.89349	7.98741	8.05732	7.89818
0.006	8.00248	7.93679	7.8739	7.64667	7.97701	8.04653	7.62732	7.9851	8.28859
0.0061125	7.99365	7.7655	8.07356	7.78641	7.90196	7.74509	7.94764	7.58934	7.93332
0.0062125	8.23816	7.93408	7.7555	7.75968	7.66942	7.79172	7.77817	7.93379	8.05588
0.006325	8.10181	7.80473	7.88667	8.13797	7.74863	7.80637	7.83947	7.5611	8.34856
0.0064375	7.76491	8.17097	7.65577	7.70595	8.00783	7.99105	7.88857	7.73047	8.46093
0.0065625	7.67868	8.17425	7.68859	7.80085	8.03545	7.95648	7.82819	7.59425	7.7475
0.006675	7.60322	7.52002	7.70027	8.04427	8.22456	7.78913	8.13039	7.81515	7.52619
0.0067875	7.71617	7.23154	7.93923	7.85038	7.991	7.94522	7.65918	8.16438	7.48483
0.0069	7.99263	7.83458	7.79644	8.01872	8.14548	7.78896	7.75074	7.50663	8.10287
0.007025	7.935	7.86407	7.86041	7.93206	8.08235	8.20264	7.92279	7.94494	7.93929
0.0071375	7.95448	7.60931	7.7791	7.92698	7.83169	8.19822	7.81072	7.69651	7.54641
0.0072625	7.99525	7.7551	7.63143	7.94313	7.7321	8.05458	7.68184	7.48733	7.6023
0.007375	7.79288	7.96267	7.86629	7.61368	7.85942	7.71458	7.76188	7.62227	7.99809
0.0075	8.01792	8.12466	7.82214	7.71624	7.8924	7.6484	7.72742	7.96772	7.76033
0.007625	8.13076	8.02247	7.94531	7.37077	7.77436	7.8582	7.42387	8.05476	7.88445
0.0077375	7.99506	7.74593	7.65216	7.69454	7.47219	7.804	7.60382	7.81523	7.93231
0.0078625	7.96643	7.89724	7.9209	7.85639	7.64713	7.45099	8.01001	8.34617	7.63181
0.0079875	7.82602	7.95568	7.67943	8.00933	8.32836	7.31485	7.87571	8.12316	7.73604
0.0081125	8.01184	8.03208	7.70415	7.79854	8.11525	7.50257	7.88678	7.90817	7.85624
0.0082375	8.06323	7.98677	7.56571	7.46535	8.18883	7.92686	7.65492	7.88364	7.95517
0.0083625	8.08809	8.38026	7.50074	7.88409	8.01623	7.45871	7.58901	8.1186	8.02638
0.0084875	7.93736	7.95613	7.63982	7.40903	8.01315	7.63411	7.94973	8.22642	7.91593
0.008625	8.06756	8.12126	7.56025	7.87598	7.68389	7.23379	7.55121	7.50981	7.91134
0.00875	8.16791	7.91601	8.04296	7.63765	7.71575	7.61145	7.88269	7.58824	7.64566
0.008875	8.0039	7.74639	8.06849	7.53498	8.08266	7.87179	7.9005	7.69524	7.91979
0.0090125	7.58363	7.66825	7.68192	8.12959	7.97084	7.86875	8.18036	7.72209	8.31322
0.0091375	7.71926	7.72476	7.59598	7.5133	7.80905	8.14135	8.05603	7.89786	8.0118
0.009275	7.71576	7.55398	8.09219	8.05068	7.75118	7.80897	7.43866	7.64863	8.27585
0.0094125	7.78182	7.90359	7.90997	7.90395	7.96195	7.89853	7.86682	7.6814	7.95077
0.0095375	7.9716	8.0673	7.72627	8.27657	7.52704	7.94723	8.11074	7.96734	7.99574
0.009675	8.05761	8.01787	7.6224	8.37476	7.95343	8.14526	7.68141	7.75368	7.95618
0.0098125	7.93505	7.7828	7.42865	8.33688	7.86504	7.73874	7.61651	7.56026	7.92235
0.00995	7.70849	7.94394	7.60748	7.94773	7.72098	7.89486	7.4432	7.74838	7.70757
0.0100875	7.84734	7.67514	8.0304	7.92649	7.84348	7.60322	7.60593	7.85743	7.4412
0.010225	7.95821	7.67601	7.68793	8.05571	8.3474	7.63253	7.38171	7.69962	7.81626
0.010375	7.63689	7.96589	7.78565	7.76224	7.89176	7.6234	7.86991	7.3983	7.56507
0.0105125	7.96704	7.67318	7.63218	7.63468	7.57702	7.53138	7.56025	7.77014	7.67318
0.01065	7.79466	7.9945	7.49779	7.71722	7.92319	7.81961	7.54692	7.7685	7.49295
0.0108	7.99739	8.1976	7.55035	7.6628	7.74227	7.88177	7.83727	7.9113	7.77638
0.0109375	7.8698	7.87966	7.5138	7.71894	7.61301	7.8612	7.6151	7.86512	7.68088
0.0110875	7.78316	7.84616	7.91702	7.74931	7.8734	7.97902	8.08505	7.88655	7.65243
0.0112375	7.89424	7.90328	7.68787	7.61195	7.50723	8.20173	7.42779	8.0438	7.61917
0.011375	8.05561	7.76423	8.02151	7.89657	7.84507	7.88337	7.403	7.95629	7.66671
0.011525	7.69567	8.11452	7.82008	8.17502	8.04079	7.4005	7.2795	7.78305	7.89702
0.011675	7.49478	8.25042	7.68634	7.96094	8.19479	7.42148	7.93658	7.66016	7.82843
0.011825	7.82408	7.83814	8.00322	7.86257	7.7993	7.95092	7.8496	7.81814	8.16019
0.011975	7.87261	7.62476	7.78064	7.90041	7.67557	7.83054	7.90667	7.63864	8.02303
0.012125	7.67126	7.60964	7.71151	7.86147	7.79378	7.6443	7.79894	8.02211	7.8507
0.0122875	7.69597	7.72264	8.18319	8.03421	7.64739	7.47588	7.64538	7.78465	7.78288
0.0124375	7.59463	7.65754	8.13642	7.95122	7.8589	7.42718	7.43778	7.87627	8.1053
0.0126	7.39078	7.59613	7.89258	7.70743	7.74417	7.95404	7.94099	8.07683	7.68125
0.01275	7.43308	7.72305	7.48723	7.75727	7.91147	7.90327	8.10762	8.0215	7.5341
0.0129125	7.7818	7.91074	7.84333	7.7609	8.11865	7.90787	8.24477	7.52558	8.09202
0.0130625	8.02918	7.77997	7.60251	7.78972	7.95238	7.80934	7.90518	7.59506	7.88472
0.013225	7.95642	7.88032	7.60673	7.89559	7.64837	8.03024	7.67518	7.64547	8.23442
0.0133875	7.47282	8.18249	7.48237	8.11705	7.87967	7.85735	7.5803	7.70447	7.65666
0.01355	7.76284	8.05573	7.83468	7.89767	7.71562	7.70296	7.76371	7.92867	8.00465
0.0137125	7.70347	7.58872	7.76743	7.97751	7.52734	7.69354	7.93865	7.81552	8.00022
0.013875	7.91493	7.77745	7.84114	7.84652	7.5589	7.34783	7.90793	7.90596	7.6724
0.0140375	7.86029	7.82938	7.41118	7.83056	7.72196	7.71405	8.08761	7.75887	7.28267
0.0142125	7.42826	8.04616	7.69091	8.04357	7.71766	7.75823	7.59161	7.7256	7.80406
0.014375	7.45385	7.54278	7.61684	7.97696	7.53308	7.90951	7.54745	7.68857	7.6196
0.01455	7.88216	7.92995	7.6271	7.96916	7.84676	7.87781	7.68018	7.38561	7.6841
0.0147125	8.09001	7.96892	7.53949	7.97997	7.66725	7.73625	8.14301	8.00961	7.5851
0.0148875	8.21802	7.95277	8.0221	7.81586	7.69003	7.36881	7.8583	7.38866	7.48625
0.0150625	7.6924	7.77283	7.66256	7.79801	7.78127	7.29775	7.66625	7.60466	7.61012
0.0152375	7.41053	8.01091	7.9949	7.77719	7.9064	7.55424	7.77624	7.56026	7.76801
0.0154125	7.5362	7.94353	8.14377	7.90454	7.6869	7.80862	7.89383	7.61006	7.86987
0.0155875	7.90479	8.02334	7.99422	8.15961	7.73147	7.72492	7.62682	7.62731	7.7222
0.0157625	7.78375	8.1606	7.63102	7.83733	7.98138	7.65542	8.00859	7.53045	8.14829
0.0159375	7.72627	7.92976	7.80536	7.94657	7.73759	7.54664	7.36737	7.64016	7.99175
0.016125	7.77896	7.83165	7.77611	7.66524	7.84879	7.71704	7.49412	7.58809	7.54717
0.0163	7.55971	8.06101	7.88841	8.05267	7.95584	7.53023	7.8875	7.59109	7.7717
0.0164875	7.82388	7.91008	7.04512	7.99658	8.12959	7.93394	8.19938	7.63882	7.6967
0.0166625	8.25984	7.69121	8.11272	7.54169	7.66159	7.55957	7.90071	7.66416	7.83587
0.01685	7.96297	7.75729	7.88522	7.81047	8.26222	7.62488	7.704	8.0448	7.59466
0.0170375	7.94716	7.7228	7.68618	7.9689	7.82819	7.67969	7.47309	7.42707	7.84979
0.017225	8.25882	7.9588	7.47925	7.92177	7.95764	7.57259	7.73695	7.37394	7.49595
0.0174125	7.91971	7.92943	7.53558	7.60447	7.54723	7.93452	7.85052	7.66811	7.47154
0.0176	7.56373	7.81311	7.71425	7.6514	7.79988	7.70078	7.95177	7.77209	7.79681
0.0178	7.88385	7.44482	7.53906	7.83744	7.81994	7.64029	7.81534	7.53329	7.62193
0.0179875	7.59508	7.81865	7.66693	8.04434	7.83775	7.39805	7.65214	7.59062	7.50044
0.0181875	7.81482	7.50822	7.95996	7.75712	7.59589	7.58442	8.1119	7.68181	7.84034
0.018375	7.70269	7.77271	7.95765	7.98152	7.84085	7.75629	7.73184	7.64479	7.74412
0.018575	7.74419	7.98479	7.58707	7.9984	8.12865	7.69452	7.81355	7.40102	7.51475
0.018775	7.85817	8.13393	7.57743	7.85846	7.89127	7.46391	7.41848	7.88402	7.7124
0.018975	8.187	7.89355	7.29018	7.6332	7.79645	7.32794	7.7305	7.66682	7.91798
0.019175	7.43882	7.62402	7.73254	7.65543	8.09182	7.58622	7.47185	7.83668	7.63162
0.019375	7.84903	7.88643	7.40063	7.82761	8.09377	7.58309	7.72856	7.61202	8.02473
0.019575	7.91663	7.61376	7.75906	7.30549	8.01312	7.70896	7.72316	7.67828	7.24834
0.0197875	7.80684	7.93842	7.25598	7.74794	7.8772	7.8491	7.45248	7.84992	7.50667
0.0199875	7.47529	8.02428	7.75733	7.85421	7.61635	7.64697	7.28302	7.95036	7.71869
0.0202	7.84831	7.94181	7.81541	7.72679	7.65339	7.53837	7.70048	7.40531	7.4803
0.0204125	7.70035	7.58161	7.74868	7.7063	7.16875	7.92663	7.75877	7.78553	7.61021
0.020625	7.75131	7.87565	7.57981	7.45367	7.48134	8.02336	7.86021	8.05212	7.899
0.0208375	7.64736	7.8657	7.86576	7.69246	7.41772	7.35178	7.74214	7.76707	7.52405
0.02105	7.6436	8.00045	7.90333	7.27415	7.69742	7.64395	7.9364	7.79986	7.67631
0.0212625	7.97885	7.72691	7.9087	7.77689	7.85399	7.93722	7.35357	7.50231	8.12393
0.021475	7.6488	8.0152	7.99286	7.8311	7.78711	8.05009	7.67839	7.59003	7.80575
0.0217	7.66531	7.99192	7.4464	7.81056	7.77781	7.84593	7.41294	7.64578	7.49297
0.0219125	7.49629	7.66486	7.87945	7.90875	8.00603	7.53607	7.68824	7.44844	7.29968
0.0221375	7.55619	7.70722	7.779	7.94589	7.72525	7.66491	7.5319	7.40954	7.56755
0.0223625	7.81989	7.80325	7.67582	7.54089	7.56555	7.42837	7.74374	7.46751	7.61067
0.0225875	7.67269	7.54411	7.83409	7.64499	7.7242	7.99589	7.15995	7.48865	7.60255
0.0228125	7.93777	7.40313	7.55153	7.41545	7.96635	7.38074	7.67493	7.1226	7.65482
0.0230375	7.883	7.7996	7.72828	7.78902	7.53617	7.41848	7.86635	7.46193	7.46964
0.0232625	7.91716	7.85371	7.91561	7.61021	7.63106	7.63852	7.60381	7.65295	8.18693
0.0235	7.80085	7.80477	7.87721	7.89595	8.12272	7.45326	7.53006	7.67384	7.76733
0.023725	7.59904	7.77472	7.79282	7.87279	8.00953	7.47563	7.79154	7.62609	7.49448
0.0239625	7.46906	7.69826	7.7957	7.7261	7.79409	7.54182	7.71888	7.64877	7.7267
0.0242	7.67222	7.61799	7.44383	7.89724	7.579	7.82045	7.48616	8.00275	7.47536
0.0244375	7.94586	7.5079	7.63584	7.72857	8.02887	7.98619	7.90498	7.88701	7.65633
0.024675	7.74251	7.58665	7.36245	7.90046	7.9212	7.44605	7.77009	7.49333	7.59718
0.0249125	7.71642	7.63539	7.54403	7.92524	7.48623	7.44893	7.43873	7.58527	7.87708
0.02515	7.79219	8.11085	7.68627	7.74582	7.95624	7.48176	7.60277	7.84028	7.59589
0.0254	7.96639	8.05274	7.88836	7.81946	7.89968	7.84651	8.04416	7.89818	8.07879
0.02565	7.57453	7.99989	7.95553	7.44288	7.67798	7.30849	7.47031	7.98021	7.66667
0.0258875	7.74794	8.00865	7.47963	7.79128	8.22815	7.63242	7.67571	7.699	7.69517
0.0261375	7.76996	7.69216	7.76939	7.86107	7.96164	7.70525	7.96816	7.54328	7.67289
0.0263875	7.80613	8.01232	7.71927	7.76059	7.91212	7.63583	7.58919	7.81979	7.69789
0.02665	7.59272	7.84667	7.57534	7.25474	7.77659	7.79688	7.78832	7.22543	7.53843
0.0269	7.94119	7.50331	7.62276	7.19684	7.90774	7.70767	7.61257	7.65073	7.36497
0.02715	7.72856	7.97039	7.74744	7.80941	7.6817	7.66116	7.66395	7.82475	7.81024
0.0274125	7.66588	8.01347	7.70948	7.5127	7.81908	8.12708	7.47178	7.5445	7.55683
0.027675	7.78181	8.03009	7.71279	7.27811	7.54477	7.47683	7.52191	7.47835	7.56446
0.0279375	7.7812	8.07721	7.7989	7.7541	7.55407	7.83762	7.98448	7.96275	7.68661
0.0282	7.80079	7.5297	7.74626	7.62311	7.83142	7.8308	7.63882	7.68449	7.85775
0.0284625	7.66177	7.871	7.84455	7.59757	7.90776	7.72142	7.80192	7.72613	7.68318
0.028725	7.78774	7.77232	7.62619	7.75269	7.72002	7.36044	7.5806	7.55167	7.57712
0.029	7.86352	7.9341	7.64193	7.66463	7.80927	7.56015	7.49722	7.62002	7.42715
0.0292625	7.64524	7.94986	7.29145	7.68457	7.7355	7.56848	8.11291	7.59373	7.74978
0.0295375	7.74024	7.70378	7.74463	7.64267	8.04481	7.50073	7.66044	7.49397	7.7228
0.0298125	7.7225	7.54096	7.7414	7.51599	7.86656	7.45319	7.66574	7.9164	7.59468
0.0300875	7.68936	7.78754	7.51393	7.85176	8.18914	7.53288	7.41222	7.59677	7.55763
0.0303625	7.44745	7.8	7.65476	7.68065	7.42573	7.52581	7.51933	7.80432	7.67353
0.03065	7.2239	7.93652	7.74792	7.94963	7.50187	7.43688	7.58391	7.74376	7.80638
0.030925	7.52939	7.70692	7.69444	7.4316	7.48853	7.76584	7.63982	7.67184	7.99795
0.0312125	7.82771	7.57552	7.61193	7.74127	7.66286	7.61447	7.54552	7.41255	7.69208
0.0315	7.55259	7.91132	7.81222	7.72531	7.7163	7.85952	7.72608	7.50672	7.71783
0.0317875	7.60407	7.84444	7.51957	7.82078	7.64074	7.59291	7.68977	7.54565	7.90114
0.032075	7.74369	7.52869	7.39364	7.37427	7.53337	7.89043	7.28535	7.532	7.50786
0.0323625	7.65181	7.66723	7.99231	7.42541	7.51513	7.50798	7.33809	7.55445	7.57675
0.0326625	8.09477	7.49807	7.73565	7.87504	7.4446	7.27959	7.57202	7.92853	7.87727
0.03295	8.00018	7.86446	7.87437	7.43951	7.72285	7.67765	7.5797	7.78084	7.72049
0.03325	8.10019	7.85238	7.44408	7.53794	7.63827	7.5959	7.61601	7.7631	7.37462
0.03355	7.69964	7.83246	7.46531	7.87161	7.51295	7.54121	7.70125	7.67223	7.75364
0.03385	8.02647	7.7642	7.62787	7.8324	7.56358	7.51552	7.46305	7.60677	7.55443
0.0341625	7.59292	7.57936	7.56212	7.72084	7.65944	7.48425	7.91494	7.46496	7.62331
0.0344625	7.50506	7.98844	7.61049	7.71564	7.75921	7.61676	7.37169	7.51598	7.86137
0.034775	7.49421	7.58437	7.56921	7.55038	7.70702	7.65019	7.3892	7.56277	7.88388
0.0350875	7.64999	7.725	7.58549	7.44804	7.57187	7.47278	7.48787	7.59715	7.84876
0.0354	7.5214	7.87575	7.5593	7.60782	7.7692	7.54752	7.94033	7.57454	7.68944
0.0357125	7.56171	7.83457	7.71509	7.5215	7.60029	7.70428	7.88212	8.04571	7.55295
0.036025	8.00118	7.67812	7.69585	7.36721	7.70949	7.56615	7.76032	7.44804	7.35013
0.03635	7.76388	7.89998	7.70944	7.71955	7.6727	7.42129	7.69602	7.6059	7.36796
0.0366625	7.62725	7.77354	7.49903	7.73213	7.40167	7.65148	7.54116	7.59828	7.85342
0.0369875	8.07545	7.55972	7.41523	7.27745	7.81905	7.92578	7.66146	7.38725	7.64614
0.0373125	7.59746	7.4579	7.74077	7.34174	7.63491	7.43219	7.55613	7.9431	7.244
0.0376375	7.79877	7.80064	7.57963	7.48596	7.8428	7.71259	7.48343	7.64775	7.46962
0.037975	7.54604	7.80144	7.54332	7.90728	7.63264	7.77427	7.90552	7.55515	7.41935
0.0383	7.97452	7.86337	7.67328	7.67913	7.66296	7.7622	7.72937	7.55273	7.54137
0.0386375	7.7036	7.96107	7.68003	7.81561	7.5055	7.43982	7.93697	7.48912	7.46506
0.038975	7.64701	7.75216	7.43223	7.79018	7.79691	7.61549	8.05086	7.75304	7.5774
0.0393125	7.79265	7.45118	7.77782	7.57999	7.59718	8.00819	7.94428	7.55475	7.61336
0.0396625	7.7312	7.4849	7.40392	7.73148	7.66155	7.79191	7.61022	7.90861	7.76269
0.04	7.96176	7.98101	7.72785	7.31878	7.69058	7.74339	7.50505	7.69508	7.84029
0.04035	7.70674	7.79838	7.52664	7.69518	7.57751	7.26702	7.72075	7.69087	7.60348
0.0407	7.65387	7.73803	7.65013	7.67335	7.70422	7.52271	7.76457	7.97965	7.27795
0.04105	7.87932	8.06214	7.58161	7.73888	7.8251	7.4611	7.73599	7.80018	7.54976
0.0414	7.74465	7.7231	7.68715	7.28123	7.78187	7.41543	7.68142	7.68627	7.41016
0.0417625	7.5036	7.85562	7.72485	7.66286	7.76242	7.71275	7.59592	7.77747	7.49672
0.042125	7.7372	7.64722	7.72754	7.78222	7.96638	7.47464	7.86858	7.62708	7.47599
0.042475	7.75681	7.90704	7.57779	7.81616	7.67727	7.50191	7.8216	7.55619	7.72102
0.04285	8.11228	7.75568	7.60477	7.50335	7.52086	7.53393	7.4494	7.66056	7.399
0.0432125	7.77752	7.81323	7.27389	7.56137	7.56966	7.43241	7.64708	7.43507	7.73658
0.043575	7.28889	7.50719	7.73041	7.88901	7.73589	7.57426	7.8608	7.47907	7.44695
0.04395	7.70259	7.42985	7.58168	7.79295	7.63877	7.75486	7.54532	7.65364	7.66514
0.044325	7.70884	7.5352	7.80767	7.41198	7.72503	7.4909	7.65183	7.52229	7.61291
0.0447	7.7911	7.87165	7.65094	7.58136	7.85137	7.67386	7.61223	7.79867	7.73156
0.045075	8.02684	7.64785	7.43414	7.71464	7.87302	7.59582	7.41181	7.48571	7.65493
0.0454625	7.57622	7.57087	7.72274	7.84718	8.03111	7.48977	7.85773	7.66292	7.8416
0.04585	7.62563	7.50438	7.45177	7.61581	7.79499	7.49569	7.4935	7.44906	7.5545
0.0462375	7.87761	7.31094	7.33044	7.69532	7.78773	7.68625	7.43153	7.5068	7.31586
0.046625	7.67253	7.39897	7.43481	7.57012	7.59036	7.57856	7.39796	7.62907	7.56146
0.0470125	7.9353	7.43503	7.50451	7.40466	7.57446	7.62328	7.48775	7.6856	7.57457
0.0474125	7.60592	7.74675	7.60655	7.52814	7.51141	7.94757	7.77051	7.40205	7.55727
0.0478125	7.63912	7.85202	7.39515	7.59805	7.7548	7.84022	7.46752	7.65694	7.36288
0.0482125	7.86502	7.99745	7.49889	7.43429	7.8216	7.79697	7.5087	7.52175	7.51375
0.0486125	7.64624	7.68193	7.64707	7.56693	7.69804	7.51942	7.38438	7.64193	7.77079
0.049025	7.66815	7.39415	7.5482	7.53134	7.80642	7.39062	7.53646	7.69114	7.35986
0.049425	7.94974	7.53371	7.3096	7.41321	7.76184	7.36496	7.37431	7.49374	7.8333
0.0498375	7.64217	7.8336	7.33823	7.54708	7.84255	7.95037	7.52651	7.85149	7.57509
0.05025	7.6835	7.89829	7.74642	7.59186	7.75649	7.42921	7.50356	7.63515	7.41866
0.050675	7.43188	7.84292	7.6984	7.49061	7.56057	7.30879	7.42873	7.3604	7.45857
0.0511	7.66682	7.58515	7.73772	7.29872	7.60764	7.46663	7.55634	7.612	7.71678
0.0515125	7.72136	7.89608	7.48313	7.55449	7.5128	6.98881	7.64899	7.77497	7.70978
0.05195	7.78105	7.5741	7.39321	7.45639	7.7878	7.48798	7.67569	7.80728	7.50596
0.052375	7.67874	7.51462	7.66395	7.65735	7.87885	7.47417	7.7785	7.48558	7.57766
0.0528	7.66146	7.53627	7.77135	7.78772	7.62854	7.33349	7.54422	7.61824	7.61967
0.0532375	7.85803	7.62628	7.60531	7.69935	7.75685	7.66562	7.71894	7.57725	7.65171
0.053675	7.83342	7.6501	7.62909	7.36625	7.96712	7.54805	7.41676	7.13621	7.79021
0.054125	8.05791	7.37384	7.53316	7.62169	7.59112	7.46566	7.54057	7.60741	7.50002
0.0545625	7.74307	7.5981	7.59536	7.90659	7.61042	7.22211	7.42517	7.65211	7.43438
0.0550125	7.75249	7.55877	7.37813	7.67433	7.67893	7.30308	7.48589	7.34064	7.33983
0.0554625	7.58934	7.25273	7.70156	7.6937	7.64741	7.4084	7.46281	7.58785	7.55229
0.0559125	7.51853	7.84078	7.53054	7.79125	7.59907	7.3778	7.57407	7.50637	7.43934
0.056375	7.5544	7.59976	7.5988	7.72642	7.77824	7.56342	7.6427	7.43842	7.63509
0.0568375	7.73738	7.48766	7.75969	7.71347	7.4201	7.411	7.43039	7.32444	7.64549
0.0573	7.74512	7.58602	7.37617	7.58139	7.65466	7.60545	7.5255	7.69976	7.42348
0.0577625	7.84299	7.61382	7.49239	7.48596	7.74926	7.74674	7.5539	7.54819	7.55716
0.0582375	7.742	7.31397	7.55364	7.59081	7.77879	7.36998	7.4204	7.59884	7.62961
0.0587125	7.79111	7.85185	7.25238	7.49008	7.4319	7.85809	7.4847	7.35672	7.68621
0.0591875	7.82654	7.53365	7.47813	7.47188	7.5418	7.38353	7.74065	7.42125	7.29034
0.0596625	7.96956	7.58476	7.71729	7.60043	7.89192	7.39113	7.45118	7.53652	7.4783
0.06015	7.85446	7.4782	7.06162	7.64916	7.96711	7.543	7.52266	7.3195	7.72563
0.0606375	7.68679	7.67304	7.42471	7.64818	7.80196	7.25243	7.4283	7.24402	7.52167
0.061125	7.8155	7.56971	7.64955	7.68446	7.68975	7.63529	7.55301	7.66727	7.33653
0.0616125	7.78779	7.54271	7.38597	7.57465	7.73734	7.79086	7.89085	7.3107	7.53916
0.0621125	8.00629	7.40747	7.43177	7.52117	7.68033	7.4632	7.33983	7.34735	7.50643
0.0626125	7.68107	7.59491	7.71274	7.60431	7.9399	7.41474	7.61247	7.58039	7.4297
0.0631125	7.76294	7.99213	7.63333	7.57554	7.61346	7.378	7.89106	7.73895	7.44641
0.063625	7.91341	7.59096	7.41229	7.51886	7.74973	7.41882	7.42315	7.47336	7.42483
0.064125	7.64797	7.52792	7.52965	7.62405	7.68583	7.44143	7.62699	7.4221	7.52654
0.06465	7.78753	7.84215	7.63078	7.20557	7.67546	7.41014	7.55452	7.48024	7.25584
0.0651625	7.52885	7.56289	7.47898	7.49038	7.65629	7.69316	7.46466	7.35817	7.61187
0.0656875	7.57425	7.55564	7.54394	7.35613	7.34049	7.36625	7.64918	7.33843	7.34166
0.0662125	7.77691	7.9349	7.38267	7.5017	7.51118	7.58347	7.63457	7.35379	7.45192
0.0667375	7.79538	7.81064	7.66205	7.20611	7.45624	7.53957	7.76141	7.677	7.59289
0.0672625	7.76016	7.60775	7.46922	7.60791	7.87526	7.26026	7.72248	7.40519	7.48412
0.0678	7.79692	7.49507	7.44766	7.57619	7.45	7.52756	7.7824	7.35731	7.47713
0.0683375	7.83832	7.64145	7.33959	7.69666	7.47104	7.24875	7.44306	7.62204	7.32135
0.0688875	7.77805	7.77258	7.58721	7.33543	7.5902	7.67856	7.64016	7.40421	7.52314
0.0694375	7.72217	7.93768	7.64286	7.47256	7.54108	7.43743	7.62801	7.50426	7.51992
0.0699875	7.5951	7.78104	7.46152	7.42633	7.49325	7.46038	7.53131	7.54962	7.37095
0.0705375	7.7775	7.36824	7.18829	7.52293	7.44462	7.5098	7.3369	7.50562	7.71589
0.0711	7.75065	7.77016	7.33694	7.62961	7.52519	7.71813	7.5951	7.52614	7.568
0.0716625	7.87999	7.54942	7.44617	7.49527	7.68678	7.17416	7.56741	7.53883	7.49322
0.072225	7.78803	7.55639	7.57619	7.33479	7.65553	7.32902	7.59903	7.56912	7.49474
0.0728	7.92792	7.56762	7.35404	7.5109	7.59961	7.42887	7.43743	7.62963	7.34106
0.0733625	7.87391	7.43515	7.51474	7.4057	7.66753	7.57194	7.55802	7.62103	7.39814
0.07395	7.70396	7.68979	7.17503	7.37532	7.5794	7.41033	7.34253	7.4384	7.58421
0.074525	7.71563	7.54533	7.45527	7.56844	7.45546	7.50757	7.47256	7.15812	7.25763
0.0751125	7.80217	7.64007	7.56323	7.66653	7.66459	7.53927	7.48182	7.6576	7.37365
0.0757	7.95425	7.65629	7.49957	7.67805	7.8983	7.41322	7.48301	7.56679	7.50129
0.0763	7.83233	7.54029	7.50994	7.68115	7.54757	7.19572	7.44905	7.60807	7.46873
0.0769	7.83594	7.55061	7.64972	7.51874	7.54607	7.52143	7.46363	7.71306	7.28065
0.0775	7.70088	7.3838	7.60068	7.30596	7.74299	7.66216	7.55157	7.50671	7.22115
0.0781	7.60337	7.65224	7.36556	7.49811	7.55737	7.34064	7.6394	7.36814	7.52659
0.0787125	7.83651	7.59913	7.42086	7.56647	7.31874	7.24289	7.65166	7.3765	7.47949
0.079325	7.8515	7.6129	7.54579	7.67729	7.45987	7.58732	7.49483	7.57519	7.38453
0.07995	7.98857	7.50728	7.54012	7.39204	7.53138	7.59083	7.74756	7.53028	7.14068
0.080575	7.59496	7.2803	7.24721	7.40757	7.61074	7.33514	7.56063	7.68105	7.51424
0.0812	7.50053	7.28711	7.59049	7.4476	7.72481	7.4176	7.38494	7.42968	7.59897
0.0818375	7.90555	7.52174	7.33607	7.49202	7.73131	7.45531	7.4432	7.18229	7.5933
0.082475	7.48895	7.43458	7.32155	7.27889	7.63474	7.60369	7.44089	7.63069	7.3803
0.0831125	7.76027	7.52159	7.42864	7.4931	7.5893	7.54777	7.52574	7.44394	7.41092
0.08375	7.78726	7.55032	7.40034	7.30339	7.74537	7.35009	7.11721	7.6288	7.70637
0.0844	7.75638	7.35783	7.42506	7.47306	7.8723	7.66173	7.37791	7.24943	7.53245
0.0850625	7.68466	7.57735	7.49781	7.23935	7.65374	7.33498	7.56214	7.28739	7.35807
0.085725	7.42961	7.48071	7.43	7.65399	7.62853	7.43247	7.45651	7.46996	7.48231
0.0863875	7.79137	7.54494	7.41524	7.30613	7.40223	7.48858	7.75925	7.23978	7.38031
0.08705	7.75346	7.5166	7.50856	7.34457	7.58831	7.48105	7.53509	7.1576	7.42563
0.087725	7.65251	7.59341	7.33134	7.44794	7.70394	7.36942	7.59747	7.14676	7.48845
0.0884	7.71593	7.68017	7.46536	7.53653	7.48394	7.45074	7.46064	7.65487	7.40631
0.0890875	8.03902	7.51128	7.57424	7.24011	7.3944	7.61604	7.47519	7.45853	7.45341
0.089775	7.70347	7.58399	7.40043	7.48052	7.50168	7.37742	7.34529	7.30026	7.49305
0.0904625	7.83732	7.58878	7.34053	7.15638	7.47509	7.55669	7.37383	7.4505	7.57656
0.0911625	7.74776	7.66955	7.39258	7.43278	7.47301	7.34297	7.35004	7.51595	7.39895
0.0918625	7.63768	7.6931	7.44379	7.44607	7.45483	7.27632	7.63661	7.46975	7.58766
0.0925625	7.80293	7.5764	7.42793	7.19765	7.61182	7.49602	7.57286	7.48471	7.38512
0.093275	7.75717	7.42581	7.3563	7.41452	7.54021	7.33355	7.39727	7.51622	7.37429
0.0939875	7.80594	7.45655	7.55605	7.22995	7.53449	7.29682	7.55925	7.40443	7.23704
0.0947125	7.7378	7.47072	7.66736	7.15197	7.45287	7.28627	7.45385	7.42474	7.18138
0.0954375	7.60221	7.58264	7.44417	7.45826	7.40492	7.54204	7.38951	7.39524	7.6927
0.096175	7.77896	7.5063	7.38545	7.48386	7.64974	7.03855	7.46939	7.38615	7.38831
0.0969	7.929	7.50744	7.69297	7.26992	7.6087	7.36093	7.37885	7.34732	7.37485
0.09765	7.89096	7.52443	7.56508	7.67302	7.51536	7.59313	7.51051	7.47215	7.48806
0.0983875	7.7306	7.48678	7.60764	7.20129	7.45983	7.37698	7.26865	7.51282	7.39405
0.09915	7.69411	7.42493	7.43352	7.40915	7.37591	7.50964	7.37536	7.42486	7.41333
0.0999	7.63966	7.39829	7.35809	7.42057	7.38886	7.37541	7.47154	7.34184	7.34795
0.100662	7.85738	7.46535	7.33936	7.37784	7.24888	7.43092	7.5618	7.61552	7.46794
0.101425	7.7335	7.52157	7.33386	7.36499	7.45496	7.4413	7.57786	7.28461	7.2544
0.1022	7.72301	7.34649	7.31878	7.23263	7.36845	7.46371	7.42623	7.52245	7.3907
0.102975	7.83019	7.36574	7.46223	7.44959	7.46715	7.03505	7.46851	7.45507	7.50058
0.103762	7.71854	7.20094	7.4616	7.46124	7.45682	7.03899	7.28307	7.41463	7.29064
0.10455	7.69187	7.38056	7.31921	7.47559	7.56117	7.40883	7.26063	7.38386	7.39376
0.10535	7.75644	7.35777	7.41735	7.38458	7.66468	7.64506	7.21277	7.36773	7.26245
0.10615	7.77093	7.36088	7.43946	7.49993	7.30324	7.41043	7.36267	7.41994	7.75564
0.10695	7.74498	7.74825	7.25692	7.27637	7.42104	7.20219	7.55795	7.39323	7.22319
0.107763	7.68137	7.66633	7.29793	7.16588	7.66908	7.37499	7.38248	7.76465	7.39477
0.108575	7.56679	7.51691	7.3718	7.31283	7.45741	7.28857	7.4459	7.25144	7.3903
0.1094	7.78358	7.57515	7.40716	7.38339	7.37274	7.53231	7.58202	7.3617	7.38592
0.110225	7.77522	7.5209	7.51402	7.41062	7.60791	7.29531	7.63011	7.3322	7.31109
0.111062	7.61982	7.57445	7.39472	7.4135	7.47034	7.40606	7.48604	7.39597	7.32841
0.1119	7.6442	7.42489	7.30183	7.2099	7.39282	7.39497	7.48002	7.26814	7.21279
0.11275	7.75741	7.34735	7.39386	7.53224	7.3663	7.24568	7.39771	7.25513	7.30611
0.1136	7.59384	7.48839	7.15084	7.23855	7.37188	7.13767	7.37523	7.28697	7.26524
0.11445	7.66836	7.3884	7.30564	7.37999	7.33581	7.29561	7.3989	7.36596	7.34199
0.115313	7.6995	7.15846	7.22583	7.39624	7.3362	7.44779	7.25343	7.48005	7.34804
0.116187	7.55641	7.34729	7.27208	7.62572	7.72091	7.31594	7.36639	7.22218	7.26131
0.117063	7.85916	7.38067	7.37226	7.40469	7.3744	7.26661	7.41435	7.14526	7.36062
0.117937	7.91825	7.42891	7.22352	7.48039	7.42154	7.2061	7.48381	7.30836	7.24234
0.118825	7.61657	7.35496	7.27855	7.25551	7.46411	7.08491	7.22233	7.47331	7.36412
0.119713	7.59993	7.61307	7.47961	7.28488	7.53003	7.27617	7.34901	7.44267	7.33456
0.120613	7.5921	7.38486	7.51274	7.33128	7.58573	7.3198	7.24582	7.45616	7.43637
0.121525	7.61657	7.2979	7.4282	7.48581	7.43665	7.19503	7.47189	7.23344	7.3476
0.122437	7.67147	7.4339	7.29307	7.32374	7.37771	7.17903	7.33732	7.32227	7.30341
0.12335	7.43137	7.31912	7.56662	7.28508	7.48729	7.5652	7.44757	7.4272	7.42095
0.124275	7.6691	7.54898	7.46431	7.36454	7.34127	7.40156	7.51684	7.29839	7.30522
0.125213	7.60385	7.33294	7.3837	7.38496	7.49525	7.38788	7.33896	7.42928	7.39819
0.12615	7.89985	7.3134	7.36292	7.4037	7.32192	7.29873	7.40263	7.34225	7.28078
0.127088	7.56301	7.3218	7.23793	7.25832	7.31688	7.29778	7.51886	7.2743	7.30605
0.128037	7.58739	7.17295	7.59334	7.39084	7.23133	7.16855	7.44515	7.37197	7.11119
0.129	7.67906	7.39389	7.42687	7.42274	7.31783	7.30292	7.58146	7.27114	7.15841
0.129963	7.67354	7.35705	7.42762	7.18775	7.42203	7.32399	7.31855	7.22883	7.2838
0.130925	7.54667	7.14636	7.47982	7.44237	7.31457	7.14913	7.21962	7.16847	7.37927
0.1319	7.65398	7.41631	7.41676	7.1939	7.59174	7.25701	7.35599	7.42131	7.30426
0.132887	7.61238	7.389	7.5096	7.24654	7.30446	7.40963	7.62611	7.22054	7.26776
0.133875	7.66788	7.5449	7.48091	7.15666	7.45664	7.36997	7.46516	7.39088	7.27782
0.134875	7.68841	7.55485	7.15696	7.38273	7.19873	7.39869	7.21927	7.37004	7.35625
0.135888	7.60933	7.2749	7.15145	7.36753	7.19837	7.45527	7.25885	7.20751	7.48869
0.136888	7.74077	7.33853	7.39435	7.23424	7.32056	7.03831	7.43937	7.34087	7.15969
0.137912	7.65411	7.49298	7.46366	7.24896	7.41708	7.06119	7.33724	7.25916	7.1291
0.138938	7.63364	7.38822	7.04779	7.34391	7.58109	7.18109	7.4456	7.39803	7.22635
0.139962	7.50702	7.51427	7.36172	7.18346	7.42116	7.2325	7.19395	7.22147	7.29407
0.141013	7.6458	7.45347	7.28064	7.26254	7.38453	7.40826	7.17007	7.24562	7.19476
0.14205	7.50903	7.35207	7.27517	7.29905	7.28494	7.3103	7.3436	7.31875	7.4406
0.143112	7.48358	7.32094	7.28986	7.48171	7.32295	7.28908	7.25918	7.32587	7.39439
0.144175	7.42481	7.29942	7.21399	7.23197	7.5048	7.22254	7.2134	7.36942	7.2681
0.145238	7.5146	7.41849	7.17164	7.24222	7.49005	7.24997	7.2044	7.46976	7.2424
0.146313	7.38968	7.40986	7.4006	7.05752	7.35124	7.15326	7.33347	7.317	7.29082
0.1474	7.57497	7.29706	7.54073	7.25189	7.44166	7.37513	7.26813	7.45447	7.48342
0.148487	7.72281	7.11785	7.21206	7.33558	7.18931	7.17497	7.45675	7.28733	7.15357
0.149587	7.61697	7.42994	7.32967	7.20724	7.32816	7.23387	7.20283	7.37435	7.23252
0.1507	7.39843	7.08904	7.488	7.35053	7.49864	7.42322	7.1324	7.26719	7.38882
0.151812	7.48526	7.31217	7.34624	7.40167	7.26362	7.24275	7.37629	7.10164	7.27193
0.152925	7.44696	7.35721	7.39109	7.06286	7.63314	7.08762	7.25797	7.18873	7.23941
0.154062	7.53502	7.25512	7.35815	7.29738	7.20559	7.28878	7.36113	7.31439	7.46069
0.1552	7.61558	7.52842	7.22719	7.38978	7.44552	7.14921	7.24334	7.33363	7.19894
0.156337	7.51893	7.2918	7.25531	7.41538	7.46494	7.27353	7.2198	7.35796	7.18595
0.1575	7.55484	7.39113	7.38506	7.20828	7.40739	7.19528	7.29282	7.17674	7.20175
0.15865	7.50505	7.29735	7.11573	7.19924	7.43455	7.47663	7.43755	7.16961	7.31478
0.159825	7.52204	7.12029	7.40263	7.21159	7.44124	7.19531	7.22315	7.16746	7.32967
0.161	7.46173	7.4146	7.36821	7.2849	7.42102	7.17841	7.3354	7.3017	7.35256
0.162188	7.50237	7.27775	7.18636	7.14224	7.54732	7.09248	7.30289	7.4416	7.24938
0.163375	7.42075	7.24262	7.20689	7.29272	7.48609	7.06799	7.30406	7.21061	7.33101
0.164587	7.58789	7.37444	7.32372	7.25451	7.31022	7.21172	7.39858	7.23494	7.27406
0.165788	7.45304	7.23391	7.41057	7.2335	7.30612	7.31841	7.26933	7.24469	7.30502
0.167012	7.4254	7.2687	7.17815	7.24188	7.21511	7.08426	7.26052	7.2411	7.15186
0.168238	7.5144	7.23465	7.47278	7.2884	7.2134	7.23023	7.07514	7.22658	7.4069
0.169475	7.47397	7.40792	7.24451	7.03414	7.04264	7.26092	7.31494	7.24155	7.29636
0.170713	7.49099	7.49106	7.21369	7.168	7.31091	7.29951	7.26352	7.41218	7.14265
0.171975	7.40718	7.33004	7.24854	7.13636	7.4165	7.15892	7.29208	7.23531	7.28811
0.173238	7.5776	7.27884	7.00199	7.42545	7.47999	7.27784	7.19532	7.17631	7.2109
0.1745	7.49748	7.3817	7.18657	7.24212	7.22358	7.16431	7.05393	7.38169	7.42891
0.175775	7.44833	7.15341	7.04762	7.24847	7.29495	7.18481	7.27716	7.24007	7.06165
0.177062	7.60317	7.1618	7.36885	7.3141	7.42648	7.37755	7.42348	7.08728	7.25488
0.178363	7.44295	7.28986	7.44313	7.2534	7.37848	7.35115	7.29238	7.21245	7.46013
0.179675	7.58497	7.20322	7.18567	7.14427	7.23801	7.18231	7.2765	7.12459	7.06046
0.180988	7.29265	7.31445	7.30092	7.10205	7.21708	7.05127	7.08905	7.17617	7.22936
0.182313	7.60902	7.52124	7.29151	7.24959	7.31623	7.03278	7.24781	7.13119	7.24974
0.183637	7.48217	7.18101	7.28389	7.14645	7.23282	7.11364	7.19471	7.30383	7.16294
0.184988	7.36726	7.32331	7.30716	7.0609	7.26671	7.15203	7.17749	7.07395	7.2743
0.186338	7.43597	7.40465	7.38711	7.15353	7.08251	7.13945	7.28595	7.01658	7.34007
0.1877	7.38689	7.52926	7.15785	7.25658	7.31572	7.12264	7.10342	7.09539	7.19037
0.189063	7.5197	7.40776	7.01576	7.10882	7.27271	7.11503	7.22575	7.20132	7.08263
0.19045	7.4764	7.28535	7.25827	7.17363	7.36953	7.13844	7.13946	7.27812	7.11756
0.191838	7.45629	7.29584	7.14779	7.18264	7.34798	7.19211	7.05877	7.16985	7.18054
0.193237	7.4525	7.44212	7.29901	7.30511	7.27764	7.19918	7.21212	7.02618	7.13188
0.19465	7.7426	7.35147	7.17937	7.09143	7.38089	7.10379	7.19706	7.32838	7.23988
0.196063	7.5858	7.29045	7.13092	7.16954	7.07997	7.24676	7.17301	7.16492	7.2879
0.197488	7.26132	7.23741	7.08111	7.2598	7.22886	7.11895	7.05208	7.20947	7.16897
0.198925	7.34149	7.18337	7.25532	7.3005	7.32413	7.19734	7.14544	7.22079	7.09665
0.200375	7.39091	7.36809	7.29094	7.05968	7.14052	7.13449	7.29864	7.20349	7.14289
0.201837	7.42081	7.04297	7.2386	7.2071	7.0757	7.09751	7.23029	7.12726	7.2846
0.2033	7.59122	7.36464	7.18604	7.19554	7.26117	7.09985	7.16881	7.24467	7.11325
0.204787	7.48513	7.40229	7.19346	7.21725	7.40342	7.19945	7.25246	7.15524	7.1981
0.206275	7.34537	7.18118	7.24199	7.185	7.21399	6.98117	7.3233	7.07452	7.22269
0.207775	7.44217	7.24373	7.18986	7.20236	7.26438	7.09861	7.21735	7.10364	7.08623
0.209275	7.55835	7.36992	6.93288	7.21704	7.25245	7.05601	7.22239	7.12608	7.28447
0.2108	7.34937	7.23002	7.30084	7.2248	7.27058	7.15325	7.06847	7.06669	7.23427
0.212325	7.39622	7.22053	7.16755	7.03745	7.41104	7.01431	7.18958	7.25697	7.11548
0.213875	7.44527	7.2456	7.04927	7.01228	7.37504	7.08964	7.22907	7.38283	7.23476
0.215425	7.59184	7.20219	7.31143	7.23041	7.32585	6.94874	7.16876	7.32688	7.20013
0.216988	7.38116	7.30516	7.21801	7.23122	7.25904	7.03953	7.07834	7.12915	7.09721
0.218562	7.38054	7.23374	7.16109	7.23859	7.40206	7.03889	7.2774	7.14048	7.14549
0.22015	7.45783	7.18387	7.26981	7.07464	7.22513	7.16009	7.28587	7.14317	7.06928
0.221738	7.58942	7.22005	7.14189	7.1807	7.28636	7.01535	7.07019	7.3518	7.16501
0.22335	7.2887	7.35764	7.14127	7.14396	7.17959	7.05046	7.11278	7.21784	7.24435
0.224963	7.47058	7.18059	7.30708	7.17189	7.2281	6.93221	7.00685	7.24811	7.11984
0.226588	7.39166	7.03636	7.10144	7.14683	7.12521	7.17728	7.2384	7.29303	7.20207
0.228237	7.66614	7.26609	7.10484	7.10435	7.08944	7.14832	7.05062	7.02065	7.12095
0.229888	7.25258	7.1866	7.12331	7.31965	7.13325	7.13301	7.20517	7.12715	7.15732
0.23155	7.36705	7.15544	7.08238	7.1207	7.17451	7.10422	7.19765	7.07895	7.08841
0.233225	7.55122	7.2748	7.10916	7.14548	7.24953	6.99239	7.04185	7.34147	7.10171
0.234912	7.47286	7.16999	7.17942	7.16412	7.21895	7.15445	7.12553	6.96535	7.21841
0.2366	7.35056	7.15935	7.12676	7.12741	7.28607	6.96978	7.20643	7.17449	7.28979
0.238312	7.29431	7.08976	7.11508	7.14861	7.1271	6.97698	7.2518	7.07468	7.15737
0.240038	7.31685	7.09801	7.17658	7.1428	7.15967	7.29875	7.177	7.07614	7.24178
0.241763	7.31624	7.27936	7.15629	7.11406	7.2044	7.21931	7.16976	7.19129	7.20183
0.243512	7.40437	7.31203	7.11568	7.20822	7.274	7.11759	7.16051	7.1162	7.06264
0.245275	7.45793	7.20588	7.14451	7.03099	7.16345	7.07611	7.20664	6.98226	6.99913
0.247038	7.23271	7.09051	7.067	7.08338	7.29243	7.13248	7.06157	7.33187	7.22253
0.248825	7.33798	7.18451	7.03028	7.05629	7.25051	6.9657	7.0771	7.14097	6.98336
0.250612	7.18568	7.08896	7.16209	7.00664	7.16246	7.09176	7.1369	7.0779	7.03073
0.252425	7.29991	7.27497	7.04689	7.04678	7.22429	7.05972	7.05828	7.08877	7.08758
0.254238	7.45251	7.294	7.05693	7.09229	7.23778	7.20598	7.22091	7.11146	7.1252
0.256075	7.42706	7.16884	7.0605	7.13109	7.13002	7.11955	7.08803	7.19949	7.05179
0.257912	7.41932	7.18256	7.17842	6.95515	7.14294	7.14627	7.0935	7.10433	7.02913
0.259775	7.32467	7.18809	7.17648	7.12554	7.13057	7.00814	7.10161	7.19119	7.16333
0.26165	7.36486	7.29447	7.16354	7.18526	7.23733	7.04773	7.03802	7.13286	7.11847
0.263525	7.33298	7.15766	7.16866	7.12181	7.21245	7.10952	7.05588	7.15146	7.02255
0.265425	7.30774	7.2436	7.03571	7.16077	7.28902	6.92439	7.02723	7.18026	7.16332
0.267338	7.3009	7.17051	7.05074	7.2144	7.22586	7.0605	7.0743	7.09054	6.99222
0.26925	7.33777	7.12592	7.08016	7.17519	7.12724	7.16763	7.16429	7.19186	7.02408
0.271188	7.25206	7.16066	7.03437	7.16179	7.14452	6.93904	7.24519	7.12398	7.11611
0.273138	7.40311	7.12167	7.09233	7.04456	7.24968	7.087	7.06224	7.04921	7.16023
0.2751	7.46748	7.18282	7.1001	6.89429	7.15514	7.09492	7.10824	7.11764	7.03481
0.277075	7.3869	7.17788	7.08992	7.0202	7.12749	7.04125	7.1087	7.02378	7.18773
0.279063	7.34868	7.23182	7.00195	7.12457	7.08512	7.07622	7.22926	7.12521	7.06983
0.281075	7.26992	7.09791	7.21457	7.04472	7.19725	7.0169	7.33166	7.05649	7.04505
0.283087	7.32099	7.17477	7.09683	6.96082	7.16974	7.14936	6.97101	7.12285	7.11436
0.285125	7.39404	7.06696	7.1161	7.05735	7.19415	7.16416	6.97558	7.0738	7.04864
0.287163	7.26479	7.20901	7.07477	7.11889	7.12071	7.10779	7.1773	7.13542	7.06525
0.289225	7.4826	7.05783	7.07568	7.17155	7.09294	7.02853	7.14446	7.08623	7.02834
0.2913	7.19089	7.08154	7.0994	7.1882	7.11935	6.96448	7.09078	6.89966	7.08101
0.293388	7.38558	7.05713	7.11332	7.15206	7.14607	7.1034	7.00803	7.05958	7.07343
0.295487	7.28721	7.14307	7.08792	7.04862	7.11561	7.14636	7.21786	7.10574	7.01989
0.297612	7.20192	7.12271	7.06814	7.14178	7.02774	7.01214	7.07915	7.05208	7.13046
0.299738	7.32127	7.01955	7.05927	7.11527	7.08792	7.11076	7.05183	7.01807	7.05426
0.301888	7.40723	7.09966	6.92046	7.05274	7.21275	7.06129	7.20735	6.96175	7.04034
0.30405	7.34121	7.26313	7.00937	7.09046	7.2259	7.10441	7.00061	7.18287	7.05825
0.306225	7.3347	6.91269	7.08921	7.09271	6.97933	7.09897	7.1106	7.12869	7.10843
0.308425	7.31328	7.18342	7.06881	7.06187	7.14278	6.95789	7.07686	7.04207	7.14798
0.310625	7.25053	7.18796	7.05253	7.09316	7.14768	7.02832	7.06644	6.92582	7.01683
0.31285	7.25006	7.17885	6.93801	7.03789	7.16454	7.06984	7.25518	7.00562	7.05708
0.315087	7.38096	7.19766	7.09189	7.00022	7.0194	7.01279	7.09117	7.11027	7.03855
0.317338	7.3159	7.10799	7.02779	6.94815	7.14569	7.05903	7.1555	7.02162	7.08639
0.319613	7.24674	7.15578	7.04781	7.02234	7.14093	6.94636	7.2235	7.036	6.92985
0.3219	7.3046	7.18883	7.12192	7.10707	7.11539	7.06437	6.97939	7.10068	7.09735
0.3242	7.18266	7.11701	6.92428	7.02449	7.06742	6.99093	7.01894	6.97766	7.03971
0.326512	7.25668	7.06919	7.0762	7.0231	7.02629	7.09835	7.10929	6.9956	7.06104
0.32885	7.31097	7.16619	7.07846	7.13419	7.09466	6.94508	6.99436	7.06691	7.01453
0.331187	7.30277	7.102	7.06546	7.08452	7.05406	7.03884	6.95952	7.02774	7.1132
0.333562	7.16428	6.9364	7.10451	7.11185	7.01457	6.92939	6.96466	7.11838	7.09453
0.335938	7.1341	7.13608	7.0687	7.04072	7.0271	6.98118	6.9993	6.95431	6.99553
0.338338	7.39236	7.0495	7.06518	7.06516	7.07737	7.11184	7.05486	7.02678	7.18815
0.34075	7.26267	7.06643	7.20299	6.93546	7.07545	7.04072	6.95896	7.00814	7.01383
0.343188	7.31345	7.00533	7.06274	7.05354	7.05093	6.98608	7.14589	7.05749	7.05938
0.345638	7.17919	7.05769	6.99965	7.10963	7.19424	6.95861	7.1049	6.95694	6.98113
0.3481	7.25672	7.02326	6.99394	6.93236	7.05692	7.01575	7.01727	7.01086	6.88563
0.350575	7.2254	7.13448	7.14735	6.93836	7.1046	7.09784	7.17753	6.99392	7.00172
0.353075	7.22243	7.0285	6.96866	7.13566	7.11106	7.02086	7.08605	7.10814	6.97597
0.3556	7.3567	6.99534	7.00906	7.02926	7.14008	7.02533	7.06108	7.11114	6.99481
0.358125	7.25353	7.01223	7.0046	7.02184	6.97196	7.01188	7.11858	7.04009	6.99603
0.360675	7.21981	7.14956	7.02962	6.91665	7.08341	7.079	7.11934	7.03373	6.98123
0.36325	7.29916	7.06408	6.90189	7.00487	7.13615	7.01381	7.08429	7.08536	6.99451
0.365838	7.2321	7.08172	6.97064	7.05499	7.02749	7.13367	6.92515	6.99947	6.91986
0.368437	7.17411	7.15555	7.10764	7.17068	7.24825	7.01832	7.02901	7.04391	7.03881
0.371062	7.29014	7.00335	6.90526	7.07263	7.05656	6.97764	7.02591	7.00576	7.01428
0.373713	7.22542	7.0717	6.94668	6.97415	7.12568	7.0019	6.95652	7.07374	6.96529
0.376363	7.21827	7.10891	6.99591	6.90062	7.07685	7.00072	6.97825	7.04215	7.03924
0.37905	7.17097	7.05925	7.00859	7.11235	7.21894	6.9493	6.87242	6.99866	7.05483
0.381738	7.15365	7.05771	6.981	6.99296	7.01632	7.0053	6.98017	7.02146	6.94134
0.384463	7.10417	6.99577	7.01204	7.08012	7.02599	6.96818	7.19595	6.93123	6.95933
0.387188	7.35305	7.0291	7.00136	6.93265	7.02001	7.01731	6.99254	6.9872	6.94343
0.38995	7.25772	7.19201	6.90381	6.92624	7.05881	6.92942	7.02276	6.97168	7.03721
0.392713	7.18678	7.02183	6.94501	7.00448	6.92758	6.95324	6.95402	7.01006	6.97035
0.395512	7.28081	7.0148	6.87659	6.95674	7.02911	6.93079	6.95545	6.97629	6.9557
0.398325	7.25784	6.94793	6.96617	6.98799	7.0839	6.89116	7.05943	6.92933	7.11924
0.40115	7.12984	6.96106	7.08604	6.97004	7.0901	6.86651	6.95167	7.03443	7.01646
0.404	7.27794	7.04985	6.88832	6.84701	7.10594	6.97932	7.10465	6.82419	7.01516
0.406875	7.26455	7.04085	7.02822	6.96386	7.11643	6.95704	6.9829	7.02572	6.99993
0.409763	7.22465	7.00516	7.01289	7.00504	7.03713	6.93883	6.97397	7.04506	6.93744
0.412663	7.07638	7.00359	7.02125	6.9195	7.05605	6.93346	7.05144	7.1036	6.95992
0.4156	7.24749	7.02059	6.94539	6.96858	7.09037	6.94087	6.91912	7.00128	7.0852
0.41855	7.2788	7.13077	6.88951	6.94374	7.02218	6.90627	7.03658	6.97962	6.85589
0.421525	7.20114	7.0128	7.04712	6.98468	7.07081	6.98104	7.02382	6.95307	6.97025
0.424513	7.22311	7.11099	6.91199	6.97462	6.98573	6.88545	6.93797	6.97937	6.96785
0.427525	7.31016	7.07153	6.95084	6.97922	6.92236	6.89876	6.94706	6.97508	6.97515
0.43055	7.22087	7.05972	6.90423	6.98959	7.1002	6.91309	6.94979	6.92459	6.8927
0.433612	7.14777	7.06647	6.96408	7.03431	7.16588	6.8646	6.96888	6.9508	7.01261
0.436687	7.16403	7.01293	6.92194	6.98839	7.04975	6.94417	6.88379	6.9491	7.00262
0.439775	7.17134	6.99957	6.95415	6.94223	7.07639	6.88791	7.0823	7.03615	6.91852
0.4429	7.15813	7.08745	6.93835	6.96273	7.08344	6.95783	6.90132	6.94995	6.98363
0.446038	7.10544	7.03542	7.02167	6.99355	6.99699	6.95955	7.0592	7.03471	6.9622
0.4492	7.13386	6.99576	7.00008	6.98169	7.01749	6.8755	6.97144	6.94673	6.98762
0.452375	7.04117	7.03941	6.90472	6.9999	6.99334	6.81193	6.9799	7.04489	7.01722
0.455588	7.24131	6.95716	7.09421	6.98438	7.07538	6.97631	6.90315	7.05532	6.89785
0.458813	7.15734	6.97189	6.96888	7.00286	6.93628	6.9322	6.92732	6.88577	7.06519
0.462063	7.22085	6.96409	6.97326	6.9528	7.08714	6.82387	6.99579	6.90891	6.91544
0.465338	7.23418	7.01294	6.95613	6.85591	7.10597	6.9325	6.97709	6.91633	7.00187
0.468625	7.13158	6.92555	7.03268	6.99194	7.03116	6.9047	6.97938	6.91565	6.97239
0.47195	7.19651	7.02006	7.11054	6.91685	6.91724	6.85596	6.94159	6.89505	7.0213
0.475287	7.07157	7.0767	6.94538	6.82587	6.98577	6.92512	7.01657	6.92275	6.96903
0.47865	7.14026	7.03251	6.95495	6.96264	7.02364	6.90039	6.96563	6.95895	6.89589
0.482038	7.15738	6.99488	6.94435	7.00939	7.03695	6.92708	7.09961	6.88652	6.94137
0.48545	7.1929	7.10251	6.93699	6.91478	7.05174	6.8369	6.86771	6.90964	6.82089
0.488887	7.09513	7.0044	6.97445	6.95691	7.0173	6.97424	6.89599	6.99526	6.93235
0.492337	7.17172	6.99028	6.88423	6.97575	6.979	7.01212	6.8674	6.94711	6.88303
0.495825	7.27433	7.0174	6.92773	6.98058	6.92819	6.86992	6.94629	6.96393	6.90192
0.499325	7.06184	6.98401	7.05403	7.01717	7.04969	6.91904	6.98159	6.93273	7.05103
0.502863	7.12449	7.04039	6.96446	6.89549	7.03147	6.8275	6.87189	6.94403	6.95264
0.506413	7.07112	7.00694	6.83087	6.89814	6.95263	6.90143	6.92956	6.99812	6.92123
0.51	7.1316	7.18567	6.97609	6.91768	7.05772	6.93633	6.9029	7.00713	6.92863
0.5136	7.15521	7.04686	6.92691	6.95264	6.97198	6.96594	6.95043	6.95893	7.01099
0.517225	7.13281	7.01981	6.93859	6.9194	7.00289	6.87385	6.97772	6.90737	6.82201
0.520887	7.11955	6.96609	6.85992	6.92476	7.02133	6.88103	6.88961	7.01161	6.87362
0.524562	7.04155	7.03059	6.95938	6.89222	6.97497	6.81408	6.92834	6.97057	6.96138
0.528275	7.18377	6.96507	6.95534	6.91379	6.94628	6.90827	6.89506	6.95677	6.88124
0.532	7.08332	6.94396	6.866	6.79712	6.93607	6.85942	6.84619	6.9035	6.8265
0.535762	7.0479	6.96709	6.92716	6.94704	7.02681	6.89364	6.94588	6.96043	6.96635
0.539537	7.16378	7.01275	7.0183	6.98939	6.95344	6.92134	6.92419	6.91923	6.91095
0.54335	7.18138	6.91992	7.02491	6.9065	6.88862	6.76798	6.86395	6.87078	6.98001
0.547188	7.15393	7.02362	7.00688	6.98628	6.9434	6.82566	6.98018	6.97337	6.87816
0.55105	7.09022	7.0949	6.95591	6.97641	6.96867	6.80938	7.01715	6.99874	6.91255
0.554937	7.12374	6.97342	6.95864	6.91494	7.00802	6.85128	6.88302	6.95677	6.94629
0.55885	7.11608	6.98049	6.97994	6.77366	7.01814	6.86891	6.94002	6.8941	6.91985
0.5628	7.13481	6.99905	6.85724	6.94459	7.02248	6.78328	6.90752	6.97973	6.8082
0.566763	7.07691	7.02727	6.92608	6.8698	7.0183	6.8847	6.93761	6.94758	6.90627
0.570763	7.13887	6.9834	6.9113	6.9034	7.03152	6.83617	6.94034	6.9843	6.95674
0.574787	7.14332	6.87749	6.89718	6.85014	6.93746	6.88834	6.99448	6.90074	6.78734
0.578838	7.04888	7.09135	6.92431	6.8617	6.91765	6.85086	6.95283	6.97561	6.87318
0.582925	6.96514	7.01822	6.96813	6.92329	7.02147	6.95621	6.86215	6.92906	6.87935
0.587038	7.07514	6.92863	6.91532	6.92202	6.937	6.81418	6.89287	6.96438	6.94044
0.591175	7.07102	6.90383	6.83933	6.90269	7.04333	6.8775	6.89268	6.94133	6.92188
0.595338	6.99914	6.92446	6.9264	6.85771	6.98383	6.88954	6.95358	6.94301	6.92281
0.599537	7.03269	6.94724	6.98739	6.89971	7.00542	6.82094	6.94425	6.89717	7.02836
0.603763	7.12244	6.8673	6.86948	6.9244	7.06187	6.85392	6.9664	6.8422	6.92431
0.608012	7.10565	6.92	6.85701	6.9176	7.00829	6.80293	6.91519	6.91804	6.97919
0.6123	7.17841	6.95911	6.90271	6.91323	6.92593	6.81587	6.92866	6.89382	6.83203
0.616612	7.15385	6.96827	6.91507	6.88914	6.8617	6.88971	6.89409	6.89309	6.85688
0.620963	7.10061	6.88945	6.89904	6.9422	6.95957	6.83771	6.96824	6.92534	6.87313
0.625325	7.06708	6.98812	6.85714	6.85015	6.97269	6.84291	6.94213	6.85915	6.92963
0.629737	7.01638	6.8887	6.92588	6.89432	7.04703	6.87461	6.95912	6.77854	6.94025
0.634175	6.99891	6.93936	6.83572	6.88403	6.99277	6.86463	6.97817	6.96143	6.99679
0.638637	7.12542	6.96553	6.83365	6.90103	6.95995	6.78799	6.95684	6.84507	6.88128
0.643125	7.04261	6.85586	6.90926	6.93352	6.92217	6.87554	6.8981	6.86848	6.88214
0.647663	7.09224	6.95731	6.97528	6.86698	6.92966	6.81682	6.96165	6.88818	6.92575
0.652213	7.00517	6.94411	6.88821	6.80627	6.94875	6.81567	6.87591	6.90216	6.88049
0.656812	7.04658	6.96983	6.9378	6.89132	6.95411	6.90929	6.94291	6.81328	6.89622
0.661425	7.00093	6.90215	6.89259	6.84829	6.96908	6.83725	6.91103	6.90837	6.98397
0.666088	7.04019	7.02374	6.90874	6.93189	6.85326	6.87666	6.92025	6.87884	6.92572
0.670775	7.03314	6.99188	6.91034	6.81918	6.91164	6.85057	6.85881	6.93773	6.82121
0.675488	7.02002	6.93075	6.92189	6.89525	6.96255	6.85579	6.91145	6.79469	6.9379
0.680237	7.01693	7.0355	6.92415	6.92528	6.97161	6.8366	6.92006	6.85304	6.81596
0.685025	7.06918	6.96909	6.95149	6.87612	6.95893	6.83372	6.87214	6.88644	6.88595
0.689838	7.01516	6.97263	6.97337	6.83498	7.0291	6.91384	6.86604	6.84943	6.86701
0.694687	7.05151	7.00962	6.95686	6.8752	6.97889	6.80373	6.9163	6.97774	6.8729
0.699575	7.16869	6.91443	6.94287	6.8303	6.91302	6.85295	6.93409	6.83442	6.9297
0.7045	6.99402	6.98175	6.90275	6.86235	6.93982	6.8845	6.90217	6.87974	6.83118
0.70945	7.05325	7.01529	6.86537	6.94552	6.99365	6.91202	6.89992	7.00133	6.94127
0.714437	6.92478	6.92715	6.90425	6.91326	7.00828	6.77442	6.8165	6.91996	6.81341
0.719463	7.02788	6.97218	6.8009	6.8777	6.90543	6.73956	6.87844	6.90567	6.92309
0.724513	6.99979	6.95713	6.91073	6.79285	6.97544	6.81071	6.84205	6.85156	6.81097
0.7296	7.05754	6.9121	6.85933	6.87374	6.91298	6.80957	6.88924	6.82048	6.87016
0.734738	7.00264	6.95535	6.93234	6.92457	6.95198	6.79093	6.87743	6.90327	6.90123
0.7399	7.02775	6.88823	6.88325	6.7704	6.8335	6.85183	6.79705	6.80376	6.8668
0.745088	7.09183	6.92588	6.83287	6.80937	6.9691	6.85841	6.86432	6.88874	6.8874
0.750325	7.04638	6.88778	6.9489	6.79889	6.95656	6.81663	6.92601	6.89156	6.8901
0.7556	7.08338	7.03738	6.92593	6.94894	6.9171	6.83035	6.92701	6.85685	6.89102
0.7609	7.00693	6.92683	6.8259	6.86618	6.92957	6.82567	6.89531	6.90016	6.90822
0.76625	7.0146	6.85977	6.80895	6.85037	6.89124	6.83571	6.84343	6.85207	6.90231
0.771625	7.0469	6.95756	6.7995	6.88388	6.89256	6.86772	6.89554	6.84544	6.85541
0.77705	7.04971	6.91713	6.93159	6.82614	6.93119	6.72053	6.84689	6.85384	6.87988
0.7825	6.99481	6.96264	6.859	6.8801	6.99647	6.84716	6.951	6.87224	6.84091
0.788	7.03338	6.97035	6.94385	6.87982	6.90628	6.83532	6.8843	6.84646	6.85793
0.793525	6.93455	6.89552	6.87	6.90817	6.9393	6.81203	6.864	6.84245	6.89032
0.7991	7.03606	6.94396	6.95484	6.87817	6.9707	6.89992	6.85224	6.84558	6.90167
0.8047	7.01212	6.9068	6.88403	6.86142	6.97797	6.87959	6.91214	6.89858	6.85443
0.81035	6.97283	6.93318	6.92537	6.81389	6.96392	6.78201	6.8899	6.94741	6.88059
0.816037	7.01831	6.93736	6.84393	6.90759	6.91428	6.82732	6.81135	6.85694	6.81247
0.821763	6.93237	6.89122	6.89369	6.84283	6.88409	6.76886	6.89584	6.80587	6.92892
0.827525	7.01683	6.91776	6.9333	6.8598	6.89313	6.85869	6.87904	6.84844	6.88947
0.833337	7.03276	6.92208	6.89124	6.88985	6.87179	6.78833	6.86657	6.87333	6.88069
0.839175	6.98628	6.97256	6.83307	6.85381	6.95952	6.86942	6.94126	6.81014	6.83463
0.845062	6.99706	6.99347	6.84084	6.80659	6.84622	6.7878	6.87183	6.8289	6.7747
0.851	7.03726	6.92009	6.90348	6.8575	6.87345	6.76234	6.89616	6.8466	6.84594
0.856963	6.91286	6.97213	6.87155	6.82688	6.89167	6.70697	6.85553	6.85795	6.92135
0.862975	6.96183	6.86514	6.86528	6.87172	6.91934	6.83006	6.96033	6.93765	6.94145
0.869025	7.02253	6.92655	6.80219	6.86817	6.85909	6.78415	6.87833	6.7812	6.82829
0.875112	7.02661	6.90611	6.83955	6.80385	6.944	6.75476	6.91122	6.86391	6.83889
0.88125	6.9639	6.94065	6.92816	6.82418	6.92938	6.82386	6.90618	6.7806	6.91553
0.887425	6.94405	6.94629	6.94656	6.85931	6.9062	6.75542	6.88979	6.79821	6.83609
0.89365	6.93324	6.93175	6.8814	6.83613	6.97064	6.86411	6.80439	6.7992	6.8616
0.899912	7.01254	6.9156	6.92921	6.78755	6.99792	6.76535	6.86929	6.77793	6.84698
0.906225	6.99784	6.9148	6.87904	6.83431	6.90858	6.80078	6.85367	6.84624	6.85907
0.912575	7.02553	6.8786	6.85293	6.791	6.91299	6.82722	6.91723	6.70417	6.8779
0.918962	6.94399	6.84094	6.80219	6.77647	6.93437	6.78178	6.84888	6.80629	6.88376
0.9254	6.93564	6.95799	6.87166	6.82016	6.88735	6.81721	6.90919	6.82758	6.84098
0.931888	6.99838	6.85325	6.86078	6.85197	6.87266	6.78168	6.87343	6.91648	6.89072
0.938412	6.96176	6.8815	6.88146	6.79111	6.86026	6.80711	6.83252	6.85671	6.87685
0.944987	6.93929	6.95286	6.9371	6.85204	6.93775	6.77443	6.87457	6.90061	6.87046
0.951612	7.01987	6.99763	6.8798	6.8822	6.88374	6.86027	6.80616	6.79447	6.89118
0.958275	6.95516	6.93081	6.86893	6.8068	6.86097	6.82365	6.86413	6.85041	6.84827
0.964988	6.95059	6.84679	6.8187	6.87422	6.92163	6.74191	6.8736	6.73326	6.85
0.97175	6.95439	6.93991	6.88501	6.82775	6.91023	6.86723	6.81428	6.82903	6.82901
0.97855	6.8966	6.89525	6.87881	6.81947	6.93073	6.7882	6.81847	6.90749	6.84694
0.9854	6.96977	6.84942	6.80817	6.84621	6.88815	6.77445	6.83803	6.89153	6.9768
0.9923	6.98243	6.88954	6.89395	6.91854	6.88558	6.78028	6.88272	6.77953	6.9029
0.99925	6.99431	6.95199	6.92811	6.76999	6.94806	6.83889	6.81592	6.91376	6.90247
1.00625	6.98159	6.9142	6.79765	6.81302	6.90442	6.79383	6.88846	6.7984	6.82515
1.01329	6.99332	6.93738	6.81945	6.80303	6.94325	6.79745	6.88488	6.82682	6.90443
1.02039	6.98405	6.85929	6.83939	6.82664	6.92956	6.7951	6.90275	6.83013	6.87135
1.02752	6.8449	6.85173	6.87236	6.84921	6.88819	6.77358	6.85102	6.80716	6.85645
1.03472	6.96264	6.90838	6.85746	6.84998	6.9476	6.87477	6.8539	6.88044	6.82267
1.04196	6.93172	6.92497	6.87569	6.85031	6.94334	6.81177	6.88418	6.83818	6.85306
1.04925	6.98604	6.86263	6.82571	6.82979	6.91847	6.77084	6.73956	6.82119	6.8984
1.0566	6.94039	6.8377	6.88178	6.85176	6.87971	6.78409	6.91492	6.81543	6.83164
1.06399	6.9828	6.93884	6.90627	6.82326	6.90487	6.77832	6.84116	6.83707	6.84955
1.07144	6.91279	6.90409	6.88222	6.84472	6.92697	6.75049	6.84526	6.78241	6.84838
1.07893	6.93788	6.86528	6.87712	6.80263	6.85461	6.76468	6.84309	6.8166	6.88838
1.08648	6.90383	6.87037	6.79231	6.84892	6.96042	6.74346	6.91491	6.8471	6.87148
1.09407	6.9841	6.93606	6.87768	6.79387	6.87207	6.75567	6.8538	6.83009	6.83082
1.10174	6.97244	6.90909	6.85201	6.86038	6.82796	6.72342	6.8619	6.8217	6.85285
1.10944	6.88955	6.86048	6.82072	6.8556	6.94452	6.82079	6.88394	6.86791	6.84289
1.1172	6.91988	6.81828	6.83903	6.8664	6.84176	6.85448	6.80385	6.8138	6.81857
1.12501	6.91694	6.88738	6.818	6.7595	6.90355	6.74808	6.80497	6.75025	6.85873
1.13287	6.98693	6.85821	6.88672	6.8407	6.87395	6.75583	6.85333	6.79014	6.81023
1.1408	6.92913	6.90672	6.83841	6.831	6.87124	6.78576	6.85666	6.83989	6.90345
1.14877	6.94609	6.84922	6.89152	6.86497	6.90349	6.73664	6.86282	6.8377	6.86471
1.15681	6.93021	6.90805	6.84697	6.87579	6.97472	6.69121	6.87203	6.82321	6.83277
1.1649	6.97243	6.79319	6.83279	6.86452	6.90908	6.83497	6.87119	6.8009	6.8074
1.17304	6.93388	6.92995	6.8034	6.81107	6.81573	6.79816	6.80097	6.8089	6.85573
1.18124	6.91213	6.90687	6.85051	6.84111	6.85106	6.84274	6.89549	6.86319	6.85316
1.1895	6.92431	6.88376	6.88251	6.84934	6.92184	6.79775	6.80424	6.86242	6.87676
1.19781	6.94791	6.87789	6.8629	6.86503	6.87917	6.75006	6.82273	6.83623	6.83391
1.20619	6.97038	6.8771	6.88993	6.81877	6.90022	6.77582	6.79539	6.77967	6.83185
1.21461	6.9546	6.86841	6.92802	6.84178	6.9665	6.74318	6.86793	6.78229	6.7785
1.2231	6.95799	6.88878	6.85052	6.87526	6.8741	6.8201	6.7702	6.88512	6.89596
1.23165	6.92015	6.84781	6.88216	6.81975	6.88699	6.77165	6.84117	6.76417	6.83355
1.24026	6.88689	6.89452	6.90117	6.84007	6.84625	6.78801	6.80359	6.83386	6.77347
1.24892	6.98865	6.84651	6.87168	6.76994	6.85153	6.77494	6.81509	6.83808	6.81471
1.25765	6.94339	6.84756	6.83546	6.88066	6.89463	6.74867	6.79627	6.88564	6.83837
1.26644	6.93471	6.87163	6.87515	6.84595	6.88613	6.79167	6.90883	6.84064	6.86962
1.27529	6.89991	6.89505	6.85773	6.84118	6.9038	6.76381	6.84018	6.88018	6.78568
1.2842	6.87709	6.86627	6.87643	6.84872	6.82937	6.80258	6.77999	6.84785	6.87581
1.29316	6.93718	6.85237	6.87501	6.82922	6.859	6.75265	6.82961	6.78744	6.79666
1.3022	6.92758	6.87333	6.87253	6.76631	6.86328	6.78518	6.8654	6.84875	6.85203
1.3113	6.95092	6.89653	6.84705	6.89318	6.86949	6.77267	6.85921	6.839	6.85743
1.32045	6.88701	6.87968	6.84879	6.80177	6.84895	6.76539	6.88208	6.82672	6.81609
1.32967	6.90111	6.78084	6.82592	6.83963	6.88108	6.78251	6.8141	6.85253	6.75561
1.33896	6.90321	6.80715	6.84056	6.85576	6.89122	6.74749	6.85504	6.86439	6.83306
1.34831	6.92134	6.86786	6.81949	6.83781	6.86747	6.83373	6.76139	6.82665	6.82235
1.35773	6.87611	6.8738	6.79138	6.85873	6.90041	6.7759	6.82247	6.81984	6.81728
1.36721	6.92189	6.87104	6.77226	6.78446	6.91552	6.77778	6.82622	6.82778	6.85179
1.37675	6.93448	6.84849	6.86392	6.84307	6.87838	6.8397	6.86809	6.82592	6.84045
1.38636	6.94549	6.96877	6.84979	6.79121	6.87429	6.77086	6.80033	6.83429	6.82628
1.39605	6.89543	6.82871	6.84073	6.84369	6.88739	6.77513	6.85197	6.89107	6.81167
1.4058	6.86429	6.87561	6.84148	6.85239	6.90561	6.76211	6.81436	6.82042	6.70634
1.41561	6.98268	6.88915	6.76573	6.79777	6.90074	6.8233	6.7904	6.76767	6.79282
1.42549	6.91964	6.89057	6.85063	6.81313	6.84782	6.74671	6.80458	6.85041	6.80322
1.43544	6.90298	6.83101	6.88115	6.77738	6.87195	6.71345	6.82756	6.82964	6.75424
1.44546	6.85924	6.89002	6.75283	6.8591	6.88552	6.73669	6.82348	6.78489	6.82761
1.45555	6.88031	6.79708	6.79521	6.79246	6.89992	6.81487	6.86358	6.7749	6.83074
1.46571	6.96768	6.89104	6.77297	6.83642	6.87929	6.7874	6.87486	6.84892	6.86101
1.47594	6.98094	6.86006	6.80605	6.80967	6.88129	6.81241	6.83	6.83898	6.72446
1.48624	6.93456	6.86131	6.85315	6.87223	6.87299	6.8571	6.8321	6.78753	6.84177
1.49661	6.88181	6.89796	6.88822	6.82883	6.88603	6.82499	6.77332	6.84539	6.83134
1.50705	6.90624	6.8969	6.79869	6.88922	6.86911	6.76263	6.78158	6.84136	6.85782
1.51756	6.96158	6.81712	6.81749	6.82045	6.86229	6.774	6.81358	6.88259	6.83482
1.52815	6.89711	6.84358	6.80922	6.82712	6.83497	6.79373	6.82954	6.7893	6.81317
1.53881	6.88887	6.93428	6.86678	6.85412	6.89407	6.70959	6.82205	6.83535	6.78247
1.54955	6.81766	6.82412	6.8333	6.86087	6.92416	6.74184	6.83755	6.83653	6.83238
1.56036	6.89697	6.8017	6.82822	6.87254	6.94878	6.78544	6.80344	6.86165	6.83503
1.57125	6.82716	6.8698	6.85464	6.78602	6.90423	6.72443	6.79706	6.85558	6.83156
1.58221	6.85178	6.88154	6.86476	6.77316	6.86562	6.71642	6.78981	6.822	6.81176
1.59325	6.97236	6.83996	6.85536	6.81512	6.88356	6.77102	6.83226	6.85547	6.80465
1.60436	6.94068	6.85087	6.86989	6.84566	6.91272	6.78319	6.79477	6.816	6.84178
1.61555	6.8998	6.84757	6.87432	6.88985	6.87274	6.76443	6.82482	6.80027	6.77082
1.62681	6.87486	6.83015	6.84405	6.79787	6.91028	6.76641	6.91172	6.82759	6.79855
1.63816	6.85094	6.84134	6.84824	6.81471	6.89099	6.78067	6.89465	6.83727	6.8026
1.64959	6.80056	6.85547	6.84304	6.83378	6.87986	6.78219	6.86132	6.84428	6.76577
1.66109	6.82571	6.88408	6.83765	6.79771	6.87556	6.81696	6.92806	6.86161	6.85012
1.67268	6.91338	6.84535	6.84816	6.85016	6.76907	6.8273	6.81774	6.76031	6.79765
1.68434	6.93142	6.8115	6.86422	6.8394	6.87251	6.76	6.83726	6.83289	6.78033
1.69609	6.9068	6.89706	6.80904	6.8343	6.85748	6.80007	6.84856	6.81534	6.80527
1.70791	6.84692	6.88894	6.87288	6.78504	6.80811	6.78271	6.80664	6.8197	6.81471
1.71981	6.88295	6.8405	6.8659	6.80274	6.85045	6.75888	6.86206	6.83128	6.76495
1.73181	6.91803	6.87256	6.82204	6.80957	6.8713	6.75454	6.81864	6.84102	6.82352
1.74388	6.86222	6.83937	6.83724	6.83523	6.80977	6.77025	6.79482	6.82975	6.82134
1.75604	6.86742	6.8185	6.832	6.81789	6.86559	6.78692	6.85024	6.8406	6.80468
1.76828	6.84216	6.83823	6.82536	6.84686	6.86513	6.7492	6.81969	6.85118	6.80425
1.7806	6.86788	6.80728	6.80292	6.81337	6.86722	6.81205	6.86083	6.79617	6.79465
1.79301	6.80678	6.82203	6.79613	6.84357	6.87183	6.81306	6.88634	6.77237	6.88126
1.80551	6.8509	6.879	6.80133	6.82108	6.90231	6.7813	6.90747	6.76704	6.76777
1.8181	6.83473	6.83483	6.84032	6.7985	6.8374	6.77341	6.84138	6.76193	6.80974
1.83078	6.85738	6.83588	6.83445	6.8449	6.87412	6.80349	6.8179	6.79971	6.84298
1.84354	6.84446	6.8549	6.84653	6.8463	6.81241	6.75162	6.81636	6.78148	6.81405
1.85637	6.89439	6.81079	6.88315	6.83433	6.86344	6.7932	6.80818	6.73143	6.81536
1.86931	6.89736	6.87577	6.77737	6.83732	6.88807	6.77418	6.82375	6.7938	6.81299
1.88234	6.87864	6.84968	6.83839	6.77884	6.82961	6.82502	6.8372	6.85993	6.8909
1.89546	6.86856	6.85844	6.83982	6.76967	6.84399	6.76034	6.79432	6.80437	6.86649
1.90866	6.88647	6.88793	6.83456	6.8069	6.80967	6.774	6.86605	6.83948	6.82228
1.92196	6.85772	6.8835	6.83067	6.81167	6.86312	6.73878	6.83789	6.80999	6.78574
1.93536	6.89765	6.88882	6.84059	6.78472	6.81705	6.77331	6.90263	6.80323	6.82228
1.94885	6.88282	6.86311	6.83714	6.83345	6.86912	6.78154	6.8151	6.85428	6.8389
1.96242	6.8507	6.93154	6.88166	6.79705	6.83072	6.76479	6.85581	6.83694	6.7897
1.9761	6.8784	6.86574	6.84647	6.81167	6.86651	6.76422	6.84538	6.83786	6.88411
1.98986	6.85615	6.81914	6.82556	6.85707	6.86263	6.77716	6.82718	6.80944	6.8085
2.00373	6.79803	6.88215	6.83531	6.83193	6.81145	6.74781	6.87946	6.83663	6.8731
2.01769	6.87048	6.8455	6.8251	6.82048	6.83924	6.7723	6.83761	6.78371	6.79581
2.03174	6.88405	6.89788	6.82866	6.77242	6.854	6.78185	6.81483	6.83481	6.81891
2.04589	6.86778	6.91515	6.8311	6.83029	6.8606	6.73939	6.87204	6.8319	6.83318
2.06014	6.91076	6.87917	6.78836	6.76995	6.86835	6.7545	6.87179	6.81725	6.82327
2.07449	6.87113	6.85669	6.80173	6.86409	6.90983	6.80293	6.89261	6.82391	6.83459
2.08894	6.85073	6.86742	6.79364	6.78808	6.85167	6.81421	6.825	6.83319	6.79253
2.10349	6.85602	6.87801	6.86777	6.79185	6.85819	6.80146	6.83684	6.89061	6.8603
2.11814	6.85807	6.92367	6.8164	6.82363	6.85267	6.75136	6.8882	6.80591	6.8299
2.13289	6.86152	6.86686	6.81574	6.82193	6.81354	6.79366	6.81896	6.81612	6.80528
2.14775	6.86026	6.89543	6.83388	6.77431	6.81492	6.75258	6.83149	6.79242	6.82407
2.1627	6.88044	6.85533	6.82638	6.79053	6.86075	6.78083	6.7678	6.81049	6.82019
2.17776	6.8606	6.88977	6.82907	6.88282	6.85079	6.80017	6.82749	6.80617	6.80339
2.19292	6.82703	6.87266	6.86822	6.83405	6.88881	6.77205	6.82933	6.79441	6.81189
2.2082	6.84847	6.87689	6.8447	6.79621	6.8678	6.75993	6.87851	6.8121	6.82482
2.22358	6.85918	6.80954	6.81486	6.8076	6.88225	6.75038	6.80282	6.80912	6.86046
2.23905	6.8134	6.86309	6.8131	6.80631	6.82643	6.79227	6.80838	6.77733	6.81409
2.25465	6.87785	6.84083	6.78649	6.81857	6.83046	6.75012	6.82999	6.82384	6.81474
2.27034	6.85562	6.85731	6.84635	6.8259	6.85529	6.77891	6.83539	6.7485	6.83729
2.28615	6.87549	6.84141	6.76918	6.84624	6.84859	6.77183	6.81961	6.83714	6.87129
2.30206	6.82048	6.84024	6.83415	6.84851	6.85696	6.78474	6.79578	6.84901	6.76859
2.31809	6.88326	6.91601	6.83055	6.81806	6.83716	6.74899	6.81002	6.83629	6.79881
2.33422	6.85414	6.83769	6.80465	6.80234	6.90543	6.77758	6.82867	6.79836	6.81299
2.35048	6.83837	6.86284	6.86734	6.84475	6.88082	6.74705	6.81059	6.82342	6.82426
2.36684	6.85648	6.84554	6.83101	6.81153	6.83504	6.74478	6.80427	6.83722	6.84162
2.38331	6.80487	6.8842	6.78764	6.81515	6.9059	6.7662	6.83895	6.8133	6.802
2.3999	6.81129	6.87775	6.82791	6.80773	6.85043	6.77908	6.79018	6.7863	6.83426
2.41661	6.83168	6.90785	6.85739	6.86753	6.90663	6.84155	6.84718	6.82192	6.82731
2.43342	6.85474	6.83411	6.80586	6.79923	6.87919	6.75661	6.85553	6.82583	6.79452
2.45036	6.86479	6.87102	6.80471	6.81442	6.83644	6.76061	6.80254	6.81288	6.79453
2.46743	6.84602	6.86449	6.82195	6.7793	6.83553	6.73869	6.83686	6.80633	6.81636
2.4846	6.82439	6.84976	6.79523	6.79	6.83189	6.79384	6.82948	6.79132	6.79555
2.50189	6.85523	6.83897	6.82051	6.83633	6.83179	6.7505	6.8421	6.79702	6.78017
2.5193	6.85334	6.8739	6.80624	6.81561	6.85261	6.76101	6.87247	6.82246	6.7564
2.53682	6.82504	6.8343	6.82771	6.81827	6.86756	6.71779	6.83247	6.78868	6.80946
2.55449	6.82859	6.82978	6.81882	6.83688	6.89229	6.77057	6.79671	6.79722	6.79627
2.57226	6.84179	6.81993	6.85613	6.83175	6.82445	6.72708	6.82316	6.83595	6.84025
2.59016	6.81312	6.85039	6.89587	6.77653	6.86227	6.80416	6.84007	6.81532	6.79529
2.60819	6.80912	6.87263	6.85851	6.83948	6.85425	6.7851	6.85938	6.79637	6.8452
2.62634	6.85433	6.85392	6.80602	6.80856	6.84233	6.75883	6.79269	6.78208	6.77163
2.6446	6.86525	6.84572	6.85928	6.81614	6.89209	6.76716	6.84546	6.81877	6.82087
2.66301	6.78264	6.84197	6.83131	6.78484	6.81373	6.82262	6.80394	6.84258	6.78154
2.68154	6.85691	6.85196	6.79052	6.83734	6.84509	6.76962	6.79657	6.73875	6.84043
2.70019	6.80813	6.81835	6.83617	6.8374	6.8234	6.80229	6.81353	6.82027	6.82482
2.71898	6.8435	6.8508	6.8391	6.83972	6.89727	6.72517	6.86037	6.78525	6.8248
2.7379	6.81971	6.84105	6.86571	6.81676	6.85962	6.7591	6.76617	6.81539	6.78888
2.75694	6.82224	6.84091	6.82668	6.81857	6.894	6.74632	6.83231	6.83291	6.80611
2.77612	6.84832	6.86745	6.80131	6.84405	6.85441	6.70896	6.80823	6.8186	6.81769
2.79544	6.85468	6.80742	6.84667	6.80587	6.83029	6.76865	6.81484	6.81658	6.79333
2.81487	6.81536	6.85468	6.83265	6.80189	6.8663	6.76657	6.82169	6.84144	6.84105
2.83446	6.80921	6.84757	6.83598	6.85027	6.8029	6.75766	6.82146	6.76345	6.77656
2.85418	6.8408	6.80867	6.87464	6.82111	6.85172	6.74294	6.84366	6.81005	6.8802
2.87404	6.83286	6.81489	6.81948	6.83012	6.84722	6.76803	6.82632	6.81732	6.80251
2.89403	6.80824	6.83066	6.81618	6.79609	6.86621	6.77066	6.80238	6.8163	6.84063
2.91415	6.79743	6.85423	6.85208	6.79395	6.8449	6.77127	6.82107	6.83179	6.80669
2.93443	6.84352	6.81645	6.84993	6.85945	6.83877	6.76809	6.81266	6.80817	6.80041
2.95484	6.84566	6.82186	6.8426	6.83573	6.84374	6.76923	6.80235	6.81014	6.82734
2.97539	6.8361	6.8665	6.80235	6.8188	6.86188	6.75501	6.84855	6.81242	6.83255
2.99607	6.82132	6.8279	6.87055	6.78993	6.84852	6.73358	6.86041	6.78341	6.81215
3.01691	6.82071	6.806	6.83439	6.79259	6.85025	6.73882	6.86451	6.8092	6.86494
3.0379	6.80605	6.84943	6.80561	6.8182	6.885	6.77016	6.82835	6.74433	6.86146
3.05903	6.82689	6.83404	6.80262	6.81749	6.86742	6.76498	6.8172	6.81931	6.80307
3.0803	6.81755	6.86203	6.80563	6.80505	6.89519	6.73413	6.83482	6.79149	6.83123
3.10171	6.79983	6.83404	6.82857	6.79986	6.88166	6.77158	6.82206	6.77376	6.8731
3.12329	6.82786	6.85474	6.78609	6.82141	6.86541	6.76351	6.83484	6.80391	6.81651
3.145	6.82504	6.87247	6.84891	6.77917	6.85332	6.77164	6.80228	6.7972	6.85066
3.16687	6.81361	6.87511	6.78303	6.82901	6.85078	6.76656	6.76567	6.8161	6.83206
3.1889	6.80849	6.80977	6.83757	6.82627	6.91999	6.78668	6.84249	6.777	6.82456
3.21108	6.81855	6.86148	6.80673	6.74491	6.88417	6.80819	6.83147	6.84736	6.84256
3.2334	6.82058	6.88767	6.80788	6.81704	6.83026	6.74678	6.83456	6.83211	6.81133
3.25588	6.85418	6.83808	6.81555	6.81722	6.84785	6.76248	6.81282	6.8137	6.83413
3.27851	6.79882	6.84818	6.83215	6.76995	6.87996	6.76744	6.84492	6.84715	6.84592
3.30131	6.81567	6.85327	6.81059	6.78078	6.87796	6.76651	6.82827	6.79083	6.84341
3.32426	6.8229	6.82901	6.81818	6.81176	6.82919	6.75835	6.81113	6.81877	6.81949
3.34737	6.83727	6.87138	6.80059	6.80334	6.87683	6.78401	6.80654	6.81921	6.87549
3.37065	6.83136	6.86448	6.80349	6.8085	6.86706	6.72643	6.85898	6.81331	6.81779
3.39409	6.82087	6.85617	6.83516	6.78966	6.87182	6.79747	6.81817	6.81753	6.80024
3.41768	6.81852	6.84787	6.85663	6.81903	6.8543	6.7718	6.85692	6.8098	6.83983
3.44144	6.80572	6.85062	6.83325	6.82759	6.8793	6.7688	6.80463	6.83188	6.83722
3.46536	6.84339	6.86462	6.8386	6.81221	6.89794	6.76235	6.82878	6.81497	6.83873
3.48945	6.82135	6.85839	6.84184	6.83439	6.85839	6.74305	6.87117	6.7953	6.84489
3.51371	6.77281	6.85489	6.79625	6.7897	6.84175	6.79305	6.81196	6.8021	6.84144
3.53814	6.84523	6.87278	6.82329	6.81348	6.88597	6.75356	6.83016	6.8457	6.86398
3.56273	6.82468	6.88086	6.84465	6.79867	6.8351	6.75654	6.84854	6.82926	6.82478
3.58749	6.81482	6.88713	6.83512	6.82924	6.91666	6.72707	6.83655	6.83341	6.85743
3.61243	6.78415	6.85753	6.86701	6.8226	6.83652	6.7533	6.8277	6.82729	6.83896
3.63754	6.79389	6.86744	6.83227	6.81468	6.87205	6.77333	6.82059	6.85186	6.84576
3.66283	6.83484	6.85812	6.81365	6.8221	6.85046	6.74297	6.81991	6.79814	6.82515
3.68829	6.83396	6.88747	6.85785	6.8251	6.85781	6.74712	6.8293	6.82799	6.82334
3.71391	6.8243	6.83771	6.85217	6.79186	6.85802	6.751	6.82627	6.82244	6.84184
3.73973	6.83062	6.82426	6.7766	6.81972	6.86998	6.75559	6.80559	6.7864	6.86319
3.76572	6.82425	6.84461	6.79489	6.81523	6.8671	6.7376	6.83101	6.79754	6.83175
3.7919	6.83952	6.83726	6.8495	6.84256	6.85861	6.75746	6.8346	6.83223	6.82269
3.81825	6.85079	6.85905	6.83284	6.81175	6.82483	6.7358	6.84665	6.82145	6.85115
3.84479	6.8226	6.82725	6.78873	6.78348	6.86735	6.74924	6.85243	6.78399	6.84118
3.8715	6.81533	6.8178	6.83439	6.80416	6.85377	6.75508	6.80582	6.80096	6.8349
3.89841	6.79298	6.84107	6.83253	6.81766	6.86	6.78321	6.82962	6.80061	6.79739
3.9255	6.82573	6.83426	6.80858	6.80395	6.87835	6.74294	6.80894	6.83266	6.81317
3.95278	6.79345	6.82665	6.80383	6.78543	6.8717	6.72681	6.86763	6.82551	6.82062
3.98025	6.81431	6.85458	6.8366	6.80357	6.84877	6.74099	6.82378	6.81631	6.79398
4.00791	6.80964	6.85817	6.8105	6.81802	6.87936	6.77218	6.85422	6.79762	6.78997
4.03576	6.82948	6.83866	6.83546	6.8182	6.83389	6.7435	6.8164	6.79909	6.84384
4.0638	6.80109	6.88254	6.82053	6.80807	6.83762	6.76328	6.83994	6.82236	6.8612
4.09204	6.82522	6.87352	6.81379	6.81567	6.8577	6.74865	6.83923	6.8153	6.82447
4.12047	6.83385	6.86773	6.82799	6.84657	6.86753	6.78225	6.86339	6.80088	6.82633
4.1491	6.80802	6.86032	6.82495	6.78987	6.83559	6.79977	6.83002	6.79884	6.77411
4.17794	6.83297	6.86677	6.82882	6.79461	6.85356	6.72968	6.86233	6.81612	6.84767
4.20696	6.81271	6.8581	6.82084	6.80311	6.83599	6.72308	6.87698	6.82194	6.82174
4.2362	6.82196	6.84828	6.81025	6.77522	6.83075	6.77879	6.83651	6.78748	6.79901
4.26563	6.81125	6.851	6.78205	6.80053	6.86591	6.79383	6.83498	6.79641	6.82818
4.29526	6.7996	6.82584	6.79443	6.79542	6.88537	6.78395	6.81475	6.8362	6.84559
4.32511	6.76527	6.83268	6.84067	6.81223	6.855	6.75381	6.82297	6.80931	6.80205
4.35516	6.82157	6.87001	6.84396	6.79957	6.80928	6.75444	6.82522	6.83012	6.81343
4.38541	6.80655	6.84442	6.83472	6.80818	6.8442	6.76262	6.82897	6.84999	6.80751
4.41589	6.82243	6.85901	6.79289	6.78146	6.8259	6.79033	6.80268	6.85216	6.83964
4.44656	6.78982	6.85338	6.7809	6.7776	6.83236	6.74287	6.80954	6.79239	6.81204
4.47745	6.81929	6.86216	6.78036	6.81071	6.84328	6.74591	6.83466	6.78499	6.80864
4.50856	6.81683	6.85016	6.81976	6.80125	6.81542	6.76496	6.85407	6.82379	6.82968
4.53988	6.80084	6.8658	6.8023	6.81192	6.86016	6.72898	6.83756	6.80132	6.79959
4.57142	6.80589	6.87936	6.83203	6.79084	6.85133	6.76825	6.79977	6.7996	6.80252
4.60318	6.79133	6.8469	6.82707	6.79154	6.83901	6.75736	6.78993	6.82557	6.8054
4.63515	6.80713	6.88783	6.82028	6.84304	6.83772	6.73933	6.80897	6.79091	6.81469
4.66735	6.81304	6.8513	6.82316	6.80378	6.84833	6.76759	6.83343	6.82059	6.83198
4.69978	6.81521	6.81945	6.80384	6.79339	6.85626	6.77227	6.86567	6.80164	6.79991
4.73243	6.82056	6.87039	6.86909	6.82336	6.8774	6.75085	6.82811	6.82408	6.78865
4.76529	6.80536	6.86575	6.8374	6.82022	6.87053	6.79572	6.83156	6.81139	6.7555
4.79839	6.84189	6.83757	6.81239	6.81008	6.82638	6.72755	6.81909	6.80464	6.76212
4.83173	6.81489	6.83842	6.81731	6.84625	6.84652	6.74168	6.83873	6.83587	6.79854
4.86529	6.81945	6.85714	6.83299	6.80787	6.82302	6.76191	6.79711	6.82935	6.80186
4.89908	6.82302	6.85763	6.85088	6.80783	6.85399	6.75887	6.84512	6.81378	6.81781
4.93311	6.82584	6.86108	6.85491	6.79541	6.85112	6.76416	6.83769	6.82384	6.79578
4.96737	6.80817	6.85825	6.84915	6.79288	6.86712	6.78417	6.83232	6.80654	6.77926
5.00187	6.81842	6.84227	6.84977	6.8075	6.84638	6.76487	6.79917	6.79449	6.78287
5.03661	6.81696	6.83746	6.80965	6.81989	6.88525	6.75726	6.83377	6.80105	6.75603
5.0716	6.82899	6.85277	6.86164	6.79223	6.86659	6.7847	6.79438	6.82627	6.78777
5.10681	6.83079	6.83498	6.86149	6.82058	6.8381	6.75797	6.81766	6.83939	6.79846
5.14229	6.80807	6.81037	6.83216	6.77729	6.82455	6.73364	6.79971	6.796	6.78929
5.178	6.82506	6.83854	6.82872	6.8134	6.87235	6.75469	6.84173	6.8092	6.77969
5.21396	6.82481	6.86397	6.8366	6.79028	6.84867	6.79939	6.8024	6.83211	6.7878
5.25017	6.8133	6.85975	6.84054	6.79932	6.83497	6.77209	6.82537	6.81248	6.77742
5.28664	6.7933	6.84448	6.84074	6.81416	6.82582	6.76827	6.83722	6.82448	6.83473
5.32335	6.81365	6.86505	6.83677	6.81532	6.8135	6.78251	6.82183	6.80511	6.8094
5.36031	6.80869	6.82837	6.8292	6.79552	6.84672	6.74241	6.81641	6.78623	6.83381
5.39754	6.82187	6.81411	6.81348	6.81711	6.85048	6.73808	6.82449	6.79884	6.82065
5.43503	6.79051	6.84878	6.83073	6.82454	6.82918	6.75131	6.8044	6.79091	6.82505
5.47277	6.81321	6.8722	6.81496	6.81713	6.84847	6.72395	6.81813	6.83222	6.81434
5.51078	6.78887	6.83907	6.83954	6.78378	6.82964	6.73068	6.83001	6.81397	6.80086
5.54904	6.80041	6.83429	6.81744	6.79644	6.83808	6.74944	6.81182	6.83173	6.84316
5.58757	6.81135	6.86135	6.80919	6.80836	6.82913	6.75056	6.82348	6.81131	6.82695
5.62638	6.81098	6.84162	6.86207	6.78845	6.85093	6.75715	6.86003	6.80328	6.83758
5.66545	6.81144	6.85358	6.85734	6.78988	6.87034	6.73649	6.82717	6.79698	6.83442
5.70479	6.81964	6.83911	6.80825	6.78857	6.8257	6.74456	6.8375	6.82468	6.79267
5.7444	6.84056	6.85115	6.82392	6.79082	6.83736	6.74595	6.86048	6.83926	6.7881
5.78429	6.82069	6.84707	6.83696	6.80898	6.86433	6.76289	6.81601	6.78362	6.80697
5.82445	6.81598	6.84884	6.84089	6.77874	6.86905	6.74648	6.83613	6.81474	6.80963
5.86489	6.825	6.85425	6.84577	6.83131	6.87083	6.73879	6.83926	6.81029	6.84516
5.90561	6.80631	6.8718	6.84526	6.78489	6.87918	6.77196	6.83062	6.80869	6.80394
5.94663	6.81183	6.86266	6.83625	6.80512	6.84943	6.75722	6.82247	6.82486	6.80697
5.98791	6.81634	6.85245	6.82985	6.82177	6.85338	6.7698	6.83943	6.80275	6.78654
6.02949	6.8146	6.86919	6.82848	6.77485	6.84001	6.73945	6.83868	6.79216	6.82655
6.07135	6.79496	6.85424	6.81487	6.833	6.82506	6.72339	6.82479	6.8417	6.78249
6.1135	6.82234	6.87924	6.84094	6.77895	6.84601	6.76513	6.83772	6.82582	6.79018
6.15595	6.82746	6.8512	6.83211	6.80953	6.83429	6.78126	6.80862	6.82002	6.8426
6.19869	6.82533	6.81561	6.85261	6.78237	6.8507	6.74134	6.81436	6.80366	6.78307
6.24172	6.78998	6.85367	6.83513	6.79579	6.86321	6.75984	6.80349	6.82707	6.80272
6.28506	6.78627	6.82583	6.84401	6.82126	6.84135	6.72629	6.82963	6.82395	6.76014
6.3287	6.82075	6.82488	6.8282	6.80419	6.8561	6.74704	6.83805	6.83475	6.80498
6.37264	6.80882	6.83612	6.85034	6.82297	6.82235	6.74874	6.846	6.85014	6.84545
6.41687	6.81421	6.82287	6.81494	6.81951	6.8411	6.72494	6.81943	6.79906	6.80836
6.46142	6.80087	6.84897	6.81121	6.80526	6.86874	6.71958	6.82753	6.81331	6.80411
6.50629	6.79309	6.85583	6.84333	6.81648	6.81869	6.74676	6.82426	6.79262	6.8135
6.55145	6.78147	6.8222	6.79133	6.81371	6.86808	6.75879	6.83286	6.8036	6.81938
6.59694	6.80221	6.83042	6.82364	6.83726	6.8519	6.76498	6.81894	6.82573	6.81522
6.64274	6.8282	6.8368	6.80702	6.79659	6.8239	6.72038	6.81858	6.793	6.76612
6.68885	6.82543	6.84621	6.82976	6.80781	6.81565	6.75762	6.81038	6.81882	6.81194
6.73527	6.83531	6.87096	6.78752	6.81736	6.81548	6.73619	6.8104	6.78663	6.80106
6.78204	6.81835	6.83167	6.78838	6.79544	6.84075	6.77578	6.78036	6.79597	6.8032
6.82911	6.80928	6.86865	6.79912	6.79367	6.8127	6.75373	6.83508	6.79964	6.80151
6.87652	6.80924	6.8475	6.79389	6.78202	6.84534	6.76174	6.82702	6.80585	6.81449
6.92426	6.80323	6.84903	6.81421	6.80459	6.84619	6.76385	6.81226	6.79536	6.82146
6.97232	6.79606	6.84427	6.80202	6.80121	6.84785	6.73291	6.81845	6.81159	6.81347
7.02072	6.8029	6.83753	6.80333	6.79926	6.83399	6.7472	6.8224	6.84746	6.81017
7.06946	6.8214	6.86289	6.78323	6.80231	6.84603	6.75094	6.79905	6.80436	6.82302
7.11853	6.79023	6.8671	6.782	6.79951	6.82687	6.7518	6.807	6.82587	6.82974
7.16794	6.81857	6.83857	6.81937	6.79596	6.81735	6.72744	6.82578	6.79972	6.81043
7.2177	6.81632	6.85202	6.82074	6.80826	6.84045	6.76526	6.82207	6.79888	6.8093
7.2678	6.827	6.84577	6.80716	6.81581	6.83998	6.74737	6.81732	6.81075	6.8294
7.31825	6.81245	6.83681	6.83205	6.79181	6.85243	6.73984	6.84963	6.82715	6.83328
7.36904	6.80554	6.84126	6.81256	6.81784	6.84072	6.74997	6.80722	6.82047	6.82785
7.42019	6.80143	6.82778	6.79758	6.79668	6.84377	6.74946	6.84292	6.81379	6.80032
7.4717	6.7894	6.8632	6.83608	6.78339	6.84968	6.73856	6.8265	6.82473	6.80231
7.52355	6.80262	6.82173	6.83451	6.81447	6.85236	6.74509	6.81968	6.82466	6.80059
7.57578	6.81994	6.83232	6.84104	6.79217	6.83362	6.74962	6.80548	6.78879	6.80748
7.62836	6.80977	6.83821	6.83163	6.80473	6.84739	6.78765	6.80537	6.82009	6.81972
7.6813	6.79286	6.83638	6.80052	6.82034	6.85055	6.74026	6.84045	6.80824	6.7915
7.73461	6.81252	6.82501	6.83967	6.78875	6.85386	6.75446	6.81501	6.79598	6.80669
7.7883	6.83405	6.84341	6.82065	6.81647	6.84978	6.76321	6.79266	6.81468	6.82234
7.84236	6.79034	6.85984	6.84424	6.82442	6.86652	6.76559	6.81387	6.82681	6.80568
7.89679	6.8094	6.87938	6.85115	6.79243	6.85738	6.75625	6.82125	6.79735	6.81897
7.95159	6.83967	6.84463	6.85985	6.80133	6.81396	6.74438	6.80975	6.83685	6.79847
8.00677	6.80181	6.88612	6.81609	6.8142	6.81902	6.72332	6.82241	6.81243	6.78725
8.06235	6.82994	6.83403	6.82292	6.80039	6.83903	6.74949	6.8299	6.82498	6.81756
8.1183	6.85878	6.84829	6.81627	6.79063	6.82067	6.76904	6.84293	6.83841	6.79561
8.17465	6.83146	6.87373	6.84653	6.80201	6.81725	6.74846	6.83024	6.83705	6.81253
8.23137	6.79449	6.8581	6.81235	6.79367	6.83642	6.74153	6.83597	6.83596	6.81382
8.28851	6.80827	6.83608	6.80117	6.79212	6.83383	6.75515	6.81855	6.82495	6.81673
8.34603	6.82335	6.85202	6.81793	6.79508	6.84574	6.74991	6.82875	6.81486	6.80052
8.40395	6.8166	6.85689	6.80848	6.82135	6.85144	6.74881	6.82861	6.79198	6.78863
8.46227	6.80966	6.8626	6.82108	6.82606	6.86721	6.74784	6.82291	6.81196	6.82249
8.521	6.80402	6.85998	6.81086	6.80761	6.84723	6.74834	6.81626	6.79716	6.80787
8.58014	6.79741	6.86197	6.83542	6.81639	6.83927	6.76812	6.82209	6.80337	6.81695
8.63968	6.82668	6.8789	6.82223	6.81864	6.8386	6.75083	6.83461	6.78777	6.83432
8.69964	6.80346	6.83932	6.82473	6.80458	6.82907	6.72424	6.81798	6.80381	6.81698
8.76001	6.83106	6.85244	6.80775	6.82253	6.84973	6.75688	6.81355	6.78395	6.81288
8.8208	6.8137	6.84036	6.80514	6.80587	6.84457	6.74867	6.84286	6.80244	6.79542
8.88201	6.80061	6.82222	6.84159	6.79574	6.87085	6.7478	6.81402	6.81167	6.83828
8.94365	6.8247	6.85444	6.80264	6.7868	6.83962	6.76052	6.83087	6.79173	6.82138
9.00571	6.83345	6.84098	6.80037	6.81999	6.83961	6.7458	6.8296	6.78987	6.82295
9.0682	6.79085	6.85528	6.82435	6.82188	6.83178	6.75444	6.83287	6.79216	6.80136
9.13114	6.80765	6.837	6.803	6.78285	6.83284	6.74195	6.80899	6.80811	6.85189
9.1945	6.80022	6.88599	6.82923	6.81415	6.86103	6.74717	6.82734	6.80556	6.83596
9.2583	6.81534	6.85697	6.81698	6.79516	6.82569	6.77391	6.81755	6.82371	6.80755
9.32254	6.83473	6.86875	6.82335	6.7993	6.85572	6.78646	6.82709	6.79775	6.81752
9.38724	6.7969	6.85546	6.8266	6.78437	6.83727	6.76275	6.79717	6.82162	6.81779
9.45238	6.83284	6.85083	6.84051	6.80248	6.82509	6.75306	6.79976	6.80878	6.82427
9.51796	6.81121	6.8701	6.82067	6.78377	6.8389	6.74777	6.81146	6.8062	6.81789
9.58401	6.83279	6.8546	6.82282	6.81821	6.85432	6.76882	6.81389	6.79719	6.81949
9.65051	6.79628	6.84352	6.79313	6.79438	6.84566	6.76033	6.80749	6.82799	6.80661
9.71747	6.83237	6.84808	6.83519	6.80808	6.82517	6.74965	6.83224	6.80784	6.82211
9.7849	6.81194	6.83894	6.81597	6.78396	6.85033	6.75668	6.81519	6.81896	6.83871
9.8528	6.79135	6.83223	6.82122	6.80086	6.84865	6.76997	6.82812	6.8015	6.81864
9.92116	6.80572	6.83664	6.79614	6.80029	6.83492	6.7422	6.82901	6.80415	6.83825
10	6.78585	6.85657	6.81922	6.81921	6.83247	6.74464	6.8201	6.8134	6.83193