7.5E-5	8.48296	8.23206	7.95393	8.2818	8.15674	7.87528	8.22487	8.01657
1.375E-4	8.49227	8.11891	8.08012	8.10449	8.09854	7.99039	8.14421	7.98679
2.125E-4	8.50245	8.11405	8.16419	8.11065	8.15441	8.23019	8.11019	8.16322
2.75E-4	8.32886	8.12854	8.06596	8.05054	8.11279	8.14219	8.11465	8.09998
3.5E-4	8.06613	8.11019	7.91885	8.0494	8.2481	8.17142	8.25877	7.99212
4.25E-4	7.94708	8.00405	7.88454	8.00712	7.99611	8.1717	8.22514	8.02921
5E-4	8.12823	8.0445	7.98148	8.02229	8.14274	8.11652	8.1206	7.97931
5.625E-4	8.13648	8.22434	8.03278	7.94462	8.07878	8.06737	8.07692	7.97055
6.375E-4	8.21007	7.98886	8.09623	7.97324	8.18614	7.78976	8.03223	8.06399
7.125E-4	8.24718	8.09628	7.94049	8.05482	8.31952	7.56393	8.05902	8.07535
7.875E-4	8.20738	8.08964	7.9925	8.25203	8.07789	7.82695	8.15576	8.06361
8.625E-4	8.13841	8.3364	8.19463	8.22243	8.18199	7.9748	8.15892	7.9823
9.375E-4	8.26202	8.54067	8.116	8.26326	8.3704	8.02053	8.14115	7.91133
0.0010125	8.15386	8.43541	8.15273	7.9053	8.2775	7.94818	8.10874	7.9843
0.0010875	8.16105	8.31987	8.19417	7.7958	8.17757	8.07896	8.22249	8.17626
0.0011625	8.08916	8.47901	8.19575	7.83744	8.07859	8.04329	8.07722	8.27921
0.00125	8.33816	8.45298	7.9557	7.89551	8.1467	8.08773	8.19221	8.28921
0.001325	8.24128	8.40957	7.94963	7.69803	7.9237	8.12417	8.34059	8.16359
0.0014	8.19372	8.32587	8.18887	7.6976	7.86833	8.063	8.21068	8.31739
0.0014875	8.23479	8.13114	7.99534	7.8345	7.92391	8.04113	8.07052	8.32236
0.0015625	8.15228	8.17616	8.01729	7.90832	7.97535	8.17301	8.16363	8.25768
0.0016375	8.19899	8.20057	8.21908	8.00759	8.04815	8.11365	8.19057	8.21076
0.001725	8.16149	8.12046	8.3151	7.85259	8.12062	8.0581	8.1392	8.27377
0.0018	8.25394	8.21303	8.23274	8.01642	8.26892	8.04846	7.95372	8.50333
0.0018875	8.10126	8.02203	8.26265	8.06466	8.12355	7.95738	7.94602	8.2969
0.0019625	8.01829	8.08442	8.13614	8.28194	8.00313	8.13878	7.86644	8.21476
0.00205	8.15342	8.17075	8.11845	8.19468	8.10275	8.13367	7.86103	8.24301
0.0021375	8.11106	8.14035	8.2588	8.07504	8.05316	8.09501	7.95002	8.37584
0.0022125	8.13338	8.15988	8.21829	8.04441	8.18139	8.08923	7.96747	8.49862
0.0023	8.09463	8.29432	8.13343	8.04632	8.10246	8.04914	7.92969	8.37649
0.0023875	8.12386	8.03984	8.22717	7.95057	8.15051	8.18628	8.13757	8.43091
0.002475	8.20654	8.03678	8.27837	8.12628	8.19024	8.16402	8.32178	8.45444
0.0025625	7.99019	8.1723	8.26756	8.00535	8.1077	8.08639	8.22925	8.13599
0.00265	8.05745	8.06385	8.37115	7.89289	8.18591	8.14072	8.16316	8.14575
0.0027375	8.02977	8.04953	8.40727	8.01675	7.85794	8.04113	8.06525	8.30769
0.002825	8.19339	8.37341	8.04307	7.96653	8.10067	8.00379	7.94774	8.42897
0.0029125	8.19158	8.32253	7.98713	7.92349	8.10503	8.06587	7.96481	8.32526
0.003	8.1072	8.10077	8.02923	7.80313	7.96958	8.05144	8.0296	8.08271
0.0030875	8.16099	8.07976	8.0387	7.93019	8.10061	7.95405	8.01169	8.21165
0.0031875	8.11169	7.99216	8.20107	8.03547	8.14839	7.96482	8.18107	8.21627
0.003275	8.16552	8.04085	8.0919	7.9869	7.96298	8.01359	8.07148	8.37047
0.0033625	8.10544	8.09028	8.19924	7.90135	7.9282	7.94852	8.08873	8.37044
0.0034625	8.11997	8.04022	8.23793	7.94426	7.9482	7.98313	7.8567	8.2079
0.00355	8.07538	8.11951	8.03967	7.95912	8.03654	7.83641	8.01377	8.26982
0.00365	7.99012	8.03983	8.14493	7.91768	8.16312	7.77974	7.98529	8.18013
0.0037375	8.00414	7.94304	8.06703	7.79356	8.07583	7.98692	8.03078	8.0404
0.0038375	8.02251	8.09536	8.1389	7.90039	8.00394	8.0526	7.95323	8.10052
0.0039375	8.31404	8.34134	8.09065	7.7801	7.90197	8.01037	7.98101	8.22756
0.004025	8.39863	8.29431	8.03649	7.99871	8.06108	7.94651	7.92093	7.97753
0.004125	8.25715	8.29209	8.04755	8.07298	8.04635	8.01971	7.95071	7.88854
0.004225	8.13203	8.10831	8.20986	7.97769	7.99067	7.91161	7.96278	8.00604
0.004325	8.01591	8.34415	8.07497	7.80114	8.06709	7.89278	8.11349	7.99326
0.004425	8.23887	8.49513	8.00088	7.98995	8.20535	7.85511	8.04921	8.04927
0.004525	8.1503	8.31425	7.94575	7.95811	8.01746	8.01246	7.96513	8.21065
0.004625	7.99404	7.98774	8.20527	8.08707	7.98255	7.89034	7.9556	8.02471
0.004725	8.02355	8.00537	8.18694	8.11998	8.12075	7.95403	7.80857	8.08286
0.004825	8.05165	8.02792	8.08564	8.02759	7.8325	8.0041	7.95847	8.07665
0.004925	7.94675	7.89062	8.06086	8.0691	7.8551	7.98915	8.1663	8.03382
0.0050375	8.06801	8.02308	7.99566	8.03753	8.05073	8.06358	7.97404	8.07906
0.0051375	8.01563	8.21821	7.93533	7.90997	7.98707	7.8957	7.99962	8.07914
0.0052375	8.00473	8.26876	7.89549	7.75795	7.95168	8.03712	7.76663	8.28141
0.00535	7.99808	8.15773	8.11949	7.82858	7.93257	7.94821	7.66845	8.19938
0.00545	8.13825	8.12024	8.35151	7.77606	7.76303	7.87102	7.8117	8.06344
0.0055625	8.18184	7.99596	8.28464	7.80291	7.73415	7.98169	8.14685	7.88811
0.0056625	7.95547	8.19859	8.04448	7.92504	7.98722	7.98639	8.0721	7.91584
0.005775	8.07317	8.0557	8.05181	8.05124	8.17075	7.97735	7.94246	8.04679
0.0058875	8.09166	8.02956	7.92281	8.06644	7.95856	8.03847	7.98129	8.40809
0.006	7.95236	8.1899	8.01841	8.04829	7.82346	7.85657	8.06934	8.42027
0.0061125	7.96487	8.05847	8.02818	8.04173	8.15738	7.97279	8.01164	8.1844
0.0062125	8.17452	7.95193	8.10087	7.88201	8.07322	7.70484	7.93964	8.0932
0.006325	8.18718	8.14428	8.04258	7.9204	7.84242	7.92191	8.07432	8.05516
0.0064375	8.13423	8.42078	7.82993	7.98233	8.0714	8.07837	7.85844	8.07788
0.0065625	8.1411	8.22543	8.06826	7.88919	7.95697	7.86833	8.04695	7.98917
0.006675	7.96894	8.07309	8.06665	7.98366	7.93384	8.10386	8.02291	8.09865
0.0067875	7.9859	7.95817	7.97536	7.96995	8.03667	7.85161	8.03352	8.05826
0.0069	7.93916	8.05337	8.01018	8.09639	7.95971	7.77506	8.10371	8.01035
0.007025	7.90472	8.10724	8.07931	8.02131	7.97891	7.87637	7.93544	8.25207
0.0071375	7.93466	8.53691	8.05801	7.80796	8.03064	7.95079	7.90523	8.23133
0.0072625	7.94142	8.24937	8.04487	7.87587	8.01316	7.91773	7.91769	8.17297
0.007375	8.07375	7.9669	8.2676	7.97487	7.88342	7.99527	7.99591	8.11727
0.0075	7.9242	8.03311	8.14321	7.85184	8.01245	7.89436	8.00535	8.08152
0.007625	8.15174	8.21839	7.89825	7.9477	7.98542	8.07829	8.14081	8.12276
0.0077375	8.24655	8.35651	8.02242	7.71257	8.01861	7.77584	8.01768	8.05743
0.0078625	8.07341	8.18038	8.11969	7.85836	8.14196	8.02869	7.94496	8.14698
0.0079875	8.05072	7.86576	7.98802	7.96399	8.12463	8.00018	7.80173	8.10887
0.0081125	7.94245	8.10668	7.97468	8.00654	8.02691	7.84151	7.88864	8.31751
0.0082375	7.97109	7.89689	7.87726	8.07917	7.8658	8.0236	8.00931	8.13993
0.0083625	8.11175	8.03454	8.04829	7.97805	8.03146	7.98493	8.07611	8.17233
0.0084875	8.01618	8.07298	7.96077	7.78043	7.90607	8.02795	7.96867	7.96927
0.008625	8.12349	8.20232	8.07986	7.93046	7.88414	7.98966	7.94908	8.08528
0.00875	8.01783	8.04661	7.92462	7.89772	7.99823	7.84916	8.03013	8.11324
0.008875	8.17095	8.03489	8.07988	7.86178	8.03299	7.861	8.12304	8.04111
0.0090125	8.16333	8.14208	7.98577	7.76894	8.13014	7.82267	7.97599	7.90168
0.0091375	8.06832	8.13194	7.8586	7.86907	7.89716	7.94138	8.15321	8.12647
0.009275	8.00304	8.10861	7.92873	7.93131	8.04186	7.94528	7.93901	8.27475
0.0094125	7.8573	8.22748	8.22903	7.89749	7.90389	7.96559	7.7483	8.03594
0.0095375	8.05957	8.14576	8.17376	7.80672	7.91521	7.71511	7.92191	7.99487
0.009675	7.96706	8.02574	8.01029	7.84533	7.85441	7.93839	8.12616	7.96743
0.0098125	8.06131	7.91039	7.98737	7.91229	7.8841	7.87753	8.17146	8.19384
0.00995	8.01451	7.99408	8.04476	7.89234	7.96961	7.75918	7.98071	8.10538
0.0100875	8.00934	7.95542	7.94097	7.73174	7.89642	7.84143	7.86246	8.07362
0.010225	7.98468	8.20643	8.06159	7.94359	8.03358	7.87669	7.78075	8.00583
0.010375	7.86985	7.98807	8.06203	7.83898	8.07846	7.836	8.14358	8.13323
0.0105125	7.93159	8.15522	8.0372	8.15693	8.01415	7.91654	8.00264	8.15141
0.01065	7.83616	7.92518	7.83571	7.84931	8.26827	8.02321	7.81743	8.00561
0.0108	7.95037	7.89104	8.12358	7.93387	7.94884	7.97598	8.0501	8.00906
0.0109375	7.8023	7.85267	8.0567	7.91885	7.93254	8.03264	8.0077	7.8778
0.0110875	7.88341	8.00791	8.03329	7.99835	8.0402	8.01272	7.9727	7.90627
0.0112375	7.81023	8.06264	8.00194	7.98225	7.96429	7.75092	8.10141	8.0242
0.011375	7.69254	8.25514	8.05218	7.88524	7.80927	7.87312	7.97574	7.93719
0.011525	7.84989	8.26366	8.04459	7.81327	7.94663	8.00719	7.97755	8.08437
0.011675	8.02529	7.97779	8.01411	7.76832	8.135	7.928	8.0008	8.17111
0.011825	7.95947	7.98617	7.97547	7.94339	7.89557	7.94043	7.86193	8.08848
0.011975	7.99051	7.95313	8.21113	7.94965	7.73953	8.10073	7.84743	8.18488
0.012125	8.06472	7.75753	8.05945	7.81604	8.02855	7.75565	8.05941	8.06334
0.0122875	7.93577	7.77356	8.13212	7.99413	7.92864	7.92303	7.80505	8.0393
0.0124375	7.91891	7.82481	7.86768	8.00944	7.79493	7.82641	7.66708	8.0115
0.0126	8.06435	8.07572	7.87602	7.75008	8.06491	7.80627	7.79319	8.16904
0.01275	8.02507	8.19575	8.16676	7.89656	8.01633	7.74407	8.07071	8.18434
0.0129125	8.00976	8.04608	7.9477	7.8846	7.96475	7.93641	7.97609	8.07225
0.0130625	7.98269	8.03919	7.9988	7.88875	7.93915	7.76502	7.94204	8.10783
0.013225	7.85434	8.19343	8.06043	7.93236	7.87926	7.88769	7.93849	8.01991
0.0133875	7.86454	8.07849	7.98466	7.77277	8.06934	7.89502	7.86488	8.11594
0.01355	7.83874	7.90228	8.02695	7.7251	7.97774	7.86228	8.02705	8.02058
0.0137125	7.88767	7.80575	8.01978	7.60455	7.89861	7.74829	7.83984	7.99574
0.013875	8.06687	7.8988	7.93189	7.73514	7.85253	7.64738	7.95405	8.19648
0.0140375	7.80722	7.87755	7.9559	7.81801	7.77408	7.5897	7.8069	8.00124
0.0142125	7.88138	7.96139	7.97081	7.9372	7.86349	7.79887	7.78283	8.02614
0.014375	7.90409	7.86384	7.88372	7.73788	7.98526	7.93144	7.90621	8.05522
0.01455	7.95481	7.99341	8.08915	7.95108	7.90053	8.11011	7.93398	8.00231
0.0147125	7.79752	8.10122	8.02554	7.88322	7.93978	8.10468	8.08661	8.01524
0.0148875	8.0318	7.98031	8.01546	7.9113	8.01669	7.82106	8.02103	7.96609
0.0150625	7.89376	7.93985	7.98497	7.96138	7.88042	7.86245	7.89881	8.0679
0.0152375	7.88757	7.99284	7.88987	7.87935	7.88851	7.9679	7.95661	7.89662
0.0154125	7.89556	8.0858	8.06042	7.8111	7.99331	7.87518	7.97157	8.04141
0.0155875	7.82496	7.7945	8.09077	7.56759	7.64088	7.69565	7.82022	8.0406
0.0157625	7.77135	7.99824	7.98822	7.73229	7.87332	7.9051	7.9381	7.9799
0.0159375	8.04581	7.88776	7.70816	7.88332	7.7188	7.84384	7.90218	7.92373
0.016125	7.92496	8.0745	7.78706	8.0207	7.80423	7.80303	7.98783	7.98363
0.0163	7.94681	7.94635	7.57672	7.81924	8.00458	7.86013	7.76494	7.99728
0.0164875	7.72288	7.98347	7.86655	7.63302	7.92667	7.73435	7.87336	8.05627
0.0166625	7.83134	8.0124	7.98034	7.76733	7.91847	7.7968	7.87739	8.13865
0.01685	7.75077	8.12256	7.83128	7.85306	8.01957	7.80221	7.83222	7.95276
0.0170375	7.9882	8.01533	8.07911	7.89841	8.18222	7.75152	7.9177	8.04641
0.017225	7.7453	7.97794	7.9681	7.84434	7.99174	7.94065	7.6511	7.97917
0.0174125	7.78399	7.91827	8.00443	7.81975	7.76812	7.84051	7.77569	8.19017
0.0176	7.99747	8.10072	7.88479	7.73854	7.74104	7.83591	7.85646	8.04891
0.0178	8.0117	8.06048	7.89102	7.91325	7.76841	7.78669	7.68671	8.09618
0.0179875	7.83751	7.71084	7.92949	7.95545	7.7931	7.61271	7.79637	8.0354
0.0181875	7.96504	7.80678	7.95458	7.79181	8.07973	7.80049	7.86314	7.8583
0.018375	7.89866	7.87043	8.0265	7.80892	7.87748	7.76792	7.86185	7.92025
0.018575	7.91472	7.92353	8.1525	7.79024	7.89646	7.82436	7.82194	8.013
0.018775	7.98466	7.93851	8.04212	7.64517	7.8859	7.93279	7.8787	8.00859
0.018975	7.9802	7.83681	8.02765	7.70501	7.90471	7.82726	7.89869	7.851
0.019175	8.02582	8.01894	7.92024	7.56722	7.96772	7.86782	7.98202	7.9885
0.019375	7.76804	8.02497	7.87324	7.90892	7.72014	7.97523	7.91543	7.9713
0.019575	7.94207	8.04405	7.93249	7.8038	7.67618	7.91943	7.9294	7.86325
0.0197875	7.97098	7.97109	7.88843	8.01225	7.81055	7.91389	7.77584	8.03469
0.0199875	7.91038	7.91672	7.68157	7.82316	7.88579	7.78844	7.75843	8.13298
0.0202	7.97666	7.83977	7.73354	7.93224	7.81198	7.8274	7.84188	8.11788
0.0204125	7.72332	8.04738	7.87142	7.72861	7.94502	8.04469	7.88191	7.98669
0.020625	7.73846	7.73982	7.84772	7.91926	7.84272	7.77765	7.96937	7.95126
0.0208375	7.77164	7.86262	7.92397	7.74549	8.00235	7.75035	7.91561	7.83839
0.02105	7.9489	7.8444	7.84522	7.80649	7.75674	7.71682	7.8966	7.88071
0.0212625	7.94115	7.88315	7.75337	7.8497	7.71647	7.72459	7.98083	7.9719
0.021475	7.93335	7.89067	7.84789	7.82578	7.89985	7.80023	7.9139	8.03361
0.0217	7.99961	7.96913	8.06001	7.93382	7.73697	7.79931	7.78579	7.94581
0.0219125	7.8085	8.12745	7.96819	7.80369	7.74778	7.96579	7.85491	7.81279
0.0221375	8.03108	8.08525	7.83022	7.71508	7.89543	7.68355	7.98159	7.93188
0.0223625	7.90657	8.05246	7.83076	7.73292	7.87458	7.7591	7.8838	7.95315
0.0225875	7.80204	7.90191	7.95438	7.71702	7.80406	7.83806	7.96359	7.89456
0.0228125	7.82881	7.92031	7.97391	7.71317	7.82625	7.98561	7.7863	7.82603
0.0230375	7.83767	7.86607	7.82798	7.92875	7.74055	7.94845	7.93362	7.99938
0.0232625	8.05433	7.8028	7.90982	7.6868	7.73826	7.81862	7.7362	7.91142
0.0235	7.94615	7.77685	7.83809	7.73314	7.801	7.74189	7.99323	8.03499
0.023725	7.84178	7.73938	7.85479	7.90992	7.86365	7.79117	7.88741	7.9225
0.0239625	7.75115	7.87596	7.88424	7.58601	7.84377	7.61626	7.73415	8.15318
0.0242	7.72845	7.90702	7.92747	7.76142	7.7984	7.93149	7.8327	8.03067
0.0244375	7.85658	8.03758	7.95298	7.7343	7.82695	7.81766	7.79548	8.09992
0.024675	8.08263	7.96086	8.10365	7.7821	7.5316	7.80601	7.94561	7.90821
0.0249125	7.90345	7.90504	7.91659	7.85141	7.84554	7.71681	7.95734	7.98061
0.02515	7.71431	7.79616	7.74651	7.622	7.8211	7.84945	7.80116	8.079
0.0254	7.91657	7.77065	7.83189	7.79172	7.67233	7.73991	7.8084	7.85045
0.02565	7.65949	8.05395	7.86363	7.69428	7.7735	7.6092	7.91165	7.89712
0.0258875	7.81064	7.84813	7.74359	7.75754	7.85317	7.70836	7.94607	7.81394
0.0261375	7.91525	7.90116	7.97789	7.83716	7.7648	7.66831	7.61746	7.83677
0.0263875	7.97696	7.85368	7.75164	7.87234	7.8421	7.75341	7.61778	7.80428
0.02665	7.93782	7.78245	8.0126	7.80566	7.98821	7.72851	7.80198	7.91901
0.0269	7.87446	7.95506	7.8207	7.75404	7.75916	7.66412	7.75454	7.84925
0.02715	7.91879	7.78184	7.76602	7.76271	7.68936	7.71085	7.9229	7.79456
0.0274125	7.7951	7.78028	7.90255	7.87445	7.78803	7.70484	7.88803	7.79528
0.027675	7.81202	7.81324	7.84759	7.75497	7.7226	7.55437	7.71523	7.71682
0.0279375	7.86974	7.86458	7.81952	7.61432	7.76168	7.58949	7.78087	7.93535
0.0282	7.76423	7.80353	7.88017	7.67629	7.7838	7.66341	7.98357	8.00541
0.0284625	7.85918	7.80853	7.80076	7.7914	7.85841	7.81905	7.97998	7.92563
0.028725	7.68498	7.90846	7.89953	7.80838	7.81088	7.60095	7.79498	7.88671
0.029	7.7693	7.86458	7.74735	7.68421	7.76603	7.57617	7.88972	7.75825
0.0292625	7.75411	7.68474	7.79333	7.85153	7.72141	7.60938	7.84016	7.87181
0.0295375	7.90697	7.67329	7.94785	7.82862	7.68037	7.71162	7.83736	7.7423
0.0298125	7.95676	7.88047	7.75172	7.84214	7.76481	7.77915	7.73839	7.8883
0.0300875	7.86449	8.07125	7.74013	7.725	7.88002	7.71056	7.74759	7.94586
0.0303625	7.78361	8.02825	7.84034	7.77341	7.90813	7.78378	7.9641	7.94153
0.03065	7.64678	7.94972	7.8596	7.64476	7.75368	7.6911	7.84245	7.98624
0.030925	7.70859	7.92788	7.83565	7.52697	7.81851	7.55676	7.77273	7.77702
0.0312125	7.80154	7.81892	7.78054	7.69797	7.47486	7.64867	7.78774	8.01301
0.0315	7.86989	7.8636	7.7379	7.75647	7.68275	7.63719	7.70357	7.84793
0.0317875	7.77353	7.93028	7.7461	7.75824	7.83727	7.46006	7.82556	7.82765
0.032075	7.81851	7.79564	7.8355	7.77541	7.90635	7.85021	7.79923	7.9868
0.0323625	7.59098	7.79713	7.91202	7.68952	7.62042	7.48298	7.684	7.93027
0.0326625	7.73983	7.94073	7.77278	7.67525	7.6385	7.51595	7.72165	7.68838
0.03295	7.71572	7.8804	7.82737	7.65935	7.72636	7.6608	7.72317	7.7915
0.03325	7.63072	7.68307	7.87301	7.63988	7.80271	7.52966	7.72752	7.97749
0.03355	7.81378	7.69076	7.75604	7.6959	7.81431	7.60752	7.67062	7.83891
0.03385	7.86669	7.75959	7.83654	7.63253	7.78994	7.59569	7.80022	7.89898
0.0341625	7.89603	7.8503	7.73387	7.62637	7.72698	7.63714	7.76128	7.66773
0.0344625	7.88747	7.64066	7.81711	7.60044	7.61309	7.76129	7.71518	7.92038
0.034775	7.75135	7.93392	7.80061	7.74496	7.61038	7.459	7.71103	7.86962
0.0350875	7.66998	7.87761	7.67646	7.6214	7.68344	7.65571	7.74759	7.72185
0.0354	7.66607	7.97332	7.69623	7.63996	7.70513	7.69194	7.73347	7.96017
0.0357125	7.73474	7.88646	7.82078	7.70483	7.55614	7.59906	7.71773	7.92299
0.036025	7.95091	7.63661	7.76496	7.52644	7.75227	7.68666	7.79599	7.87466
0.03635	7.80806	7.81617	7.68094	7.76187	7.66982	7.73118	7.67112	7.75909
0.0366625	7.72076	7.72314	7.57765	7.59795	7.72588	7.60591	7.81486	7.78918
0.0369875	7.70255	7.79919	7.79289	7.67958	7.58588	7.56611	7.68268	7.71639
0.0373125	7.75565	7.65189	7.79663	7.69311	7.53615	7.72259	7.92902	7.60427
0.0376375	7.5784	7.85684	7.77373	7.75432	7.62533	7.66349	7.82633	7.71841
0.037975	7.58625	7.89784	7.82747	7.68035	7.65949	7.62196	7.63019	7.72533
0.0383	7.66911	7.74041	7.91034	7.52058	7.65835	7.65044	7.6915	7.84296
0.0386375	7.72093	7.69711	7.71315	7.72426	7.66303	7.69418	7.73237	7.84762
0.038975	7.66802	7.66694	7.71009	7.58927	7.77763	7.70718	7.61846	7.76524
0.0393125	7.68566	7.9164	7.60431	7.52467	7.60392	7.59999	7.6446	7.92042
0.0396625	7.74583	7.80192	7.7233	7.48369	7.60317	7.7502	7.61026	7.60366
0.04	7.69359	7.67024	7.72366	7.50715	7.51158	7.78502	7.74961	7.70494
0.04035	7.66317	7.63251	7.63585	7.6586	7.6774	7.5364	7.57601	7.79835
0.0407	7.70535	7.55162	7.68789	7.70978	7.56008	7.5397	7.72114	7.85108
0.04105	7.60136	7.83473	7.69481	7.67671	7.60671	7.53015	7.71994	7.72657
0.0414	7.56823	7.89923	7.72345	7.84128	7.74864	7.66087	7.62583	7.80446
0.0417625	7.59487	7.90607	7.69084	7.56599	7.70877	7.6567	7.63396	7.70098
0.042125	7.65338	7.77184	7.7333	7.49949	7.75004	7.62648	7.68507	7.76332
0.042475	7.56987	7.7692	7.71592	7.74017	7.68342	7.64817	7.5612	7.84108
0.04285	7.78696	7.71095	7.62671	7.63443	7.60695	7.40554	7.69841	7.57029
0.0432125	7.71665	7.61154	7.59658	7.71904	7.59134	7.52825	7.68849	7.67058
0.043575	7.6717	7.73093	7.59801	7.53897	7.67274	7.63067	7.56425	7.81802
0.04395	7.57368	7.75131	7.56224	7.63996	7.58281	7.61127	7.57394	7.66417
0.044325	7.39796	7.64523	7.6821	7.65103	7.54498	7.65329	7.73973	7.58991
0.0447	7.6609	7.59557	7.7145	7.72341	7.50514	7.52644	7.67804	7.78913
0.045075	7.64195	7.67592	7.58069	7.57338	7.62782	7.53239	7.73751	7.72929
0.0454625	7.64629	7.88356	7.63291	7.61195	7.52372	7.60181	7.68877	7.78153
0.04585	7.46566	7.79113	7.78432	7.58429	7.6945	7.66786	7.73666	7.79176
0.0462375	7.57586	7.63705	7.72951	7.65037	7.63624	7.68975	7.51966	7.63519
0.046625	7.67063	7.57606	7.68629	7.64817	7.69415	7.58388	7.53007	7.80901
0.0470125	7.67902	7.67797	7.62627	7.51597	7.592	7.55938	7.60223	7.81543
0.0474125	7.65806	7.8282	7.68225	7.5179	7.70406	7.66441	7.72324	7.87965
0.0478125	7.5224	7.87153	7.5891	7.43335	7.63721	7.75996	7.736	7.76532
0.0482125	7.47728	7.83036	7.6765	7.60721	7.5972	7.43362	7.53705	7.66665
0.0486125	7.57662	7.75053	7.64078	7.41713	7.60315	7.62761	7.76201	7.61477
0.049025	7.61991	7.79614	7.59103	7.55866	7.58861	7.64092	7.49072	7.73553
0.049425	7.59228	7.65886	7.59371	7.48455	7.53553	7.60016	7.54204	7.57915
0.0498375	7.7062	7.74287	7.59066	7.56688	7.57055	7.61882	7.59076	7.67247
0.05025	7.61573	7.67368	7.62747	7.63899	7.58527	7.45409	7.62638	7.65262
0.050675	7.65992	7.57361	7.60473	7.53983	7.56102	7.59789	7.66015	7.638
0.0511	7.66366	7.7024	7.57977	7.52336	7.65536	7.58864	7.56952	7.73045
0.0515125	7.59595	7.7454	7.55789	7.59227	7.6289	7.49402	7.66576	7.70929
0.05195	7.52277	7.68771	7.56822	7.52362	7.50047	7.51746	7.69803	7.62551
0.052375	7.55936	7.66863	7.66967	7.54764	7.68771	7.39746	7.65615	7.7468
0.0528	7.60426	7.66818	7.64757	7.53385	7.61385	7.46822	7.53015	7.72207
0.0532375	7.59631	7.57642	7.61789	7.58698	7.47686	7.41505	7.61607	7.62174
0.053675	7.64359	7.50544	7.59282	7.58783	7.64605	7.48726	7.52283	7.60049
0.054125	7.57003	7.70719	7.64216	7.61115	7.68118	7.55084	7.5348	7.73014
0.0545625	7.68744	7.56756	7.56403	7.5572	7.53073	7.61022	7.59279	7.6822
0.0550125	7.65202	7.67936	7.53155	7.46175	7.67158	7.48791	7.62459	7.64056
0.0554625	7.72932	7.55946	7.58177	7.58069	7.44289	7.42074	7.54899	7.69
0.0559125	7.48916	7.53221	7.47656	7.55182	7.55561	7.51528	7.64252	7.78426
0.056375	7.53306	7.47901	7.4675	7.57347	7.62724	7.49589	7.55229	7.636
0.0568375	7.55876	7.69438	7.4524	7.44065	7.59809	7.53252	7.49976	7.4915
0.0573	7.53739	7.63768	7.66671	7.3658	7.67289	7.42776	7.59554	7.58831
0.0577625	7.68579	7.58642	7.50078	7.50239	7.71612	7.59317	7.54052	7.73171
0.0582375	7.56837	7.68966	7.42358	7.49642	7.44588	7.43154	7.53167	7.57928
0.0587125	7.60047	7.58442	7.43452	7.51115	7.51157	7.52744	7.56797	7.56741
0.0591875	7.51752	7.54537	7.42935	7.59007	7.50975	7.41052	7.54698	7.66898
0.0596625	7.50385	7.65586	7.55554	7.49509	7.62745	7.53863	7.48445	7.6564
0.06015	7.6654	7.68974	7.52128	7.40577	7.51791	7.48875	7.58735	7.65901
0.0606375	7.48261	7.45025	7.41743	7.52511	7.48076	7.46765	7.58636	7.64935
0.061125	7.558	7.51105	7.40526	7.51224	7.64167	7.51089	7.52015	7.57364
0.0616125	7.60294	7.63823	7.64031	7.32978	7.53246	7.54533	7.49647	7.57979
0.0621125	7.5012	7.6809	7.54803	7.56532	7.50367	7.34221	7.43401	7.66899
0.0626125	7.51341	7.58393	7.32279	7.49945	7.43648	7.4317	7.4787	7.52727
0.0631125	7.5629	7.53524	7.51843	7.44465	7.50965	7.51919	7.4852	7.5149
0.063625	7.62034	7.57946	7.53595	7.46404	7.49897	7.47241	7.57847	7.58375
0.064125	7.50577	7.67721	7.56538	7.48389	7.6121	7.57732	7.5693	7.59662
0.06465	7.55117	7.62037	7.49338	7.51637	7.59594	7.56275	7.43762	7.63854
0.0651625	7.65922	7.62969	7.45452	7.4478	7.41502	7.47028	7.38526	7.42967
0.0656875	7.57323	7.57514	7.52473	7.42176	7.53209	7.41155	7.55292	7.62242
0.0662125	7.60084	7.44788	7.50211	7.39701	7.54012	7.37964	7.60448	7.58647
0.0667375	7.51265	7.51943	7.51809	7.4701	7.51805	7.29882	7.67143	7.58097
0.0672625	7.58356	7.58939	7.51423	7.44577	7.39385	7.33102	7.61027	7.60447
0.0678	7.5566	7.54379	7.47756	7.55721	7.42958	7.48971	7.50421	7.55612
0.0683375	7.49812	7.51368	7.54039	7.43834	7.46874	7.33186	7.48567	7.58483
0.0688875	7.58922	7.63627	7.46728	7.33067	7.40803	7.40104	7.52993	7.68808
0.0694375	7.3886	7.56507	7.4988	7.45272	7.52171	7.44788	7.57948	7.49195
0.0699875	7.52506	7.6655	7.44114	7.48892	7.35802	7.50312	7.38834	7.73317
0.0705375	7.49534	7.55957	7.42538	7.495	7.47624	7.37374	7.61808	7.63493
0.0711	7.40745	7.70672	7.3866	7.35897	7.4595	7.40172	7.47138	7.61224
0.0716625	7.5146	7.54616	7.46472	7.46743	7.54772	7.466	7.46817	7.46901
0.072225	7.48687	7.63342	7.42478	7.50497	7.46971	7.29736	7.4728	7.51493
0.0728	7.42502	7.53668	7.38226	7.4287	7.52752	7.45592	7.53618	7.63417
0.0733625	7.47679	7.5374	7.47609	7.56081	7.51262	7.31392	7.49086	7.52184
0.07395	7.50217	7.63839	7.46521	7.51479	7.44583	7.47871	7.44999	7.52536
0.074525	7.50138	7.60803	7.41218	7.49315	7.40039	7.48424	7.51212	7.595
0.0751125	7.50536	7.73955	7.45895	7.53418	7.3936	7.4097	7.42557	7.51995
0.0757	7.54317	7.58827	7.32837	7.53283	7.30112	7.25738	7.45844	7.57323
0.0763	7.41744	7.46128	7.43834	7.33141	7.3642	7.3858	7.42201	7.55879
0.0769	7.44126	7.60874	7.54314	7.26078	7.44991	7.31874	7.41882	7.5001
0.0775	7.41157	7.56194	7.59188	7.37089	7.48998	7.27906	7.50786	7.54117
0.0781	7.37993	7.50066	7.44207	7.35079	7.3947	7.34418	7.44698	7.48535
0.0787125	7.36011	7.54533	7.36556	7.43633	7.39377	7.4307	7.49918	7.51964
0.079325	7.32536	7.40982	7.44743	7.44755	7.33429	7.26693	7.49095	7.57855
0.07995	7.36263	7.38394	7.37347	7.42295	7.40473	7.38284	7.36345	7.47715
0.080575	7.50632	7.38193	7.42767	7.33715	7.4261	7.41194	7.41181	7.5651
0.0812	7.45179	7.58788	7.38725	7.33288	7.36183	7.44469	7.50519	7.50202
0.0818375	7.38738	7.50766	7.3662	7.33834	7.42923	7.36349	7.33454	7.56631
0.082475	7.45486	7.63713	7.31467	7.3536	7.42082	7.33845	7.60159	7.44956
0.0831125	7.3697	7.51852	7.39753	7.41627	7.40247	7.40472	7.42355	7.40497
0.08375	7.40417	7.42817	7.3914	7.3941	7.36129	7.39064	7.37697	7.48035
0.0844	7.515	7.47407	7.35612	7.34835	7.45082	7.35353	7.3555	7.46442
0.0850625	7.34286	7.45408	7.34352	7.27333	7.27423	7.29711	7.49723	7.44748
0.085725	7.38999	7.47657	7.31017	7.31934	7.4638	7.29506	7.46245	7.44752
0.0863875	7.47174	7.3795	7.25125	7.40092	7.44473	7.28841	7.36907	7.53759
0.08705	7.45504	7.5197	7.35329	7.34727	7.58001	7.32711	7.4152	7.48011
0.087725	7.34011	7.40635	7.29562	7.4109	7.35125	7.37623	7.43374	7.40362
0.0884	7.34373	7.44448	7.31878	7.34375	7.35671	7.33345	7.48233	7.44055
0.0890875	7.35587	7.46581	7.35563	7.35588	7.43921	7.39141	7.36249	7.46032
0.089775	7.35642	7.41389	7.3551	7.44808	7.43564	7.3255	7.4271	7.43926
0.0904625	7.30702	7.39202	7.33917	7.45598	7.43534	7.30491	7.41086	7.37664
0.0911625	7.31359	7.51481	7.31205	7.35237	7.43306	7.3472	7.38855	7.41805
0.0918625	7.30684	7.4777	7.41719	7.38597	7.38534	7.30454	7.37025	7.46394
0.0925625	7.40051	7.47065	7.35302	7.3603	7.31922	7.15306	7.30002	7.40403
0.093275	7.31806	7.42467	7.29527	7.36629	7.44206	7.29272	7.23507	7.47307
0.0939875	7.35909	7.45891	7.2758	7.42712	7.32612	7.32088	7.29454	7.36816
0.0947125	7.36351	7.40986	7.38534	7.31064	7.29697	7.33211	7.39977	7.42071
0.0954375	7.31486	7.40381	7.2397	7.23515	7.35216	7.36248	7.37995	7.39388
0.096175	7.31623	7.37605	7.32249	7.30924	7.40476	7.29736	7.36556	7.4381
0.0969	7.35837	7.37395	7.26247	7.4311	7.29321	7.32875	7.32222	7.32267
0.09765	7.40499	7.41487	7.28617	7.36549	7.27473	7.25236	7.32379	7.36011
0.0983875	7.3805	7.44428	7.21912	7.43106	7.32086	7.33398	7.26084	7.39383
0.09915	7.33649	7.30065	7.26958	7.33586	7.3793	7.28112	7.32117	7.38408
0.0999	7.29861	7.28139	7.2248	7.26245	7.2949	7.18906	7.28313	7.46265
0.100662	7.38968	7.38898	7.26428	7.25185	7.27804	7.22783	7.3818	7.31053
0.101425	7.28779	7.44559	7.26786	7.27261	7.28011	7.14027	7.34026	7.38229
0.1022	7.22958	7.33915	7.35742	7.26515	7.34185	7.32685	7.30163	7.44093
0.102975	7.33299	7.39928	7.26173	7.2657	7.21911	7.30277	7.24927	7.36757
0.103762	7.34896	7.31284	7.27769	7.25851	7.202	7.26368	7.31354	7.37863
0.10455	7.25622	7.28283	7.28595	7.32594	7.31941	7.32847	7.34077	7.35836
0.10535	7.32827	7.27448	7.28975	7.25684	7.26196	7.23199	7.37778	7.44245
0.10615	7.33959	7.31124	7.29771	7.26176	7.20694	7.16593	7.32943	7.33412
0.10695	7.27369	7.4337	7.31733	7.19943	7.29706	7.23279	7.26325	7.3423
0.107763	7.36428	7.33327	7.28534	7.30489	7.39855	7.18684	7.34938	7.3488
0.108575	7.22107	7.311	7.23605	7.31449	7.20497	7.28386	7.3731	7.41897
0.1094	7.3871	7.34439	7.34603	7.25609	7.2439	7.24829	7.31416	7.37174
0.110225	7.28196	7.41691	7.32534	7.24602	7.21993	7.1987	7.38913	7.30307
0.111062	7.25346	7.28809	7.19227	7.36754	7.28238	7.28702	7.30071	7.47674
0.1119	7.27051	7.32202	7.24544	7.19114	7.36055	7.17997	7.24902	7.29636
0.11275	7.28727	7.36634	7.31563	7.2582	7.30361	7.17111	7.2452	7.34416
0.1136	7.28095	7.35692	7.29308	7.27112	7.19839	7.21606	7.29793	7.33915
0.11445	7.23829	7.40963	7.32398	7.31956	7.29543	7.13972	7.40696	7.34303
0.115313	7.38756	7.34909	7.16165	7.18988	7.30236	7.09487	7.35853	7.3462
0.116187	7.26839	7.31836	7.3036	7.20158	7.23634	7.13693	7.2729	7.24417
0.117063	7.29811	7.33947	7.22497	7.13655	7.24659	7.14829	7.23087	7.41954
0.117937	7.17255	7.24454	7.20982	7.21878	7.22305	7.18892	7.19012	7.24984
0.118825	7.20586	7.32678	7.23883	7.23016	7.21529	7.15842	7.28886	7.34554
0.119713	7.2544	7.2903	7.27743	7.29868	7.24348	7.28471	7.21644	7.28965
0.120613	7.23444	7.29816	7.16153	7.29623	7.2277	7.19244	7.21511	7.2915
0.121525	7.19412	7.2584	7.20424	7.14537	7.22689	7.14919	7.12898	7.2623
0.122437	7.15929	7.20464	7.15632	7.22765	7.21022	7.16722	7.25036	7.30222
0.12335	7.17618	7.24575	7.12622	7.12844	7.22491	7.15724	7.3564	7.33594
0.124275	7.19538	7.38437	7.24087	7.16904	7.24422	7.18637	7.23134	7.22109
0.125213	7.23473	7.34899	7.2519	7.19597	7.1735	7.23164	7.25658	7.20486
0.12615	7.26715	7.25404	7.22109	7.19186	7.24506	7.20408	7.27242	7.34766
0.127088	7.146	7.21963	7.25049	7.19792	7.23165	7.04019	7.21208	7.39971
0.128037	7.2329	7.06189	7.21849	7.14958	7.25247	7.20766	7.25899	7.32426
0.129	7.28663	7.2037	7.18303	7.20206	7.25901	7.0335	7.23964	7.13467
0.129963	7.22154	7.22166	7.11813	7.19433	7.1511	7.10929	7.18083	7.21873
0.130925	7.15934	7.22485	7.16202	7.21071	7.13901	7.11309	7.26418	7.28934
0.1319	7.21834	7.26148	7.09019	7.10691	7.17823	7.11713	7.20759	7.22893
0.132887	7.24459	7.19655	7.10782	7.10057	7.1905	7.1233	7.25058	7.35353
0.133875	7.27683	7.31819	7.21183	7.08745	7.133	7.13439	7.25604	7.21444
0.134875	7.12062	7.2438	7.19742	7.18243	7.2452	7.20666	7.20967	7.29736
0.135888	7.27713	7.24025	7.14069	7.19149	7.17514	7.16111	7.11302	7.24677
0.136888	7.20422	7.18863	7.20166	7.13238	7.2108	7.0141	7.17909	7.21684
0.137912	7.22328	7.22033	7.13942	7.17728	7.1211	7.11835	7.13876	7.18449
0.138938	7.28714	7.18204	7.06378	7.16012	7.13242	7.09253	7.20281	7.26332
0.139962	7.17652	7.26564	7.07908	7.1096	7.20377	7.08815	7.14658	7.16851
0.141013	7.12867	7.23854	7.13966	7.19406	7.14951	7.22691	7.26001	7.19669
0.14205	7.19946	7.31639	7.20333	7.21084	7.21264	7.11338	7.14471	7.29872
0.143112	7.16412	7.23381	7.16294	7.17418	7.10969	7.19619	7.11265	7.17567
0.144175	7.21336	7.27273	7.16231	7.21082	7.13601	7.09937	7.11391	7.24857
0.145238	7.18715	7.15278	7.06485	7.20179	7.16294	7.0912	7.15201	7.26845
0.146313	7.20972	7.2657	7.11792	7.05787	7.13191	7.13104	7.1575	7.17379
0.1474	7.0638	7.15427	7.16024	7.1053	7.1421	7.06191	7.17386	7.16672
0.148487	7.13757	7.19266	7.22781	7.12133	7.11919	7.04131	7.08335	7.11881
0.149587	7.2408	7.29782	7.01555	7.17957	7.08064	7.13914	7.10976	7.12812
0.1507	7.20174	7.20708	7.15356	7.16778	7.14086	7.09053	7.13614	7.14962
0.151812	7.1996	7.26174	7.09892	7.03974	7.16443	7.12171	7.13643	7.17545
0.152925	7.16772	7.22996	7.09472	7.09418	7.11231	7.09763	7.18644	7.24547
0.154062	7.0659	7.0558	7.11493	7.12476	7.09809	7.0999	7.2224	7.18316
0.1552	7.13547	7.29464	7.07512	6.98153	7.04019	7.09838	7.15281	7.23886
0.156337	7.07427	7.2034	7.15656	7.13338	7.10513	7.12116	7.23364	7.16506
0.1575	7.10633	7.19239	7.04898	7.03953	7.07671	7.10903	7.05773	7.2282
0.15865	7.09507	7.17126	7.03154	7.07246	7.03225	7.13417	7.18882	7.28384
0.159825	7.12872	7.16789	7.11568	7.04612	7.10159	7.04922	7.1077	7.10681
0.161	7.12947	7.11554	7.06893	7.14095	7.144	7.09179	7.09969	7.28717
0.162188	7.21735	7.18763	7.11949	7.04745	7.1573	7.05482	7.12138	7.20833
0.163375	7.11746	7.17421	7.09021	7.13009	7.04776	7.0603	7.0807	7.13294
0.164587	7.14077	7.17551	7.03582	7.05264	7.09987	7.02159	7.15699	7.1715
0.165788	7.136	7.21782	7.07698	6.9996	7.10121	7.00102	7.14004	7.18023
0.167012	7.1487	7.21342	7.06289	7.00045	7.0932	7.01284	7.12739	7.12267
0.168238	7.15232	7.1888	7.06534	7.17853	7.06461	7.02491	7.05849	7.1499
0.169475	7.06321	7.10887	7.06614	7.0259	7.11235	6.93507	7.02908	7.16322
0.170713	7.10123	7.04145	7.1475	7.03346	7.09268	6.97211	7.08326	7.21502
0.171975	7.04877	7.18359	7.0535	7.1127	7.04041	7.04175	7.08237	7.126
0.173238	7.06892	7.12087	7.01264	7.07941	7.08159	7.02571	7.12043	7.15566
0.1745	7.05697	7.05981	7.08836	7.03413	7.1302	6.98147	7.11904	7.21232
0.175775	7.0729	7.17448	7.0952	7.02941	7.13334	7.06629	7.07312	7.09175
0.177062	7.05202	7.17804	7.04571	7.05096	6.97928	6.9875	7.06689	7.08149
0.178363	7.03205	7.15756	6.9619	7.02003	7.01998	7.03519	7.1083	7.17313
0.179675	7.11107	7.16538	7.05433	7.00731	7.13671	7.01146	7.05194	7.11498
0.180988	7.10329	7.13861	7.03575	6.99214	7.05979	6.95721	7.11113	7.13488
0.182313	6.99001	7.04998	7.04432	7.01586	7.03055	7.00488	7.03138	7.13829
0.183637	7.09845	7.08536	6.98373	6.98555	7.04143	7.04998	7.04849	7.16284
0.184988	7.11524	7.16745	6.98829	7.05875	6.9551	7.0012	7.12498	7.10962
0.186338	7.04033	7.10474	7.06518	6.96379	7.0296	7.08864	7.07248	7.10047
0.1877	7.00412	7.11011	7.07343	6.99154	7.00958	7.01965	7.1199	7.08269
0.189063	6.99176	7.14377	7.01295	7.02035	7.09772	6.99721	7.11704	7.1451
0.19045	7.02743	7.02307	6.98834	7.07046	6.98105	6.90045	7.07525	7.09322
0.191838	6.98766	7.0326	6.97403	7.05199	6.95393	7.02435	7.09195	7.11664
0.193237	7.03938	7.1266	6.98357	6.99814	7.02119	6.92206	7.06596	7.06723
0.19465	7.08797	7.04968	7.01675	7.04733	7.0177	6.90617	6.92454	7.12917
0.196063	6.97268	7.08168	6.9405	7.05564	6.9931	6.94769	7.00149	7.15432
0.197488	6.93666	7.0464	7.00092	6.95968	7.03621	6.96331	7.02325	7.11491
0.198925	7.05673	7.07642	7.0545	7.08636	7.00558	6.96272	7.03283	7.08367
0.200375	6.96857	7.03807	6.95127	6.97604	6.9888	6.91759	7.0483	7.03036
0.201837	6.96714	7.09436	6.97844	6.99566	7.01658	6.95708	7.0021	7.12435
0.2033	6.90606	7.1151	6.96725	6.979	7.03131	6.95004	7.06846	7.05836
0.204787	7.01595	7.08545	6.93153	6.95508	7.00799	6.9492	7.00088	7.08105
0.206275	6.98062	7.10169	7.00293	6.99334	7.00154	6.93018	7.01032	7.01219
0.207775	6.98783	7.08406	6.91183	6.95908	6.94316	6.92429	6.99303	7.00136
0.209275	6.99939	7.09187	7.03539	7.02186	7.04798	6.88368	6.98008	7.12182
0.2108	7.00274	6.97444	6.93326	7.00774	6.99297	6.91287	7.02208	7.04443
0.212325	6.98895	7.01649	6.94072	6.99438	7.02595	6.9337	7.05119	6.9774
0.213875	7.04068	7.04007	6.94771	6.89512	7.02264	6.8902	7.03122	7.05297
0.215425	6.99506	7.008	6.95494	6.98309	6.991	6.91635	6.94458	7.04076
0.216988	7.06233	7.06521	6.98722	6.94426	6.97143	6.85884	6.90028	7.11427
0.218562	7.01738	7.03303	6.91856	6.98764	6.9823	6.884	6.89886	7.08521
0.22015	7.01263	7.00854	6.99938	6.91793	6.92407	6.95152	6.98767	7.06282
0.221738	6.97089	7.06647	7.00008	6.98397	6.98752	6.89837	7.05064	7.05733
0.22335	7.01278	7.0479	6.95479	6.98396	6.93873	6.84807	6.94509	7.02942
0.224963	6.93647	7.01879	6.94753	6.87168	6.89627	6.88494	6.91579	7.02166
0.226588	6.96007	7.04822	6.93975	6.98121	6.86254	6.85237	6.92253	7.03686
0.228237	6.99777	6.99523	6.9162	6.92151	6.93489	6.90508	6.98778	6.96603
0.229888	6.92295	6.94122	6.96047	6.9063	7.04939	6.87614	6.99353	6.96001
0.23155	6.90257	7.00958	6.89142	6.92563	6.96777	6.90581	6.9766	7.00259
0.233225	6.99868	6.97947	6.97786	6.88301	6.89095	6.88926	6.96705	6.99073
0.234912	6.95229	6.99117	6.94358	6.96521	6.9391	6.81286	6.96221	7.07356
0.2366	7.03567	6.9894	6.90662	6.94481	6.98228	6.87099	7.0217	7.03778
0.238312	6.98729	7.06622	6.9236	6.87782	6.94638	6.90921	6.9892	6.95705
0.240038	6.98811	7.01017	6.89272	6.94371	6.87696	6.86688	6.96329	7.00346
0.241763	6.91535	6.97802	6.92091	6.88879	6.93437	6.87145	6.94909	6.97942
0.243512	6.96756	6.94703	6.92443	6.83275	6.84753	6.88022	6.90565	6.97017
0.245275	6.99865	6.97819	6.86274	6.88958	6.93	6.90089	7.0144	7.00555
0.247038	6.9269	7.01423	6.85869	6.85357	6.89679	6.875	6.95103	7.00402
0.248825	6.97781	6.91563	6.82279	6.94099	6.90392	6.91402	6.98028	6.94861
0.250612	6.95193	6.96588	6.91015	6.89097	6.84733	6.90251	6.94324	7.01342
0.252425	6.93988	7.03827	6.91473	6.81688	6.84317	6.85205	6.90056	6.9424
0.254238	6.98048	7.04737	6.89595	6.89727	7.0317	6.88853	6.93169	7.00136
0.256075	6.97189	6.92194	6.84647	6.88687	6.90276	6.75892	6.90104	6.98791
0.257912	6.91225	6.94593	6.92586	6.87398	6.86831	6.85236	6.86195	7.07304
0.259775	6.8857	6.96329	6.87878	6.80799	6.88181	6.83074	6.92998	7.02712
0.26165	6.95408	6.98608	6.8607	6.89891	6.92087	6.76518	6.91105	6.89512
0.263525	6.90986	6.93781	6.86278	6.82777	6.91863	6.80322	6.88964	7.03528
0.265425	6.89497	6.97901	6.81154	6.83286	6.91488	6.9065	6.92907	6.93045
0.267338	6.96555	7.00592	6.86954	6.81313	6.85222	6.75532	6.92997	6.98534
0.26925	6.96733	6.9994	6.87994	6.87184	6.92589	6.77978	6.89558	6.87399
0.271188	6.86443	6.90216	6.83643	6.8631	6.97013	6.86227	6.88158	6.89708
0.273138	6.87811	6.94399	6.80241	6.86022	6.90034	6.8221	6.91943	6.93111
0.2751	6.85159	6.95123	6.9002	6.87503	6.85666	6.82115	6.97419	6.90756
0.277075	6.89157	6.89689	6.88048	6.91582	6.91937	6.793	6.94411	6.85914
0.279063	6.96536	6.98727	6.88455	6.83799	6.91059	6.84132	6.83407	6.93667
0.281075	6.94023	6.98033	6.83451	6.87319	6.8603	6.791	6.90756	6.9603
0.283087	6.86042	6.9182	6.86532	6.85341	6.86175	6.8349	6.90993	6.89015
0.285125	6.85714	6.95089	6.87775	6.85646	6.85212	6.87349	6.90514	6.99294
0.287163	6.89067	6.95115	6.83833	6.89257	6.91187	6.79732	6.87186	6.9279
0.289225	6.92685	6.88924	6.90293	6.9075	6.80092	6.76933	6.84863	6.91188
0.2913	6.91281	6.90999	6.81344	6.8486	6.86398	6.78452	6.89335	6.95967
0.293388	6.87146	6.97733	6.8164	6.89192	6.89876	6.78699	6.89869	6.94949
0.295487	6.86254	6.93385	6.85535	6.902	6.85171	6.78571	6.9039	6.88797
0.297612	6.8594	6.89486	6.81652	6.79418	6.83916	6.85101	6.80963	6.92518
0.299738	6.815	6.91157	6.82817	6.84697	6.86872	6.84865	6.86682	6.93691
0.301888	6.87618	6.85172	6.85249	6.83619	6.85568	6.78567	6.83533	6.90429
0.30405	6.89294	6.9543	6.80959	6.79757	6.8404	6.76807	6.87482	6.88018
0.306225	6.85502	6.90637	6.88248	6.86669	6.87524	6.81264	6.87206	6.84693
0.308425	6.84808	6.90511	6.81888	6.82453	6.88331	6.79149	6.86658	6.85711
0.310625	6.82648	6.92639	6.81397	6.80662	6.80781	6.785	6.85563	6.94633
0.31285	6.83949	6.89703	6.77402	6.8281	6.78018	6.82779	6.85612	6.86937
0.315087	6.81266	6.94077	6.8201	6.83034	6.85429	6.82633	6.91466	6.93689
0.317338	6.86872	6.9247	6.82874	6.77676	6.87793	6.8125	6.81244	6.92251
0.319613	6.83325	6.94815	6.82992	6.84058	6.79509	6.80931	6.86561	6.89265
0.3219	6.82423	6.88615	6.82163	6.76834	6.88207	6.78661	6.83822	6.95949
0.3242	6.85594	6.82907	6.83124	6.82848	6.83423	6.76953	6.78661	6.92621
0.326512	6.8502	6.91879	6.80107	6.84123	6.82378	6.78442	6.89207	6.91574
0.32885	6.84546	6.9247	6.81107	6.7945	6.75119	6.74624	6.854	6.83196
0.331187	6.83007	6.93412	6.82826	6.80294	6.85399	6.76005	6.83877	6.92136
0.333562	6.80665	6.89154	6.80472	6.82779	6.83298	6.80526	6.84063	6.88569
0.335938	6.82313	6.85713	6.78463	6.79535	6.77562	6.80838	6.90722	6.89582
0.338338	6.86951	6.90364	6.81522	6.74758	6.8046	6.76145	6.87299	6.88328
0.34075	6.78023	6.85195	6.79539	6.82552	6.85281	6.7381	6.78682	6.83675
0.343188	6.83339	6.93052	6.8188	6.82365	6.84857	6.77792	6.86026	6.88733
0.345638	6.80088	6.8366	6.72744	6.74545	6.81286	6.76215	6.79931	6.82455
0.3481	6.86487	6.82733	6.83366	6.8019	6.78159	6.72876	6.85145	6.87884
0.350575	6.78565	6.80284	6.7721	6.81075	6.81752	6.80191	6.85672	6.94108
0.353075	6.7947	6.86655	6.84021	6.85225	6.7935	6.78164	6.79227	6.88875
0.3556	6.77209	6.8869	6.7818	6.82843	6.79949	6.82243	6.82251	6.93234
0.358125	6.90103	6.85104	6.80727	6.77217	6.80716	6.75959	6.83138	6.85259
0.360675	6.81686	6.85566	6.7538	6.78625	6.80863	6.69383	6.81816	6.83303
0.36325	6.78578	6.82646	6.81787	6.7671	6.80471	6.71072	6.83812	6.9004
0.365838	6.80832	6.88924	6.76803	6.81054	6.83583	6.76563	6.80366	6.84933
0.368437	6.78488	6.897	6.74197	6.74584	6.79118	6.70469	6.82617	6.87388
0.371062	6.83736	6.87935	6.72436	6.78165	6.81604	6.74827	6.79586	6.80246
0.373713	6.77898	6.87113	6.77837	6.75087	6.82627	6.77248	6.81136	6.8485
0.376363	6.78994	6.86592	6.74502	6.77235	6.78302	6.77231	6.80294	6.82081
0.37905	6.82334	6.78132	6.78094	6.77634	6.78585	6.76618	6.79899	6.84528
0.381738	6.72529	6.89053	6.78276	6.77964	6.78471	6.7102	6.82196	6.87184
0.384463	6.80646	6.88768	6.81549	6.75676	6.69941	6.75709	6.84611	6.82628
0.387188	6.86039	6.87746	6.74129	6.78247	6.76155	6.75009	6.78014	6.86346
0.38995	6.75888	6.85973	6.74464	6.76402	6.80472	6.70123	6.79612	6.83379
0.392713	6.80706	6.85498	6.77236	6.80927	6.7595	6.68608	6.78633	6.89907
0.395512	6.75053	6.83526	6.73552	6.80629	6.74631	6.70445	6.79866	6.85383
0.398325	6.78687	6.84608	6.80604	6.7359	6.73253	6.77996	6.75965	6.8653
0.40115	6.77317	6.83647	6.71225	6.8189	6.7368	6.70081	6.79206	6.83311
0.404	6.79908	6.86873	6.79087	6.76291	6.76836	6.72706	6.8145	6.83548
0.406875	6.8061	6.80761	6.78043	6.71441	6.78435	6.74931	6.75882	6.86234
0.409763	6.75291	6.82432	6.78195	6.78061	6.75717	6.71156	6.7389	6.82964
0.412663	6.72433	6.8138	6.72646	6.73642	6.80792	6.72093	6.77487	6.82766
0.4156	6.73597	6.84674	6.75461	6.74668	6.77052	6.71649	6.76228	6.84068
0.41855	6.73478	6.84586	6.73826	6.75075	6.73782	6.75097	6.80706	6.82174
0.421525	6.83687	6.81687	6.74863	6.74812	6.74985	6.70048	6.77113	6.85474
0.424513	6.73138	6.84097	6.76045	6.73165	6.72036	6.73471	6.72713	6.80361
0.427525	6.76688	6.81945	6.77811	6.71386	6.76967	6.7248	6.78341	6.79498
0.43055	6.76347	6.79766	6.71107	6.74984	6.79076	6.75901	6.81727	6.86528
0.433612	6.80419	6.83081	6.73233	6.71914	6.76273	6.70496	6.77446	6.80751
0.436687	6.79279	6.80678	6.72934	6.74446	6.82161	6.69124	6.786	6.83539
0.439775	6.7535	6.82831	6.77412	6.7887	6.757	6.71257	6.83156	6.81435
0.4429	6.76562	6.83692	6.74358	6.78214	6.72533	6.70032	6.73811	6.84265
0.446038	6.76803	6.78769	6.74107	6.69016	6.74711	6.67244	6.75705	6.80555
0.4492	6.74677	6.84961	6.75397	6.69401	6.69072	6.78076	6.74853	6.795
0.452375	6.74182	6.76155	6.74992	6.75235	6.76949	6.69117	6.78009	6.76635
0.455588	6.76333	6.80606	6.71817	6.70823	6.79389	6.73879	6.84578	6.77173
0.458813	6.75388	6.79941	6.76984	6.73888	6.73366	6.70668	6.73795	6.76276
0.462063	6.7612	6.83904	6.78282	6.71821	6.73805	6.65607	6.74087	6.82616
0.465338	6.8015	6.82119	6.75577	6.69599	6.73002	6.71069	6.73668	6.77269
0.468625	6.77214	6.7984	6.7132	6.71106	6.7163	6.70164	6.74745	6.80888
0.47195	6.70489	6.77974	6.69981	6.72746	6.74407	6.68728	6.78308	6.81504
0.475287	6.73291	6.82852	6.72411	6.71488	6.7708	6.66935	6.72286	6.81214
0.47865	6.72625	6.81178	6.7107	6.73296	6.7969	6.69743	6.75287	6.78717
0.482038	6.78195	6.76324	6.69479	6.7078	6.72134	6.73176	6.74884	6.75664
0.48545	6.73781	6.86565	6.74186	6.7201	6.76609	6.66953	6.73299	6.7828
0.488887	6.77727	6.79971	6.71914	6.73013	6.77209	6.75224	6.72357	6.80508
0.492337	6.78026	6.78498	6.69987	6.71785	6.75886	6.704	6.76503	6.79314
0.495825	6.71422	6.77935	6.71798	6.75013	6.72225	6.68849	6.72445	6.79889
0.499325	6.76659	6.80406	6.74613	6.67031	6.73949	6.63309	6.72961	6.76437
0.502863	6.7602	6.78227	6.70499	6.74152	6.73697	6.72322	6.78	6.78801
0.506413	6.71273	6.79657	6.74603	6.7513	6.77948	6.67648	6.78584	6.74199
0.51	6.74387	6.73639	6.68658	6.711	6.73742	6.67333	6.68018	6.76939
0.5136	6.69228	6.78364	6.73895	6.66283	6.69454	6.65038	6.75361	6.76884
0.517225	6.73987	6.81164	6.67523	6.73859	6.71675	6.65239	6.71408	6.75896
0.520887	6.75352	6.78526	6.66922	6.7733	6.67759	6.67548	6.73291	6.77892
0.524562	6.72131	6.78182	6.70987	6.73175	6.73539	6.70381	6.73478	6.77669
0.528275	6.77764	6.76914	6.74222	6.73567	6.73427	6.66516	6.74141	6.80606
0.532	6.73541	6.79866	6.69059	6.69652	6.72676	6.64811	6.71686	6.78877
0.535762	6.72583	6.80093	6.68518	6.69813	6.72918	6.71103	6.72254	6.76197
0.539537	6.74037	6.78269	6.71264	6.69745	6.70968	6.68016	6.72407	6.76745
0.54335	6.72755	6.7864	6.69308	6.65253	6.65539	6.69051	6.71773	6.78303
0.547188	6.77932	6.78532	6.6921	6.69088	6.72183	6.70423	6.75208	6.73406
0.55105	6.71183	6.75501	6.72542	6.72039	6.69797	6.6406	6.74575	6.76605
0.554937	6.72478	6.77045	6.68269	6.72446	6.6942	6.68896	6.75467	6.73438
0.55885	6.70932	6.82594	6.68954	6.66259	6.76816	6.6538	6.75169	6.78908
0.5628	6.73679	6.73071	6.69459	6.72851	6.69017	6.66183	6.71621	6.78678
0.566763	6.72495	6.76832	6.66885	6.69482	6.70177	6.69699	6.72904	6.76162
0.570763	6.70779	6.76121	6.70259	6.71101	6.7537	6.67713	6.71435	6.75941
0.574787	6.73037	6.78414	6.67342	6.68916	6.72597	6.67705	6.71421	6.76094
0.578838	6.7218	6.76759	6.68101	6.69631	6.70314	6.66487	6.75366	6.75519
0.582925	6.73928	6.75128	6.73345	6.71231	6.68621	6.66235	6.68846	6.79534
0.587038	6.72507	6.80087	6.69779	6.6555	6.69027	6.65652	6.70344	6.75787
0.591175	6.71778	6.70726	6.67067	6.68963	6.68326	6.66922	6.71067	6.76472
0.595338	6.72107	6.77576	6.7129	6.69234	6.73509	6.67135	6.73309	6.72707
0.599537	6.71418	6.81281	6.65491	6.69356	6.73108	6.68369	6.74565	6.73958
0.603763	6.76349	6.7932	6.67863	6.69938	6.73554	6.66621	6.70463	6.77835
0.608012	6.69296	6.76222	6.6771	6.72378	6.70428	6.69783	6.70633	6.74739
0.6123	6.72973	6.73426	6.71226	6.68753	6.69418	6.66276	6.70154	6.72024
0.616612	6.70978	6.78517	6.6733	6.70408	6.69157	6.67811	6.72927	6.7409
0.620963	6.71941	6.77137	6.67965	6.6884	6.68428	6.66729	6.72797	6.71326
0.625325	6.69643	6.74703	6.68751	6.68421	6.72062	6.63603	6.71655	6.7705
0.629737	6.71788	6.75127	6.66265	6.67633	6.6865	6.70746	6.72321	6.74614
0.634175	6.6989	6.78153	6.66818	6.69722	6.67396	6.67158	6.715	6.72677
0.638637	6.66786	6.80126	6.66219	6.71773	6.7211	6.63577	6.73697	6.78173
0.643125	6.70249	6.76014	6.70846	6.69316	6.70659	6.67065	6.68626	6.75066
0.647663	6.67914	6.82218	6.68239	6.71745	6.71244	6.68589	6.71995	6.68837
0.652213	6.69215	6.79736	6.62702	6.67132	6.68274	6.65954	6.65779	6.75105
0.656812	6.69753	6.78398	6.64739	6.69775	6.73248	6.64143	6.65804	6.68167
0.661425	6.71136	6.7643	6.67882	6.70576	6.70948	6.67973	6.6871	6.73951
0.666088	6.71696	6.76148	6.6713	6.67406	6.69905	6.65558	6.66361	6.75612
0.670775	6.69989	6.70742	6.65558	6.68702	6.66897	6.62869	6.67186	6.75592
0.675488	6.65052	6.75405	6.7201	6.70154	6.69228	6.65652	6.67965	6.7835
0.680237	6.72537	6.75771	6.6844	6.6685	6.66188	6.65956	6.6763	6.73692
0.685025	6.69933	6.75184	6.67589	6.69137	6.71399	6.65156	6.70941	6.76138
0.689838	6.6931	6.73866	6.66839	6.66325	6.69284	6.64833	6.71696	6.70777
0.694687	6.71581	6.75158	6.6633	6.64469	6.68772	6.64225	6.67703	6.69382
0.699575	6.68736	6.79828	6.64954	6.68425	6.69946	6.63196	6.69555	6.72157
0.7045	6.70462	6.75856	6.65361	6.68674	6.73025	6.68523	6.70456	6.72532
0.70945	6.6988	6.71538	6.68731	6.64484	6.70317	6.65214	6.65065	6.73788
0.714437	6.69736	6.7945	6.67272	6.63379	6.70433	6.63477	6.68826	6.71146
0.719463	6.65216	6.80182	6.69612	6.64625	6.68979	6.63182	6.685	6.77246
0.724513	6.68679	6.74136	6.6552	6.677	6.70484	6.63748	6.70527	6.74839
0.7296	6.66544	6.74276	6.68445	6.70457	6.69188	6.64168	6.69606	6.74643
0.734738	6.73509	6.76742	6.69026	6.67448	6.69654	6.63881	6.70551	6.74634
0.7399	6.66626	6.78787	6.66929	6.66478	6.70069	6.65539	6.68901	6.71251
0.745088	6.68506	6.73747	6.62188	6.68471	6.68946	6.62993	6.68713	6.72175
0.750325	6.71587	6.74882	6.65343	6.67289	6.68834	6.67343	6.68423	6.74496
0.7556	6.67703	6.7344	6.68744	6.67684	6.68445	6.64456	6.67614	6.75494
0.7609	6.69913	6.7429	6.65425	6.68388	6.69655	6.63892	6.69836	6.72551
0.76625	6.6803	6.75389	6.71247	6.6796	6.69664	6.64761	6.70288	6.73316
0.771625	6.66313	6.76639	6.63985	6.64773	6.69327	6.64881	6.72134	6.76641
0.77705	6.68122	6.74699	6.64508	6.66208	6.64925	6.62751	6.68787	6.73093
0.7825	6.69373	6.73718	6.68428	6.64446	6.71799	6.66108	6.66656	6.73306
0.788	6.67147	6.73806	6.6834	6.65159	6.69695	6.63369	6.64053	6.74571
0.793525	6.67592	6.72043	6.64827	6.65409	6.6818	6.64769	6.64602	6.70225
0.7991	6.6977	6.72126	6.64023	6.67285	6.69235	6.63373	6.69013	6.70167
0.8047	6.66258	6.74764	6.63846	6.65322	6.68335	6.63381	6.68273	6.74162
0.81035	6.71403	6.76638	6.65757	6.65909	6.70502	6.61403	6.69559	6.77591
0.816037	6.65245	6.78833	6.64363	6.69138	6.71863	6.64774	6.64769	6.70711
0.821763	6.66013	6.77231	6.63569	6.68728	6.67628	6.6283	6.70427	6.6969
0.827525	6.72265	6.72668	6.65178	6.70795	6.68487	6.67083	6.69397	6.75566
0.833337	6.66543	6.79413	6.63513	6.69617	6.68984	6.64988	6.64654	6.72686
0.839175	6.6757	6.72279	6.66882	6.66386	6.69979	6.60189	6.66769	6.72738
0.845062	6.68495	6.7262	6.67732	6.6362	6.67189	6.61736	6.68892	6.73084
0.851	6.67024	6.70805	6.69958	6.64976	6.70357	6.64372	6.64633	6.73651
0.856963	6.67343	6.73181	6.66794	6.68757	6.64781	6.62021	6.67676	6.75243
0.862975	6.69081	6.73907	6.64176	6.62973	6.66386	6.6602	6.68254	6.73567
0.869025	6.6795	6.72638	6.66415	6.67203	6.67989	6.63047	6.65018	6.72842
0.875112	6.70905	6.77114	6.65836	6.64174	6.68819	6.66588	6.67602	6.73723
0.88125	6.65424	6.74616	6.62962	6.63414	6.67959	6.64863	6.62739	6.71313
0.887425	6.69667	6.74265	6.63308	6.68825	6.66168	6.63513	6.67411	6.71881
0.89365	6.68197	6.73751	6.67993	6.68521	6.71788	6.62223	6.70621	6.75932
0.899912	6.66181	6.72948	6.68752	6.67723	6.65082	6.64784	6.68983	6.70166
0.906225	6.68705	6.74097	6.65085	6.66357	6.6855	6.64079	6.68293	6.7125
0.912575	6.6599	6.74803	6.67773	6.64094	6.68449	6.6351	6.6353	6.744
0.918962	6.69315	6.76078	6.68464	6.64862	6.68837	6.62686	6.64509	6.73345
0.9254	6.66491	6.73829	6.61471	6.60924	6.68433	6.64488	6.68511	6.72051
0.931888	6.69235	6.76139	6.68001	6.60991	6.68272	6.63771	6.66001	6.69816
0.938412	6.69067	6.75741	6.63684	6.63875	6.66632	6.64191	6.6961	6.73467
0.944987	6.66459	6.73671	6.64383	6.67269	6.66983	6.62199	6.66381	6.7271
0.951612	6.66694	6.76124	6.62549	6.6581	6.66326	6.63907	6.66429	6.72043
0.958275	6.65056	6.73472	6.66947	6.59974	6.66543	6.61574	6.67384	6.73324
0.964988	6.6894	6.73475	6.6413	6.62989	6.67174	6.64354	6.69338	6.70061
0.97175	6.68062	6.73406	6.64058	6.65192	6.68826	6.64087	6.64387	6.76079
0.97855	6.68593	6.71156	6.66044	6.62782	6.65432	6.62161	6.64377	6.73065
0.9854	6.6803	6.74456	6.63001	6.65193	6.66405	6.64655	6.64253	6.70424
0.9923	6.67547	6.74139	6.66429	6.64932	6.64778	6.63053	6.69565	6.7207
0.99925	6.72135	6.71154	6.64265	6.65417	6.67077	6.671	6.62732	6.73637
1.00625	6.6433	6.73856	6.68219	6.65879	6.64776	6.62565	6.67248	6.72
1.01329	6.68361	6.71958	6.66648	6.66504	6.65511	6.60957	6.61869	6.70351
1.02039	6.67095	6.72858	6.65224	6.6598	6.68557	6.62684	6.68334	6.73294
1.02752	6.68245	6.72591	6.66592	6.65408	6.67462	6.62103	6.6526	6.75439
1.03472	6.67146	6.71858	6.62253	6.70504	6.68146	6.61328	6.67245	6.71177
1.04196	6.66961	6.71193	6.64302	6.61282	6.68498	6.62671	6.68879	6.72542
1.04925	6.67919	6.74101	6.62284	6.67817	6.66753	6.6247	6.66954	6.70562
1.0566	6.65647	6.74951	6.63582	6.66511	6.69376	6.61367	6.67752	6.70382
1.06399	6.66556	6.75527	6.63433	6.64675	6.66045	6.62016	6.67842	6.70879
1.07144	6.65413	6.71522	6.63938	6.65282	6.70356	6.64821	6.66105	6.71387
1.07893	6.68297	6.75818	6.62329	6.65235	6.64368	6.60691	6.66174	6.70367
1.08648	6.68612	6.72204	6.64634	6.65469	6.62778	6.6025	6.66049	6.75087
1.09407	6.65887	6.73283	6.59919	6.67294	6.63315	6.63913	6.67912	6.76236
1.10174	6.68544	6.69775	6.65069	6.67039	6.66392	6.58768	6.6492	6.69314
1.10944	6.66142	6.71725	6.65142	6.68008	6.65699	6.59862	6.6477	6.72255
1.1172	6.65654	6.7035	6.66113	6.6493	6.68832	6.61218	6.68036	6.73793
1.12501	6.68008	6.72934	6.63854	6.62747	6.67592	6.6393	6.64914	6.73432
1.13287	6.70687	6.73295	6.63668	6.6508	6.6746	6.62521	6.64335	6.70926
1.1408	6.66005	6.73298	6.67431	6.65318	6.66205	6.58622	6.6621	6.73679
1.14877	6.62598	6.72787	6.62699	6.63354	6.65837	6.62732	6.6489	6.716
1.15681	6.68686	6.74156	6.6447	6.65178	6.68691	6.63098	6.66816	6.73144
1.1649	6.65413	6.74053	6.65364	6.65172	6.65387	6.61605	6.65007	6.69392
1.17304	6.64407	6.73513	6.6514	6.62868	6.69598	6.62097	6.61592	6.71539
1.18124	6.66445	6.75815	6.64113	6.60811	6.6629	6.61173	6.65605	6.72702
1.1895	6.66871	6.71544	6.62554	6.64163	6.68848	6.64866	6.68825	6.71016
1.19781	6.68527	6.73952	6.65325	6.65619	6.65519	6.61832	6.65194	6.70747
1.20619	6.68166	6.76407	6.65209	6.65421	6.65842	6.61828	6.63171	6.71139
1.21461	6.67769	6.72468	6.6469	6.65458	6.66402	6.62542	6.63633	6.7012
1.2231	6.67037	6.72601	6.64778	6.65368	6.67328	6.60515	6.65293	6.73007
1.23165	6.70927	6.71744	6.62108	6.66074	6.65263	6.61132	6.68039	6.7396
1.24026	6.67015	6.75118	6.64404	6.63989	6.67705	6.60248	6.64139	6.72629
1.24892	6.67298	6.72314	6.62821	6.65434	6.6657	6.64217	6.63405	6.73314
1.25765	6.68492	6.71032	6.64384	6.65008	6.67115	6.58938	6.62822	6.71824
1.26644	6.66405	6.72279	6.63751	6.63463	6.67824	6.63017	6.65145	6.70514
1.27529	6.68207	6.73278	6.62068	6.66251	6.68874	6.61068	6.64437	6.71032
1.2842	6.664	6.69827	6.612	6.6594	6.64706	6.64106	6.67182	6.71114
1.29316	6.64911	6.72776	6.638	6.65786	6.6744	6.60859	6.65659	6.71216
1.3022	6.65533	6.72764	6.64217	6.63778	6.65078	6.62818	6.66972	6.70749
1.3113	6.65085	6.70613	6.63103	6.61893	6.65274	6.62051	6.64695	6.70811
1.32045	6.67639	6.73353	6.64763	6.63455	6.65381	6.62216	6.63955	6.73237
1.32967	6.67612	6.71577	6.62644	6.63081	6.61793	6.64623	6.64436	6.71575
1.33896	6.6439	6.72405	6.65661	6.64571	6.64944	6.64394	6.64874	6.73561
1.34831	6.64272	6.72598	6.63665	6.66056	6.66562	6.61033	6.63994	6.70736
1.35773	6.68004	6.72232	6.66064	6.66418	6.6643	6.63757	6.65506	6.71682
1.36721	6.65772	6.69819	6.64624	6.66819	6.65943	6.6164	6.64734	6.70972
1.37675	6.67382	6.71938	6.63056	6.64212	6.6669	6.61161	6.63843	6.70962
1.38636	6.65611	6.71983	6.64681	6.64636	6.67137	6.5994	6.64365	6.69813
1.39605	6.66576	6.71666	6.66468	6.62705	6.68736	6.60925	6.6577	6.67361
1.4058	6.69273	6.73051	6.61568	6.64743	6.65246	6.61773	6.66979	6.70022
1.41561	6.68033	6.73478	6.62831	6.65707	6.65614	6.62958	6.66255	6.69629
1.42549	6.66482	6.74708	6.64572	6.64148	6.67652	6.633	6.6536	6.72488
1.43544	6.68115	6.72485	6.61338	6.65273	6.64917	6.62832	6.65598	6.72333
1.44546	6.68794	6.73559	6.63444	6.6104	6.67761	6.61714	6.64609	6.71671
1.45555	6.62373	6.73475	6.63109	6.63549	6.67962	6.5929	6.67681	6.72805
1.46571	6.65358	6.71454	6.61806	6.64222	6.64407	6.61676	6.64868	6.70424
1.47594	6.67213	6.72151	6.63084	6.63238	6.68533	6.60338	6.63307	6.70698
1.48624	6.66781	6.7129	6.63306	6.62979	6.65516	6.6397	6.63222	6.72553
1.49661	6.67043	6.70745	6.64162	6.62504	6.65509	6.62841	6.6362	6.7123
1.50705	6.6764	6.69311	6.6286	6.65256	6.67946	6.61524	6.66312	6.71508
1.51756	6.64922	6.71474	6.64369	6.64736	6.69883	6.62765	6.62638	6.69671
1.52815	6.64707	6.7003	6.65627	6.65779	6.66825	6.59057	6.63704	6.69911
1.53881	6.65686	6.73305	6.63057	6.61817	6.64816	6.62531	6.64945	6.71852
1.54955	6.67614	6.7307	6.6282	6.64201	6.63388	6.58883	6.63233	6.70667
1.56036	6.66268	6.71336	6.62698	6.64946	6.66399	6.62893	6.60664	6.68715
1.57125	6.68375	6.71809	6.62582	6.63786	6.67172	6.62909	6.62427	6.71321
1.58221	6.65229	6.70573	6.63953	6.62617	6.66576	6.61426	6.64029	6.71871
1.59325	6.66751	6.72611	6.6205	6.61561	6.6979	6.62516	6.66222	6.70671
1.60436	6.64637	6.73921	6.6304	6.64242	6.68032	6.61992	6.62048	6.70946
1.61555	6.6522	6.7121	6.6396	6.63372	6.66122	6.62128	6.66068	6.69478
1.62681	6.6605	6.7224	6.63075	6.61297	6.6483	6.61673	6.63715	6.70456
1.63816	6.62889	6.72727	6.63053	6.63787	6.66612	6.60503	6.64257	6.69013
1.64959	6.62558	6.70756	6.64215	6.63402	6.68467	6.60422	6.61953	6.73576
1.66109	6.64918	6.72089	6.64287	6.65695	6.66547	6.59072	6.65507	6.72269
1.67268	6.65386	6.73555	6.62719	6.60886	6.65488	6.60612	6.65111	6.71722
1.68434	6.63624	6.71442	6.63414	6.64527	6.67411	6.61089	6.6264	6.72449
1.69609	6.64539	6.71423	6.63404	6.63888	6.67044	6.60633	6.67241	6.70352
1.70791	6.658	6.72368	6.63429	6.61831	6.66315	6.63329	6.62646	6.70634
1.71981	6.64834	6.68163	6.64058	6.60616	6.65456	6.60859	6.64419	6.72409
1.73181	6.65265	6.71375	6.63825	6.62119	6.66418	6.62868	6.6453	6.70965
1.74388	6.65329	6.72231	6.62938	6.61078	6.65701	6.60304	6.62626	6.74604
1.75604	6.64254	6.71214	6.64246	6.6214	6.67524	6.57566	6.63412	6.71461
1.76828	6.66603	6.73133	6.63079	6.62246	6.66029	6.61355	6.63918	6.67226
1.7806	6.64183	6.71621	6.62047	6.6398	6.68843	6.63282	6.63388	6.67691
1.79301	6.65645	6.72576	6.63244	6.63356	6.64089	6.62255	6.62561	6.6862
1.80551	6.6235	6.72464	6.60182	6.64661	6.66722	6.60581	6.63989	6.6891
1.8181	6.66213	6.73864	6.61141	6.66053	6.67493	6.59587	6.67388	6.72448
1.83078	6.65638	6.72256	6.66079	6.6553	6.68297	6.61246	6.63805	6.69437
1.84354	6.64265	6.71206	6.64379	6.65538	6.64747	6.6061	6.62921	6.71659
1.85637	6.6518	6.73016	6.64015	6.64478	6.66811	6.61408	6.61654	6.6965
1.86931	6.66897	6.70674	6.63735	6.63919	6.67704	6.63032	6.62395	6.66674
1.88234	6.6831	6.72142	6.64026	6.66085	6.66587	6.64101	6.64188	6.69915
1.89546	6.66025	6.72793	6.62015	6.65319	6.67346	6.6136	6.63637	6.70301
1.90866	6.67196	6.70052	6.64188	6.62189	6.67789	6.60484	6.61116	6.72779
1.92196	6.66645	6.71643	6.63391	6.64234	6.66323	6.63516	6.62221	6.69909
1.93536	6.62967	6.70086	6.63304	6.64768	6.64472	6.61011	6.64258	6.69873
1.94885	6.64306	6.70952	6.62321	6.66303	6.63251	6.62376	6.63597	6.71286
1.96242	6.65461	6.73296	6.63693	6.64892	6.65916	6.63339	6.648	6.70393
1.9761	6.65162	6.73242	6.64299	6.6444	6.65974	6.62984	6.60945	6.72091
1.98986	6.65084	6.73164	6.63438	6.65733	6.66821	6.61857	6.6334	6.71386
2.00373	6.66229	6.73374	6.64862	6.64108	6.64968	6.60953	6.65969	6.67439
2.01769	6.67361	6.70796	6.6354	6.64197	6.63873	6.60698	6.61698	6.71009
2.03174	6.64741	6.71881	6.63535	6.64077	6.6633	6.60822	6.63057	6.71344
2.04589	6.68689	6.71179	6.63146	6.6552	6.67417	6.62328	6.6377	6.70249
2.06014	6.65981	6.70503	6.64185	6.62841	6.67565	6.60986	6.64929	6.69627
2.07449	6.65734	6.72299	6.63839	6.66357	6.67204	6.63721	6.63221	6.69999
2.08894	6.64719	6.72241	6.63201	6.64169	6.67435	6.60922	6.6138	6.73415
2.10349	6.64495	6.69253	6.60753	6.65141	6.65989	6.61047	6.64174	6.69773
2.11814	6.63895	6.70987	6.63075	6.66504	6.67733	6.61076	6.64982	6.71804
2.13289	6.65082	6.7463	6.66493	6.64333	6.67668	6.59888	6.64104	6.66931
2.14775	6.64685	6.72124	6.63791	6.66865	6.66113	6.61578	6.62712	6.71617
2.1627	6.66697	6.74142	6.63024	6.67003	6.66542	6.62504	6.66512	6.71134
2.17776	6.66918	6.74057	6.63776	6.6594	6.6666	6.61593	6.61938	6.70941
2.19292	6.64398	6.72168	6.62313	6.6475	6.68257	6.62182	6.6155	6.72186
2.2082	6.64991	6.73132	6.63816	6.65008	6.65437	6.60325	6.63231	6.70186
2.22358	6.6762	6.72929	6.62851	6.65759	6.65681	6.63936	6.61777	6.70506
2.23905	6.65953	6.71076	6.63966	6.65185	6.6728	6.63647	6.62946	6.73049
2.25465	6.64446	6.73241	6.62928	6.64427	6.67797	6.60917	6.62274	6.67612
2.27034	6.66264	6.72067	6.6509	6.63392	6.68812	6.62691	6.63449	6.74077
2.28615	6.65879	6.71084	6.63672	6.63567	6.65781	6.61381	6.63138	6.69978
2.30206	6.64198	6.74052	6.62361	6.65377	6.6632	6.62213	6.62785	6.70383
2.31809	6.66728	6.71221	6.63307	6.66032	6.67034	6.60631	6.64241	6.71525
2.33422	6.64536	6.7113	6.61658	6.66315	6.65653	6.62019	6.61137	6.72212
2.35048	6.66334	6.73018	6.62446	6.65023	6.67666	6.61512	6.61293	6.71167
2.36684	6.65094	6.71874	6.63972	6.65304	6.66709	6.61742	6.6384	6.69306
2.38331	6.65755	6.71499	6.64357	6.64878	6.66984	6.61687	6.63134	6.70524
2.3999	6.66551	6.72898	6.63184	6.65435	6.66306	6.62226	6.62653	6.72294
2.41661	6.6646	6.72944	6.62213	6.65878	6.66261	6.63743	6.6405	6.71026
2.43342	6.67304	6.73906	6.65259	6.64529	6.67006	6.62647	6.63887	6.71741
2.45036	6.64825	6.71682	6.62414	6.64641	6.66857	6.6298	6.65082	6.69408
2.46743	6.66775	6.71501	6.64591	6.65298	6.66302	6.61963	6.63405	6.71507
2.4846	6.65939	6.7325	6.63701	6.65996	6.69135	6.62175	6.60185	6.71957
2.50189	6.62151	6.71631	6.61423	6.6562	6.65129	6.61478	6.6497	6.7172
2.5193	6.64061	6.69455	6.64431	6.66711	6.64591	6.62736	6.65615	6.72393
2.53682	6.6349	6.69677	6.61524	6.63482	6.66462	6.62653	6.64751	6.72069
2.55449	6.65466	6.70995	6.62829	6.64871	6.67454	6.63451	6.6265	6.70579
2.57226	6.66472	6.71465	6.64061	6.64776	6.64922	6.60526	6.63001	6.70403
2.59016	6.65848	6.72128	6.64266	6.65565	6.65919	6.62587	6.63	6.69574
2.60819	6.69387	6.72127	6.64222	6.64693	6.64506	6.61493	6.63953	6.71002
2.62634	6.64733	6.71598	6.62024	6.64839	6.64896	6.61596	6.63055	6.71995
2.6446	6.65124	6.70351	6.62862	6.64909	6.6519	6.59542	6.63083	6.72498
2.66301	6.65596	6.70689	6.64762	6.64812	6.64095	6.61937	6.65059	6.72085
2.68154	6.64591	6.7002	6.61781	6.61648	6.66887	6.62501	6.65913	6.70013
2.70019	6.64668	6.71568	6.6144	6.65409	6.66753	6.6057	6.65465	6.70246
2.71898	6.64687	6.69249	6.64366	6.65159	6.67235	6.60143	6.62607	6.69843
2.7379	6.63701	6.71207	6.63455	6.64851	6.67998	6.59913	6.61742	6.71772
2.75694	6.66902	6.71352	6.64039	6.65528	6.65422	6.62874	6.61541	6.72386
2.77612	6.65991	6.71876	6.63822	6.63892	6.66181	6.62241	6.6294	6.7198
2.79544	6.65391	6.72372	6.63224	6.66112	6.6642	6.60961	6.62822	6.71083
2.81487	6.66312	6.70816	6.63374	6.6476	6.66469	6.60394	6.639	6.70886
2.83446	6.65631	6.71007	6.6359	6.64005	6.66341	6.62972	6.64499	6.69887
2.85418	6.64846	6.71637	6.64677	6.63839	6.65838	6.6189	6.64424	6.6903
2.87404	6.6681	6.72177	6.62067	6.6475	6.66001	6.62592	6.62266	6.71487
2.89403	6.65326	6.71504	6.62967	6.63201	6.65321	6.6067	6.62529	6.70338
2.91415	6.65615	6.71852	6.63837	6.64048	6.65131	6.59743	6.62897	6.70833
2.93443	6.65946	6.70295	6.65675	6.63076	6.6526	6.60796	6.63227	6.69805
2.95484	6.6689	6.71156	6.65294	6.6412	6.66293	6.60355	6.63791	6.70051
2.97539	6.64538	6.7195	6.66336	6.65014	6.66011	6.60416	6.61997	6.71252
2.99607	6.65314	6.70352	6.6386	6.63255	6.64813	6.59036	6.61848	6.71569
3.01691	6.65308	6.6974	6.62071	6.63837	6.65901	6.62029	6.6058	6.71351
3.0379	6.65209	6.72476	6.62953	6.63777	6.65158	6.60255	6.6178	6.72448
3.05903	6.63644	6.70343	6.63702	6.63986	6.65871	6.60917	6.62741	6.69243
3.0803	6.65272	6.69637	6.6511	6.64306	6.68033	6.59416	6.60552	6.71057
3.10171	6.65157	6.71866	6.65543	6.65117	6.67022	6.61063	6.62627	6.72454
3.12329	6.67205	6.72054	6.63148	6.65545	6.67361	6.61438	6.63894	6.69978
3.145	6.63675	6.7307	6.62002	6.65676	6.66073	6.61938	6.64114	6.71911
3.16687	6.63239	6.71173	6.62894	6.63107	6.65851	6.58944	6.63015	6.70113
3.1889	6.65815	6.70828	6.62868	6.63429	6.68396	6.60791	6.6492	6.6975
3.21108	6.64996	6.70557	6.63904	6.65117	6.64717	6.58814	6.61585	6.70029
3.2334	6.63054	6.72225	6.62479	6.64024	6.64908	6.62023	6.61472	6.71257
3.25588	6.63976	6.70741	6.62654	6.63886	6.65448	6.61588	6.61286	6.70635
3.27851	6.64201	6.71661	6.64012	6.64046	6.66236	6.61525	6.6069	6.69661
3.30131	6.65138	6.71954	6.64251	6.67341	6.66972	6.61333	6.62945	6.72016
3.32426	6.65596	6.71521	6.62332	6.64723	6.65544	6.61385	6.62747	6.72282
3.34737	6.64681	6.72577	6.63843	6.65809	6.67243	6.61805	6.63753	6.70485
3.37065	6.65449	6.71955	6.63119	6.63947	6.64756	6.61117	6.63333	6.6946
3.39409	6.64713	6.72182	6.62502	6.64724	6.6513	6.61636	6.62568	6.69538
3.41768	6.65879	6.71408	6.63988	6.63664	6.65696	6.63669	6.61516	6.70391
3.44144	6.64238	6.70438	6.61271	6.64255	6.66766	6.61876	6.64379	6.74142
3.46536	6.66626	6.72943	6.63199	6.66153	6.68287	6.60312	6.6206	6.71943
3.48945	6.64513	6.70119	6.62847	6.6566	6.67185	6.60455	6.61484	6.71318
3.51371	6.65629	6.71936	6.63948	6.64375	6.63281	6.63386	6.63406	6.72367
3.53814	6.6414	6.71181	6.64148	6.62449	6.67558	6.61002	6.63751	6.69612
3.56273	6.63469	6.7089	6.6344	6.63599	6.65872	6.61568	6.61063	6.7002
3.58749	6.66432	6.70455	6.63623	6.6465	6.66189	6.6086	6.61285	6.70153
3.61243	6.64473	6.70288	6.61769	6.63721	6.65514	6.61879	6.6326	6.70144
3.63754	6.64017	6.7201	6.61445	6.65805	6.65969	6.6054	6.63344	6.71551
3.66283	6.65976	6.70926	6.62367	6.64457	6.65974	6.598	6.62285	6.70482
3.68829	6.65976	6.7296	6.6458	6.6411	6.66474	6.61395	6.62919	6.71108
3.71391	6.65213	6.71863	6.63556	6.64352	6.65967	6.61272	6.63602	6.70483
3.73973	6.65564	6.72881	6.64373	6.64415	6.64271	6.62597	6.60267	6.68446
3.76572	6.63912	6.72063	6.64849	6.65555	6.66152	6.61178	6.61882	6.71715
3.7919	6.64395	6.7036	6.61378	6.64602	6.66559	6.62161	6.62237	6.71251
3.81825	6.6551	6.70512	6.62773	6.61835	6.66838	6.61586	6.64271	6.72463
3.84479	6.6479	6.70696	6.63838	6.6398	6.65352	6.60515	6.61553	6.71518
3.8715	6.63286	6.70323	6.62225	6.639	6.65275	6.59758	6.64003	6.70953
3.89841	6.65735	6.71473	6.63	6.63438	6.66183	6.61311	6.63173	6.70196
3.9255	6.66404	6.70963	6.63251	6.64135	6.65126	6.604	6.6309	6.70213
3.95278	6.65361	6.70353	6.63326	6.64513	6.65195	6.62444	6.62953	6.70908
3.98025	6.64863	6.71154	6.6284	6.62467	6.65159	6.62992	6.61923	6.69501
4.00791	6.66305	6.7124	6.62816	6.63719	6.66642	6.61779	6.61457	6.70309
4.03576	6.64776	6.69986	6.61686	6.65141	6.66582	6.61226	6.62313	6.70218
4.0638	6.64642	6.72259	6.62911	6.62849	6.65652	6.60576	6.61132	6.71685
4.09204	6.6362	6.69551	6.62869	6.63963	6.66717	6.59054	6.63946	6.71391
4.12047	6.64879	6.72261	6.6357	6.63074	6.66499	6.60774	6.62777	6.68844
4.1491	6.64013	6.71639	6.62628	6.63834	6.65103	6.59734	6.62541	6.70241
4.17794	6.638	6.71101	6.63292	6.65407	6.66273	6.60163	6.62089	6.71737
4.20696	6.63241	6.71148	6.62842	6.65325	6.6686	6.61962	6.61814	6.69488
4.2362	6.64362	6.71926	6.65111	6.63797	6.65679	6.59141	6.63477	6.69087
4.26563	6.64769	6.70758	6.6379	6.65275	6.6628	6.60836	6.62101	6.69076
4.29526	6.66069	6.72889	6.63854	6.64861	6.66271	6.61756	6.63518	6.6797
4.32511	6.64918	6.71103	6.63294	6.66572	6.65294	6.61071	6.62642	6.70136
4.35516	6.66097	6.71232	6.64868	6.64496	6.64783	6.60943	6.61595	6.70776
4.38541	6.65709	6.71573	6.62838	6.639	6.6385	6.61697	6.62832	6.70547
4.41589	6.65352	6.71761	6.6445	6.64717	6.64002	6.61927	6.60468	6.71296
4.44656	6.64954	6.70577	6.62335	6.66385	6.65968	6.60731	6.63566	6.69156
4.47745	6.64563	6.71607	6.63214	6.66174	6.65352	6.62639	6.61471	6.71423
4.50856	6.65933	6.70828	6.64275	6.64777	6.66746	6.586	6.63228	6.71276
4.53988	6.65208	6.71397	6.63858	6.65654	6.66484	6.59969	6.60845	6.70082
4.57142	6.65333	6.70336	6.63097	6.65201	6.64615	6.6131	6.62717	6.70561
4.60318	6.65018	6.69884	6.6262	6.66935	6.65368	6.60923	6.63351	6.69821
4.63515	6.64141	6.71263	6.62998	6.65423	6.65942	6.616	6.61582	6.69488
4.66735	6.67081	6.70707	6.62475	6.65034	6.65449	6.61473	6.6188	6.71021
4.69978	6.65727	6.70748	6.64694	6.65128	6.63313	6.59925	6.60476	6.71814
4.73243	6.66245	6.70607	6.64008	6.64983	6.66274	6.60118	6.61215	6.71755
4.76529	6.64888	6.71765	6.60866	6.64485	6.65164	6.61921	6.62472	6.72545
4.79839	6.65701	6.71907	6.62459	6.65831	6.64384	6.60446	6.6242	6.70661
4.83173	6.63338	6.68984	6.63321	6.65582	6.64898	6.604	6.6249	6.71501
4.86529	6.65392	6.69588	6.62833	6.66612	6.66686	6.60845	6.6248	6.69923
4.89908	6.64018	6.70374	6.63875	6.64003	6.65496	6.61751	6.63822	6.70659
4.93311	6.64082	6.70792	6.63971	6.66664	6.66237	6.60204	6.61679	6.70252
4.96737	6.63701	6.69999	6.61987	6.66989	6.65309	6.59979	6.61337	6.6874
5.00187	6.64256	6.70359	6.61761	6.65766	6.64784	6.60511	6.61948	6.70529
5.03661	6.63874	6.71631	6.64627	6.63646	6.66184	6.62813	6.62572	6.68762
5.0716	6.63725	6.72064	6.63302	6.63967	6.6611	6.61089	6.62019	6.70782
5.10681	6.65	6.70824	6.63551	6.65431	6.64962	6.60653	6.61908	6.70434
5.14229	6.64464	6.70707	6.63417	6.6384	6.65441	6.61524	6.61674	6.7099
5.178	6.64057	6.70624	6.63583	6.65609	6.66654	6.60482	6.63366	6.71416
5.21396	6.63615	6.7076	6.64136	6.65249	6.65242	6.61184	6.62029	6.70982
5.25017	6.63384	6.69722	6.6331	6.65226	6.66032	6.60694	6.60735	6.70807
5.28664	6.66404	6.70642	6.62159	6.65577	6.66164	6.61685	6.61117	6.71001
5.32335	6.64601	6.72013	6.63978	6.65566	6.6489	6.61229	6.61252	6.70689
5.36031	6.64906	6.70709	6.616	6.64557	6.65211	6.60811	6.63131	6.71548
5.39754	6.64763	6.72259	6.6318	6.63774	6.6606	6.62182	6.61834	6.71503
5.43503	6.63317	6.70175	6.63271	6.64913	6.64544	6.60421	6.61053	6.6957
5.47277	6.64299	6.69597	6.63513	6.65819	6.66558	6.60233	6.61751	6.68531
5.51078	6.64576	6.71304	6.61343	6.63962	6.66421	6.59496	6.62262	6.71827
5.54904	6.63626	6.72011	6.63083	6.62453	6.65923	6.60921	6.6211	6.69901
5.58757	6.6423	6.71463	6.62497	6.63757	6.64557	6.60796	6.62248	6.70796
5.62638	6.63511	6.70869	6.62503	6.64963	6.64509	6.6174	6.61344	6.70572
5.66545	6.65036	6.70904	6.64123	6.64471	6.66483	6.61377	6.60778	6.7016
5.70479	6.64225	6.69938	6.63447	6.63608	6.66017	6.60584	6.60635	6.70884
5.7444	6.63673	6.71345	6.62307	6.64735	6.6602	6.63181	6.61545	6.70258
5.78429	6.65494	6.70796	6.62253	6.63136	6.66252	6.6019	6.62211	6.70898
5.82445	6.65234	6.6947	6.64659	6.64537	6.65486	6.59876	6.61755	6.68744
5.86489	6.65033	6.72933	6.63452	6.65339	6.66882	6.61474	6.6067	6.70734
5.90561	6.65039	6.72295	6.61557	6.64656	6.65845	6.60543	6.61828	6.71669
5.94663	6.64001	6.69878	6.62475	6.64182	6.64534	6.60154	6.59883	6.70591
5.98791	6.66759	6.71459	6.63844	6.64622	6.65379	6.61159	6.62356	6.7026
6.02949	6.65293	6.69131	6.62065	6.64346	6.6513	6.61209	6.61679	6.71765
6.07135	6.65251	6.7053	6.63736	6.64815	6.65966	6.61102	6.60693	6.71181
6.1135	6.65832	6.70542	6.63532	6.65457	6.66278	6.60656	6.61678	6.68668
6.15595	6.66011	6.70883	6.63395	6.65039	6.65532	6.61434	6.61154	6.71119
6.19869	6.64913	6.70912	6.6317	6.64168	6.65844	6.61773	6.61475	6.70607
6.24172	6.64803	6.71444	6.62203	6.64327	6.6592	6.60809	6.61454	6.71661
6.28506	6.64783	6.71581	6.61769	6.65932	6.66037	6.61015	6.59609	6.69918
6.3287	6.64635	6.72045	6.61925	6.65187	6.6668	6.61598	6.623	6.70572
6.37264	6.645	6.7094	6.61302	6.64345	6.662	6.60491	6.60844	6.70359
6.41687	6.65864	6.70257	6.62922	6.64186	6.66199	6.61331	6.60857	6.71235
6.46142	6.66807	6.70127	6.64036	6.62725	6.66641	6.61537	6.60717	6.70489
6.50629	6.67313	6.69177	6.63741	6.62614	6.64866	6.61101	6.60787	6.71221
6.55145	6.66059	6.71211	6.62327	6.64523	6.65001	6.61444	6.60792	6.70149
6.59694	6.64776	6.6965	6.63614	6.64782	6.65321	6.61672	6.61641	6.70515
6.64274	6.64371	6.72292	6.63418	6.65094	6.65109	6.60181	6.5949	6.7028
6.68885	6.63397	6.71841	6.6304	6.63472	6.66404	6.60397	6.60424	6.70493
6.73527	6.64727	6.7276	6.63054	6.64588	6.66558	6.60927	6.6132	6.68458
6.78204	6.64476	6.69502	6.63458	6.64717	6.65762	6.61712	6.61985	6.71316
6.82911	6.648	6.70301	6.63342	6.64004	6.6684	6.61132	6.61392	6.69543
6.87652	6.64348	6.71357	6.62995	6.63935	6.66223	6.61279	6.62387	6.70063
6.92426	6.652	6.71437	6.61918	6.62059	6.65477	6.62487	6.61445	6.68681
6.97232	6.63973	6.70531	6.62714	6.63371	6.65034	6.61528	6.61933	6.70024
7.02072	6.63872	6.71163	6.62478	6.63215	6.6551	6.62439	6.60887	6.70288
7.06946	6.65077	6.7062	6.62877	6.63639	6.66348	6.62577	6.62446	6.68402
7.11853	6.64712	6.71233	6.6175	6.64851	6.64788	6.6084	6.61119	6.69781
7.16794	6.6481	6.70607	6.6317	6.64124	6.65859	6.62321	6.61558	6.70877
7.2177	6.64039	6.716	6.63012	6.6152	6.6537	6.61148	6.61824	6.69094
7.2678	6.65181	6.70402	6.61753	6.65388	6.66386	6.63287	6.62225	6.68707
7.31825	6.63751	6.71388	6.62864	6.63772	6.65867	6.61241	6.6193	6.69024
7.36904	6.63447	6.70235	6.62307	6.64637	6.6659	6.61698	6.61902	6.6851
7.42019	6.6432	6.71691	6.61617	6.65458	6.66253	6.61304	6.62603	6.71043
7.4717	6.63902	6.71152	6.63888	6.64939	6.65345	6.61976	6.62119	6.70792
7.52355	6.63554	6.71374	6.62007	6.64027	6.65395	6.60432	6.60476	6.70245
7.57578	6.63843	6.70757	6.63261	6.645	6.65268	6.61109	6.615	6.71346
7.62836	6.64617	6.71681	6.63437	6.64404	6.66328	6.61216	6.61062	6.69752
7.6813	6.6361	6.71089	6.62827	6.63908	6.66934	6.59908	6.61317	6.6931
7.73461	6.63191	6.71789	6.62032	6.63692	6.64929	6.61819	6.60912	6.70278
7.7883	6.64383	6.70381	6.6283	6.64212	6.65085	6.61312	6.61891	6.70773
7.84236	6.64337	6.71949	6.61823	6.64115	6.64625	6.61871	6.62356	6.69785
7.89679	6.63475	6.71239	6.62427	6.63906	6.64812	6.59895	6.61239	6.69588
7.95159	6.64569	6.71825	6.61952	6.64272	6.65284	6.61477	6.60948	6.70385
8.00677	6.63345	6.71726	6.6334	6.64343	6.66166	6.61496	6.60942	6.70189
8.06235	6.65082	6.72156	6.62423	6.64828	6.6515	6.6067	6.61187	6.70478
8.1183	6.64865	6.70951	6.62368	6.63049	6.65875	6.60799	6.6056	6.71029
8.17465	6.64594	6.71071	6.62945	6.64898	6.65444	6.61704	6.62092	6.69901
8.23137	6.64273	6.71767	6.62816	6.63953	6.65755	6.61654	6.60664	6.70633
8.28851	6.6364	6.71401	6.62724	6.63664	6.65555	6.6141	6.60367	6.69293
8.34603	6.63515	6.70971	6.63471	6.63328	6.66533	6.60977	6.6191	6.69974
8.40395	6.63673	6.71118	6.62199	6.64444	6.67037	6.61242	6.61796	6.7054
8.46227	6.64891	6.71624	6.64004	6.64467	6.6495	6.61082	6.61617	6.68204
8.521	6.63882	6.70723	6.61781	6.64154	6.65934	6.61397	6.61955	6.69707
8.58014	6.63869	6.7112	6.62886	6.64815	6.6658	6.62393	6.61468	6.70357
8.63968	6.63865	6.7049	6.62666	6.6476	6.66309	6.62006	6.62064	6.69352
8.69964	6.6442	6.71108	6.63465	6.63435	6.65617	6.60885	6.61628	6.70103
8.76001	6.63602	6.7113	6.62015	6.64745	6.65663	6.61257	6.61484	6.69465
8.8208	6.64671	6.70969	6.6285	6.64219	6.65677	6.61659	6.61312	6.70233
8.88201	6.64212	6.71174	6.63256	6.64037	6.66547	6.61391	6.62011	6.69837
8.94365	6.64812	6.71404	6.62985	6.63881	6.66117	6.62195	6.61924	6.69965
9.00571	6.64063	6.70259	6.62872	6.64397	6.65559	6.61192	6.61707	6.69899
9.0682	6.65465	6.7158	6.62332	6.64694	6.64641	6.62225	6.6114	6.69655
9.13114	6.65314	6.70633	6.62824	6.64504	6.64336	6.62838	6.63012	6.69895
9.1945	6.66158	6.70797	6.6183	6.64537	6.65706	6.62288	6.62363	6.70774
9.2583	6.65937	6.71615	6.61872	6.66002	6.65836	6.62808	6.62124	6.71333
9.32254	6.6503	6.70762	6.61309	6.65486	6.65888	6.61267	6.62684	6.69706
9.38724	6.65327	6.71572	6.62924	6.64035	6.66228	6.62378	6.62344	6.70228
9.45238	6.64193	6.71166	6.63222	6.64754	6.65934	6.60709	6.62138	6.70833
9.51796	6.64862	6.69147	6.61815	6.63977	6.66728	6.60538	6.62404	6.70344
9.58401	6.64935	6.70473	6.62524	6.639	6.65321	6.60837	6.60815	6.69991
9.65051	6.64852	6.71171	6.62617	6.64018	6.65112	6.6098	6.62192	6.70189
9.71747	6.64245	6.69953	6.62424	6.64885	6.65426	6.62379	6.62378	6.69737
9.7849	6.64536	6.71449	6.63118	6.64178	6.65447	6.61507	6.61696	6.70935
9.8528	6.6483	6.7062	6.63169	6.6405	6.64803	6.61232	6.62282	6.70621
9.92116	6.65025	6.70293	6.63494	6.64711	6.65841	6.62678	6.61751	6.70188
10	6.64306	6.72038	6.63816	6.63441	6.66174	6.62054	6.61311	6.70779
