0.0001375	8.42222	8.4495	8.59749	8.38621	8.36716	8.31018	8.34045	8.55305	8.32845
0.000275	8.23791	8.59589	8.90707	8.47041	8.28798	8.33809	8.22786	8.43915	8.12493
0.000425	8.36759	8.57364	8.53499	8.10077	8.2612	8.30728	8.5246	8.27089	8.04666
0.0005625	8.53627	8.47641	8.34629	8.0561	8.32492	8.49806	8.44776	8.41895	8.30317
0.0007	8.45882	8.56036	8.47238	8.19592	8.413	8.59202	8.55101	8.36138	8.14944
0.00085	8.66173	8.21391	8.26769	8.52764	8.56974	8.47761	8.54252	8.44046	8.26124
0.0009875	8.61948	8.40821	8.34866	8.47046	8.49172	8.60469	8.41375	8.27755	8.4638
0.0011375	8.55079	8.48763	8.392	8.51666	8.52807	8.82402	8.49397	8.24465	8.50074
0.0012875	8.67655	8.29037	8.64499	8.30149	8.18867	8.50372	8.30157	8.2845	8.55117
0.001425	8.67856	8.24856	8.65036	8.28393	8.49967	8.521	8.10671	8.22977	8.44772
0.001575	8.57514	8.37518	8.61011	8.32968	8.53334	8.57992	8.24583	8.0959	8.52088
0.001725	8.70577	8.35297	8.39649	8.29018	8.48275	8.56365	8.15468	8.19865	8.4097
0.001875	8.73139	8.332	8.50785	8.49878	8.44237	8.48203	8.12154	8.3127	8.50576
0.002025	8.5454	8.48479	8.38527	8.46015	8.41621	8.43277	8.22907	8.14552	8.68034
0.0021875	8.61387	8.47453	8.41089	8.46676	8.5533	8.54251	8.36975	8.33562	8.50544
0.0023375	8.79826	8.6207	8.62417	8.50754	8.50914	8.4432	8.43663	8.19046	8.59847
0.0024875	8.75854	8.5867	8.71309	8.29923	8.61706	8.50885	8.22826	8.38754	8.52535
0.00265	8.68513	8.4796	8.48658	8.37077	8.39131	8.63402	8.1363	8.39875	8.66212
0.0028	8.64963	8.39953	8.32111	8.23846	8.31599	8.28233	8.30458	8.36046	8.72764
0.0029625	8.43303	8.21259	8.58205	8.31446	8.43446	8.25867	8.18562	8.28385	8.41894
0.003125	8.69402	8.36495	8.41022	8.35308	8.43019	8.31016	8.37809	8.11371	8.38841
0.0032875	8.57765	8.35685	8.61901	8.44648	8.04125	8.34433	8.20434	8.297	8.50124
0.00345	8.81631	8.44299	8.5798	8.45958	8.42521	8.45985	8.32883	8.1422	8.38041
0.0036125	8.61915	8.56685	8.69974	8.37009	8.44862	8.55339	8.45863	8.23413	8.41881
0.003775	8.70014	8.42635	8.30178	8.47604	8.37036	8.37429	8.19035	8.23946	8.40539
0.0039375	8.66604	8.60137	8.34747	8.28752	8.20434	8.32273	8.22229	8.44379	8.39595
0.0041	8.44609	8.57311	8.36378	8.36237	8.12102	8.38393	8.3718	8.39649	8.3309
0.0042625	8.37738	8.48944	8.30903	8.45935	8.36702	8.35458	8.18422	8.43291	8.46459
0.0044375	8.42916	8.46787	8.41392	8.44329	8.57435	8.49206	8.27346	8.36118	8.38023
0.0046	8.18215	8.46413	8.37631	8.37166	8.38815	8.42387	8.43052	8.47793	8.16628
0.004775	8.45951	8.23853	8.39482	8.22639	8.22403	8.59651	8.40566	8.29896	8.46619
0.00495	8.42166	8.53321	8.43569	8.40732	8.22631	8.42346	8.20739	8.28465	8.40404
0.005125	8.58104	8.4268	8.34569	8.45721	8.23074	8.47059	8.2831	8.21202	8.28688
0.0053	8.55338	8.44297	8.56323	8.29525	8.41188	8.35668	8.33689	8.34935	8.37265
0.005475	8.52731	8.35562	8.24236	8.54924	8.35319	8.63223	8.40152	8.34589	8.18302
0.00565	8.63231	8.47683	8.40246	8.62855	8.41551	8.61809	8.27833	8.35546	8.42887
0.005825	8.50362	8.28449	8.46366	8.35322	8.52931	8.45292	8.25865	8.05383	8.38836
0.006	8.42455	8.42168	8.2956	8.65605	8.4035	8.23862	8.24611	8.23477	8.42972
0.0061875	8.34322	8.35031	8.12122	8.43289	8.18816	8.21547	8.13843	8.3417	8.25949
0.0063625	8.52426	8.4834	8.26892	8.56741	8.2004	8.22425	8.08218	8.07492	8.17705
0.00655	8.24138	8.34966	8.3045	8.27308	8.25375	8.34037	8.30951	8.09003	8.16371
0.0067375	8.498	8.47801	8.40659	8.18459	8.41801	8.40089	8.36596	8.37087	8.19499
0.0069125	8.3466	8.34225	8.34577	8.30941	8.383	8.48517	8.27285	8.10472	8.24664
0.0071	8.28282	8.35454	8.42931	8.3161	8.3226	8.48415	8.23263	8.24213	8.20129
0.0072875	8.53442	8.38397	8.50264	8.44269	8.30934	8.64233	8.05796	8.19052	8.20414
0.007475	8.46389	8.52457	8.55265	8.28867	8.3897	8.4636	8.37679	8.23145	8.36973
0.007675	8.50439	8.45191	8.49761	8.39976	8.53625	8.55124	8.08205	8.21324	8.37923
0.0078625	8.52577	8.39314	8.40724	8.20315	8.42332	8.27291	8.07527	8.3287	8.2782
0.0080625	8.52489	8.38256	8.31738	8.42411	8.46798	8.14052	8.3219	8.17435	8.44038
0.00825	8.56419	8.42793	8.31738	8.29449	8.46398	8.22225	8.17547	8.09427	8.24838
0.00845	8.42461	8.43199	8.35046	8.41125	8.22078	8.33604	8.38865	8.17546	8.25442
0.00865	8.40418	8.45012	8.38324	8.3633	8.36167	8.27408	8.2309	8.08774	8.34435
0.0088375	8.35819	8.35691	8.5625	7.99867	8.3479	8.351	8.13437	8.17153	8.32408
0.0090375	8.48664	8.30628	8.37725	8.2909	8.26517	8.39774	8.39093	8.06249	8.21593
0.0092375	8.33432	8.31851	8.34115	8.15145	8.08157	8.33192	8.25792	8.10921	8.32541
0.00945	8.47412	8.51841	8.49942	8.41048	8.22536	8.35093	7.98244	8.19429	8.41832
0.00965	8.38952	8.37758	8.20089	8.30535	8.21318	8.21294	8.01023	8.17784	8.30046
0.00985	8.44188	8.40741	8.39166	8.36568	8.50149	8.07353	8.2733	7.98357	8.19804
0.0100625	8.51859	8.26709	8.29295	8.31641	8.30483	8.28918	8.06812	8.23709	8.21217
0.010275	8.46358	8.35033	8.44435	8.2322	8.30403	8.27122	8.34294	8.06098	8.31664
0.010475	8.39382	8.4301	8.3844	8.27136	8.36355	8.27477	7.99301	8.22023	8.3343
0.0106875	8.29602	8.27196	8.2517	8.21768	8.53749	8.20956	8.0591	8.18249	8.31581
0.0109	8.5276	8.36386	8.30899	8.44567	8.28644	8.44799	8.40076	8.20702	8.32614
0.011125	8.33829	8.3691	8.37464	8.48656	8.11852	8.32712	8.16494	7.98229	8.26283
0.0113375	8.27137	8.19919	8.25611	8.30904	8.39133	8.21301	8.26044	8.1691	8.11486
0.01155	8.34931	8.11785	8.32386	8.15924	8.39794	8.34469	8.08739	8.25876	8.16654
0.011775	8.36598	8.25887	8.5146	8.4163	8.39088	8.43339	8.21468	8.33396	8.18819
0.0119875	8.2451	8.33355	8.34108	8.26994	8.43504	8.21966	8.17228	8.24523	8.15716
0.0122125	8.18989	8.42435	8.28841	8.26532	8.31092	8.20564	8.13196	8.03676	8.36712
0.0124375	8.36409	8.34083	8.30593	8.27281	8.29504	8.17053	8.23009	8.15687	8.38035
0.0126625	8.38094	8.33926	8.25477	8.25206	8.11852	8.17246	8.07136	8.28993	8.0881
0.0128875	8.38373	8.25827	8.4239	8.45814	8.07863	8.32758	8.1513	8.33675	8.05947
0.0131125	8.44377	8.39222	8.38706	8.15471	8.25871	8.61448	8.13844	8.16583	8.21572
0.01335	8.27529	8.28125	8.31621	8.19353	8.37795	8.22265	8.0023	8.19653	8.34041
0.013575	8.21286	8.21705	8.60838	8.23864	8.22107	8.1555	8.13492	8.24313	8.28061
0.0138125	8.31535	8.39082	8.49535	8.15952	8.24417	8.41888	8.0935	8.15447	8.20887
0.0140375	8.32911	8.44333	8.18372	8.17967	8.49454	8.23832	8.05836	8.18557	8.27291
0.014275	8.40541	8.23932	8.31468	8.16657	8.25315	8.21619	8.00188	8.0878	8.15511
0.0145125	8.3304	8.24727	8.42717	8.2383	8.26246	8.34032	8.02271	8.17891	8.19579
0.01475	8.33359	8.53729	8.30575	8.27271	8.18534	8.18245	8.14605	8.04563	8.25619
0.015	8.27246	8.29459	8.15179	8.31657	8.18406	7.96045	8.22425	7.88204	8.25714
0.0152375	8.23094	8.1437	8.23314	8.17083	8.19139	8.15263	8.19976	8.00241	8.26224
0.0154875	8.40204	8.5012	8.33173	8.19484	8.10082	8.07939	8.04287	8.12499	8.31415
0.015725	8.21549	8.28383	8.25624	8.22231	8.32968	8.17898	8.18792	8.16714	8.29718
0.015975	8.31766	8.38287	8.46694	8.19089	8.41507	8.20065	8.13465	8.36559	8.13986
0.016225	8.48284	8.28022	8.28981	8.34222	8.39939	8.26312	8.13903	8.08694	8.31655
0.016475	8.28381	8.1298	8.14117	8.22764	8.31402	8.24904	8.07188	7.97465	8.24566
0.016725	8.38723	8.3178	8.2185	8.05524	8.17863	8.17189	8.15574	8.13593	8.40726
0.0169875	8.49791	8.31676	8.13325	8.1748	8.27911	8.27927	8.04352	8.12477	8.36093
0.0172375	8.49426	8.30367	8.24329	8.16631	8.11951	8.26005	8.0926	8.12653	8.29015
0.0175	8.3709	8.15936	8.10815	8.19859	8.29356	8.09976	8.18049	8.163	8.1004
0.0177625	8.35335	8.43322	8.17765	8.1351	8.17671	8.24427	8.06442	8.18813	8.21558
0.018025	8.2828	8.55277	8.34828	8.13121	8.21895	8.31496	8.09836	8.09085	8.21527
0.0182875	8.55412	8.27988	8.2396	8.10569	8.26293	8.26392	8.20592	8.08519	8.26479
0.01855	8.41581	8.46319	8.02785	8.25024	8.12898	8.08162	7.99407	8.0074	8.32651
0.0188125	8.36977	8.16122	8.21025	8.28409	8.18443	8.15041	8.14582	8.14334	8.20179
0.0190875	8.45579	8.20006	8.10015	8.32892	8.28191	8.1594	8.00685	8.17912	8.12457
0.0193625	8.28115	8.17299	8.3276	8.20503	8.19211	8.39436	8.0999	8.11196	7.98825
0.019625	8.2638	8.25183	8.47842	8.1968	8.20575	8.14281	8.0377	8.05269	8.07831
0.0199	8.273	8.26253	8.19924	8.251	8.07557	8.20933	8.04889	8.01719	8.16102
0.0201875	8.21949	8.07519	8.11882	8.17226	8.2474	8.26352	8.08857	8.04763	8.29905
0.0204625	8.20276	8.23798	8.17665	7.86503	8.18778	8.12695	8.09635	8.25423	8.1684
0.0207375	8.1692	8.25979	8.1233	8.12832	8.18433	8.3064	7.94884	8.0586	8.3672
0.021025	8.37872	8.39633	8.25345	8.13759	8.02449	8.214	7.93999	8.00584	8.1486
0.0213125	8.51347	8.1758	8.28639	8.144	8.14259	8.28144	8.0593	8.20151	8.09779
0.0216	8.36748	8.1583	8.13966	8.22283	8.23691	8.06185	8.13328	8.10679	8.13031
0.0218875	8.47307	8.26056	8.17292	8.36797	8.15234	8.14042	8.05834	8.04615	8.27593
0.022175	8.30054	8.33113	8.15384	8.16424	8.11064	8.10513	8.03423	8.16164	8.29564
0.0224625	8.32136	8.11435	8.18602	8.13838	8.26664	8.12376	8.04782	8.02906	8.22775
0.0227625	8.23976	8.24944	8.04213	8.36346	8.18293	8.11696	8.09635	8.03994	8.19075
0.02305	8.2912	8.29272	8.23786	8.29346	8.08384	8.16582	7.9433	7.9771	8.15227
0.02335	8.28705	8.38211	8.22374	8.31734	7.99807	7.96964	8.23562	7.99271	8.31842
0.02365	8.24624	8.3404	8.25734	8.0994	8.21792	8.2393	8.13382	8.16081	7.94476
0.0239625	8.30735	8.19294	8.22874	8.25902	8.15177	8.12583	7.98985	8.07917	8.0928
0.0242625	8.14751	7.85618	8.28624	8.01763	8.24281	8.03923	8.19069	7.91213	8.05076
0.0245625	8.15822	8.01783	8.41185	8.20807	7.99132	8.2252	7.92689	7.90651	8.32231
0.024875	8.24067	8.21382	8.31916	8.08717	8.07425	8.12238	8.21971	8.04802	8.34142
0.0251875	8.18053	8.09685	8.25324	8.13478	8.11789	8.26604	8.01715	7.99842	8.19819
0.0255	8.28729	8.17839	8.20742	8.18226	8.00652	8.19754	7.97868	7.88507	8.04871
0.0258125	8.2391	8.09263	8.0076	8.11213	8.12851	8.07119	8.12561	7.90698	8.28769
0.0261375	8.21342	8.02962	8.0379	8.0922	7.94655	8.14666	8.09837	7.95076	8.11139
0.02645	8.18032	8.17767	8.04204	8.18721	8.15306	8.13454	8.10631	8.02076	8.03652
0.026775	8.08991	8.10483	8.12931	8.18874	8.1073	8.16022	7.91162	7.96803	8.05034
0.0271	8.05318	8.01345	8.17239	8.34146	8.11276	8.07416	8.11254	7.99988	7.92035
0.027425	8.23638	8.12628	8.12579	8.01574	8.18831	8.17696	8.16628	8.21117	8.18172
0.02775	8.2472	8.04911	8.17004	8.23761	8.08131	8.09264	8.08339	8.03766	8.16678
0.0280875	8.2164	8.13711	8.17727	8.22608	8.1356	8.06084	8.16131	7.84677	8.11102
0.028425	8.16182	8.0561	8.24263	8.12445	8.0737	8.18646	7.95728	7.91044	8.20396
0.02875	8.37166	8.06674	8.01697	8.16989	8.16603	8.22949	7.8912	8.03599	8.2062
0.0291	8.17752	8.20799	8.03793	7.95847	8.03864	8.03754	8.00088	7.9786	8.09248
0.0294375	8.20596	8.23428	8.20488	8.13436	8.02866	7.89059	7.94442	7.90992	8.09911
0.029775	8.13614	8.06755	8.17532	8.2175	8.05285	8.03591	7.96664	7.83609	8.18328
0.030125	8.17686	8.08497	8.15646	7.97669	8.0751	8.21261	8.07671	7.9817	7.97671
0.030475	8.2017	8.18464	8.04941	8.06977	8.09267	8.00829	8.02218	7.86833	7.98923
0.030825	8.12543	8.18274	8.16028	8.22363	8.05156	8.06159	7.88278	7.96592	7.9861
0.031175	8.12205	7.96836	8.19769	8.15855	8.08872	8.12474	7.88557	7.81123	8.1727
0.031525	8.15459	8.13178	8.13428	8.17331	8.09002	8.13897	7.89346	7.90883	8.11057
0.0318875	8.23021	8.30498	8.01859	8.0194	8.10926	7.93427	7.91101	8.01914	8.12457
0.0322375	8.09771	8.17553	7.91961	8.0925	7.95254	8.11636	8.03026	7.89254	7.99045
0.0326	8.07779	8.10151	8.13639	8.11548	8.13701	8.16197	8.02036	7.95016	7.96596
0.032975	8.11041	7.97975	8.07095	7.93667	8.08742	7.92615	7.90936	7.91077	7.96156
0.0333375	8.13119	8.0512	8.21875	8.16157	8.02281	8.01614	8.1188	7.96295	7.95004
0.0337125	8.16196	8.03793	8.02915	7.95722	8.05101	7.86453	7.91279	7.898	7.93175
0.034075	8.17214	8.14083	8.05763	8.04117	7.96828	7.95515	7.85519	7.95796	8.00119
0.03445	8.11013	8.16045	8.00664	8.01881	7.98844	7.97461	7.81881	7.82825	8.07113
0.0348375	8.15952	8.03348	8.08313	8.27844	8.0844	8.05256	7.98795	7.76161	7.98842
0.0352125	8.00917	8.13436	8.00044	8.02385	7.93817	7.97894	7.96228	7.89371	8.1004
0.0356	8.14064	8.1155	8.09718	8.11276	8.15485	7.94505	7.94374	7.85143	7.92365
0.035975	8.02321	8.04611	8.06266	7.97974	7.95386	8.21276	7.90719	7.792	7.96451
0.0363625	8.28685	8.13634	8.13336	8.1172	8.0808	7.91928	8.00275	7.92547	8.11353
0.0367625	7.9843	8.01973	7.97005	8.05182	8.07199	7.96008	7.83479	7.93411	7.94272
0.03715	8.10523	7.97692	7.99629	7.95781	8.01006	8.09557	7.99298	8.00725	8.06897
0.03755	8.20155	8.04116	8.02896	8.03265	8.06092	7.99535	7.72586	8.0325	8.04534
0.03795	8.10643	8.07961	7.90735	7.9717	8.06548	8.07446	7.86768	7.91411	8.07403
0.03835	8.16446	8.0536	8.01629	8.05261	8.04632	7.93594	8.09157	7.86131	8.21471
0.03875	8.05455	8.07902	7.9565	7.99778	8.06776	7.95331	8.04735	7.99819	8.00831
0.0391625	8.03677	8.16328	8.00498	7.98083	8.11073	7.86312	8.01968	7.95329	8.05474
0.039575	8.00737	8.12879	7.95052	7.83469	8.04265	8.07759	7.97259	7.80857	7.97911
0.0399875	8.09811	8.08492	7.96272	7.87847	8.08667	8.00184	7.89459	7.84989	7.98457
0.0404	8.16993	8.0173	8.07701	8.02408	7.97341	8.04902	7.86619	7.96188	7.95926
0.0408125	8.13107	8.06175	8.02226	7.98074	7.9342	8.05073	7.80501	7.84969	7.94394
0.0412375	8.13484	8.16761	8.0722	8.03722	8.07858	7.91942	7.84463	7.91259	7.95481
0.0416625	8.11308	8.06474	7.95783	7.7889	7.89609	7.98276	7.94375	7.93983	7.98092
0.0420875	7.98973	8.02063	7.92067	7.8757	7.8645	8.03751	7.92527	7.94931	7.95272
0.042525	8.24033	7.94803	8.02421	7.99857	7.94619	8.04947	7.83966	7.87115	8.02349
0.04295	8.02941	7.98573	8.03808	7.95794	7.96285	8.00416	7.98112	7.81333	7.9701
0.0433875	7.94055	7.9685	8.08246	8.04195	7.93103	8.0431	7.78131	7.93667	7.89647
0.043825	8.13827	8.06697	7.84794	8.1096	7.89386	7.99954	7.88752	7.79003	7.97193
0.044275	8.0481	7.98299	7.92657	8.0278	7.91781	7.99437	7.94783	7.93195	8.1312
0.0447125	8.06903	7.90347	7.9412	7.95559	8.01834	8.08804	7.83253	7.95031	7.9451
0.0451625	7.98999	7.9246	8.0496	8.01814	7.88313	8.01379	7.81037	7.87456	7.92785
0.045625	8.06345	8.0594	8.06776	7.90483	8.04425	7.90959	7.85326	7.9752	7.92694
0.046075	7.97793	8.01465	8.14904	7.95667	8.02162	8.01097	7.8429	7.90704	8.00036
0.0465375	7.90294	7.84579	7.95164	7.85319	7.98728	7.98606	7.92777	7.77474	7.95564
0.0469875	8.03306	7.92728	7.94838	8.03036	7.80367	8.05523	7.83446	7.88306	8.0325
0.0474625	7.84775	7.9983	7.9555	7.91342	7.85994	7.95826	7.82982	7.74582	7.9443
0.047925	8.0121	8.04908	7.95861	8.02494	7.85309	8.00027	7.90768	7.89541	7.91907
0.0484	8.12012	7.87574	7.91295	7.91244	7.96881	7.92286	7.79872	8.0391	7.81479
0.048875	7.9914	7.99772	7.89022	7.88863	7.97908	7.97806	7.72424	7.78249	8.04927
0.04935	7.77465	7.88002	7.97884	7.89897	7.88857	7.82649	7.75363	7.91296	7.85103
0.049825	7.82308	7.9365	7.86717	8.01538	7.81529	7.90106	7.82917	7.82852	8.03219
0.0503125	7.99685	8.07418	7.89152	7.90729	7.84566	7.92911	7.82567	7.85575	7.95789
0.0508	7.87349	8.02134	7.85143	7.93798	7.81891	7.92372	7.77487	7.78948	7.77395
0.0512875	7.88151	7.93756	7.89185	7.79053	7.73785	7.88004	7.94268	7.82701	7.86947
0.0517875	7.96496	7.89911	7.84805	7.82143	7.98974	7.92608	7.77107	7.86458	7.89654
0.0522875	8.09994	8.01174	7.93355	7.86566	7.89543	8.01757	7.82022	7.82946	7.97236
0.0527875	7.97649	8.09774	7.83576	7.78375	7.91403	7.79534	7.86949	7.8667	7.83831
0.0532875	7.91188	7.93382	7.9357	7.88812	7.92261	7.96661	7.78453	7.87041	7.85966
0.0538	7.96542	8.02163	7.97973	7.87494	7.92345	7.97114	7.79945	7.79875	7.9349
0.0543125	7.90384	8.17303	7.88961	7.83037	7.84775	7.93491	7.75952	7.83154	7.84585
0.054825	7.92152	8.01645	7.98399	7.83182	7.89926	7.93006	7.80599	7.87215	7.80598
0.0553375	7.9241	7.99073	7.93461	7.96825	7.87465	7.85297	7.6706	7.84354	7.84159
0.0558625	7.93264	7.85662	7.96266	7.7802	7.76142	7.92407	7.72135	7.78805	7.883
0.0563875	7.92435	7.90369	7.86425	7.72198	7.91344	7.90525	7.70748	7.79897	7.83191
0.0569125	7.90669	7.86278	7.81146	7.84609	7.94057	7.87795	7.73026	7.70977	7.84715
0.05745	7.94501	7.94401	7.78039	7.80807	7.87332	7.91272	7.77717	7.68053	7.77927
0.0579875	7.95886	7.80648	7.79627	7.84622	7.87842	7.81388	7.7305	7.71913	7.86431
0.058525	7.82336	7.80785	7.97931	7.93753	7.83213	7.87502	7.58422	7.65192	7.79106
0.059075	7.82761	7.83869	7.73659	7.88841	7.86174	7.91982	7.7414	7.74884	7.77222
0.059625	7.82006	7.91736	7.80519	7.8014	7.78763	7.89401	7.72709	7.69287	7.84138
0.060175	7.89644	7.9548	7.77266	7.66326	7.80559	7.86862	7.68863	7.68375	7.8443
0.060725	7.86815	7.9475	7.86314	7.77292	7.91481	7.89047	7.78695	7.88566	7.71721
0.0612875	7.89794	7.79438	7.70522	7.89325	7.8433	7.80163	7.77678	7.83126	7.88395
0.06185	7.85525	7.89123	7.81885	7.80119	7.83659	7.84622	7.75128	7.70864	8.0308
0.062425	7.78309	7.83858	7.86758	7.76087	7.94178	7.80089	7.74041	7.82897	7.73035
0.0629875	7.94011	7.88445	7.68332	7.82282	7.90901	7.77945	7.72894	7.72903	7.90416
0.0635625	7.77007	7.88572	7.90891	7.80141	7.76	7.77459	7.72445	7.63834	7.8662
0.06415	7.81404	7.75307	7.84523	7.76846	7.90661	7.68585	7.67063	7.63039	7.88654
0.064725	7.83776	7.85285	7.78805	7.6876	7.81565	7.87336	7.76144	7.65291	7.73289
0.0653125	7.78803	7.91941	7.81597	7.67298	7.6912	7.80075	7.69843	7.65508	7.73486
0.0659125	7.82358	7.89762	7.73476	7.83963	7.75303	7.75297	7.71606	7.59054	7.77118
0.0665	7.7621	7.84592	7.91533	7.89814	7.75589	7.73394	7.70614	7.70318	7.77759
0.0671	7.85061	7.92275	7.79424	7.80386	7.80749	7.91187	7.71462	7.58803	7.81227
0.0677	7.72218	7.84296	7.82241	7.72369	7.78023	7.75854	7.72348	7.77053	7.83591
0.0683125	7.84369	7.77786	7.75253	7.73309	7.79802	7.67471	7.74375	7.69125	7.73623
0.068925	7.81054	7.89083	7.79295	7.77471	7.83281	7.71953	7.73592	7.71352	7.80695
0.0695375	7.76714	7.79259	7.76372	7.67512	7.82394	7.65712	7.67388	7.71367	7.82559
0.0701625	7.91129	7.89376	7.81118	7.68821	7.7861	7.62917	7.70123	7.67936	7.82248
0.0707875	7.76584	7.8725	7.78133	7.7429	7.73165	7.84508	7.59652	7.70788	7.71784
0.0714125	7.77762	7.83439	7.72509	7.67356	7.78682	7.76143	7.62109	7.72625	7.68782
0.07205	7.84513	7.79716	7.74746	7.72421	7.9014	7.82259	7.65937	7.60066	7.66351
0.0726875	7.80115	7.75933	7.73535	7.65392	7.89077	7.64728	7.69252	7.71694	7.67352
0.0733375	7.80931	7.778	7.72575	7.77649	7.85402	7.71741	7.53424	7.6673	7.6163
0.073975	7.86402	7.81862	7.77859	7.82609	7.79476	7.71137	7.75623	7.64855	7.65047
0.074625	7.71165	7.90554	7.90628	7.78245	7.73186	7.73328	7.77739	7.53723	7.8646
0.0752875	7.76108	7.78529	7.75987	7.68163	7.68856	7.63759	7.71035	7.7206	7.64776
0.07595	7.60234	7.75514	7.79154	7.66576	7.68782	7.64125	7.72936	7.7335	7.72292
0.0766125	7.73726	7.59871	7.69825	7.7028	7.6122	7.70104	7.77039	7.58753	7.68378
0.0772875	7.70355	7.77341	7.61739	7.65509	7.64453	7.75753	7.79012	7.55418	7.7161
0.07795	7.76974	7.7443	7.55511	7.7237	7.8753	7.74475	7.68564	7.60457	7.79261
0.0786375	7.72879	7.81249	7.80536	7.61218	7.68821	7.66819	7.57484	7.59587	7.59666
0.0793125	7.72331	7.71872	7.71308	7.77802	7.61274	7.70479	7.55472	7.55312	7.69258
0.0800125	7.82807	7.72596	7.75621	7.79856	7.70289	7.80642	7.61985	7.62455	7.72471
0.0807	7.75954	7.7037	7.73164	7.62016	7.66742	7.67847	7.63432	7.69935	7.61008
0.0814	7.65744	7.75081	7.70907	7.67569	7.7385	7.68161	7.66785	7.63751	7.69629
0.0821	7.6266	7.82812	7.75861	7.68307	7.66724	7.64625	7.66514	7.64672	7.7162
0.0828125	7.72484	7.75494	7.6413	7.51134	7.82971	7.61663	7.53445	7.60857	7.60607
0.083525	7.7494	7.70455	7.67771	7.63126	7.84178	7.58284	7.63814	7.60421	7.70352
0.0842375	7.6822	7.72571	7.71336	7.64196	7.60789	7.58722	7.55749	7.61858	7.66831
0.0849625	7.70098	7.66237	7.56537	7.57327	7.6883	7.76239	7.4858	7.58943	7.67986
0.0856875	7.6932	7.82263	7.72311	7.65013	7.76867	7.66135	7.55792	7.48552	7.773
0.086425	7.64062	7.83458	7.60934	7.60519	7.62196	7.68889	7.55813	7.60011	7.6333
0.0871625	7.73587	7.70375	7.67485	7.58265	7.61662	7.66785	7.58443	7.56698	7.61959
0.0879	7.64669	7.67226	7.57637	7.62631	7.7576	7.67415	7.54971	7.56336	7.72052
0.08865	7.61797	7.7618	7.43392	7.55943	7.69627	7.54554	7.59406	7.51807	7.69328
0.0894	7.55355	7.63593	7.65455	7.61682	7.68176	7.53979	7.51255	7.53821	7.59438
0.0901625	7.61533	7.67631	7.67533	7.63898	7.5699	7.68008	7.50902	7.58077	7.73363
0.090925	7.57649	7.66814	7.56592	7.57433	7.67978	7.55081	7.63072	7.49931	7.69234
0.0917	7.66722	7.75	7.59232	7.66425	7.58943	7.54909	7.48731	7.53427	7.62957
0.0924625	7.75233	7.65818	7.53464	7.61373	7.5544	7.58506	7.48647	7.49202	7.54698
0.09325	7.59038	7.6099	7.57467	7.50888	7.7069	7.6356	7.57606	7.68255	7.58696
0.0940375	7.57706	7.74132	7.59875	7.45465	7.70714	7.61835	7.58026	7.55965	7.49664
0.094825	7.67192	7.72146	7.54049	7.46036	7.6528	7.66479	7.61915	7.52753	7.59938
0.095625	7.62809	7.64739	7.62118	7.5989	7.65395	7.549	7.47428	7.55381	7.59632
0.096425	7.64428	7.64221	7.66574	7.60648	7.59628	7.58402	7.54134	7.51425	7.5826
0.097225	7.56951	7.65717	7.57035	7.47668	7.60465	7.60222	7.48535	7.55135	7.57028
0.0980375	7.59741	7.65319	7.62389	7.55484	7.50891	7.63405	7.43766	7.47306	7.59421
0.0988625	7.58846	7.63943	7.55382	7.49971	7.49111	7.60145	7.4827	7.42925	7.53473
0.0996875	7.6479	7.56756	7.5371	7.56519	7.51163	7.61813	7.47385	7.47244	7.59215
0.100512	7.61716	7.62194	7.51751	7.55581	7.48054	7.58475	7.45485	7.49877	7.56299
0.10135	7.52389	7.60894	7.50996	7.46188	7.5269	7.66079	7.51239	7.50834	7.54776
0.102187	7.59743	7.74391	7.59526	7.51372	7.56311	7.50871	7.41464	7.51683	7.54121
0.103037	7.63333	7.62919	7.53301	7.49352	7.56983	7.53814	7.42327	7.40388	7.65736
0.103887	7.575	7.61922	7.4651	7.54017	7.52898	7.69348	7.5464	7.45364	7.66925
0.10475	7.58702	7.56185	7.44552	7.54173	7.53567	7.59265	7.36438	7.38392	7.57042
0.105613	7.56599	7.50574	7.5847	7.47503	7.71086	7.5009	7.37938	7.44324	7.46557
0.106487	7.55721	7.73048	7.41178	7.4152	7.55916	7.49803	7.48114	7.55099	7.62018
0.107363	7.56711	7.57301	7.49324	7.57339	7.52687	7.43387	7.56751	7.49766	7.51689
0.108237	7.65691	7.59351	7.62075	7.39423	7.62049	7.58107	7.45125	7.39562	7.5445
0.109125	7.59649	7.5663	7.55952	7.4764	7.61479	7.68962	7.40563	7.47595	7.54738
0.110025	7.55066	7.55059	7.55412	7.49706	7.678	7.54715	7.50156	7.51896	7.5044
0.110925	7.59487	7.60668	7.56268	7.51222	7.50431	7.45967	7.42633	7.53086	7.48134
0.111837	7.62201	7.66452	7.50304	7.41436	7.48977	7.55047	7.57045	7.42563	7.51831
0.11275	7.54398	7.57938	7.45544	7.5057	7.50012	7.51572	7.43922	7.39622	7.59943
0.113675	7.5724	7.53881	7.51256	7.43606	7.57056	7.53788	7.44024	7.41178	7.57107
0.1146	7.47592	7.57273	7.43772	7.36716	7.52336	7.39815	7.4045	7.50039	7.42834
0.115525	7.52439	7.58072	7.47071	7.42088	7.57788	7.53596	7.51264	7.4323	7.49624
0.116462	7.50089	7.48021	7.60215	7.45023	7.42833	7.48067	7.34349	7.41903	7.5333
0.117413	7.50224	7.47202	7.47967	7.39464	7.52034	7.45939	7.41965	7.45913	7.54145
0.118363	7.51423	7.51076	7.42497	7.48479	7.54967	7.41409	7.43236	7.41787	7.43283
0.119325	7.50524	7.57787	7.50353	7.45063	7.45579	7.51287	7.45979	7.36832	7.49337
0.120288	7.54549	7.42243	7.44761	7.38715	7.44463	7.53231	7.37867	7.41068	7.42469
0.121262	7.47687	7.42178	7.49872	7.45884	7.51126	7.48243	7.50056	7.36042	7.39615
0.122238	7.44603	7.52807	7.47587	7.37723	7.54854	7.64246	7.43246	7.4196	7.49755
0.123225	7.41858	7.57629	7.45225	7.4113	7.49033	7.4387	7.41343	7.3533	7.49402
0.124225	7.44	7.58472	7.55127	7.41271	7.46955	7.55423	7.37377	7.30498	7.52729
0.125225	7.4415	7.50927	7.42813	7.40497	7.44843	7.42318	7.34691	7.3707	7.34685
0.126225	7.47214	7.49102	7.44211	7.44049	7.41019	7.40641	7.37724	7.32406	7.37169
0.127237	7.49059	7.47524	7.45505	7.38857	7.43609	7.44953	7.37284	7.32738	7.43128
0.128263	7.48083	7.52224	7.49099	7.3562	7.52403	7.44212	7.42536	7.41782	7.35074
0.129287	7.3298	7.44094	7.41392	7.46987	7.54835	7.40322	7.38133	7.36662	7.41087
0.130325	7.49862	7.48989	7.41184	7.46698	7.43232	7.29861	7.38488	7.43559	7.48359
0.131362	7.46335	7.55503	7.48159	7.3404	7.4381	7.47078	7.27893	7.27204	7.44321
0.132412	7.56304	7.45614	7.41678	7.29156	7.50018	7.3804	7.2813	7.3601	7.5175
0.133475	7.42159	7.43279	7.51677	7.36629	7.45511	7.38499	7.39542	7.2868	7.44802
0.134538	7.41715	7.5782	7.39531	7.33929	7.39822	7.42021	7.36114	7.43237	7.41821
0.135613	7.40945	7.35751	7.44738	7.36686	7.35105	7.33026	7.37611	7.36965	7.50509
0.136688	7.39265	7.43907	7.44364	7.36308	7.4187	7.45994	7.30689	7.37558	7.51759
0.137775	7.42967	7.48497	7.33476	7.37409	7.30221	7.41895	7.34711	7.28513	7.46394
0.138863	7.53188	7.48813	7.45607	7.3915	7.39207	7.39177	7.32847	7.29107	7.50785
0.139962	7.44463	7.46208	7.3918	7.3445	7.35754	7.2674	7.40269	7.43566	7.32916
0.141075	7.35978	7.45984	7.39806	7.32711	7.42284	7.4061	7.36398	7.39438	7.38838
0.142188	7.45059	7.49864	7.36122	7.29611	7.46995	7.39581	7.18353	7.31001	7.44891
0.143312	7.43937	7.50999	7.40447	7.34216	7.43675	7.39358	7.23613	7.30204	7.41664
0.14445	7.47296	7.46254	7.32639	7.29606	7.34503	7.33232	7.31416	7.26023	7.43221
0.145588	7.39657	7.41163	7.3108	7.37149	7.47674	7.43149	7.30587	7.30955	7.41224
0.146738	7.38442	7.36812	7.31736	7.29731	7.46751	7.38793	7.28852	7.29492	7.43458
0.147887	7.31509	7.35701	7.37324	7.35187	7.39777	7.35836	7.2824	7.29308	7.33279
0.14905	7.36059	7.4553	7.37219	7.31926	7.3417	7.3387	7.28947	7.34557	7.39333
0.150225	7.33527	7.45572	7.34586	7.27568	7.4056	7.31619	7.33954	7.30304	7.25609
0.151413	7.34865	7.38521	7.41262	7.3005	7.29099	7.35739	7.28788	7.3017	7.38501
0.1526	7.35841	7.45606	7.3746	7.22341	7.29665	7.30039	7.21362	7.29134	7.3185
0.153787	7.3897	7.41034	7.3534	7.35235	7.39501	7.40218	7.20264	7.26068	7.36849
0.155	7.34999	7.49209	7.2865	7.35644	7.31686	7.3809	7.26964	7.23357	7.40906
0.156212	7.34355	7.46227	7.28811	7.20072	7.385	7.26514	7.25609	7.27944	7.3687
0.157425	7.28925	7.38223	7.40474	7.27536	7.29619	7.27818	7.18794	7.29483	7.3467
0.158662	7.32128	7.448	7.38715	7.24035	7.38615	7.3232	7.32728	7.27661	7.34303
0.1599	7.30302	7.3729	7.36149	7.27459	7.35217	7.28224	7.21537	7.26493	7.36434
0.16115	7.29997	7.4046	7.25203	7.35002	7.30752	7.4012	7.2019	7.28347	7.35141
0.1624	7.28259	7.33334	7.2973	7.25748	7.39095	7.23318	7.29729	7.23014	7.38237
0.163662	7.401	7.38766	7.24297	7.31338	7.32228	7.27218	7.28209	7.2936	7.36549
0.164937	7.28273	7.37872	7.32146	7.21993	7.4029	7.32542	7.25027	7.19878	7.34226
0.166225	7.2752	7.38525	7.29473	7.24465	7.32258	7.26026	7.18784	7.28401	7.37642
0.167513	7.31318	7.38027	7.28599	7.25007	7.27963	7.28738	7.20026	7.28029	7.37488
0.168812	7.27898	7.34732	7.20875	7.29233	7.35789	7.29658	7.19701	7.2828	7.26782
0.170125	7.30663	7.30622	7.36298	7.1993	7.24145	7.33496	7.24729	7.13799	7.30596
0.171438	7.32883	7.38733	7.2643	7.13546	7.25361	7.22496	7.18704	7.14456	7.25774
0.172762	7.36301	7.40344	7.25266	7.22986	7.30914	7.2846	7.23644	7.21439	7.2658
0.1741	7.27889	7.30827	7.28526	7.28537	7.30967	7.2076	7.21274	7.23984	7.25523
0.17545	7.20605	7.31061	7.30404	7.22124	7.1844	7.24993	7.20597	7.21428	7.33668
0.1768	7.31796	7.37715	7.27879	7.19558	7.22279	7.27628	7.16213	7.22401	7.2176
0.178163	7.23698	7.2958	7.29998	7.22511	7.25512	7.18161	7.12238	7.1674	7.20667
0.179538	7.386	7.31407	7.24178	7.16534	7.2522	7.22849	7.1936	7.22604	7.23661
0.180925	7.23405	7.29325	7.29336	7.20668	7.3282	7.21275	7.16705	7.1091	7.26648
0.182313	7.27672	7.33725	7.16924	7.18427	7.2481	7.27348	7.10966	7.21505	7.26066
0.183712	7.27723	7.27643	7.24296	7.23292	7.26576	7.19806	7.15383	7.20889	7.32938
0.185125	7.29015	7.28429	7.33024	7.20693	7.22367	7.19099	7.1431	7.18896	7.29912
0.18655	7.26524	7.31672	7.2709	7.16786	7.29833	7.23078	7.11398	7.16938	7.21085
0.187988	7.25376	7.36985	7.19629	7.20647	7.20748	7.20655	7.10607	7.16819	7.32772
0.189425	7.28913	7.30967	7.21411	7.16357	7.20371	7.23473	7.16852	7.14952	7.2982
0.190875	7.17939	7.26704	7.23445	7.22078	7.20348	7.29047	7.12192	7.19147	7.22556
0.192337	7.20937	7.30589	7.30351	7.1607	7.20624	7.19806	7.14006	7.10965	7.26442
0.193813	7.22616	7.31992	7.27212	7.16946	7.24441	7.17113	7.14319	7.19102	7.26295
0.195287	7.19664	7.31661	7.18427	7.20029	7.19871	7.28231	7.11869	7.24617	7.19129
0.196788	7.28433	7.32665	7.22514	7.17299	7.21596	7.20406	7.16649	7.11892	7.26775
0.198288	7.26934	7.26427	7.23574	7.24359	7.2125	7.2662	7.14243	7.11428	7.30337
0.1998	7.23078	7.22621	7.264	7.15501	7.1887	7.18608	7.0664	7.12754	7.13679
0.201325	7.18722	7.30475	7.24742	7.12516	7.12842	7.2321	7.16955	7.12828	7.24476
0.202863	7.2629	7.22574	7.26327	7.18388	7.14922	7.16132	7.13442	7.17922	7.23117
0.2044	7.27712	7.26622	7.18233	7.15039	7.21889	7.20028	7.09497	7.1401	7.19553
0.205962	7.23053	7.21462	7.17136	7.17968	7.19244	7.18739	7.09874	7.09486	7.18627
0.207525	7.296	7.22715	7.30591	7.16169	7.20723	7.15297	7.18047	7.23999	7.13254
0.2091	7.2175	7.19558	7.23502	7.15664	7.2301	7.08957	7.1213	7.08992	7.1495
0.210688	7.24323	7.27312	7.15627	7.18021	7.2756	7.16734	7.08735	7.15291	7.27073
0.212288	7.21785	7.21995	7.25118	7.14827	7.18832	7.19002	7.10393	7.12981	7.18224
0.2139	7.14396	7.23688	7.21395	7.14434	7.25084	7.18233	7.08872	7.10361	7.26143
0.215525	7.19319	7.26354	7.16834	7.12496	7.16978	7.17873	7.0687	7.11428	7.21992
0.21715	7.2244	7.20671	7.18983	7.14573	7.20965	7.1115	7.04544	7.15787	7.13059
0.2188	7.18103	7.21985	7.13306	7.1044	7.15608	7.10865	7.07296	7.09018	7.23116
0.22045	7.15472	7.21122	7.22533	7.12873	7.23369	7.22357	7.1164	7.1025	7.20571
0.222125	7.15812	7.18823	7.14972	7.15082	7.10226	7.15631	7.05409	7.0929	7.17295
0.2238	7.10622	7.19411	7.17093	7.12921	7.09474	7.1104	7.0436	7.10361	7.17332
0.225488	7.07125	7.21976	7.15666	7.10103	7.15542	7.11167	7.0848	7.01895	7.22999
0.227187	7.05798	7.1994	7.11691	7.0707	7.11764	7.12836	7.08899	7.14674	7.20043
0.2289	7.16774	7.25307	7.11377	7.1423	7.17622	7.15817	7.06797	7.01676	7.15833
0.230625	7.1405	7.24396	7.16451	7.11994	7.18776	7.16767	6.98266	7.0253	7.12802
0.232362	7.12168	7.20179	7.16619	7.12459	7.15022	7.12585	7.05493	7.08142	7.14263
0.234113	7.17501	7.22308	7.12362	7.10737	7.15957	7.10655	7.03021	7.07293	7.13888
0.235875	7.12825	7.17498	7.08946	7.05003	7.08855	7.21722	7.04663	7.05351	7.15652
0.23765	7.09325	7.14839	7.17318	7.14037	7.15597	7.10386	7.0707	7.05348	7.14704
0.239438	7.1593	7.2193	7.07741	7.09218	7.16437	7.05527	7.00477	7.05003	7.16158
0.241238	7.10422	7.16814	7.14634	7.01189	7.1628	7.16483	7.06148	7.06395	7.08403
0.24305	7.1418	7.20747	7.09459	7.03775	7.10158	7.08694	7.01282	7.04069	7.12942
0.244862	7.07056	7.17896	7.00487	7.12837	7.13643	7.09591	7.00774	6.99561	7.09064
0.2467	7.12559	7.17731	7.17935	7.10456	7.11908	7.09763	7.04786	7.03763	7.1409
0.24855	7.16554	7.1851	7.1229	7.07562	7.19299	7.18095	7.11887	7.02879	7.11821
0.250412	7.07709	7.19088	7.1536	6.97755	7.08615	7.0969	7.06315	7.02808	7.11737
0.252288	7.11646	7.17668	7.13757	7.08703	7.02838	7.11193	6.97694	7.03339	7.05204
0.254175	7.0399	7.14445	7.14524	7.08369	7.02496	7.13108	7.03342	7.00505	7.10311
0.256075	7.11	7.15295	7.08012	7.0521	7.12655	7.07628	7.01592	7.05415	7.03223
0.257987	7.12943	7.13939	7.07408	7.07076	7.17735	7.05382	7.02546	6.97391	7.14183
0.259912	7.1037	7.20766	7.06484	6.9881	7.05146	7.14677	7.06138	7.04224	7.09547
0.261862	7.05151	7.13748	7.14674	6.99223	7.15531	7.12457	6.96949	7.01145	7.11946
0.263813	7.10964	7.157	7.10644	7.0192	7.10254	7.05669	7.03286	7.0011	7.08704
0.265775	7.1053	7.10567	7.09831	7.07292	7.06173	7.09191	7.06963	6.96023	7.1298
0.267763	7.12452	7.12381	7.10351	7.09566	7.11822	7.06325	7.06911	6.94928	7.07809
0.26975	7.14179	7.08054	7.09425	7.01147	7.10306	7.05526	7.00041	7.02005	7.13282
0.271762	7.14304	7.09441	7.12709	7.00707	7.12352	7.0383	7.00742	7.04494	7.07113
0.273787	7.0598	7.1123	7.02141	7.00721	7.03384	7.06537	6.96188	6.99618	7.10925
0.275825	7.0629	7.09422	7.01336	6.96448	7.09943	7.02183	6.99737	6.93804	7.19794
0.277875	7.14321	7.10104	7.0159	7.00921	7.11527	7.04915	6.93785	6.97568	7.12584
0.279938	6.95773	7.12844	7.08296	7.03127	7.04962	7.02068	7.04211	6.95968	7.08472
0.282012	7.02481	7.10258	7.08572	7.02062	7.02315	7.05809	7.04048	6.99695	7.09161
0.284113	7.03161	7.06042	7.06508	6.95727	7.06123	6.952	6.91248	6.95313	7.14744
0.286213	7.08254	7.11991	7.09044	7.04874	7.06932	6.96124	6.94709	7.0522	7.10188
0.288337	7.05985	7.11164	7.11879	6.97488	7.05462	7.11342	6.98663	7.04345	7.01713
0.290475	7.115	7.09502	7.00158	7.0837	7.06191	7.13629	6.94506	6.9825	7.08212
0.292625	7.05989	7.04674	7.02124	6.9897	7.04477	6.99827	7.002	7.02436	7.07767
0.2948	6.98889	7.03255	6.99021	6.9918	7.00758	7.03874	6.95046	6.97015	7.04171
0.296975	7.09815	7.06602	7.03506	7.02167	6.99828	7.09168	6.93523	6.95839	7.08099
0.299175	7.00399	7.11122	7.04777	6.98548	7.02957	6.98948	6.96559	6.99458	7.06113
0.301387	7.06626	7.09441	6.97047	6.99307	7.04544	7.09965	7.00472	6.95858	7.05357
0.303613	7.06528	7.08625	7.00546	6.95187	7.07129	7.00017	6.97444	6.9706	6.97943
0.305862	7.08184	7.15153	7.03785	6.92179	7.10137	7.03803	6.98298	6.9891	7.01983
0.308113	7.06037	7.12018	7.02834	7.01023	7.0334	7.00402	6.95876	6.97467	7.04052
0.310387	7.05666	7.02806	7.00529	6.90695	7.06824	7.05256	6.94264	6.97655	7.02085
0.312687	7.04903	7.08062	7.02639	6.97009	7.02637	6.94339	6.92377	7.00528	7.02831
0.314988	7.04172	7.13551	6.99113	6.99705	7.05957	7.03672	6.89283	6.95545	6.99268
0.317313	7.0556	7.06897	7.03311	6.97126	7.0049	6.98783	6.92462	6.97323	7.01691
0.31965	6.9994	7.06983	6.98769	7.04356	7.02502	7.00532	6.9563	6.95737	7.00839
0.322	7.04393	7.07105	7.05094	6.99899	7.08701	7.04166	6.88561	6.93339	7.05744
0.324375	7.01217	7.03417	6.98946	6.97851	7.01149	7.01427	6.93468	6.91406	7.08231
0.326762	6.98916	7.05466	6.92991	6.93304	7.03407	7.00883	6.95845	6.93172	7.03048
0.329163	7.03452	7.07778	6.99325	7.04896	7.05844	6.98266	6.97526	6.9337	6.99662
0.331587	6.94549	7.08757	6.99731	6.96939	7.08055	6.98116	6.93277	6.93684	6.9991
0.334025	7.06838	7.019	6.97967	7.0041	7.08375	6.96694	6.97733	6.92991	7.05868
0.336475	7.09443	7.06232	6.95913	6.91371	6.95521	6.99293	6.97737	6.92894	6.99688
0.33895	7.03558	7.07085	6.99751	6.91381	6.94188	6.95158	6.94502	6.86773	7.08623
0.341437	7.02043	7.01499	6.96293	6.98025	7.02429	6.997	6.94379	6.93114	6.99881
0.343937	7.02431	7.04583	6.97424	6.91252	7.01795	7.00908	6.96729	6.92012	7.1029
0.346462	7.02227	7.04597	6.99564	6.98192	6.9787	6.97539	6.92088	6.97253	6.99183
0.349	7.00984	7.00513	6.96364	6.96733	6.99947	6.94583	6.91025	6.89003	7.04464
0.351563	6.99911	7.06104	6.94857	6.95785	6.97016	6.97371	6.85324	6.95076	6.99974
0.354138	6.98236	7.00408	6.89943	6.97816	6.96271	6.98747	6.8992	6.91091	6.97406
0.356725	6.98193	7.01844	6.98494	7.00256	6.98841	7.0301	6.89751	6.8606	6.96759
0.359338	6.96505	7.05165	6.93829	6.87082	6.99242	6.9555	6.88337	6.88788	7.01368
0.361975	7.02315	7.03121	7.02485	6.90965	6.97669	6.91009	6.89946	6.88296	6.94039
0.364612	7.00445	7.02051	6.9636	6.93429	7.02409	6.94652	6.88438	6.88352	7.05785
0.367287	6.94416	6.99465	6.91993	6.90305	7.00773	6.9636	6.89874	6.91222	6.98347
0.369975	7.05274	7.02754	6.89539	6.89876	7.0278	6.91769	6.91245	6.86503	7.01584
0.372675	6.97728	6.98078	7.00307	6.96617	6.97897	6.92128	6.91316	6.95005	6.97404
0.3754	7.00351	7.05226	6.95492	6.9682	7.01202	6.98692	6.93136	6.8661	7.06364
0.378137	7.0349	7.00519	7.0144	6.93413	6.98904	6.96098	6.85275	6.91411	7.09807
0.3809	6.98509	7.01612	6.95231	6.91109	6.93464	6.96843	6.85446	6.92211	7.02295
0.383675	6.98181	7.04793	6.983	6.92173	6.91317	6.93914	6.93944	6.96491	7.02091
0.386475	6.99337	7.02422	6.92824	6.88677	6.95068	6.94784	6.92448	6.9422	6.98566
0.389288	6.94062	7.01112	6.9906	6.89439	6.98114	6.94897	6.82161	6.8583	7.01322
0.392125	7.02905	7.02128	6.96424	6.86538	6.98859	6.98886	6.89329	6.9184	6.99763
0.394987	6.96373	7.02419	6.94977	6.92676	6.94552	6.94139	6.85339	6.91006	6.96971
0.397862	6.99273	7.02735	6.94645	6.8722	6.9485	6.94436	6.92613	6.93293	6.9999
0.40075	6.97676	6.99086	6.95685	6.92992	6.98628	6.97632	6.86309	6.93207	7.00093
0.403675	6.99663	7.01522	6.92297	6.93314	6.98181	6.95881	6.90742	6.89857	6.99493
0.406612	6.96348	7.02654	6.92284	6.87266	6.99624	6.96133	6.86909	6.94448	6.9875
0.409562	6.98275	7.0086	6.99041	6.88978	7.0021	6.96091	6.87763	6.90634	6.94333
0.412537	6.89866	7.02442	6.96502	6.89013	6.96259	6.95545	6.84433	6.87275	6.9811
0.415538	6.98355	6.94786	6.92691	6.90197	6.96321	6.95089	6.90594	6.88285	6.99924
0.418563	7.02769	7.00617	6.91996	6.8889	6.96396	6.95786	6.9343	6.86836	6.95613
0.4216	6.97615	7.02059	6.93699	6.89488	6.98601	6.93206	6.89366	6.94147	7.03603
0.424663	6.94842	6.99844	6.9364	6.89147	6.92103	6.91213	6.86728	6.93072	6.9426
0.42775	6.95654	6.96522	6.94816	6.89394	6.95983	6.90422	6.88368	6.88114	6.93893
0.43085	6.90914	7.02352	6.90963	6.93765	6.9948	6.99982	6.89132	6.88999	6.94411
0.433975	6.93852	7.01845	6.88881	6.89195	6.91743	6.91208	6.92189	6.88851	6.93423
0.437125	6.91542	7.00643	6.93135	6.92731	6.88831	6.96124	6.84178	6.89342	6.96232
0.440288	6.91898	7.01316	6.88385	6.88462	6.99158	6.92588	6.87279	6.86806	6.97875
0.443475	6.98032	7.00304	6.93848	6.86195	6.92858	6.96731	6.87603	6.87709	6.98017
0.446687	6.9194	6.9818	6.97985	6.87228	6.99709	6.97364	6.843	6.89083	6.96731
0.449925	6.99113	6.99077	6.91276	6.87682	6.92715	6.9517	6.87431	6.94408	6.9161
0.453187	6.94303	6.97216	6.92182	6.86647	6.9487	6.93586	6.84314	6.9201	6.93183
0.456463	6.97071	7.02482	6.9317	6.90425	6.96901	6.89606	6.82567	6.9046	6.93092
0.459763	6.94433	7.01496	6.91977	6.82216	6.92165	6.90577	6.80491	6.83771	6.95467
0.463087	6.95738	6.99481	6.92503	6.88766	6.89018	6.9409	6.84006	6.89197	6.94508
0.466437	6.99382	7.00173	6.90167	6.89825	6.94587	6.9191	6.8774	6.89943	6.9713
0.469813	6.91891	6.98533	6.91895	6.90709	6.9376	6.90191	6.86699	6.86606	6.96297
0.473213	6.90635	7.0122	6.95972	6.83984	6.98136	6.90715	6.83329	6.89442	6.95316
0.476625	6.92948	6.92993	6.91778	6.86551	6.95707	6.95609	6.9049	6.83802	6.97903
0.480075	6.96646	6.98821	6.94428	6.86504	6.96326	6.91278	6.81497	6.82489	6.92478
0.483537	6.9563	7.00922	6.93581	6.85666	6.95764	6.91764	6.86609	6.90318	6.92506
0.487025	6.96353	6.97706	6.96785	6.86256	6.96864	6.94345	6.84914	6.86647	6.923
0.490537	6.92793	7.01128	6.93288	6.87263	6.95657	6.90231	6.84912	6.83874	6.95093
0.494075	6.95703	6.97043	6.91143	6.87893	6.91001	6.8972	6.84815	6.86796	6.9332
0.497638	6.94047	6.95062	6.90192	6.86369	6.97379	6.90773	6.86771	6.88312	6.93328
0.501225	6.91878	6.97776	6.96916	6.83347	6.92922	6.94379	6.8862	6.87154	6.95013
0.504838	6.91451	6.943	6.95881	6.87972	6.9465	6.94675	6.83429	6.85984	6.95762
0.508488	6.94699	7.02644	6.95325	6.89425	6.9278	6.93087	6.84314	6.8342	6.94206
0.51215	6.89697	6.97271	6.95163	6.90115	6.92728	6.90319	6.82606	6.82486	6.94232
0.515837	6.90121	7.0085	6.92851	6.82212	6.89628	6.93106	6.88599	6.83129	6.95958
0.51955	6.89105	6.93208	6.89389	6.89686	6.92016	6.90583	6.82841	6.86292	6.90809
0.523287	6.90551	6.96558	6.92248	6.86656	6.9345	6.97152	6.85595	6.85578	7.00656
0.52705	6.95398	6.98319	6.9231	6.84207	6.92857	6.88551	6.85511	6.84079	6.8886
0.53085	6.93042	6.98709	6.92024	6.90792	6.94508	6.91845	6.8711	6.83525	6.91713
0.534662	6.90838	6.9626	6.92159	6.8758	6.90117	6.91705	6.84797	6.82494	6.90793
0.538513	6.9363	6.97183	6.95469	6.8908	6.9564	6.88329	6.80802	6.81986	6.92297
0.542375	6.89418	7.01198	6.89293	6.91838	6.98615	6.94424	6.84647	6.84575	6.95321
0.546275	6.93878	6.97199	6.90189	6.83347	6.91241	6.8946	6.8013	6.79322	6.92049
0.5502	6.94987	6.99189	6.92115	6.88003	6.90192	6.90117	6.85145	6.86981	6.94299
0.55415	6.94611	6.98583	6.93139	6.88578	6.92428	6.92068	6.85789	6.81487	6.9965
0.558137	6.94904	6.99042	6.92507	6.87692	6.94936	6.91372	6.82587	6.83339	6.92621
0.562137	6.95281	7.03582	6.90918	6.92789	6.90994	6.92075	6.83194	6.8749	6.90305
0.566175	6.90704	6.973	6.92796	6.89526	6.9532	6.88341	6.83133	6.85823	6.96041
0.570238	6.96143	6.96073	6.9184	6.89984	6.98273	6.90965	6.82104	6.84941	6.94549
0.574337	6.8987	6.97734	6.87617	6.85447	6.90823	6.91084	6.83893	6.79786	6.95817
0.57845	6.90646	6.94267	6.93169	6.82911	6.94454	6.93668	6.86272	6.80753	6.92896
0.5826	6.90158	6.98019	6.91614	6.87039	6.92841	6.89599	6.8618	6.80788	6.89417
0.586775	6.94171	6.98204	6.90921	6.84686	6.93324	6.88962	6.83875	6.82023	6.92668
0.590988	6.89199	6.98322	6.88235	6.88605	6.91951	6.87919	6.82936	6.85512	6.91049
0.595225	6.90212	6.9903	6.91943	6.86219	6.92409	6.86703	6.83022	6.85733	6.93926
0.599487	6.94538	6.96556	6.94245	6.83468	6.91265	6.86457	6.83309	6.85925	6.95965
0.603775	6.93931	6.95149	6.9154	6.85731	6.88932	6.88369	6.81874	6.85748	6.92899
0.6081	6.95661	6.92514	6.92214	6.84015	6.91129	6.90248	6.82579	6.83598	6.88664
0.61245	6.94649	6.9398	6.91499	6.8748	6.94067	6.89938	6.81775	6.87206	6.94439
0.616838	6.94603	6.95545	6.91038	6.84569	6.87767	6.87931	6.82865	6.86325	6.92742
0.62125	6.94564	6.97913	6.92361	6.86701	6.9029	6.87276	6.82707	6.87139	6.92422
0.6257	6.90984	6.94326	6.89875	6.85498	6.9415	6.89709	6.79787	6.85637	6.87232
0.630175	6.8582	6.94855	6.87839	6.89014	6.93024	6.88683	6.87252	6.83983	6.90622
0.634687	6.93891	6.99088	6.90852	6.84958	6.88822	6.87623	6.86127	6.82233	6.91415
0.639225	6.95238	6.99184	6.92412	6.88212	6.90268	6.85803	6.81483	6.85213	6.93196
0.643788	6.9155	6.97868	6.9088	6.8699	6.88057	6.88012	6.85617	6.80907	6.91667
0.648387	6.91879	6.94417	6.93726	6.84729	6.89927	6.92048	6.81238	6.83686	6.94435
0.653025	6.89923	6.91979	6.91848	6.8543	6.91626	6.8923	6.79134	6.82813	6.95313
0.657687	6.93359	6.94797	6.89885	6.84657	6.88334	6.88934	6.83331	6.85282	6.91631
0.662387	6.9229	6.93549	6.91835	6.89627	6.92254	6.91757	6.82275	6.83046	6.91022
0.667113	6.87509	6.96563	6.88426	6.86763	6.91269	6.96812	6.8099	6.80747	6.90838
0.671875	6.92546	6.97482	6.87895	6.86057	6.86875	6.91126	6.74554	6.81884	6.93751
0.676675	6.92208	6.94413	6.88674	6.86734	6.89863	6.88948	6.81192	6.80446	6.91977
0.6815	6.9317	6.97585	6.93298	6.84101	6.93869	6.9197	6.83931	6.83209	6.93174
0.686363	6.94521	6.92655	6.88839	6.82473	6.88615	6.87281	6.8388	6.85122	6.91113
0.691262	6.94619	6.94223	6.89633	6.91057	6.88365	6.86374	6.82301	6.81914	6.90981
0.696187	6.89094	6.96609	6.90677	6.8567	6.88638	6.89492	6.81178	6.85057	6.9272
0.701163	6.93499	6.94417	6.89269	6.82129	6.92134	6.88651	6.84089	6.8204	6.93252
0.70615	6.92916	6.96402	6.90668	6.8632	6.88727	6.86787	6.82174	6.76855	6.87855
0.711187	6.92544	6.9884	6.89193	6.88233	6.87556	6.88369	6.84432	6.81249	6.92086
0.716263	6.89575	6.96466	6.89998	6.86123	6.89023	6.88847	6.8188	6.85715	6.9408
0.721362	6.85785	6.97479	6.90803	6.85182	6.85125	6.90533	6.83443	6.81754	6.91809
0.7265	6.88591	6.93597	6.85552	6.87762	6.89937	6.91208	6.80457	6.82685	6.89619
0.731675	6.91964	6.95156	6.8964	6.82929	6.88664	6.90396	6.82938	6.85322	6.89762
0.736888	6.92063	6.95947	6.91847	6.87038	6.92188	6.85961	6.85323	6.77889	6.90235
0.742137	6.91546	6.95793	6.93173	6.8951	6.92084	6.8437	6.82912	6.83355	6.96415
0.747413	6.93355	6.92205	6.89654	6.82813	6.93939	6.85621	6.84901	6.80274	6.92926
0.752738	6.91618	6.93782	6.90962	6.87069	6.89468	6.9233	6.85188	6.80636	6.93516
0.758088	6.9483	6.97888	6.94819	6.86189	6.91968	6.82627	6.81393	6.86099	6.89469
0.763488	6.91065	6.95823	6.88164	6.83542	6.90758	6.8779	6.80872	6.84207	6.91385
0.768912	6.91446	6.92791	6.88369	6.81511	6.84919	6.8532	6.82849	6.81173	6.89322
0.774387	6.94365	6.92577	6.88934	6.84213	6.90587	6.86997	6.80603	6.85537	6.90939
0.779887	6.90395	6.91841	6.89631	6.79587	6.92788	6.86718	6.82754	6.85089	6.89844
0.785438	6.89954	6.95024	6.91654	6.8686	6.85501	6.85326	6.8664	6.81782	6.93737
0.791013	6.91185	6.97059	6.9262	6.84683	6.9045	6.83915	6.80606	6.82799	6.90376
0.796637	6.90134	6.95387	6.90481	6.85961	6.93018	6.89819	6.85303	6.85887	6.9316
0.8023	6.89044	6.93411	6.92607	6.86217	6.90588	6.87432	6.80337	6.82052	6.90027
0.808	6.90701	6.93798	6.95417	6.82755	6.92305	6.90216	6.84229	6.83476	6.95271
0.813738	6.90349	6.92768	6.8946	6.8524	6.90713	6.85022	6.80934	6.82952	6.93652
0.819512	6.90563	6.9603	6.88799	6.88585	6.91411	6.87653	6.80477	6.81075	6.92846
0.825338	6.8999	6.97138	6.90209	6.84448	6.93568	6.87779	6.83267	6.83024	6.9291
0.8312	6.9122	6.9544	6.92209	6.81379	6.93415	6.87879	6.8487	6.83709	6.89884
0.8371	6.90553	6.90898	6.93271	6.84652	6.92347	6.85685	6.81773	6.81368	6.91587
0.843037	6.89236	6.96169	6.87329	6.8925	6.90683	6.91641	6.83863	6.86157	6.92604
0.849025	6.91597	6.97002	6.89757	6.85362	6.89783	6.85589	6.81398	6.85202	6.91416
0.85505	6.92054	6.96515	6.90765	6.84782	6.92408	6.91687	6.81926	6.81368	6.94565
0.861112	6.8987	6.94657	6.89399	6.80041	6.92361	6.88336	6.79783	6.85592	6.94746
0.867212	6.88375	6.94282	6.87152	6.8563	6.89934	6.85967	6.80915	6.84577	6.9096
0.873362	6.8924	6.91509	6.89599	6.88382	6.8865	6.90004	6.85798	6.85469	6.90618
0.879562	6.90015	6.95396	6.90469	6.83237	6.9242	6.89105	6.80152	6.79611	6.87678
0.8858	6.91173	6.93087	6.89642	6.84609	6.90617	6.90326	6.83383	6.86938	6.9292
0.892075	6.88992	6.96243	6.87694	6.8427	6.87754	6.91032	6.81811	6.86655	6.90758
0.8984	6.96365	7.00978	6.91351	6.85926	6.9211	6.87749	6.82007	6.84094	6.91802
0.904763	6.9526	6.93411	6.92689	6.85911	6.9149	6.86611	6.80792	6.83921	6.90887
0.911175	6.92404	6.97009	6.89984	6.8478	6.89641	6.91338	6.80822	6.8666	6.92613
0.917625	6.92727	6.92691	6.90435	6.84611	6.92586	6.92874	6.84163	6.79707	6.93842
0.924125	6.88105	6.95227	6.91132	6.85439	6.94793	6.89958	6.79353	6.83524	6.91657
0.930675	6.92331	6.96288	6.89009	6.87969	6.92328	6.93453	6.81798	6.80075	6.93194
0.937262	6.92875	6.95634	6.89908	6.82694	6.94551	6.83841	6.80355	6.82179	6.90824
0.9439	6.90341	6.93801	6.8678	6.84821	6.91564	6.92388	6.85355	6.83722	6.92244
0.950575	6.93079	6.94953	6.89414	6.86442	6.93456	6.87361	6.83403	6.81591	6.90833
0.9573	6.89984	6.95997	6.91108	6.8526	6.87374	6.89432	6.8406	6.82882	6.92056
0.964075	6.92642	6.92939	6.89634	6.88876	6.86379	6.91032	6.81446	6.83853	6.88468
0.9709	6.91175	6.92687	6.84807	6.88532	6.91703	6.90313	6.829	6.78375	6.88331
0.977775	6.91951	6.99507	6.91514	6.86685	6.88631	6.91824	6.82504	6.83843	6.90145
0.984688	6.91662	6.96255	6.90395	6.87347	6.94296	6.88649	6.82459	6.86079	6.89036
0.99165	6.92241	6.93736	6.88704	6.83643	6.92045	6.85558	6.83253	6.81705	6.93425
0.998662	6.92527	6.95497	6.89955	6.87557	6.91529	6.85332	6.82533	6.81396	6.91528
1.00573	6.91629	6.95339	6.87452	6.86715	6.92372	6.88847	6.81943	6.84321	6.91695
1.01284	6.91623	6.97366	6.93849	6.87683	6.90454	6.8599	6.83277	6.8249	6.93201
1.01999	6.87309	6.92613	6.90592	6.82269	6.89012	6.85862	6.82576	6.82013	6.96418
1.0272	6.93186	6.96111	6.87968	6.86697	6.90982	6.90807	6.81539	6.78098	6.89333
1.03446	6.88971	6.97417	6.88358	6.87905	6.89314	6.86101	6.8267	6.84471	6.93748
1.04177	6.93893	6.96453	6.88971	6.85969	6.92103	6.89012	6.83245	6.84935	6.91362
1.04912	6.89943	6.95429	6.90607	6.83956	6.87044	6.89483	6.80714	6.83123	6.91354
1.05654	6.89306	6.95578	6.90779	6.85555	6.92441	6.89947	6.81564	6.82779	6.93741
1.064	6.93546	6.96065	6.92055	6.86086	6.91121	6.86774	6.81448	6.85586	6.89681
1.07151	6.89809	6.94437	6.92116	6.86531	6.88142	6.91406	6.80547	6.83537	6.93468
1.07909	6.93115	6.96909	6.89167	6.87702	6.89849	6.88874	6.81084	6.8132	6.89762
1.0867	6.91974	6.9695	6.90336	6.8345	6.90973	6.90949	6.81785	6.81558	6.92969
1.09438	6.90858	6.97115	6.89942	6.852	6.91669	6.88364	6.81264	6.85273	6.901
1.1021	6.91474	6.96576	6.90205	6.88418	6.91394	6.87232	6.81681	6.81527	6.93171
1.10987	6.92616	6.94164	6.91912	6.84532	6.89266	6.92123	6.80273	6.82478	6.92725
1.1177	6.89736	7.0113	6.88429	6.85	6.88084	6.91415	6.81322	6.82679	6.907
1.12559	6.93422	7.01289	6.88035	6.84964	6.87802	6.87636	6.81923	6.80931	6.91597
1.13354	6.89492	6.95259	6.92314	6.86829	6.94362	6.88684	6.81759	6.81369	6.89248
1.14153	6.89608	6.97368	6.91812	6.86229	6.91364	6.88732	6.81547	6.85932	6.92682
1.14957	6.92527	6.95364	6.9064	6.84847	6.90783	6.87744	6.84062	6.88963	6.93079
1.15769	6.92594	6.96991	6.87807	6.89537	6.90806	6.90079	6.84105	6.822	6.93896
1.16585	6.92966	6.93253	6.90537	6.86102	6.91372	6.90107	6.81342	6.85788	6.90248
1.17408	6.92683	6.97994	6.91712	6.82872	6.92023	6.90668	6.81083	6.85111	6.90554
1.18235	6.90483	6.93988	6.86559	6.82355	6.91248	6.92253	6.80899	6.83368	6.91965
1.19069	6.90334	6.93491	6.90592	6.86631	6.89437	6.88636	6.83517	6.83174	6.89763
1.19907	6.93347	6.97728	6.911	6.8362	6.92483	6.8843	6.81827	6.84751	6.92276
1.20753	6.93935	6.95975	6.8727	6.86093	6.8799	6.87771	6.76826	6.85547	6.90169
1.21604	6.91539	6.97409	6.88753	6.85531	6.91208	6.86692	6.84269	6.8387	6.89702
1.2246	6.89655	6.93943	6.8851	6.86352	6.9554	6.89623	6.81501	6.83409	6.91902
1.23322	6.90217	6.9755	6.88261	6.85187	6.91932	6.89286	6.80364	6.8389	6.91344
1.24191	6.93439	6.98069	6.90954	6.84253	6.92118	6.91895	6.84739	6.86534	6.92042
1.25066	6.90111	6.97027	6.91201	6.87596	6.88913	6.88288	6.82717	6.82873	6.94782
1.25947	6.92965	6.95173	6.91738	6.84268	6.89266	6.89009	6.82975	6.83465	6.93164
1.26834	6.91244	6.93451	6.90946	6.86554	6.88465	6.9015	6.83313	6.85563	6.90591
1.27727	6.95743	6.93687	6.89025	6.82135	6.92316	6.88843	6.80956	6.82743	6.92835
1.28626	6.94045	6.97335	6.91754	6.87247	6.91026	6.89627	6.80753	6.81711	6.90276
1.29531	6.90606	6.97449	6.89186	6.86669	6.89708	6.9083	6.8342	6.84895	6.92731
1.30444	6.91563	6.97847	6.91496	6.86155	6.93529	6.90601	6.81176	6.85568	6.93095
1.31361	6.94048	6.9411	6.89982	6.85325	6.90382	6.86375	6.81268	6.82546	6.92602
1.32286	6.94127	6.96232	6.90958	6.85104	6.89189	6.91023	6.84376	6.83515	6.92507
1.33216	6.96624	6.96821	6.93149	6.85376	6.89437	6.90724	6.81053	6.86581	6.92173
1.34154	6.9246	6.94773	6.89804	6.86073	6.9307	6.90526	6.86183	6.8558	6.95814
1.35098	6.92961	6.94031	6.89229	6.83401	6.89635	6.88592	6.83355	6.82668	6.9345
1.36047	6.9287	6.97543	6.91723	6.86967	6.91043	6.88808	6.79941	6.80725	6.91398
1.37005	6.93049	6.96357	6.89246	6.86389	6.91683	6.91674	6.83343	6.8311	6.9072
1.37969	6.90189	6.99293	6.88342	6.86976	6.89653	6.90231	6.84061	6.84131	6.92712
1.38939	6.94793	6.93215	6.92511	6.84286	6.91736	6.90296	6.85885	6.82912	6.91189
1.39915	6.90704	6.98566	6.89825	6.87767	6.92398	6.89907	6.83554	6.8523	6.94355
1.40899	6.91879	6.99409	6.86963	6.84429	6.93678	6.88849	6.81949	6.84408	6.92191
1.4189	6.91717	6.93208	6.88952	6.86075	6.90943	6.89768	6.85275	6.83909	6.92631
1.42887	6.92592	6.95596	6.90619	6.85249	6.95629	6.90193	6.84075	6.84182	6.91886
1.43891	6.91145	6.98928	6.9247	6.87277	6.90982	6.88383	6.84066	6.82924	6.92976
1.44903	6.90952	6.97245	6.89401	6.8648	6.91707	6.92078	6.81827	6.84245	6.96412
1.45921	6.91875	6.97038	6.87011	6.86299	6.92485	6.87698	6.82519	6.81306	6.91266
1.46946	6.92219	6.9744	6.92238	6.87466	6.92271	6.91299	6.8283	6.83303	6.90711
1.47979	6.92543	6.97504	6.9157	6.83725	6.92766	6.90079	6.84698	6.8497	6.91652
1.49019	6.93341	6.9875	6.9231	6.8256	6.90482	6.88869	6.85365	6.83502	6.9185
1.50065	6.89272	6.98389	6.91903	6.85739	6.9309	6.88305	6.82684	6.81839	6.94113
1.51119	6.91995	6.96671	6.89841	6.86657	6.94268	6.88708	6.8153	6.86503	6.90756
1.52181	6.93159	6.97499	6.91356	6.86204	6.91843	6.92007	6.83744	6.86112	6.93282
1.5325	6.88851	6.95943	6.9082	6.86193	6.92142	6.90229	6.83556	6.83669	6.90132
1.54325	6.92876	6.98579	6.92977	6.88182	6.90506	6.90683	6.85034	6.83261	6.91207
1.55409	6.94652	6.97189	6.90125	6.8343	6.91231	6.90287	6.84184	6.85146	6.93074
1.565	6.94313	6.98462	6.91653	6.84866	6.89355	6.9112	6.8277	6.83314	6.93701
1.57599	6.92675	6.97435	6.92923	6.89182	6.89704	6.8871	6.82218	6.8296	6.93017
1.58705	6.92598	7.00074	6.90477	6.86847	6.90708	6.90936	6.83588	6.84065	6.97263
1.59819	6.92757	6.96914	6.91892	6.83225	6.92593	6.89078	6.81499	6.84357	6.92091
1.60941	6.94136	6.99067	6.91905	6.83674	6.92161	6.92967	6.8172	6.86181	6.92759
1.6207	6.92814	6.99308	6.91322	6.8698	6.88297	6.90714	6.828	6.83211	6.94233
1.63207	6.91987	6.95296	6.89454	6.87692	6.94482	6.89364	6.84297	6.84644	6.92816
1.64353	6.92589	6.96959	6.90464	6.86156	6.92439	6.87931	6.83873	6.83766	6.94008
1.65506	6.94503	6.98621	6.92711	6.8448	6.92355	6.90348	6.85397	6.83817	6.93383
1.66667	6.94382	6.99043	6.90474	6.8552	6.9313	6.89038	6.85039	6.84617	6.95898
1.67836	6.91847	6.97184	6.87886	6.82922	6.90992	6.89923	6.83458	6.85103	6.93835
1.69014	6.93897	7.00139	6.90279	6.83776	6.9339	6.91118	6.84115	6.84899	6.92805
1.70199	6.90628	6.97526	6.93001	6.83538	6.9062	6.90933	6.87045	6.85112	6.93066
1.71393	6.92464	6.95737	6.91677	6.86947	6.92205	6.90463	6.85543	6.86746	6.91175
1.72594	6.92965	6.96732	6.89902	6.85054	6.94019	6.89031	6.82642	6.86014	6.92639
1.73805	6.94691	6.95677	6.92628	6.87643	6.94186	6.88998	6.84944	6.83942	6.92878
1.75022	6.93348	6.97997	6.90712	6.84522	6.90912	6.90875	6.83124	6.8722	6.95959
1.7625	6.91262	6.98562	6.91233	6.87621	6.93549	6.91343	6.83693	6.85386	6.96045
1.77486	6.93453	6.96453	6.90433	6.87657	6.94104	6.89279	6.82928	6.84773	6.94501
1.7873	6.93832	6.98288	6.93998	6.84969	6.93602	6.90231	6.84743	6.85419	6.92737
1.79982	6.9239	7.00215	6.89925	6.86965	6.92533	6.89413	6.86374	6.86642	6.92876
1.81244	6.93683	6.99704	6.91927	6.85873	6.91318	6.91463	6.83485	6.85254	6.92109
1.82514	6.92552	7.00342	6.93104	6.87699	6.92982	6.90402	6.83669	6.87186	6.92859
1.83794	6.90548	6.95972	6.93413	6.85398	6.92894	6.9131	6.84309	6.85507	6.94934
1.85081	6.90881	6.96939	6.92265	6.86561	6.90107	6.87975	6.8182	6.86696	6.93568
1.86378	6.95485	6.98773	6.91399	6.85701	6.93724	6.90741	6.83106	6.84166	6.92593
1.87684	6.94533	6.98922	6.89729	6.8759	6.93945	6.90667	6.85415	6.84194	6.9389
1.88999	6.93789	6.9744	6.91806	6.87152	6.93094	6.87977	6.86735	6.86553	6.94097
1.90322	6.92055	6.98386	6.92352	6.89398	6.94308	6.90109	6.82564	6.84379	6.95722
1.91655	6.9479	6.98908	6.9128	6.87944	6.95547	6.92038	6.82828	6.83771	6.93094
1.92998	6.95486	6.99397	6.93265	6.85413	6.93353	6.91839	6.82658	6.85721	6.95041
1.9435	6.9282	6.9724	6.92256	6.86428	6.91304	6.91031	6.81814	6.85871	6.9121
1.9571	6.92589	7.01272	6.93608	6.86748	6.91819	6.90592	6.84148	6.84413	6.94556
1.97081	6.92232	6.97626	6.92021	6.88697	6.92775	6.90829	6.83625	6.88077	6.96495
1.98461	6.94472	6.96866	6.91761	6.8653	6.93262	6.91841	6.84402	6.84734	6.94311
1.9985	6.93476	6.95968	6.91205	6.87278	6.92778	6.91573	6.82797	6.84528	6.96006
2.0125	6.93235	6.98769	6.91999	6.86594	6.91359	6.89521	6.7948	6.84972	6.94976
2.02659	6.94485	6.98882	6.8963	6.83801	6.9235	6.91054	6.83634	6.82948	6.94112
2.04078	6.94341	6.98077	6.92	6.87099	6.93163	6.91154	6.83043	6.85252	6.93804
2.05506	6.93795	6.9869	6.91784	6.85992	6.89176	6.91426	6.84788	6.85624	6.94051
2.06944	6.94691	7.0084	6.9233	6.86541	6.93286	6.91456	6.83802	6.85487	6.95309
2.08393	6.93955	6.98944	6.89868	6.85588	6.91841	6.91048	6.83019	6.851	6.96463
2.09851	6.93763	6.9948	6.924	6.86474	6.94286	6.9051	6.8575	6.86754	6.93781
2.11319	6.92373	6.96575	6.92023	6.8793	6.92537	6.93185	6.83227	6.86276	6.93887
2.12797	6.9358	6.99634	6.90215	6.87766	6.92452	6.89788	6.85212	6.86435	6.93465
2.14286	6.92943	6.98512	6.90788	6.85585	6.9284	6.90785	6.84618	6.87396	6.93172
2.15786	6.93181	6.96374	6.92284	6.84411	6.92404	6.89858	6.83966	6.84399	6.94185
2.17296	6.91902	6.99334	6.93417	6.88296	6.93051	6.90568	6.84327	6.87093	6.93947
2.18816	6.93221	6.97641	6.90886	6.86354	6.96091	6.89842	6.8298	6.84613	6.94337
2.20346	6.9065	6.98129	6.92105	6.88507	6.95537	6.93008	6.85101	6.85998	6.93379
2.21887	6.93663	6.97749	6.92464	6.89136	6.91849	6.92179	6.83421	6.85386	6.95144
2.2344	6.92778	6.97797	6.93957	6.879	6.92074	6.92675	6.83039	6.8523	6.95545
2.25003	6.92754	6.96463	6.92027	6.89698	6.91693	6.90854	6.85228	6.87764	6.94827
2.26576	6.93127	7.01049	6.92409	6.89033	6.93076	6.9275	6.83376	6.84817	6.93546
2.2816	6.92607	7.00196	6.91328	6.88728	6.92416	6.92588	6.84583	6.84353	6.95402
2.29755	6.93879	6.98598	6.92902	6.87782	6.94517	6.91399	6.83763	6.84416	6.94317
2.31363	6.91064	7.00046	6.91849	6.8787	6.93985	6.91865	6.82847	6.86027	6.92601
2.3298	6.92978	6.9876	6.93698	6.88551	6.90869	6.9406	6.85855	6.85665	6.94606
2.34609	6.90842	6.99437	6.91478	6.89	6.92811	6.91308	6.82625	6.84502	6.95932
2.36249	6.93896	6.97467	6.93634	6.86052	6.93966	6.91103	6.85837	6.85353	6.9486
2.379	6.90559	7.01317	6.91919	6.86191	6.92371	6.92577	6.85254	6.88597	6.95113
2.39563	6.92385	6.99408	6.90766	6.87974	6.93086	6.93882	6.83582	6.84894	6.93283
2.41237	6.95735	6.98819	6.92942	6.87916	6.95227	6.90219	6.85304	6.85508	6.95426
2.42924	6.9297	6.97783	6.92668	6.86377	6.93044	6.89809	6.84596	6.86321	6.93679
2.44621	6.94532	6.99155	6.90395	6.89115	6.93849	6.91013	6.8523	6.85619	6.93176
2.4633	6.90775	7.00323	6.93041	6.88954	6.93373	6.92743	6.85537	6.85299	6.96754
2.48051	6.91653	6.99812	6.90523	6.87662	6.9431	6.93055	6.8279	6.83556	6.97353
2.49785	6.9433	6.9861	6.93149	6.8761	6.93311	6.90917	6.82994	6.82472	6.93005
2.5153	6.92399	6.96019	6.91533	6.84584	6.95449	6.94821	6.84738	6.85195	6.9576
2.53288	6.92582	6.9836	6.91898	6.87039	6.92304	6.93361	6.8418	6.85076	6.95342
2.55058	6.92144	7.00356	6.91303	6.88311	6.92582	6.91447	6.8524	6.8326	6.95744
2.56839	6.92356	6.98433	6.90437	6.84129	6.9442	6.92334	6.84637	6.84108	6.92641
2.58634	6.91964	6.95814	6.91264	6.8842	6.92489	6.92359	6.84803	6.85866	6.93883
2.6044	6.93046	6.98741	6.93591	6.86814	6.94857	6.92033	6.86233	6.86764	6.94483
2.62259	6.91473	6.99202	6.91129	6.88723	6.91568	6.91167	6.84481	6.88	6.94324
2.64091	6.91745	6.98187	6.92628	6.8966	6.94511	6.93464	6.85315	6.86407	6.96948
2.65935	6.90866	6.98235	6.89926	6.88452	6.94279	6.9134	6.83724	6.8373	6.94487
2.67793	6.93279	6.98784	6.91924	6.86134	6.92899	6.91626	6.86168	6.86848	6.95798
2.69662	6.93211	6.9851	6.92388	6.85997	6.94083	6.90954	6.83542	6.86458	6.939
2.71546	6.92031	6.99934	6.9183	6.89049	6.9336	6.9202	6.84179	6.85639	6.9297
2.73443	6.93201	6.98199	6.91884	6.85379	6.93339	6.92603	6.85425	6.84306	6.93309
2.75351	6.92013	6.99599	6.93043	6.89069	6.92542	6.91991	6.83894	6.85114	6.96208
2.77274	6.92913	6.98549	6.93176	6.87152	6.93641	6.91368	6.84073	6.86313	6.97735
2.7921	6.95287	6.99759	6.93371	6.88211	6.92064	6.91849	6.83551	6.85489	6.92491
2.81159	6.92166	6.9431	6.92739	6.86734	6.91671	6.92507	6.86373	6.85901	6.94069
2.83121	6.9335	6.97152	6.91932	6.86824	6.93663	6.92432	6.82854	6.85479	6.94542
2.85098	6.93022	6.97902	6.91279	6.86232	6.93267	6.92377	6.87492	6.8727	6.94871
2.87087	6.92984	6.9769	6.93254	6.87583	6.92541	6.92618	6.83213	6.85684	6.93342
2.89091	6.93462	6.99689	6.91996	6.87557	6.94465	6.92767	6.84622	6.8574	6.95614
2.9111	6.94342	6.99	6.92552	6.85692	6.94729	6.93005	6.8443	6.84843	6.93804
2.93141	6.93513	6.97999	6.93176	6.87769	6.92254	6.93934	6.85347	6.86124	6.92741
2.95187	6.93143	6.96863	6.92253	6.85697	6.92756	6.89723	6.85	6.88224	6.95682
2.97248	6.92233	6.97625	6.91436	6.87313	6.93167	6.91364	6.84718	6.86179	6.93801
2.99321	6.93307	6.98556	6.9116	6.87189	6.94379	6.94998	6.86204	6.87632	6.97179
3.0141	6.94703	6.96644	6.94145	6.86038	6.94074	6.92956	6.85717	6.85304	6.93623
3.03514	6.92951	6.98959	6.92844	6.88737	6.95115	6.91586	6.84994	6.86369	6.9438
3.05631	6.91603	6.98315	6.92129	6.86754	6.96427	6.90886	6.84531	6.864	6.93081
3.07764	6.94596	6.9601	6.91189	6.87573	6.93243	6.93859	6.83967	6.84631	6.95642
3.0991	6.91512	6.98283	6.93951	6.86586	6.93717	6.93717	6.83452	6.87781	6.94469
3.12072	6.93579	6.98748	6.92007	6.88311	6.96166	6.90933	6.8536	6.87813	6.94034
3.1425	6.92218	6.98778	6.91836	6.86648	6.92366	6.91356	6.85765	6.87506	6.94237
3.16441	6.92132	6.97693	6.93245	6.87103	6.95133	6.93238	6.84603	6.85289	6.95936
3.18649	6.92349	6.98089	6.95392	6.86236	6.9484	6.94382	6.85114	6.86714	6.94158
3.20871	6.95469	6.98383	6.9399	6.87666	6.94407	6.90685	6.85797	6.85969	6.93105
3.2311	6.94389	6.9699	6.93613	6.89198	6.92679	6.9195	6.85008	6.84832	6.94518
3.25364	6.93438	6.98023	6.91511	6.8779	6.93017	6.92607	6.83098	6.86132	6.94646
3.27632	6.93851	6.97939	6.92426	6.87334	6.93787	6.91408	6.86226	6.86164	6.96219
3.29918	6.93424	6.98374	6.90849	6.88764	6.94028	6.9317	6.85067	6.85864	6.95158
3.32218	6.93123	7.00211	6.93322	6.85816	6.94126	6.93939	6.85385	6.8864	6.96303
3.34535	6.92862	6.98485	6.89755	6.8842	6.96099	6.93036	6.86573	6.86862	6.93371
3.36867	6.94671	6.98663	6.93053	6.87712	6.9444	6.92153	6.84698	6.85946	6.94862
3.39216	6.92905	6.97344	6.92623	6.87622	6.95815	6.94899	6.84955	6.86517	6.95098
3.41581	6.9475	6.99115	6.93198	6.87656	6.9291	6.9256	6.86513	6.85964	6.93279
3.43964	6.93658	6.97298	6.91424	6.86455	6.94815	6.92322	6.85494	6.85685	6.95184
3.46361	6.93477	6.97442	6.92183	6.85815	6.95045	6.91752	6.86372	6.8465	6.94298
3.48776	6.91831	6.98368	6.93925	6.89888	6.93639	6.92613	6.85576	6.84917	6.97423
3.51207	6.93293	6.99141	6.91774	6.88506	6.92137	6.92475	6.83895	6.86117	6.95363
3.53656	6.94023	6.97794	6.91946	6.88457	6.94081	6.93168	6.83785	6.87694	6.93669
3.56121	6.91894	6.98359	6.9318	6.86728	6.95104	6.92343	6.82757	6.85826	6.94765
3.58604	6.92193	6.98885	6.92977	6.90172	6.93062	6.91258	6.84808	6.8463	6.95601
3.61104	6.9467	6.9837	6.92866	6.8792	6.92978	6.92339	6.84782	6.84602	6.95411
3.6362	6.93684	6.98594	6.93694	6.87968	6.93433	6.91359	6.8312	6.85601	6.93768
3.66155	6.93448	6.98019	6.93477	6.90463	6.94106	6.9165	6.85217	6.87594	6.95476
3.68706	6.93793	7.00091	6.9348	6.88662	6.93833	6.91477	6.84395	6.84348	6.95763
3.71276	6.92935	6.98454	6.93445	6.89173	6.94407	6.92259	6.84728	6.84919	6.96103
3.73864	6.9361	6.98018	6.92145	6.88695	6.94728	6.93482	6.85869	6.85335	6.95467
3.76469	6.93205	6.99506	6.93675	6.89423	6.92075	6.94962	6.84254	6.85451	6.95778
3.79093	6.93139	6.99763	6.93379	6.86807	6.96394	6.94679	6.84864	6.87394	6.94002
3.81734	6.94134	6.97685	6.92256	6.88412	6.92576	6.92029	6.86083	6.86803	6.95151
3.84394	6.93346	6.98563	6.92068	6.89212	6.93539	6.91061	6.87192	6.85912	6.95182
3.87072	6.92379	6.97824	6.92336	6.87052	6.94748	6.91805	6.82713	6.87073	6.95046
3.89769	6.94602	6.9925	6.9303	6.89376	6.94633	6.9385	6.83904	6.85447	6.94646
3.92485	6.94443	6.97312	6.92422	6.87287	6.93992	6.93726	6.84169	6.86726	6.94549
3.95219	6.92302	6.98588	6.9257	6.88202	6.94195	6.95357	6.83238	6.85441	6.93672
3.97972	6.91352	6.98831	6.92742	6.87914	6.95906	6.91188	6.852	6.85099	6.94029
4.00745	6.93148	6.99136	6.9163	6.86376	6.95056	6.92623	6.8424	6.8698	6.94448
4.03536	6.94918	6.97167	6.94461	6.88735	6.92621	6.93291	6.83568	6.86818	6.94246
4.06348	6.92918	6.97698	6.92419	6.8969	6.92485	6.92202	6.82874	6.84945	6.94695
4.09177	6.94194	6.98457	6.93509	6.87879	6.93745	6.91883	6.84815	6.85315	6.93791
4.12029	6.91918	6.99856	6.93194	6.88272	6.93034	6.91816	6.85039	6.85684	6.94085
4.14899	6.94426	6.98032	6.92992	6.87637	6.92848	6.91946	6.8385	6.86473	6.94463
4.17788	6.9328	6.99479	6.92553	6.87889	6.9394	6.92836	6.83068	6.8552	6.94332
4.20697	6.95075	6.98732	6.95312	6.86803	6.92572	6.91518	6.85453	6.8691	6.95635
4.23628	6.92407	6.99888	6.93761	6.87574	6.92889	6.93756	6.82961	6.85008	6.9609
4.26578	6.92585	6.97555	6.94691	6.86925	6.94179	6.92357	6.84634	6.86245	6.95226
4.29549	6.92015	6.98603	6.94441	6.87522	6.95101	6.94482	6.84749	6.8673	6.9367
4.3254	6.94882	6.97294	6.92618	6.8546	6.93398	6.93419	6.84548	6.85249	6.95826
4.35553	6.94595	6.97574	6.91987	6.875	6.94102	6.91788	6.84773	6.86744	6.95833
4.38585	6.93132	6.9765	6.92736	6.88055	6.92018	6.92311	6.84848	6.8583	6.95903
4.41639	6.93318	6.99441	6.9182	6.90146	6.95366	6.92677	6.84958	6.85588	6.95218
4.44715	6.93049	6.9706	6.93257	6.88637	6.93846	6.92754	6.84908	6.87436	6.94088
4.47811	6.92611	6.98651	6.91575	6.89272	6.94006	6.92217	6.84006	6.86287	6.94831
4.50929	6.94859	6.97184	6.91964	6.88793	6.92217	6.92254	6.82284	6.84629	6.93893
4.54069	6.94366	6.97537	6.91858	6.88795	6.93376	6.93622	6.85288	6.86606	6.95593
4.5723	6.93481	6.97694	6.9271	6.88208	6.93986	6.93772	6.83067	6.86233	6.96427
4.60413	6.93997	6.98371	6.93535	6.88097	6.92801	6.93787	6.8372	6.85536	6.95814
4.63619	6.93536	6.97247	6.91611	6.88775	6.93911	6.9272	6.84585	6.85827	6.95797
4.66846	6.92929	6.98835	6.93953	6.89732	6.9393	6.91036	6.83965	6.8683	6.95235
4.70096	6.92967	6.98413	6.92624	6.88671	6.94653	6.91077	6.85403	6.87353	6.94147
4.73368	6.94769	6.97519	6.90559	6.8847	6.93528	6.94271	6.87246	6.85216	6.93713
4.76664	6.94462	6.97544	6.92106	6.89251	6.9427	6.91935	6.85995	6.85163	6.95238
4.79981	6.95071	6.98613	6.91268	6.89259	6.92875	6.92008	6.83644	6.87365	6.93356
4.83322	6.93834	6.9807	6.92986	6.89117	6.9305	6.93921	6.85659	6.86367	6.95299
4.86686	6.93771	6.98271	6.91554	6.89184	6.92892	6.90997	6.85572	6.8768	6.96228
4.90074	6.93515	7.00248	6.91503	6.89685	6.93729	6.92021	6.84459	6.86785	6.95048
4.93485	6.94142	6.98303	6.95145	6.8803	6.9411	6.92153	6.83309	6.85549	6.95351
4.96919	6.94115	6.98924	6.93515	6.89854	6.94129	6.92593	6.84271	6.85877	6.94519
5.00378	6.93138	6.98383	6.91999	6.87843	6.93369	6.93369	6.86292	6.87102	6.93646
5.0386	6.94209	6.99761	6.9274	6.90447	6.94842	6.93262	6.83877	6.86573	6.94281
5.07366	6.91424	6.97941	6.93131	6.89124	6.94416	6.92197	6.85711	6.87638	6.9502
5.10896	6.95343	6.9958	6.92704	6.88328	6.94807	6.92148	6.84604	6.87013	6.94619
5.14453	6.93233	6.97843	6.92082	6.89452	6.95009	6.92379	6.85553	6.87348	6.96132
5.18033	6.93084	6.9875	6.93431	6.89185	6.93365	6.93364	6.85467	6.87399	6.95316
5.21636	6.93843	6.98115	6.93225	6.89331	6.94715	6.92085	6.85603	6.86957	6.93949
5.25266	6.94687	6.99514	6.94912	6.88898	6.95016	6.94227	6.84402	6.88168	6.95045
5.28921	6.92751	6.99666	6.93547	6.89135	6.93386	6.92419	6.87112	6.88592	6.96
5.32601	6.92857	7.00195	6.94656	6.87925	6.93348	6.94034	6.84509	6.85961	6.9671
5.36307	6.94332	7.00182	6.94748	6.88131	6.94021	6.92594	6.85263	6.87829	6.95202
5.40039	6.94533	6.99433	6.92975	6.89117	6.93859	6.92237	6.85362	6.86682	6.94776
5.43795	6.93732	6.99053	6.92624	6.87106	6.94643	6.93348	6.8638	6.86366	6.9536
5.47579	6.93773	7.00113	6.9239	6.8931	6.93184	6.9199	6.85723	6.87248	6.95316
5.51389	6.93206	7.00205	6.92565	6.87944	6.92174	6.92281	6.83694	6.85479	6.95387
5.55224	6.9215	6.99191	6.93222	6.88373	6.92356	6.93041	6.86213	6.86374	6.94358
5.59086	6.92552	6.99665	6.93678	6.88177	6.93784	6.92506	6.8433	6.87326	6.94361
5.62976	6.92354	6.98644	6.91196	6.87543	6.94064	6.93502	6.84484	6.8622	6.94867
5.66892	6.92626	6.98841	6.91549	6.90069	6.94514	6.92561	6.8583	6.85056	6.93983
5.70835	6.93123	7.00077	6.92821	6.88181	6.93562	6.93833	6.85279	6.86999	6.95688
5.74806	6.93992	6.99355	6.92794	6.87909	6.93717	6.90971	6.85698	6.86927	6.94383
5.78805	6.92886	7.00551	6.92432	6.89293	6.94261	6.92392	6.8614	6.8589	6.93818
5.8283	6.95705	6.98819	6.93269	6.87285	6.94605	6.9311	6.85929	6.87038	6.93612
5.86884	6.94671	6.99192	6.94015	6.88327	6.94545	6.92635	6.85985	6.85905	6.94559
5.90966	6.94425	6.98918	6.93032	6.87593	6.9371	6.91492	6.85794	6.84596	6.93498
5.95076	6.93179	6.99062	6.92807	6.8751	6.92885	6.91833	6.85458	6.84529	6.95919
5.99215	6.92919	6.9879	6.93674	6.87872	6.92118	6.91606	6.8647	6.87342	6.97308
6.03382	6.93274	6.97564	6.92803	6.88129	6.93937	6.9255	6.85198	6.86261	6.94076
6.07579	6.92434	6.97638	6.94043	6.88819	6.94464	6.9299	6.84651	6.89555	6.95849
6.11805	6.93769	6.97989	6.93591	6.89674	6.97559	6.92013	6.84764	6.86705	6.96662
6.16059	6.93319	6.99521	6.9333	6.89311	6.94032	6.9095	6.83814	6.87565	6.95345
6.20344	6.92487	6.99896	6.94194	6.89973	6.94531	6.92701	6.85697	6.85628	6.95422
6.24657	6.9293	6.98259	6.9459	6.89155	6.93329	6.92224	6.85245	6.86762	6.95239
6.29001	6.91796	6.99444	6.93782	6.88448	6.92907	6.92752	6.86124	6.86651	6.95151
6.33375	6.9279	6.99933	6.93622	6.8818	6.95937	6.93226	6.86201	6.87127	6.96224
6.37779	6.93946	7.00074	6.93609	6.90008	6.94434	6.92283	6.87069	6.87074	6.94387
6.42214	6.929	6.99329	6.94771	6.89394	6.94834	6.91468	6.86037	6.88855	6.9603
6.46679	6.9489	7.00029	6.9349	6.87615	6.9419	6.91306	6.86406	6.88056	6.95461
6.51176	6.92689	6.99375	6.9334	6.87131	6.94227	6.92811	6.86546	6.87106	6.93694
6.55704	6.93137	6.9911	6.9441	6.87796	6.93331	6.92066	6.86824	6.86925	6.95468
6.60262	6.93022	7.00519	6.93725	6.87527	6.94147	6.91844	6.84758	6.86017	6.95139
6.64853	6.93163	6.99421	6.94273	6.87034	6.93306	6.91666	6.8649	6.88221	6.94796
6.69475	6.93177	6.98136	6.94206	6.87704	6.93691	6.91491	6.85631	6.87596	6.95576
6.7413	6.92485	7.00092	6.93049	6.87475	6.92564	6.91454	6.8543	6.87699	6.92417
6.78816	6.9224	6.99064	6.93576	6.87866	6.92884	6.9233	6.85187	6.87047	6.93492
6.83535	6.93065	6.98803	6.94039	6.87395	6.93741	6.91966	6.85972	6.86238	6.95182
6.88287	6.94167	6.99137	6.94219	6.89389	6.93	6.90883	6.84284	6.85532	6.95023
6.93073	6.93877	7.00116	6.93446	6.88815	6.93588	6.91186	6.85308	6.86805	6.9466
6.9789	6.93046	6.98562	6.93351	6.89364	6.93153	6.91136	6.86794	6.87343	6.95259
7.02741	6.9392	6.97591	6.92969	6.89505	6.93139	6.91898	6.85694	6.86353	6.94313
7.07626	6.94238	6.99029	6.92993	6.89336	6.93844	6.91607	6.85457	6.85775	6.93943
7.12546	6.94229	7.00549	6.93829	6.88963	6.94397	6.92174	6.84651	6.87486	6.93756
7.17499	6.94626	6.98596	6.94001	6.88977	6.94215	6.93654	6.8479	6.86899	6.96415
7.22486	6.94917	7.00328	6.94086	6.89763	6.92619	6.91723	6.84352	6.85227	6.95675
7.27507	6.93971	6.99898	6.93543	6.89018	6.92758	6.92235	6.87518	6.8652	6.95491
7.32565	6.95331	7.00602	6.93437	6.8967	6.94321	6.91178	6.86462	6.85782	6.94658
7.37656	6.94554	7.00303	6.92561	6.87343	6.93974	6.91938	6.85779	6.86859	6.94633
7.42784	6.93263	6.98315	6.9426	6.87281	6.93958	6.91366	6.85466	6.85966	6.93476
7.47946	6.93748	6.99338	6.94431	6.87859	6.95053	6.92062	6.85977	6.85271	6.95132
7.53145	6.94516	6.99774	6.93182	6.88258	6.94473	6.91775	6.85661	6.86679	6.94369
7.58379	6.94018	6.98757	6.93768	6.87539	6.95393	6.92743	6.85041	6.87134	6.94464
7.6365	6.94207	6.98881	6.9355	6.89037	6.95531	6.9291	6.85127	6.87589	6.94436
7.68956	6.93905	6.99562	6.93509	6.87853	6.94712	6.93026	6.86834	6.8629	6.94703
7.74301	6.93282	6.99465	6.94014	6.8787	6.94648	6.91939	6.86115	6.86915	6.93473
7.79681	6.93794	6.98483	6.94539	6.8756	6.931	6.91431	6.85974	6.86347	6.94238
7.851	6.93755	6.9948	6.94343	6.88454	6.92943	6.92511	6.85186	6.861	6.93399
7.90556	6.93647	6.98579	6.93922	6.87785	6.94936	6.92147	6.87006	6.8769	6.93698
7.9605	6.94388	7.00322	6.94541	6.87803	6.93826	6.92795	6.85295	6.87656	6.95469
8.01581	6.94351	7.00031	6.94994	6.89548	6.94156	6.93243	6.85759	6.87084	6.95957
8.07151	6.95674	6.9925	6.94097	6.87158	6.93873	6.91699	6.86487	6.88107	6.95388
8.1276	6.94198	7.00377	6.92683	6.88634	6.94887	6.91974	6.85858	6.86221	6.95367
8.18409	6.92791	6.98691	6.94257	6.87738	6.94533	6.90937	6.85844	6.86881	6.96114
8.24095	6.95377	7.00176	6.93951	6.88182	6.93965	6.91953	6.85278	6.86457	6.96393
8.29821	6.94198	6.98383	6.93631	6.87953	6.93195	6.93073	6.85908	6.86912	6.95926
8.35588	6.95254	7.00215	6.94487	6.8671	6.94575	6.91227	6.85733	6.86256	6.94894
8.41393	6.94399	6.99497	6.93231	6.89222	6.93865	6.92444	6.84359	6.87475	6.95195
8.47239	6.93744	7.00337	6.93591	6.88093	6.93472	6.92473	6.85146	6.89041	6.94937
8.53126	6.93902	6.99562	6.94446	6.88477	6.92645	6.9159	6.8539	6.86785	6.95113
8.59054	6.94227	6.99249	6.94028	6.8844	6.94482	6.92348	6.86118	6.86934	6.95498
8.65021	6.94167	6.99202	6.95543	6.88289	6.93016	6.926	6.8532	6.87982	6.96034
8.71031	6.9541	6.99304	6.92892	6.86672	6.94913	6.93474	6.8615	6.8746	6.95173
8.77084	6.95692	6.99143	6.93509	6.88428	6.94077	6.93236	6.87075	6.87914	6.95408
8.83176	6.94693	6.99218	6.92261	6.88084	6.94551	6.92681	6.85972	6.86457	6.95775
8.89312	6.94146	6.9886	6.93602	6.8874	6.9404	6.91853	6.84871	6.87962	6.95459
8.95491	6.94177	6.99941	6.93251	6.8831	6.94302	6.93723	6.85631	6.8743	6.96364
9.01713	6.95932	6.99304	6.91528	6.87266	6.93671	6.92834	6.84453	6.87798	6.95407
9.07976	6.95119	6.98999	6.92528	6.88438	6.94984	6.91255	6.8374	6.87257	6.94643
9.14284	6.95141	6.9882	6.91198	6.88644	6.94228	6.92343	6.84879	6.87577	6.95157
9.20635	6.94141	6.99457	6.93029	6.88498	6.9432	6.92658	6.85954	6.87642	6.94704
9.2703	6.94781	6.99603	6.9306	6.88121	6.94759	6.92133	6.86115	6.86159	6.94656
9.3347	6.94733	7.01187	6.93637	6.90775	6.93425	6.9176	6.86122	6.86765	6.96592
9.39955	6.94379	6.99194	6.94657	6.8723	6.94163	6.92407	6.86774	6.8739	6.94853
9.46484	6.93808	6.99951	6.93146	6.88822	6.93424	6.93204	6.85907	6.8668	6.94999
9.53059	6.92817	6.99117	6.93892	6.8964	6.92626	6.92352	6.85038	6.86026	6.9398
9.59679	6.93376	7.00985	6.93378	6.88058	6.93886	6.91994	6.85458	6.87119	6.95047
9.66345	6.93037	6.99926	6.91934	6.87755	6.93952	6.93743	6.85954	6.86833	6.95079
9.73057	6.94813	6.99518	6.92178	6.88143	6.93358	6.93711	6.86402	6.86692	6.94903
9.79816	6.94495	6.98984	6.93312	6.89607	6.93793	6.9208	6.85891	6.8679	6.95057
9.86621	6.94565	6.99824	6.9304	6.89101	6.93844	6.92975	6.85548	6.88059	6.96635
9.93474	6.9507	6.99356	6.922	6.88782	6.94227	6.92671	6.8556	6.87138	6.95554
10.0037	6.9391	6.99268	6.92713	6.88919	6.94377	6.92554	6.87496	6.8705	6.94392
10.0732	6.93123	6.99483	6.92522	6.88322	6.95048	6.92416	6.8519	6.85804	6.94345
10.1432	6.93957	6.99135	6.93796	6.88476	6.94853	6.92779	6.84679	6.87297	6.95076
10.2136	6.94174	7.00128	6.92835	6.89177	6.94867	6.92822	6.84988	6.86691	6.95759
10.2846	6.93365	7.00104	6.94169	6.88121	6.93792	6.92897	6.85791	6.88095	6.95433
10.356	6.93659	7.00286	6.94203	6.88959	6.94113	6.92822	6.85296	6.88501	6.95995
10.4279	6.93072	6.99839	6.94361	6.88633	6.93133	6.92058	6.84329	6.86277	6.95226
10.5003	6.93446	7.00596	6.94305	6.89443	6.9363	6.93883	6.84824	6.87352	6.93885
10.5733	6.93538	7.00649	6.93717	6.8855	6.94505	6.92818	6.85773	6.87047	6.95541
10.6467	6.94305	7.00794	6.93555	6.88521	6.9361	6.92384	6.84267	6.87887	6.95659
10.7206	6.93491	7.00545	6.94639	6.88396	6.93803	6.93864	6.85538	6.86262	6.95899
10.7951	6.94548	6.99973	6.93043	6.88906	6.93944	6.91491	6.84405	6.87012	6.9654
10.8701	6.94224	6.9949	6.93418	6.88509	6.94424	6.92031	6.85164	6.86794	6.95854
10.9455	6.94683	6.99278	6.9373	6.89003	6.93608	6.94139	6.84796	6.86851	6.96132
11.0216	6.9462	7.00418	6.92963	6.88774	6.93977	6.92848	6.85239	6.85411	6.97215
11.0981	6.94618	6.99783	6.94081	6.8984	6.94502	6.9299	6.8567	6.86395	6.95484
11.1751	6.94501	6.98982	6.94321	6.8871	6.92871	6.92089	6.85231	6.86761	6.95475
11.2528	6.93747	6.99181	6.93418	6.88242	6.93536	6.93421	6.85532	6.85924	6.95754
11.3309	6.93245	6.99572	6.93906	6.88745	6.94373	6.92777	6.86101	6.86985	6.96942
11.4096	6.95694	7.0004	6.94636	6.89201	6.93556	6.93479	6.85589	6.86268	6.9568
11.4888	6.95151	7.0029	6.94333	6.88765	6.94185	6.93158	6.85342	6.85888	6.95131
11.5686	6.95683	7.00592	6.95036	6.88397	6.93211	6.92174	6.85631	6.87031	6.95336
11.6489	6.9636	6.99718	6.95352	6.87962	6.92608	6.92857	6.85701	6.86643	6.96418
11.7298	6.94	6.99659	6.94062	6.88191	6.93913	6.91905	6.8612	6.8695	6.94712
11.8112	6.94561	6.99789	6.93973	6.88677	6.93678	6.9151	6.86187	6.87475	6.95224
11.8932	6.94636	7.0056	6.94791	6.89343	6.93319	6.92665	6.87355	6.86734	6.94091
11.9758	6.94357	7.00244	6.94317	6.89558	6.93871	6.92244	6.861	6.87072	6.95799
12.059	6.94725	6.9978	6.93363	6.89044	6.93001	6.92088	6.85733	6.86773	6.95247
12.1427	6.93869	6.99936	6.93107	6.88708	6.94145	6.9348	6.86001	6.86752	6.95403
12.227	6.93907	6.99778	6.93676	6.89466	6.93034	6.93348	6.86194	6.86973	6.95257
12.3119	6.94399	6.99384	6.93879	6.88457	6.95036	6.93383	6.86307	6.87896	6.95566
12.3974	6.94313	7.00056	6.93059	6.88373	6.94162	6.93532	6.85842	6.87205	6.96003
12.4834	6.94589	6.98992	6.94083	6.88951	6.93835	6.93252	6.85943	6.87704	6.95858
12.5701	6.94219	6.99153	6.93876	6.87529	6.94711	6.92274	6.86587	6.8765	6.96581
12.6574	6.93554	6.99729	6.93502	6.8881	6.93931	6.93179	6.86609	6.86304	6.94644
12.7453	6.9406	7.00252	6.94291	6.88914	6.94609	6.91992	6.86849	6.87174	6.96154
12.8337	6.94366	7.00633	6.9451	6.89045	6.94213	6.92215	6.86686	6.86537	6.94205
12.9228	6.93382	6.99936	6.94762	6.87257	6.94068	6.92148	6.86099	6.875	6.95549
13.0126	6.93099	6.99614	6.93421	6.88514	6.93241	6.92851	6.86536	6.86933	6.94215
13.1029	6.93632	7.00327	6.93434	6.8815	6.93537	6.92083	6.86453	6.87591	6.95075
13.1939	6.95202	7.01269	6.93229	6.88058	6.94751	6.92096	6.84987	6.88192	6.9467
13.2855	6.93611	7.01004	6.93554	6.8877	6.93453	6.92344	6.85299	6.87547	6.95157
13.3777	6.93674	7.00256	6.93697	6.88538	6.94631	6.92285	6.86484	6.87265	6.9606
13.4706	6.94779	6.99873	6.93199	6.89692	6.94534	6.93041	6.85725	6.8901	6.96031
13.5641	6.94708	6.99226	6.92914	6.88819	6.94286	6.93732	6.87198	6.87131	6.9369
13.6582	6.94877	6.98999	6.93224	6.8958	6.93881	6.92616	6.86201	6.87455	6.9589
13.753	6.93427	6.99325	6.93851	6.88899	6.94636	6.92878	6.85568	6.87132	6.95046
13.8485	6.94549	6.98964	6.93199	6.8903	6.95088	6.92781	6.86259	6.87647	6.95299
13.9446	6.94846	6.99048	6.93701	6.88181	6.94983	6.93537	6.86644	6.87699	6.96035
14.0414	6.94883	6.98792	6.93491	6.88563	6.93778	6.92042	6.85231	6.8736	6.95327
14.1389	6.95056	7.00648	6.94692	6.88099	6.94176	6.91485	6.86064	6.8704	6.9493
14.2371	6.94007	7.0003	6.93903	6.88713	6.94505	6.9145	6.85248	6.87957	6.9597
14.3359	6.94416	6.99644	6.93032	6.90339	6.94398	6.92208	6.85399	6.86781	6.96283
14.4354	6.93957	6.99452	6.94041	6.89146	6.94832	6.92569	6.85264	6.87118	6.96093
14.5356	6.94204	6.99622	6.93474	6.89144	6.95411	6.91739	6.853	6.87081	6.9587
14.6365	6.93304	6.99018	6.93109	6.88532	6.9539	6.91549	6.86372	6.88275	6.95945
14.7381	6.93205	6.99467	6.9393	6.88606	6.94894	6.91561	6.85262	6.86193	6.95844
14.8404	6.91986	6.99633	6.92717	6.88447	6.95372	6.92447	6.86441	6.86951	6.94668
14.9434	6.94158	6.99768	6.93588	6.91168	6.95395	6.91769	6.85906	6.86695	6.9492
15.0471	6.93909	6.99935	6.93663	6.89241	6.95712	6.91261	6.85612	6.8784	6.94972
15.1516	6.93274	7.00008	6.93394	6.89811	6.94643	6.91784	6.85582	6.88561	6.94653
15.2567	6.93944	7.00058	6.92745	6.89338	6.95826	6.92255	6.85933	6.8735	6.94339
15.3626	6.93296	7.00246	6.93266	6.89607	6.94212	6.93242	6.84847	6.87802	6.94833
15.4692	6.93225	6.99858	6.93741	6.88697	6.94239	6.92186	6.86079	6.86909	6.94219
15.5766	6.93138	7.00129	6.92954	6.88302	6.95491	6.93092	6.86062	6.87008	6.9455
15.6847	6.93829	7.00889	6.93414	6.88661	6.94481	6.92788	6.86672	6.8722	6.94503
15.7936	6.93742	7.00068	6.93956	6.89973	6.94915	6.92822	6.85086	6.8695	6.94269
15.9032	6.95523	7.0028	6.92922	6.89976	6.94786	6.92499	6.8573	6.86716	6.95907
16.0136	6.94418	6.99662	6.93313	6.89037	6.94033	6.93167	6.84791	6.86793	6.95802
16.1247	6.94724	6.99771	6.9296	6.90351	6.94355	6.92812	6.85495	6.8718	6.95208
16.2366	6.9485	6.99925	6.93341	6.89839	6.9474	6.93069	6.8497	6.86904	6.9494
16.3493	6.94359	6.99792	6.93528	6.89755	6.94102	6.92929	6.85316	6.87803	6.96615
16.4628	6.94319	6.99182	6.92613	6.89316	6.9362	6.9342	6.86561	6.88547	6.95649
16.577	6.93384	6.99036	6.93826	6.89476	6.94826	6.92497	6.85775	6.8775	6.95582
16.6921	6.93919	6.98745	6.93328	6.89602	6.94974	6.93589	6.85346	6.87077	6.95917
16.8079	6.94337	6.99563	6.93625	6.88345	6.94274	6.93893	6.85896	6.87557	6.96033
16.9245	6.94234	6.99081	6.93126	6.88507	6.93495	6.93284	6.86096	6.87373	6.95829
17.042	6.94606	7.00214	6.93168	6.88515	6.94058	6.93225	6.85964	6.86819	6.96159
17.1603	6.94891	6.9909	6.92623	6.8952	6.9376	6.92145	6.84997	6.87213	6.95918
17.2794	6.94147	6.99113	6.93169	6.87655	6.93589	6.92478	6.85834	6.87538	6.94556
17.3993	6.93803	7.00253	6.92927	6.88746	6.93768	6.92981	6.86218	6.87242	6.95035
17.52	6.94113	7.00273	6.92471	6.88276	6.94925	6.93512	6.85915	6.8744	6.94661
17.6416	6.9323	7.00338	6.93647	6.88691	6.95226	6.91943	6.86808	6.87586	6.95956
17.764	6.93839	6.99872	6.92713	6.88623	6.94917	6.92185	6.87526	6.88435	6.95972
17.8873	6.93935	7.0005	6.93048	6.88914	6.94374	6.9176	6.86927	6.88514	6.9579
18.0114	6.94603	7.00948	6.94079	6.89429	6.94776	6.92464	6.85892	6.87015	6.96111
18.1364	6.93997	7.00589	6.93666	6.88518	6.94301	6.92025	6.86227	6.86735	6.96427
18.2623	6.93379	7.00209	6.94215	6.89262	6.94886	6.92111	6.86741	6.86915	6.95919
18.389	6.9343	7.01401	6.93364	6.90017	6.94596	6.91981	6.86217	6.86511	6.95914
18.5166	6.93092	7.01629	6.92932	6.90483	6.94135	6.92389	6.86605	6.87094	6.96376
18.6451	6.93442	7.00521	6.9365	6.88708	6.9441	6.92894	6.86284	6.87609	6.96002
18.7745	6.93436	7.00526	6.93386	6.89044	6.94762	6.93792	6.86798	6.86287	6.9596
18.9047	6.93708	6.9954	6.937	6.89083	6.9612	6.93247	6.86799	6.86281	6.95963
19.0359	6.93611	6.99495	6.9302	6.89236	6.95104	6.92348	6.86711	6.8747	6.95261
19.168	6.93287	6.99334	6.93555	6.89325	6.96313	6.92829	6.87347	6.87287	6.95135
19.301	6.9512	6.99901	6.94216	6.88374	6.96126	6.93297	6.86895	6.87193	6.9516
19.4349	6.94386	6.99294	6.9371	6.88814	6.953	6.92407	6.86924	6.87186	6.94944
19.5698	6.94373	6.99526	6.93786	6.8879	6.95685	6.92195	6.85875	6.86856	6.95107
19.7056	6.94951	6.99829	6.95177	6.89225	6.95857	6.91788	6.85357	6.86965	6.95909
19.8423	6.94352	7.0079	6.94358	6.89359	6.95057	6.92114	6.86597	6.87191	6.95982
20	6.94791	7.00692	6.94122	6.89456	6.95772	6.92636	6.87181	6.86175	6.95379