7.5E-5	8.44891	8.09849	8.16163	8.35866	7.84034	8.07555	8.48629	8.15661
1.375E-4	8.28277	8.00371	8.14434	8.46187	7.78026	8.17704	8.43182	8.0494
2.125E-4	8.20828	8.07206	8.14642	8.27269	7.98281	8.10392	8.24362	7.97308
2.75E-4	8.11025	8.09126	8.13685	8.2553	8.04152	8.21132	8.00016	8.18691
3.5E-4	8.19724	8.04908	8.055	8.2563	8.04732	8.30056	8.12709	8.13431
4.25E-4	8.34945	8.0736	7.91452	8.29312	8.08027	8.19691	8.26213	8.00982
5E-4	8.19673	8.0591	8.10164	8.30739	8.29698	8.07304	8.25791	7.98596
5.625E-4	8.34279	8.06183	8.1943	8.32498	8.3798	8.09492	8.05688	7.9824
6.375E-4	8.17464	7.95654	8.31372	8.17554	8.05691	8.16142	7.95924	8.12444
7.125E-4	8.08391	8.08768	8.2274	8.19926	8.03244	8.41214	7.96454	8.16179
7.875E-4	8.26514	8.04654	8.1437	8.00261	8.16424	8.1993	7.88879	8.06051
8.625E-4	8.29122	7.73287	7.98709	7.78845	8.00406	8.11929	8.05337	8.00111
9.375E-4	8.21902	7.88419	8.19498	7.86716	8.01452	8.12125	8.03068	7.85973
0.0010125	8.42894	8.08271	8.11592	7.84391	8.06493	8.13961	7.80456	7.78783
0.0010875	8.52346	7.97933	8.13007	7.65488	7.88434	8.09764	8.10109	8.18069
0.0011625	8.40506	7.96205	8.23045	7.67282	7.91661	8.1605	8.14345	8.23958
0.00125	8.4228	7.74028	8.16314	7.86237	7.95292	8.16662	8.13618	8.26577
0.001325	8.22357	7.70259	8.10431	7.83506	7.97792	8.08649	8.0959	8.27435
0.0014	8.36417	7.78309	7.96632	7.75779	8.06642	8.17715	8.20396	8.33043
0.0014875	8.29271	7.93944	8.14804	7.75204	7.97688	8.17241	8.14625	8.44876
0.0015625	8.23471	8.08526	8.10935	7.66224	7.95637	8.13366	7.82712	8.32689
0.0016375	8.11348	8.02076	7.98455	7.57978	8.13291	8.25141	8.08492	8.27946
0.001725	8.22049	7.90353	8.13903	7.63902	8.02015	8.09664	8.11825	8.16022
0.0018	8.27372	8.11929	8.22319	7.69951	8.1053	7.97383	8.34132	8.09255
0.0018875	8.17243	8.05772	8.22103	7.73644	8.00043	8.0354	8.35127	8.18911
0.0019625	8.15676	7.94943	7.99598	7.7388	8.19077	8.10325	8.16947	8.53079
0.00205	8.04109	7.90894	8.09378	7.74778	7.98058	8.16556	8.13855	8.59477
0.0021375	8.17762	7.9844	8.04933	7.71705	8.09454	7.9807	8.00199	8.3807
0.0022125	8.16721	7.9084	8.284	7.80486	8.00921	7.78397	8.05871	8.22292
0.0023	8.06594	7.94798	8.07209	7.8935	8.08253	7.94617	8.1646	8.18605
0.0023875	8.13831	7.79464	8.00417	7.97651	8.17282	8.07775	8.13752	8.18666
0.002475	7.99111	7.8767	8.17564	7.92375	8.14544	8.09237	8.16195	8.2773
0.0025625	7.87367	7.99949	8.1827	7.87606	8.12271	7.94541	8.23985	8.1398
0.00265	8.01045	8.00011	8.12371	7.9363	8.03204	8.13931	8.2265	8.17497
0.0027375	8.07235	8.0953	8.03666	7.9816	7.95083	8.02704	7.99197	8.33405
0.002825	8.12399	8.03346	7.93464	7.82171	8.06914	8.14203	7.92433	8.24045
0.0029125	8.38225	7.87748	7.77932	7.81508	7.99631	8.11126	7.95776	8.09601
0.003	8.22069	8.00103	7.96442	7.85132	8.03415	8.05861	8.04627	8.32112
0.0030875	7.92125	7.96836	8.22007	7.91796	8.16917	8.16336	8.131	8.30621
0.0031875	8.19946	8.00195	8.03434	7.63854	8.26644	7.99374	8.0918	8.2272
0.003275	8.12839	8.00921	8.00133	7.71752	8.09382	8.03846	8.10576	8.3674
0.0033625	8.00448	7.86012	8.20029	7.7107	8.01801	8.09909	8.11151	8.20338
0.0034625	8.10695	7.84181	8.28848	7.6352	8.16092	8.19176	8.06882	8.06618
0.00355	7.82629	7.93419	8.27168	7.66124	8.0031	8.05617	8.11983	7.87481
0.00365	8.34049	7.99545	8.24078	7.74981	7.90539	7.98588	8.12294	8.14136
0.0037375	8.11307	7.8725	8.01202	7.88232	7.96982	7.86727	8.26642	8.20803
0.0038375	8.10103	7.95845	8.13637	8.09565	8.02509	8.05188	8.11176	7.99319
0.0039375	7.98465	7.98792	7.97159	7.92759	7.93838	8.08633	7.9603	8.13156
0.004025	8.20406	8.05194	8.08851	7.86517	8.03564	8.04767	8.24741	8.29082
0.004125	8.23899	7.80493	7.99118	7.63382	7.96148	7.95918	8.15442	8.33543
0.004225	8.13735	7.86307	8.11052	7.9224	7.91111	8.02927	7.95183	8.03119
0.004325	8.16475	7.99186	8.21476	8.01676	7.78529	8.0883	8.00142	8.06948
0.004425	8.03303	8.03731	8.18213	8.00099	7.96663	7.97743	7.94948	8.02078
0.004525	7.93387	7.94314	8.26855	7.94754	8.12461	8.16243	8.14859	8.03273
0.004625	8.08603	7.6959	8.11334	8.03361	7.97043	8.04476	8.14175	8.02387
0.004725	8.20684	7.98675	8.11976	8.08491	8.09632	7.8753	7.92058	8.13481
0.004825	8.1808	7.95146	8.16501	7.98399	8.01964	8.02331	7.96256	8.08355
0.004925	8.08669	7.93522	8.27048	7.92954	7.83361	8.18864	7.9963	8.09821
0.0050375	8.16499	7.95136	8.12318	7.91448	7.84092	8.11833	8.11518	8.09785
0.0051375	8.05217	7.95502	8.04296	7.82887	8.05107	8.35091	8.13979	7.93149
0.0052375	8.13786	8.01234	7.94354	7.98765	7.96449	8.40929	8.09703	7.94219
0.00535	8.21057	8.05747	8.05947	7.81138	8.07834	8.07311	7.97366	7.96857
0.00545	8.21353	8.11683	8.02814	7.86112	8.35873	8.00302	7.97099	8.09426
0.0055625	8.18664	7.93509	7.98275	8.0889	8.04623	7.89551	8.10086	7.94273
0.0056625	8.01247	8.01842	8.0631	7.9913	8.05416	8.18822	8.08403	7.9416
0.005775	8.14763	8.04436	7.98265	8.09782	8.0785	8.2469	8.25774	8.03566
0.0058875	8.19938	8.15932	8.12268	8.04231	7.9328	8.26755	8.08907	7.89893
0.006	8.0159	8.11263	8.24741	7.99193	8.01615	8.04183	7.97109	7.93638
0.0061125	7.99359	7.95724	7.9317	8.0062	7.95657	7.95485	7.91496	8.0793
0.0062125	8.27952	7.74349	8.16817	7.67039	7.9153	8.00936	7.91847	7.99876
0.006325	7.98139	7.96331	8.06557	7.68287	7.9976	8.06562	7.90762	7.94218
0.0064375	7.92089	7.98184	7.95144	7.78312	8.13167	8.08351	7.96925	7.9825
0.0065625	8.09498	7.75744	7.93798	7.90604	8.12732	8.06378	8.06341	8.00324
0.006675	7.97504	7.72579	7.95491	7.84526	7.86754	8.04788	7.9928	7.94385
0.0067875	8.02372	7.81602	7.96483	7.9734	8.06452	7.90647	7.92805	8.04883
0.0069	7.97039	7.75285	8.14666	7.82464	7.93023	7.97035	7.98026	8.06826
0.007025	7.80934	7.8909	8.10354	7.57788	7.95809	8.14157	8.15724	7.88638
0.0071375	7.79807	8.00737	7.89066	7.90891	8.056	8.15773	8.14412	7.92283
0.0072625	7.8823	7.82302	8.01742	7.9508	8.12909	8.28238	8.11973	7.96155
0.007375	7.89387	7.77333	7.97264	7.8008	8.0831	8.47139	8.05836	8.10754
0.0075	7.95352	7.83901	8.02002	7.76072	8.18032	8.1959	8.06446	8.28415
0.007625	7.84494	8.00214	8.03276	7.78378	8.09769	7.94952	8.09481	8.00662
0.0077375	7.97352	7.92311	7.96245	7.86591	7.92551	8.05222	8.09677	7.888
0.0078625	8.2176	7.97056	7.91107	7.75939	8.04766	8.09311	7.9389	7.78502
0.0079875	7.97236	7.96433	8.0401	7.83036	7.939	7.96271	7.99784	7.91725
0.0081125	7.993	7.75269	8.11114	7.95056	7.80557	8.16551	7.99488	7.97846
0.0082375	8.05182	7.72581	7.9739	7.8766	8.0064	7.92683	7.96339	7.9475
0.0083625	8.09363	7.90578	8.16845	7.87628	8.07812	7.97113	7.89305	7.92331
0.0084875	8.13575	7.98939	8.1109	7.94495	7.98078	7.95773	7.98562	8.06614
0.008625	8.10451	7.96651	7.95556	7.8402	7.96293	8.0913	8.02126	7.93476
0.00875	7.95267	7.84815	8.08326	7.70849	7.99268	8.06494	7.92985	8.13095
0.008875	7.93411	7.71807	8.09075	7.59824	8.03547	8.08267	7.9015	8.0685
0.0090125	7.9776	7.7884	7.9578	7.72106	8.08565	7.9887	8.01912	8.23279
0.0091375	8.18273	8.00889	8.0415	7.82309	8.07987	8.0641	7.93995	8.12786
0.009275	7.99109	8.03642	7.97796	7.85857	7.93452	8.01574	8.01095	8.03576
0.0094125	8.02528	7.76875	8.01948	7.78835	8.07064	7.98958	8.03143	7.92642
0.0095375	8.10547	7.9029	8.05985	7.84415	7.95591	8.13981	7.98551	7.96006
0.009675	8.17116	8.05797	7.93776	7.82457	7.96229	8.06646	7.906	8.00796
0.0098125	8.12988	7.92038	7.99685	7.86712	7.84781	8.06456	7.94194	7.97875
0.00995	7.92563	7.92511	7.90411	7.87509	7.87612	7.96077	7.89401	8.01577
0.0100875	8.10262	7.74135	7.91819	7.79694	7.85878	7.84948	7.89374	8.14302
0.010225	8.15742	7.8699	7.83164	7.79548	8.15066	7.91294	7.8486	7.95959
0.010375	8.04005	7.84841	7.99325	7.83756	8.05933	8.1209	7.99701	8.02409
0.0105125	8.16482	7.93919	8.06129	7.77143	8.06477	8.00715	7.80324	7.98725
0.01065	8.16722	7.88669	8.0702	7.75482	7.96641	7.91825	7.88375	7.97447
0.0108	8.08718	7.78587	8.15167	7.92773	8.0392	7.94076	8.3134	7.96931
0.0109375	8.15643	7.81635	8.10404	7.94295	8.00113	8.06945	8.13808	7.97669
0.0110875	7.99831	7.97431	7.79698	7.94147	7.78155	8.03524	8.05836	7.96515
0.0112375	8.04992	7.73671	7.8582	7.99035	7.93338	8.06796	7.92954	7.98383
0.011375	8.0909	7.78286	8.06775	7.87681	8.0856	8.0821	7.96177	7.95047
0.011525	8.02893	7.78256	7.99362	7.78534	8.00084	8.16228	8.00714	7.76412
0.011675	7.77909	7.78588	7.95311	7.93099	7.981	8.0365	7.95856	8.07783
0.011825	7.94089	7.83048	7.92532	7.88393	7.98458	8.03407	7.91308	7.97756
0.011975	8.17023	7.94718	7.93334	8.08148	7.92311	8.08128	7.96996	7.94995
0.012125	8.01849	7.82808	7.84431	7.79552	7.90228	7.96932	7.89371	8.08204
0.0122875	7.8532	7.95229	7.90579	7.84501	8.05277	8.09545	7.84696	7.91748
0.0124375	7.91137	7.79352	7.79975	7.87104	7.94038	8.01461	7.75435	7.92864
0.0126	7.9777	7.77304	7.91594	7.8579	8.00295	8.02339	7.77314	7.81171
0.01275	7.83029	7.76447	8.18649	7.92764	8.10977	7.82512	7.94386	7.98047
0.0129125	7.90646	7.74473	7.80097	7.8427	8.20913	7.96697	8.14199	8.10859
0.0130625	8.12379	7.74889	7.91032	7.86288	8.23837	7.92374	7.94597	7.9543
0.013225	7.93277	7.87801	7.87083	7.94792	7.96923	7.86201	7.94447	8.08236
0.0133875	7.82538	8.07471	7.81443	7.90081	7.98535	7.80716	7.85999	7.92762
0.01355	8.12977	7.93364	7.97227	7.78754	8.09864	7.95182	7.83493	7.96419
0.0137125	8.10018	7.76793	7.87531	7.97884	7.88114	8.12807	7.75412	7.97638
0.013875	8.06382	7.7888	7.90386	7.7784	7.94059	8.00342	7.9483	7.87029
0.0140375	8.11686	7.78933	8.09433	7.6664	8.05981	7.99625	7.79103	8.0237
0.0142125	8.07234	7.82937	7.98688	7.89981	7.88496	7.9872	7.94127	8.1661
0.014375	8.01975	7.70101	7.97144	7.94841	7.63625	8.17783	7.99546	7.86867
0.01455	7.85959	7.71385	7.7343	7.7127	7.85192	8.02899	8.06641	7.88922
0.0147125	7.91356	7.86579	7.99136	7.82067	7.96453	8.03048	7.9542	7.87245
0.0148875	7.95125	7.96859	8.08445	7.66979	7.91771	7.94998	8.04194	7.88214
0.0150625	8.00145	7.79358	8.10493	7.76941	8.07686	7.88182	7.92261	7.93037
0.0152375	7.87567	7.73746	7.85967	7.65401	7.99847	7.97737	7.88998	7.98016
0.0154125	7.9286	7.7165	7.67878	7.55679	7.93537	7.85064	7.95673	7.83458
0.0155875	7.88898	7.71851	7.81542	7.78575	7.89654	7.96011	7.83049	8.08073
0.0157625	8.12892	7.97317	7.83285	7.63899	7.92006	8.02047	7.82722	8.01886
0.0159375	7.97005	7.95248	7.60028	7.61238	7.81603	7.88878	7.82554	7.67788
0.016125	7.62681	7.77488	7.73605	7.74907	7.88304	7.94103	7.7977	7.9408
0.0163	7.89174	7.8583	7.78829	7.87915	8.07163	7.91224	7.93911	7.77341
0.0164875	7.83301	7.92273	7.92616	7.76127	7.86293	7.98479	7.74325	7.85427
0.0166625	7.88227	7.8659	7.83815	7.73277	7.82962	8.06184	7.84913	8.10674
0.01685	8.00522	7.87338	7.91114	7.84119	7.79744	7.89476	7.85083	7.78043
0.0170375	7.99787	7.63461	7.68605	7.78501	7.95824	7.92071	7.71769	7.88691
0.017225	7.97765	7.79548	7.75706	7.69548	7.98726	7.8798	7.65785	7.80772
0.0174125	7.95517	7.6286	8.03969	7.66288	7.86634	7.98297	7.86463	7.92686
0.0176	7.94849	7.5036	7.92746	7.82076	7.94653	8.00586	7.8761	8.02037
0.0178	7.92427	7.77169	8.00186	7.91232	7.83202	8.03379	7.92377	7.94816
0.0179875	8.09302	7.67907	7.98012	7.73134	7.98009	8.01699	7.85862	7.94325
0.0181875	8.0985	7.91151	7.99032	7.50348	7.94858	8.10031	7.92399	7.94185
0.018375	7.83227	7.7993	7.89818	7.56147	8.0041	7.76451	7.86314	7.97521
0.018575	7.89724	7.68872	7.82525	7.84465	7.90652	7.85098	7.82401	8.10813
0.018775	7.90217	7.61107	7.70327	7.73036	7.82263	7.85919	8.04164	7.93101
0.018975	7.81981	7.53958	7.88323	7.69574	7.92786	8.01859	7.96975	7.8546
0.019175	7.90537	7.68847	7.94935	7.8751	7.83176	7.8813	7.95855	7.89635
0.019375	7.87179	7.68204	7.81744	7.94801	7.89335	7.79826	7.95564	7.86658
0.019575	7.90244	7.81283	7.83792	7.77948	7.94983	7.89428	7.97385	7.98362
0.0197875	7.87315	7.74476	7.85548	7.77591	7.96386	7.92025	7.9965	7.7048
0.0199875	7.98453	7.65987	8.0105	7.81796	8.0393	8.00173	7.88372	7.86615
0.0202	7.83445	7.72373	7.8546	7.73498	7.87024	7.91673	7.77396	7.99435
0.0204125	7.93518	7.78311	7.96433	7.70817	7.79466	7.823	7.97004	7.77257
0.020625	7.85319	7.78705	7.88397	7.61601	7.86301	7.8402	7.825	7.78268
0.0208375	7.91693	7.69104	7.87623	7.67877	7.80296	7.78836	7.96115	7.86359
0.02105	7.80379	7.82923	7.82954	7.52624	7.90713	8.01218	7.95954	7.83691
0.0212625	7.82111	7.85814	7.98647	7.6637	7.68561	7.92331	7.85791	7.78352
0.021475	7.82519	7.86006	7.81906	7.96479	7.88254	7.97946	7.68502	7.78391
0.0217	7.93167	7.82983	7.76297	7.70433	7.75471	7.87459	8.03305	7.64673
0.0219125	7.94193	7.87244	7.96689	7.67689	7.64984	7.72962	8.02258	7.8129
0.0221375	7.87094	7.65344	7.6935	7.64594	7.95631	7.79451	7.77704	7.72281
0.0223625	8.08465	7.67718	7.68448	7.62651	7.72156	7.97429	7.74739	7.78502
0.0225875	7.83617	7.71513	7.65055	7.61389	7.86688	7.84446	7.81577	7.96352
0.0228125	7.79993	7.59398	7.83224	7.7481	7.68039	7.76858	7.92302	7.94367
0.0230375	7.98514	7.7267	8.04266	7.53558	7.88302	7.97082	7.75938	7.79721
0.0232625	7.87559	7.64	7.85307	7.6771	7.9568	7.78307	7.84881	7.8539
0.0235	7.79444	7.65301	7.72619	7.72995	7.90271	7.87857	7.83379	7.83783
0.023725	7.86627	7.70581	7.95357	7.49651	7.97908	7.99336	7.51903	7.71118
0.0239625	7.98168	7.66551	7.81444	7.71051	7.8565	7.76632	7.8109	7.80194
0.0242	7.87874	7.83588	7.9212	7.67465	7.82245	7.95561	7.83003	7.94243
0.0244375	7.91196	7.65676	7.80498	7.6591	7.8309	7.81661	7.85615	7.94579
0.024675	8.0277	7.69372	7.5929	7.52694	8.01398	8.07556	7.93343	7.99359
0.0249125	7.80456	7.75635	7.84981	7.61234	7.93985	7.77368	7.66323	7.90887
0.02515	7.92143	7.78929	7.5834	7.69927	7.90224	7.73886	7.74976	7.84368
0.0254	7.82154	7.59354	7.61297	7.66725	7.79047	7.75049	7.72021	7.71347
0.02565	7.89215	7.75612	7.87809	7.7001	7.89862	7.87981	7.80219	7.80465
0.0258875	7.80801	7.59033	7.75511	7.48021	7.86479	7.70638	7.79768	7.96362
0.0261375	7.8531	7.74929	7.77415	7.79408	7.83721	7.94411	7.57378	7.82951
0.0263875	7.94083	7.58844	7.61028	7.67892	7.86001	7.89708	7.67245	7.81817
0.02665	7.82619	7.5345	7.81611	7.60535	7.83044	8.02066	7.83263	7.88062
0.0269	7.73527	7.68158	7.73988	7.58203	7.86476	7.82418	7.87742	7.87243
0.02715	7.87362	7.71786	7.64655	7.8841	7.76215	7.78855	7.59762	7.97251
0.0274125	7.81389	7.86656	7.72372	7.56306	7.90911	7.60035	7.80279	7.87974
0.027675	7.61517	7.51005	7.71837	7.49442	7.7908	7.7418	7.83501	7.78791
0.0279375	7.85562	7.65707	7.67588	7.71714	7.78676	7.98945	7.90562	7.68904
0.0282	7.90572	7.62665	7.6996	7.63226	7.92098	7.838	7.67475	7.71498
0.0284625	7.87806	7.75253	7.84	7.61098	7.93466	7.82043	7.63321	7.71186
0.028725	7.87681	7.54528	7.69965	7.7321	7.83217	7.62611	7.71714	7.66517
0.029	7.87715	7.63011	7.6738	7.58671	7.65982	7.66756	7.72679	7.79872
0.0292625	7.71696	7.54841	7.61469	7.58867	7.8132	7.88716	7.75078	7.71924
0.0295375	7.76651	7.70249	7.81385	7.50516	7.73313	7.95474	7.7673	7.74599
0.0298125	7.90316	7.64169	7.8317	7.47073	7.78897	7.83986	7.77879	7.69559
0.0300875	7.75238	7.75297	7.66189	7.6213	7.88042	7.75357	7.84048	7.77321
0.0303625	7.78613	7.73706	7.87552	7.51171	7.88824	7.70412	7.58346	7.764
0.03065	7.75781	7.58344	7.52842	7.555	7.85384	7.84144	7.88493	7.68935
0.030925	7.74913	7.67851	7.85671	7.56004	7.79287	7.78355	7.87078	7.73777
0.0312125	7.80203	7.39279	7.75654	7.64826	7.67379	7.72723	7.75365	7.65809
0.0315	7.71691	7.59229	7.6661	7.75946	7.78389	7.85567	7.79411	7.54487
0.0317875	7.7707	7.54595	7.71734	7.57011	7.75412	7.9553	7.72891	7.95133
0.032075	7.76638	7.71899	7.52496	7.47605	7.8604	7.95543	7.93895	7.6021
0.0323625	7.86097	7.53735	7.86687	7.53295	7.63382	7.88978	7.60091	7.74283
0.0326625	7.78049	7.5426	7.7095	7.58972	7.66493	7.69043	7.70709	7.66867
0.03295	7.62038	7.57439	7.545	7.62722	7.66304	7.8738	7.8449	7.69034
0.03325	7.62291	7.54412	7.64026	7.60135	7.64716	7.83372	7.68991	7.71901
0.03355	7.8732	7.6399	7.75096	7.62244	7.83389	7.79124	7.62529	7.76915
0.03385	7.77622	7.49066	7.65549	7.58265	7.84595	7.90766	7.68308	7.76118
0.0341625	7.81714	7.6906	7.71675	7.67639	7.74684	7.86233	7.60511	7.4815
0.0344625	7.66138	7.48153	7.79068	7.69866	7.78327	7.70068	7.71425	7.66667
0.034775	7.43306	7.66048	7.64338	7.45883	7.70353	7.76153	7.59886	7.73379
0.0350875	7.777	7.55243	7.86688	7.62998	7.5861	7.73937	7.56926	7.59984
0.0354	7.84498	7.67815	7.81963	7.53363	7.75676	7.81654	7.78881	7.68365
0.0357125	7.59297	7.4697	7.70432	7.45885	7.7434	7.58502	7.67994	7.67401
0.036025	7.63506	7.48916	7.56432	7.65276	7.78285	7.72355	7.54979	7.53428
0.03635	7.82552	7.54389	7.69669	7.55606	7.81465	7.70106	7.65476	7.73954
0.0366625	8.00132	7.51808	7.69508	7.47109	7.64784	7.87666	7.63504	7.66499
0.0369875	7.87845	7.58791	7.63128	7.41414	7.62404	7.76825	7.68419	7.60921
0.0373125	7.76272	7.54993	7.67738	7.47863	7.6842	7.81406	7.8018	7.78485
0.0376375	7.67226	7.55574	7.62177	7.5842	7.58115	7.76483	7.6473	7.70293
0.037975	7.62079	7.58587	7.66722	7.46705	7.63054	7.7489	7.79026	7.7334
0.0383	7.68068	7.5476	7.59155	7.48443	7.68399	7.68981	7.6261	7.66097
0.0386375	7.7534	7.4624	7.77924	7.62731	7.77256	7.7874	7.78251	7.58319
0.038975	7.67191	7.62109	7.5981	7.62859	7.75972	7.77075	7.71987	7.4302
0.0393125	7.61744	7.45297	7.7092	7.54051	7.93916	7.90049	7.68055	7.61963
0.0396625	7.70328	7.40756	7.52454	7.60649	7.78216	7.52956	7.70709	7.70181
0.04	7.82228	7.40343	7.67034	7.51934	7.64125	7.69871	7.76884	7.49022
0.04035	7.72719	7.68487	7.5986	7.49418	7.56387	7.82327	7.78951	7.5911
0.0407	7.58645	7.62589	7.57195	7.42643	7.6449	7.75696	7.81544	7.69989
0.04105	7.61445	7.6201	7.63123	7.61279	7.82619	7.78466	7.4997	7.65143
0.0414	7.81178	7.45597	7.63679	7.50648	7.66788	7.74595	7.78039	7.59576
0.0417625	7.66069	7.5739	7.57545	7.62868	7.65288	7.74693	7.58215	7.66036
0.042125	7.6645	7.54326	7.54871	7.48923	7.64594	7.71576	7.55978	7.7251
0.042475	7.64826	7.5907	7.59541	7.59361	7.51147	7.72818	7.53333	7.71983
0.04285	7.65426	7.54248	7.71811	7.51187	7.65547	7.73293	7.70243	7.70181
0.0432125	7.68672	7.43816	7.55617	7.61168	7.75002	7.7	7.53345	7.619
0.043575	7.70753	7.44109	7.66286	7.56286	7.67579	7.69363	7.54216	7.66453
0.04395	7.64843	7.60916	7.56996	7.58302	7.69973	7.59671	7.71232	7.46106
0.044325	7.70538	7.4597	7.68186	7.49165	7.51536	7.66921	7.59514	7.53447
0.0447	7.78888	7.47635	7.58462	7.48938	7.67015	7.76069	7.63458	7.5532
0.045075	7.59771	7.39937	7.69263	7.53871	7.7701	7.55291	7.58681	7.57684
0.0454625	7.67035	7.50201	7.56404	7.50267	7.57264	7.65945	7.60895	7.59459
0.04585	7.67664	7.63284	7.74946	7.49272	7.47992	7.63865	7.65832	7.4723
0.0462375	7.46479	7.3682	7.65439	7.42887	7.59314	7.64616	7.57883	7.70354
0.046625	7.58976	7.49884	7.67228	7.6097	7.57879	7.6332	7.53446	7.72122
0.0470125	7.80749	7.62752	7.54088	7.46886	7.62779	7.54248	7.54511	7.46765
0.0474125	7.75564	7.61637	7.64498	7.53709	7.69384	7.71269	7.56463	7.55604
0.0478125	7.55024	7.59954	7.71288	7.5068	7.51472	7.58547	7.56869	7.53914
0.0482125	7.73478	7.50552	7.47008	7.59628	7.4649	7.70904	7.54641	7.45143
0.0486125	7.81847	7.59546	7.66535	7.62573	7.5387	7.65781	7.64333	7.54456
0.049025	7.70399	7.52468	7.60009	7.51502	7.66547	7.75532	7.66796	7.65413
0.049425	7.71069	7.38485	7.60707	7.54617	7.56295	7.65635	7.45965	7.54167
0.0498375	7.73576	7.45313	7.59305	7.32499	7.6057	7.63781	7.54605	7.58305
0.05025	7.67826	7.41366	7.5662	7.46433	7.62374	7.58235	7.47526	7.49298
0.050675	7.80766	7.45419	7.58122	7.46798	7.58478	7.52777	7.62496	7.46581
0.0511	7.661	7.52446	7.49193	7.59053	7.66347	7.7035	7.55042	7.46598
0.0515125	7.7324	7.3454	7.48613	7.55301	7.60861	7.76046	7.58775	7.53267
0.05195	7.67332	7.44525	7.62127	7.57201	7.73686	7.54524	7.59883	7.53798
0.052375	7.64801	7.41173	7.58563	7.60591	7.61497	7.61677	7.58882	7.56052
0.0528	7.57908	7.5321	7.66206	7.39767	7.34498	7.54165	7.54661	7.36282
0.0532375	7.76774	7.38544	7.65276	7.48917	7.51514	7.51689	7.60814	7.39311
0.053675	7.75533	7.379	7.41292	7.43328	7.56365	7.59463	7.60619	7.5728
0.054125	7.59128	7.57503	7.56319	7.39001	7.59619	7.50231	7.74702	7.53317
0.0545625	7.55283	7.3422	7.57678	7.48443	7.64713	7.56248	7.53993	7.41546
0.0550125	7.7189	7.39617	7.55076	7.46141	7.50123	7.54177	7.5742	7.51332
0.0554625	7.54523	7.38082	7.67246	7.33089	7.5939	7.57236	7.48068	7.44485
0.0559125	7.55932	7.35286	7.4882	7.40012	7.5529	7.52388	7.53018	7.34398
0.056375	7.61211	7.37674	7.38397	7.47009	7.53609	7.61693	7.50709	7.46147
0.0568375	7.65492	7.39683	7.59793	7.49813	7.71417	7.70288	7.51384	7.39352
0.0573	7.68536	7.31843	7.58073	7.44287	7.4544	7.68375	7.49932	7.5921
0.0577625	7.73878	7.39441	7.5976	7.59572	7.48539	7.59999	7.4782	7.39783
0.0582375	7.52516	7.35833	7.64317	7.58492	7.49328	7.4945	7.41176	7.53658
0.0587125	7.49352	7.43503	7.53082	7.46437	7.48905	7.54518	7.5541	7.32768
0.0591875	7.54068	7.25811	7.42839	7.53207	7.51175	7.62605	7.60388	7.48881
0.0596625	7.56211	7.45346	7.58805	7.35144	7.46164	7.62777	7.49663	7.49469
0.06015	7.64333	7.29063	7.62984	7.50423	7.5483	7.52613	7.57234	7.44615
0.0606375	7.66736	7.41641	7.43222	7.50653	7.36067	7.59845	7.5101	7.48567
0.061125	7.67775	7.42719	7.60635	7.38892	7.4273	7.4817	7.42645	7.46738
0.0616125	7.56233	7.33107	7.48093	7.36358	7.36895	7.50067	7.52384	7.45258
0.0621125	7.60493	7.35544	7.53422	7.4296	7.48406	7.5009	7.46214	7.38392
0.0626125	7.58991	7.3306	7.52182	7.47275	7.54116	7.54742	7.44938	7.52916
0.0631125	7.67234	7.49107	7.40767	7.52652	7.47131	7.50911	7.53944	7.50599
0.063625	7.57451	7.32165	7.44823	7.54015	7.45512	7.45236	7.50638	7.42756
0.064125	7.56303	7.41911	7.51145	7.43239	7.40485	7.57351	7.51275	7.32146
0.06465	7.58758	7.25228	7.41417	7.434	7.47013	7.2864	7.39413	7.29007
0.0651625	7.69814	7.36647	7.47563	7.51482	7.40096	7.60008	7.55397	7.32099
0.0656875	7.78991	7.28368	7.34725	7.39313	7.41331	7.47962	7.48668	7.35408
0.0662125	7.7229	7.377	7.40261	7.53078	7.4365	7.51822	7.39079	7.40051
0.0667375	7.65841	7.36729	7.37185	7.33816	7.42548	7.42585	7.40246	7.36277
0.0672625	7.60589	7.33435	7.49461	7.44757	7.43267	7.53083	7.47061	7.33325
0.0678	7.51281	7.34654	7.51274	7.43208	7.41586	7.37973	7.48365	7.46966
0.0683375	7.3651	7.36559	7.37848	7.38975	7.33599	7.2871	7.42567	7.28536
0.0688875	7.58271	7.33618	7.48728	7.43365	7.32087	7.54983	7.33315	7.28972
0.0694375	7.59592	7.38066	7.37572	7.39179	7.42789	7.37375	7.58851	7.21425
0.0699875	7.56579	7.37873	7.45224	7.24676	7.38669	7.38709	7.3227	7.36295
0.0705375	7.4544	7.21944	7.42989	7.37083	7.42791	7.50027	7.52845	7.2807
0.0711	7.53183	7.27485	7.34087	7.36888	7.41916	7.56626	7.4309	7.26192
0.0716625	7.55983	7.27157	7.32443	7.44748	7.33216	7.48078	7.31345	7.34363
0.072225	7.60491	7.39377	7.5604	7.35029	7.44227	7.43891	7.44669	7.29591
0.0728	7.48369	7.31988	7.41421	7.35163	7.54643	7.38647	7.33736	7.31076
0.0733625	7.69762	7.27203	7.4674	7.46658	7.40109	7.39409	7.31188	7.43977
0.07395	7.56452	7.3062	7.43572	7.40956	7.44191	7.45305	7.35419	7.16127
0.074525	7.68901	7.24698	7.4219	7.45785	7.50729	7.4588	7.40981	7.24481
0.0751125	7.51353	7.27964	7.43694	7.3861	7.43288	7.4048	7.39711	7.26691
0.0757	7.50624	7.24683	7.40583	7.31791	7.44423	7.3795	7.31613	7.23217
0.0763	7.45084	7.34221	7.48594	7.46527	7.39032	7.49631	7.35417	7.29582
0.0769	7.47333	7.38721	7.48813	7.41515	7.31787	7.37897	7.333	7.23284
0.0775	7.47215	7.23091	7.33653	7.5537	7.27255	7.39897	7.20302	7.28323
0.0781	7.45977	7.21265	7.44415	7.43103	7.38069	7.49379	7.42803	7.2777
0.0787125	7.45417	7.27446	7.35689	7.35739	7.36308	7.44257	7.36379	7.36142
0.079325	7.44125	7.24685	7.35909	7.4302	7.40447	7.40184	7.42554	7.25079
0.07995	7.52873	7.28081	7.39363	7.3609	7.23519	7.36822	7.3816	7.31629
0.080575	7.56167	7.23126	7.32007	7.37812	7.45565	7.35219	7.27474	7.24553
0.0812	7.42594	7.20358	7.29305	7.44744	7.31424	7.42034	7.3728	7.12326
0.0818375	7.52203	7.31817	7.38877	7.25838	7.3109	7.33946	7.34602	7.23451
0.082475	7.5279	7.2568	7.31724	7.40308	7.26198	7.35337	7.35937	7.14992
0.0831125	7.45829	7.34064	7.29454	7.40051	7.34224	7.35826	7.34292	7.26143
0.08375	7.51503	7.35654	7.45312	7.40094	7.39078	7.30928	7.36603	7.16596
0.0844	7.41062	7.18582	7.2896	7.32791	7.28293	7.39083	7.38484	7.24896
0.0850625	7.58659	7.22915	7.2961	7.29595	7.37462	7.30421	7.34721	7.24811
0.085725	7.36315	7.18921	7.37728	7.41767	7.27675	7.35348	7.44472	7.20154
0.0863875	7.49934	7.14774	7.2685	7.19737	7.38018	7.261	7.34565	7.27965
0.08705	7.46761	7.19433	7.28093	7.2393	7.29286	7.33896	7.37025	7.25313
0.087725	7.43076	7.28979	7.33691	7.34976	7.31555	7.35202	7.29641	7.13028
0.0884	7.34388	7.2995	7.29136	7.3102	7.24636	7.35485	7.24415	7.26435
0.0890875	7.39845	7.19238	7.33611	7.31636	7.17499	7.30352	7.24814	7.26681
0.089775	7.31509	7.19917	7.44513	7.26945	7.20854	7.26344	7.45382	7.25722
0.0904625	7.41573	7.3165	7.30107	7.34324	7.19437	7.38976	7.31203	7.20618
0.0911625	7.42268	7.23956	7.32043	7.32758	7.30824	7.21142	7.29637	7.2059
0.0918625	7.42701	7.06435	7.30896	7.3941	7.18952	7.2852	7.32521	7.2089
0.0925625	7.38253	7.22217	7.33387	7.32379	7.37835	7.1407	7.26024	7.221
0.093275	7.2258	7.17434	7.33759	7.22838	7.32785	7.28605	7.37617	7.10455
0.0939875	7.34124	7.21808	7.29226	7.19747	7.22249	7.34744	7.23446	7.17128
0.0947125	7.41127	7.27787	7.35925	7.26433	7.20186	7.30815	7.25264	7.21323
0.0954375	7.39993	7.33192	7.27335	7.20829	7.20017	7.28865	7.22773	7.1265
0.096175	7.46776	7.15219	7.35549	7.2698	7.13132	7.32184	7.27896	7.17256
0.0969	7.32026	7.18937	7.31887	7.29399	7.27804	7.17354	7.30451	7.28037
0.09765	7.44271	7.2604	7.26209	7.22424	7.34804	7.24233	7.28838	7.10695
0.0983875	7.45123	7.18598	7.23078	7.29552	7.29073	7.30078	7.1609	7.1041
0.09915	7.40243	7.13224	7.30251	7.24208	7.2144	7.19603	7.15391	7.20562
0.0999	7.39116	7.11434	7.26326	7.28697	7.28487	7.20937	7.24709	7.18938
0.100662	7.35956	7.08545	7.35176	7.30675	7.19705	7.35264	7.272	7.13516
0.101425	7.30676	7.09969	7.31706	7.28171	7.18469	7.23428	7.25615	7.24533
0.1022	7.34745	7.13666	7.24599	7.27618	7.20235	7.3595	7.20065	7.19981
0.102975	7.30514	7.09576	7.22589	7.29092	7.20388	7.21519	7.29774	7.16208
0.103762	7.19742	7.13278	7.27683	7.28564	7.18708	7.19097	7.20067	7.17695
0.10455	7.27036	7.21749	7.29987	7.22868	7.18064	7.20869	7.25154	7.24374
0.10535	7.33984	7.24962	7.13777	7.34544	7.2414	7.24637	7.21515	7.03023
0.10615	7.36805	7.18802	7.2838	7.18081	7.24817	7.25563	7.20481	7.1477
0.10695	7.32339	7.12711	7.23375	7.31793	7.14834	7.24231	7.30594	7.07831
0.107763	7.28431	7.17861	7.22346	7.20709	7.14634	7.28117	7.29713	7.0572
0.108575	7.31438	7.05317	7.23046	7.15141	7.17783	7.19216	7.2262	7.16365
0.1094	7.19849	7.04111	7.28187	7.20996	7.27146	7.25883	7.27025	7.07909
0.110225	7.34772	7.08362	7.25225	7.24538	7.05556	7.101	7.17359	7.06613
0.111062	7.26893	7.17914	7.25698	7.22971	7.19355	7.24417	7.22949	7.10888
0.1119	7.36091	7.06289	7.2501	7.18966	7.1887	7.11232	7.23547	7.08581
0.11275	7.24213	7.09564	7.20427	7.13272	7.29768	7.1228	7.18552	7.13917
0.1136	7.20229	7.15233	7.252	7.09643	7.21362	7.14355	7.223	7.01386
0.11445	7.32947	7.22768	7.31788	7.18286	7.18033	7.1751	7.18798	7.13451
0.115313	7.27312	7.15722	7.17975	7.16997	7.17547	7.2029	7.11774	7.12632
0.116187	7.2845	7.05567	7.21202	7.26866	7.16512	7.15413	7.18114	6.98261
0.117063	7.2404	7.0878	7.19341	7.2762	7.2145	7.18533	7.15571	7.05956
0.117937	7.29383	7.0953	7.19418	7.19224	7.14025	7.13143	7.16857	7.06715
0.118825	7.26264	7.13342	7.10781	7.13974	7.16463	7.14408	7.17759	7.03977
0.119713	7.2712	7.00467	7.18499	7.19004	7.05424	7.18272	7.155	7.00479
0.120613	7.35379	7.1075	7.08894	7.13828	7.09409	7.09529	7.12057	7.17041
0.121525	7.24307	6.99095	7.1722	7.15125	7.16746	7.17506	7.12368	7.05518
0.122437	7.27829	7.13883	7.05648	7.16435	7.08623	7.13543	7.20688	7.06543
0.12335	7.16297	7.1289	7.11035	7.09443	7.15704	7.14334	7.09199	7.07347
0.124275	7.2506	7.02839	7.17635	7.16959	7.08926	7.14356	7.16212	7.06731
0.125213	7.22464	7.1172	7.21464	7.15005	7.08519	7.13258	7.13635	7.04857
0.12615	7.31636	6.97173	7.19322	7.17615	7.14509	7.14235	7.12721	7.07823
0.127088	7.23726	7.11243	7.14715	7.16284	7.09191	7.20479	7.10629	6.94144
0.128037	7.24394	7.01632	7.1281	7.13317	7.17365	7.04355	7.17614	7.08591
0.129	7.26198	7.01532	7.18785	7.19177	7.06362	7.11966	7.11437	6.95249
0.129963	7.2425	7.06278	7.11537	7.17126	7.06819	7.17754	7.12669	7.00919
0.130925	7.3363	7.02558	7.14486	7.05522	7.10357	7.07645	7.13722	6.90046
0.1319	7.27397	7.08161	7.14324	7.08986	7.01818	7.06738	7.11377	7.06589
0.132887	7.21528	7.06775	7.20708	7.09048	7.02211	7.0218	7.10414	6.95923
0.133875	7.18295	7.05203	7.17201	7.13933	7.10941	7.1192	7.09115	7.00515
0.134875	7.23748	7.0001	7.18035	7.17314	7.13701	7.11876	7.10937	6.97709
0.135888	7.24217	7.0385	7.08438	7.10195	7.10934	7.13783	7.11782	6.91551
0.136888	7.19499	7.05562	7.02671	7.14218	7.07486	7.08237	7.09295	7.03176
0.137912	7.24508	7.02331	7.0038	7.17583	7.1026	7.15799	7.01166	6.97186
0.138938	7.20158	7.03934	7.04877	7.09875	7.10919	7.08219	7.18529	6.93955
0.139962	7.12597	7.07127	7.13952	7.04359	7.01874	7.10772	7.08784	7.05848
0.141013	7.17095	6.97107	7.07689	7.0419	7.1101	7.093	7.10867	6.97431
0.14205	7.13054	7.00083	7.19828	7.03061	7.04131	7.09507	7.02788	7.09578
0.143112	7.18915	6.99265	7.07795	7.02308	7.06022	7.10341	7.03314	7.04498
0.144175	7.26298	7.01022	7.14472	7.1546	6.98612	7.0777	7.05588	7.02621
0.145238	7.16314	7.08456	7.04851	7.11948	7.00219	7.09041	7.04379	6.97455
0.146313	7.15128	6.98857	7.14596	7.12902	6.97715	7.07374	7.06977	6.97275
0.1474	7.1932	6.96541	7.03225	7.13705	7.07455	7.11476	6.95496	6.94348
0.148487	7.13817	7.01088	7.08183	7.07666	7.07613	7.08251	7.03963	6.98934
0.149587	7.2112	6.8634	7.08611	7.06667	7.03903	7.0363	7.0151	6.94472
0.1507	7.21449	6.92265	7.02757	7.02136	7.00526	7.08828	7.047	6.87749
0.151812	7.10557	6.93369	7.09714	7.08161	7.04426	7.02801	7.06928	6.898
0.152925	7.05659	6.99884	7.10128	7.03922	7.00092	7.02882	6.99532	6.91831
0.154062	7.14426	6.83561	7.04501	7.11914	7.00129	6.99775	7.03814	6.88426
0.1552	7.16521	6.93041	6.9899	7.0646	7.03506	7.09621	7.04919	7.00937
0.156337	7.08117	6.94143	7.05854	7.03744	7.00905	7.00998	7.01806	6.97863
0.1575	7.07422	6.97729	7.04683	7.10583	6.96953	7.07168	7.07538	6.89211
0.15865	7.1529	6.94498	7.09994	7.10969	7.03244	7.07633	7.01636	6.91529
0.159825	7.08214	6.89998	6.95563	7.01115	6.997	6.97504	7.06402	6.91637
0.161	7.19771	6.95851	6.92677	6.96197	6.95381	7.00016	7.02124	6.84194
0.162188	7.06597	6.91256	7.10264	6.93981	6.9921	7.05459	7.1309	6.95922
0.163375	7.16966	6.99559	6.9987	6.9715	7.03352	7.02375	6.99779	6.96009
0.164587	7.08014	6.87985	7.02069	7.07071	7.04445	7.01133	7.02127	6.94507
0.165788	7.12588	6.93907	7.04282	7.08374	7.02993	6.9342	6.95761	6.8883
0.167012	7.17745	6.93034	6.95509	7.07014	6.93175	6.93098	6.97684	6.9158
0.168238	7.09304	6.91658	6.99222	6.99366	6.9345	6.976	7.01294	6.86487
0.169475	7.07918	6.90356	6.98032	6.94011	6.94878	6.97616	7.06229	6.88518
0.170713	7.01917	6.96307	7.07361	7.07632	6.97165	7.00603	6.96202	6.91945
0.171975	7.08466	6.89635	7.02601	7.05726	6.96581	7.00082	7.03384	6.87131
0.173238	7.11017	6.95937	7.01747	6.94496	7.01744	6.93638	6.89653	6.90437
0.1745	7.05402	6.89948	6.96254	7.00498	6.93525	6.96993	6.92661	6.88724
0.175775	7.02724	6.93192	6.94409	7.02887	6.96064	6.97994	6.9084	6.93347
0.177062	7.09864	6.9283	7.00668	7.0231	7.01674	6.9245	7.02362	6.91228
0.178363	7.03482	6.86983	7.00364	7.00331	6.95376	6.95171	6.99932	6.83215
0.179675	7.0699	6.91137	6.94754	6.99841	6.96798	6.95418	6.96881	6.87564
0.180988	7.04497	6.92128	6.96902	7.00134	6.918	6.91298	6.9274	6.85161
0.182313	7.07378	6.99309	6.9723	7.00217	6.87923	6.92217	6.95738	6.9133
0.183637	7.02512	6.82736	6.92725	7.03033	6.9399	6.92907	6.8913	6.90392
0.184988	7.0733	6.85966	6.95657	7.00565	6.97091	7.00931	6.98644	6.86813
0.186338	7.10308	6.82004	7.01116	6.96214	6.98699	6.95965	6.98521	6.83566
0.1877	7.03121	6.79205	6.91312	7.04381	6.91737	6.94492	6.97266	6.7934
0.189063	7.07684	6.91847	6.92551	6.89808	6.9044	6.94911	7.0267	6.88551
0.19045	7.01128	6.9077	6.98659	6.92157	6.95758	6.94029	7.01877	6.85313
0.191838	7.01186	6.88274	7.00481	6.96197	6.86078	6.91424	6.98481	6.78905
0.193237	7.10787	6.88453	7.02141	6.93419	6.90721	6.95949	6.94577	6.8705
0.19465	7.06317	6.87015	6.96773	6.95412	6.89583	6.84028	6.95603	6.8683
0.196063	7.07915	6.91382	7.01776	6.96434	6.8844	6.86526	6.96396	6.84528
0.197488	7.05194	6.82547	6.96497	6.94374	6.93109	6.93663	6.95247	6.84912
0.198925	7.04735	6.88562	6.99774	6.88319	6.84101	6.91043	6.84474	6.8316
0.200375	6.99937	6.87802	6.9796	6.88782	6.86758	6.80184	6.92593	6.88781
0.201837	6.99298	6.89401	6.93998	6.92565	6.88725	6.97892	6.88085	6.86402
0.2033	7.01275	6.83322	6.94688	6.85447	6.88852	6.9142	6.93215	6.84648
0.204787	7.05796	6.87597	7.0159	6.89373	6.87456	6.88205	6.91437	6.85117
0.206275	7.05083	6.90713	6.86267	6.91049	6.96505	6.94212	6.85869	6.81817
0.207775	7.01287	6.87481	6.90983	6.93146	6.86638	6.90791	6.96918	6.78938
0.209275	6.96216	6.84982	6.97132	6.94761	6.90591	6.92114	6.90546	6.80031
0.2108	7.04804	6.81652	6.83841	6.91596	6.84772	6.91193	6.83367	6.78092
0.212325	6.99178	6.78107	6.90474	6.89085	6.89512	6.91298	6.85474	6.84314
0.213875	6.98784	6.8727	6.89938	6.80297	6.90044	6.92819	6.89943	6.81083
0.215425	6.94531	6.84505	6.93583	6.86767	6.87658	6.99908	6.91265	6.85176
0.216988	7.04953	6.80325	6.95479	6.95355	6.94581	6.91491	6.99011	6.79238
0.218562	6.94405	6.79534	6.9193	6.91773	6.93012	6.87668	6.87482	6.68247
0.22015	6.96416	6.74261	6.88818	6.88044	6.84422	6.96448	6.91038	6.83382
0.221738	6.96832	6.8508	6.84358	6.91319	6.85706	6.87937	6.84829	6.80769
0.22335	7.02882	6.87818	6.95468	6.9677	6.87254	6.87209	6.90316	6.82347
0.224963	6.98409	6.78574	6.89121	6.86937	6.89358	6.89138	6.95686	6.76484
0.226588	6.9558	6.88565	6.93561	6.90277	6.87335	6.86641	6.90709	6.76524
0.228237	6.94842	6.78803	6.89898	6.89205	6.81117	6.91443	6.9156	6.79271
0.229888	6.96004	6.86467	6.93289	6.88984	6.80089	6.9182	6.94312	6.82192
0.23155	7.00255	6.80462	6.90029	6.91615	6.88987	6.91229	6.89428	6.75012
0.233225	7.00194	6.78894	6.85227	6.85738	6.85478	6.85239	6.88564	6.75284
0.234912	7.02228	6.78149	6.95031	6.89797	6.89011	6.85182	6.88391	6.80981
0.2366	6.95862	6.80231	6.85154	6.87779	6.83744	6.8539	6.84148	6.78754
0.238312	6.95155	6.77844	6.88112	6.86646	6.81024	6.85031	6.85708	6.72938
0.240038	7.03893	6.76023	6.83201	6.94366	6.76457	6.88913	6.93069	6.78053
0.241763	7.01234	6.7912	6.88694	6.93587	6.87022	6.88927	6.88903	6.72156
0.243512	6.96519	6.76237	6.83466	6.8826	6.81497	6.82306	6.83245	6.77395
0.245275	7.01629	6.80992	6.8892	6.88802	6.84464	6.807	6.90938	6.76558
0.247038	6.91901	6.77066	6.90692	6.84292	6.78029	6.83243	6.87495	6.73546
0.248825	7.00595	6.78119	6.85194	6.87977	6.79919	6.79312	6.86146	6.74789
0.250612	6.97759	6.75702	6.91666	6.87545	6.77704	6.77702	6.86782	6.71755
0.252425	6.98092	6.79226	6.8882	6.87539	6.86228	6.7697	6.86665	6.75438
0.254238	6.89209	6.71042	6.81105	6.88384	6.88659	6.86467	6.86416	6.76323
0.256075	6.97796	6.78565	6.8359	6.86419	6.85053	6.86721	6.78304	6.73903
0.257912	6.96002	6.69912	6.86234	6.86438	6.81672	6.96622	6.86687	6.74371
0.259775	6.92485	6.82712	6.79655	6.85069	6.82237	6.84827	6.83765	6.73287
0.26165	6.93288	6.73441	6.90876	6.8171	6.84504	6.84271	6.82367	6.81346
0.263525	6.9641	6.82553	6.8727	6.84849	6.77604	6.74187	6.83683	6.77627
0.265425	7.01293	6.76949	6.81723	6.86903	6.8143	6.79073	6.76632	6.74706
0.267338	6.94822	6.81499	6.78793	6.85022	6.77191	6.90021	6.84045	6.71805
0.26925	6.95922	6.71889	6.86037	6.86578	6.85527	6.73721	6.8209	6.73604
0.271188	6.92398	6.78664	6.83499	6.86519	6.82789	6.84573	6.88936	6.79921
0.273138	6.8991	6.74024	6.84201	6.80637	6.73773	6.8167	6.82706	6.64837
0.2751	6.89546	6.73724	6.82412	6.84119	6.82735	6.78707	6.7613	6.80098
0.277075	7.02147	6.7757	6.86353	6.8612	6.82302	6.80672	6.81848	6.71371
0.279063	6.86878	6.74279	6.84719	6.85836	6.85887	6.8099	6.81126	6.71363
0.281075	6.89425	6.7398	6.80256	6.83616	6.73395	6.80674	6.81079	6.75903
0.283087	6.91192	6.74047	6.8118	6.75588	6.79634	6.81807	6.85892	6.67274
0.285125	6.87317	6.72054	6.87467	6.83347	6.74301	6.84204	6.8163	6.71593
0.287163	6.93139	6.69676	6.80901	6.8459	6.76457	6.7765	6.81004	6.73514
0.289225	6.95303	6.75725	6.87643	6.81159	6.74532	6.79675	6.83307	6.7224
0.2913	6.96145	6.75508	6.85882	6.82797	6.76081	6.81749	6.84134	6.76927
0.293388	6.85266	6.66882	6.76199	6.78438	6.7565	6.81189	6.79638	6.66625
0.295487	6.86335	6.71429	6.80785	6.82139	6.75694	6.80489	6.8172	6.7577
0.297612	6.89412	6.72557	6.86146	6.84985	6.76303	6.77343	6.79883	6.72263
0.299738	6.93197	6.70221	6.75764	6.80221	6.81133	6.79058	6.83538	6.74756
0.301888	6.92454	6.76222	6.75948	6.81988	6.78992	6.79565	6.78009	6.65894
0.30405	6.97446	6.68918	6.90011	6.87976	6.81321	6.79474	6.79219	6.70977
0.306225	6.9264	6.64093	6.8388	6.80389	6.81953	6.79132	6.75109	6.68746
0.308425	6.82019	6.72932	6.83586	6.81313	6.75449	6.73932	6.80083	6.76124
0.310625	6.90257	6.75218	6.87135	6.82117	6.77558	6.75739	6.81723	6.72664
0.31285	6.88401	6.7342	6.81491	6.76879	6.75868	6.79442	6.7652	6.69025
0.315087	6.85562	6.71506	6.85836	6.81048	6.75054	6.80211	6.797	6.6641
0.317338	6.90924	6.67749	6.86772	6.8279	6.75684	6.74044	6.79049	6.76767
0.319613	6.91363	6.76158	6.79643	6.82706	6.75038	6.79595	6.76973	6.74709
0.3219	6.91523	6.77003	6.829	6.78662	6.7263	6.8252	6.79147	6.70756
0.3242	6.88467	6.71493	6.8162	6.75917	6.79769	6.80936	6.76843	6.66022
0.326512	6.90581	6.73311	6.81743	6.79911	6.73164	6.8089	6.87634	6.71739
0.32885	6.85388	6.71803	6.83832	6.75156	6.76101	6.79881	6.80706	6.63123
0.331187	6.8534	6.71835	6.79042	6.75812	6.75746	6.73316	6.78904	6.69843
0.333562	6.87349	6.71424	6.79306	6.7957	6.74023	6.7372	6.83718	6.71209
0.335938	6.86249	6.72311	6.85804	6.74084	6.77092	6.66692	6.83479	6.69401
0.338338	6.89469	6.69305	6.81758	6.8216	6.77872	6.78637	6.7551	6.62305
0.34075	6.87079	6.7031	6.77195	6.89606	6.73831	6.77448	6.75553	6.66572
0.343188	6.90535	6.64352	6.73757	6.78921	6.72715	6.76993	6.79373	6.68622
0.345638	6.8603	6.73319	6.80181	6.75491	6.78175	6.76365	6.77405	6.7195
0.3481	6.90708	6.67961	6.81048	6.77138	6.75747	6.76675	6.74829	6.71311
0.350575	6.8504	6.71772	6.76831	6.82993	6.77295	6.82192	6.7945	6.69084
0.353075	6.82623	6.70891	6.78375	6.86188	6.71816	6.79077	6.76642	6.64002
0.3556	6.88445	6.73646	6.78739	6.79356	6.79436	6.69291	6.76272	6.72473
0.358125	6.87705	6.67308	6.79191	6.7728	6.79629	6.71821	6.74693	6.73068
0.360675	6.82238	6.66406	6.79371	6.83402	6.7971	6.72263	6.75625	6.70228
0.36325	6.81495	6.72802	6.80119	6.74745	6.7312	6.83822	6.78699	6.68512
0.365838	6.90133	6.65312	6.78567	6.79046	6.781	6.72022	6.74975	6.67936
0.368437	6.87515	6.64397	6.8281	6.77942	6.73845	6.75556	6.74427	6.68045
0.371062	6.8749	6.69457	6.76674	6.78633	6.76374	6.73149	6.77199	6.69516
0.373713	6.84582	6.6978	6.81035	6.7968	6.75855	6.7332	6.80068	6.631
0.376363	6.82003	6.62964	6.79265	6.802	6.68799	6.79968	6.75777	6.71001
0.37905	6.838	6.67168	6.75222	6.75197	6.71847	6.72626	6.75919	6.66511
0.381738	6.879	6.68987	6.7943	6.75491	6.72916	6.79614	6.75933	6.71494
0.384463	6.82851	6.709	6.77559	6.79689	6.71828	6.78339	6.78374	6.63773
0.387188	6.90685	6.67982	6.76984	6.79315	6.76374	6.76582	6.75338	6.60627
0.38995	6.80601	6.66398	6.7671	6.75385	6.67472	6.75659	6.78118	6.64079
0.392713	6.84744	6.71431	6.78336	6.71231	6.68182	6.758	6.78279	6.66513
0.395512	6.87817	6.67186	6.74851	6.76229	6.73888	6.77269	6.74337	6.67648
0.398325	6.83192	6.72577	6.75756	6.782	6.76197	6.7027	6.73452	6.65423
0.40115	6.79116	6.72564	6.76291	6.74702	6.73331	6.7107	6.78576	6.63617
0.404	6.88323	6.66782	6.79103	6.79629	6.71283	6.7316	6.79527	6.65378
0.406875	6.80475	6.6655	6.72706	6.75487	6.73276	6.80367	6.78845	6.62019
0.409763	6.87628	6.63425	6.77455	6.69423	6.70377	6.69126	6.74582	6.60562
0.412663	6.88684	6.70583	6.75955	6.76731	6.73303	6.74513	6.72588	6.60061
0.4156	6.88131	6.68708	6.75817	6.77544	6.7345	6.74925	6.76878	6.67882
0.41855	6.86621	6.64621	6.7857	6.77429	6.75547	6.73223	6.74075	6.71935
0.421525	6.84856	6.68649	6.8072	6.76866	6.75191	6.75302	6.77482	6.64087
0.424513	6.7995	6.65605	6.84104	6.74136	6.72523	6.72899	6.74382	6.63861
0.427525	6.84126	6.67666	6.71854	6.77222	6.73664	6.69351	6.77215	6.64635
0.43055	6.83172	6.66711	6.73634	6.7428	6.73017	6.67278	6.79225	6.67196
0.433612	6.80734	6.66272	6.77118	6.72773	6.73413	6.73038	6.72181	6.66791
0.436687	6.81566	6.63725	6.782	6.73458	6.72791	6.79093	6.74881	6.70207
0.439775	6.84977	6.67169	6.78906	6.76374	6.68802	6.72765	6.7499	6.67301
0.4429	6.86937	6.7133	6.7336	6.82331	6.75639	6.71174	6.75465	6.68028
0.446038	6.82394	6.64881	6.74019	6.74922	6.7143	6.74993	6.74927	6.6645
0.4492	6.86572	6.6697	6.77962	6.75097	6.73806	6.73487	6.74197	6.59659
0.452375	6.82008	6.66984	6.7368	6.73001	6.79157	6.71747	6.72392	6.65569
0.455588	6.85754	6.64466	6.80162	6.77262	6.69582	6.77224	6.70244	6.64297
0.458813	6.85677	6.63462	6.72884	6.71116	6.69237	6.70113	6.77599	6.67374
0.462063	6.83601	6.66853	6.79018	6.7708	6.69212	6.69234	6.75148	6.625
0.465338	6.85997	6.69101	6.73905	6.76261	6.74427	6.69292	6.78702	6.68113
0.468625	6.82672	6.68382	6.73044	6.71801	6.70895	6.75327	6.69682	6.64897
0.47195	6.85238	6.66583	6.75489	6.76622	6.71894	6.72779	6.73981	6.66087
0.475287	6.82187	6.65544	6.80346	6.75413	6.68696	6.6815	6.71119	6.62746
0.47865	6.8352	6.65991	6.7722	6.79992	6.6771	6.74114	6.77848	6.60896
0.482038	6.84057	6.65287	6.78689	6.7317	6.75729	6.70346	6.7411	6.63151
0.48545	6.8342	6.68403	6.71666	6.76485	6.68592	6.73287	6.75235	6.68057
0.488887	6.85384	6.65989	6.77349	6.72675	6.70568	6.72789	6.75926	6.63483
0.492337	6.81929	6.69352	6.74706	6.71286	6.70188	6.75681	6.79296	6.64834
0.495825	6.822	6.67576	6.80225	6.74985	6.7113	6.71921	6.7264	6.65758
0.499325	6.83706	6.62187	6.73079	6.74338	6.71075	6.70621	6.73673	6.62819
0.502863	6.82516	6.64469	6.79327	6.69227	6.68506	6.71584	6.71402	6.58166
0.506413	6.77749	6.68875	6.75274	6.75925	6.72813	6.70825	6.70882	6.63966
0.51	6.83848	6.67098	6.75604	6.7314	6.7276	6.70917	6.72917	6.66252
0.5136	6.83478	6.64648	6.78401	6.77186	6.70199	6.72969	6.75147	6.63885
0.517225	6.83034	6.65687	6.77352	6.75831	6.67535	6.73321	6.78708	6.61124
0.520887	6.85401	6.64748	6.79523	6.73641	6.68725	6.72095	6.74073	6.6045
0.524562	6.82539	6.63202	6.73944	6.73649	6.72748	6.72246	6.72468	6.60002
0.528275	6.82779	6.68244	6.72677	6.71896	6.70782	6.70302	6.69853	6.55836
0.532	6.8235	6.67902	6.77183	6.70427	6.71701	6.75034	6.69982	6.61102
0.535762	6.79411	6.62211	6.72008	6.72834	6.74074	6.69616	6.70609	6.67545
0.539537	6.84482	6.6799	6.74558	6.76162	6.7074	6.72087	6.77056	6.6069
0.54335	6.82885	6.62558	6.73934	6.74751	6.71608	6.73483	6.73702	6.64636
0.547188	6.8055	6.67829	6.74334	6.70925	6.74453	6.72281	6.76777	6.63341
0.55105	6.80695	6.66094	6.74888	6.78018	6.69113	6.74572	6.75984	6.65133
0.554937	6.81848	6.62908	6.79228	6.81238	6.68507	6.71483	6.70783	6.60379
0.55885	6.8102	6.60362	6.72832	6.77997	6.6929	6.67604	6.69899	6.66747
0.5628	6.81996	6.66894	6.72192	6.74544	6.67125	6.74228	6.72065	6.60767
0.566763	6.8399	6.66903	6.77404	6.74396	6.68041	6.72248	6.6951	6.66143
0.570763	6.82989	6.65169	6.73316	6.75459	6.70612	6.74149	6.71437	6.6154
0.574787	6.79796	6.64464	6.7975	6.77674	6.69758	6.69432	6.70218	6.63578
0.578838	6.81715	6.69614	6.76051	6.77711	6.75332	6.73372	6.75363	6.62409
0.582925	6.79048	6.68228	6.72676	6.74793	6.72248	6.7215	6.68221	6.61591
0.587038	6.83162	6.67411	6.75984	6.71894	6.73674	6.74736	6.71361	6.62794
0.591175	6.81857	6.67359	6.75059	6.73368	6.71366	6.7295	6.74382	6.62948
0.595338	6.84003	6.68493	6.72045	6.80434	6.70189	6.72209	6.7237	6.60912
0.599537	6.83245	6.66002	6.69951	6.76691	6.6746	6.72016	6.74209	6.62128
0.603763	6.83319	6.63613	6.72858	6.74328	6.69976	6.69931	6.75331	6.65524
0.608012	6.80736	6.67283	6.75021	6.75484	6.71996	6.7414	6.68305	6.62847
0.6123	6.85513	6.63992	6.74629	6.70495	6.66058	6.69635	6.73557	6.65239
0.616612	6.81963	6.65482	6.73046	6.71603	6.69751	6.73127	6.67155	6.63207
0.620963	6.8545	6.62643	6.68898	6.72984	6.76911	6.73701	6.72872	6.61949
0.625325	6.85338	6.62463	6.69706	6.75322	6.71169	6.69004	6.75303	6.61473
0.629737	6.83306	6.66495	6.76543	6.76945	6.75704	6.72369	6.70545	6.5728
0.634175	6.79273	6.63804	6.72651	6.72727	6.68575	6.68458	6.74229	6.63119
0.638637	6.78859	6.65076	6.7834	6.76122	6.70916	6.73959	6.75352	6.63798
0.643125	6.73239	6.66467	6.76093	6.73352	6.68313	6.72677	6.72758	6.64503
0.647663	6.7987	6.62229	6.74842	6.75182	6.71712	6.69944	6.73295	6.61301
0.652213	6.79258	6.66761	6.728	6.75701	6.68373	6.7319	6.69152	6.63817
0.656812	6.76445	6.64632	6.76621	6.7205	6.69532	6.74835	6.72017	6.63751
0.661425	6.80081	6.66522	6.7682	6.77885	6.7049	6.75075	6.74437	6.65652
0.666088	6.80778	6.64504	6.70919	6.74641	6.76722	6.7137	6.74641	6.612
0.670775	6.79914	6.65121	6.72112	6.73393	6.70591	6.73598	6.71416	6.63222
0.675488	6.78841	6.6705	6.7486	6.7284	6.72336	6.73685	6.73785	6.64486
0.680237	6.8204	6.65686	6.72504	6.76902	6.73786	6.72039	6.69765	6.64617
0.685025	6.80747	6.6941	6.71464	6.75712	6.65389	6.66014	6.72357	6.60968
0.689838	6.80477	6.62532	6.71415	6.76033	6.69607	6.71125	6.73684	6.60217
0.694687	6.82424	6.66598	6.76077	6.75297	6.7114	6.68171	6.74019	6.63815
0.699575	6.84155	6.64382	6.74392	6.71558	6.73106	6.72571	6.72995	6.65365
0.7045	6.82005	6.64707	6.72858	6.74425	6.68035	6.70024	6.7549	6.62175
0.70945	6.82082	6.60546	6.75168	6.74975	6.71293	6.69316	6.6988	6.63072
0.714437	6.79817	6.66647	6.75822	6.7666	6.67049	6.75114	6.69404	6.67333
0.719463	6.79905	6.70427	6.69971	6.75238	6.69571	6.68347	6.73658	6.61881
0.724513	6.78711	6.65902	6.74736	6.72932	6.67706	6.68658	6.73734	6.59593
0.7296	6.80887	6.66484	6.74183	6.76166	6.69234	6.70085	6.73626	6.60913
0.734738	6.82557	6.70181	6.76855	6.76362	6.65005	6.71352	6.69142	6.65901
0.7399	6.79696	6.67075	6.74302	6.78234	6.69697	6.70891	6.73738	6.63569
0.745088	6.81003	6.68536	6.72907	6.71828	6.69971	6.69951	6.75221	6.65904
0.750325	6.81953	6.62825	6.76279	6.76618	6.67447	6.72264	6.66892	6.61852
0.7556	6.81569	6.6731	6.76203	6.76425	6.62963	6.71943	6.74013	6.62257
0.7609	6.84807	6.68349	6.7459	6.73044	6.69051	6.71972	6.71922	6.62431
0.76625	6.83062	6.62313	6.73253	6.73441	6.72158	6.72959	6.72219	6.62787
0.771625	6.79643	6.67322	6.7516	6.72882	6.74218	6.73913	6.7338	6.63404
0.77705	6.80602	6.63739	6.71826	6.75618	6.70771	6.72672	6.72945	6.65121
0.7825	6.80814	6.63665	6.75442	6.77912	6.69701	6.76256	6.73606	6.64344
0.788	6.80387	6.66706	6.78607	6.75885	6.7247	6.70703	6.72989	6.64055
0.793525	6.8189	6.68088	6.75594	6.78062	6.6896	6.75775	6.71761	6.62599
0.7991	6.81327	6.65981	6.73253	6.74581	6.71908	6.74148	6.71598	6.67552
0.8047	6.82398	6.64105	6.71328	6.73492	6.73792	6.67999	6.73859	6.63506
0.81035	6.83164	6.68461	6.72673	6.72206	6.7115	6.72916	6.72223	6.64907
0.816037	6.79583	6.69016	6.69409	6.75694	6.68277	6.72929	6.69835	6.65173
0.821763	6.79848	6.66289	6.73758	6.71529	6.74512	6.72047	6.69307	6.64706
0.827525	6.8425	6.62428	6.78364	6.72587	6.67617	6.74449	6.73854	6.60576
0.833337	6.83098	6.65841	6.73196	6.78853	6.69177	6.71821	6.72684	6.622
0.839175	6.76833	6.66808	6.75687	6.71399	6.71185	6.72351	6.77563	6.64559
0.845062	6.78481	6.63984	6.73599	6.71815	6.7185	6.72644	6.71068	6.66503
0.851	6.84755	6.66642	6.76277	6.77423	6.7022	6.74241	6.75821	6.6317
0.856963	6.77678	6.65606	6.75567	6.70308	6.69767	6.74875	6.72886	6.62083
0.862975	6.78599	6.68732	6.73542	6.76196	6.693	6.74481	6.74215	6.66603
0.869025	6.83058	6.63793	6.71907	6.75764	6.70838	6.7433	6.73389	6.61172
0.875112	6.83708	6.6568	6.73411	6.73051	6.72293	6.73739	6.74039	6.67318
0.88125	6.81551	6.67307	6.78876	6.73955	6.72456	6.70657	6.73897	6.6849
0.887425	6.82914	6.65159	6.73755	6.74805	6.69924	6.72061	6.73994	6.6415
0.89365	6.80537	6.66057	6.77287	6.76505	6.71657	6.72412	6.72987	6.61592
0.899912	6.83685	6.70198	6.72888	6.78205	6.7032	6.73043	6.77483	6.63992
0.906225	6.80957	6.64946	6.76858	6.70542	6.71136	6.73758	6.73488	6.64255
0.912575	6.78479	6.64705	6.77343	6.73678	6.70209	6.71004	6.75455	6.58779
0.918962	6.83407	6.67334	6.75045	6.74144	6.70838	6.71692	6.73158	6.64684
0.9254	6.86716	6.67607	6.78394	6.75235	6.71976	6.72435	6.70808	6.66188
0.931888	6.80657	6.65038	6.74371	6.76392	6.72907	6.72652	6.74515	6.65352
0.938412	6.78098	6.65975	6.74088	6.74157	6.7042	6.72593	6.73609	6.62737
0.944987	6.85628	6.6794	6.74244	6.74995	6.70266	6.73304	6.7492	6.64042
0.951612	6.7827	6.6694	6.77522	6.75112	6.72092	6.73291	6.75271	6.66071
0.958275	6.8267	6.68495	6.75077	6.78862	6.71425	6.72898	6.73435	6.63741
0.964988	6.82431	6.68803	6.76047	6.77016	6.73322	6.7229	6.75697	6.62713
0.97175	6.7976	6.68396	6.74188	6.76224	6.70409	6.75176	6.74641	6.63826
0.97855	6.79097	6.663	6.71398	6.74267	6.67011	6.69615	6.73194	6.67111
0.9854	6.83578	6.67931	6.75889	6.77691	6.70815	6.73793	6.77152	6.62816
0.9923	6.80805	6.66757	6.77116	6.74137	6.70679	6.72637	6.71419	6.65785
0.99925	6.81679	6.6698	6.75901	6.75342	6.71236	6.74058	6.75644	6.63093
1.00625	6.83858	6.68951	6.7384	6.76202	6.71215	6.75383	6.73063	6.63635
1.01329	6.86619	6.67424	6.75187	6.75624	6.69793	6.72067	6.75808	6.6263
1.02039	6.824	6.63102	6.75306	6.7546	6.71552	6.73046	6.71599	6.68095
1.02752	6.86686	6.63885	6.77815	6.7536	6.70338	6.74505	6.76474	6.62229
1.03472	6.82344	6.68736	6.7563	6.76988	6.75892	6.7605	6.74909	6.65714
1.04196	6.80976	6.67619	6.75394	6.77876	6.72006	6.72301	6.73975	6.63594
1.04925	6.83145	6.6528	6.75875	6.74805	6.71523	6.72055	6.71587	6.67362
1.0566	6.80164	6.67669	6.77747	6.73856	6.70391	6.73148	6.73803	6.6611
1.06399	6.82938	6.65132	6.74731	6.78164	6.72269	6.75846	6.7265	6.63389
1.07144	6.82962	6.67734	6.76365	6.77411	6.72243	6.70162	6.75445	6.66747
1.07893	6.8225	6.65259	6.7819	6.7524	6.72137	6.74277	6.73768	6.66838
1.08648	6.85082	6.67836	6.76777	6.77882	6.72848	6.73353	6.71139	6.63712
1.09407	6.81716	6.67184	6.75608	6.77373	6.69744	6.70826	6.72154	6.66008
1.10174	6.79854	6.68554	6.76322	6.7691	6.71705	6.76253	6.76698	6.62979
1.10944	6.85788	6.67842	6.75692	6.77344	6.71667	6.71523	6.72512	6.63448
1.1172	6.83278	6.71575	6.7624	6.77232	6.70053	6.7342	6.72742	6.6621
1.12501	6.83115	6.66335	6.78089	6.76895	6.71202	6.73935	6.72696	6.65719
1.13287	6.82868	6.6921	6.79181	6.7567	6.73109	6.74362	6.73397	6.64742
1.1408	6.82602	6.69299	6.7641	6.74838	6.71841	6.73347	6.73377	6.64263
1.14877	6.80232	6.67605	6.73223	6.77211	6.71635	6.70937	6.73115	6.63804
1.15681	6.8245	6.67495	6.73553	6.7758	6.72124	6.74113	6.74629	6.64872
1.1649	6.86952	6.66809	6.75543	6.77181	6.70633	6.76008	6.72171	6.62588
1.17304	6.85266	6.67628	6.75299	6.78597	6.70417	6.70283	6.73079	6.64376
1.18124	6.81625	6.69376	6.75568	6.77861	6.71453	6.72957	6.74655	6.64909
1.1895	6.85429	6.66262	6.76259	6.75656	6.71958	6.73264	6.75276	6.64752
1.19781	6.82015	6.67168	6.76328	6.74032	6.70243	6.72517	6.72411	6.6546
1.20619	6.82504	6.68469	6.77463	6.76727	6.71083	6.72277	6.74761	6.64297
1.21461	6.82744	6.67204	6.73516	6.75209	6.72421	6.71331	6.72993	6.67833
1.2231	6.81657	6.66746	6.76125	6.76999	6.70257	6.72267	6.72112	6.69151
1.23165	6.81397	6.6853	6.75829	6.79721	6.72167	6.75537	6.72202	6.66617
1.24026	6.85465	6.68026	6.76623	6.7636	6.70984	6.75849	6.73982	6.66277
1.24892	6.8159	6.67199	6.78205	6.75439	6.71924	6.72372	6.71699	6.63631
1.25765	6.86674	6.68276	6.77656	6.73004	6.72357	6.73414	6.73839	6.65286
1.26644	6.83859	6.65392	6.74717	6.75877	6.69773	6.735	6.73811	6.64909
1.27529	6.82211	6.70567	6.73489	6.78321	6.68399	6.74337	6.73702	6.64265
1.2842	6.86484	6.66523	6.76353	6.72517	6.72027	6.75729	6.77476	6.68786
1.29316	6.84047	6.69703	6.78201	6.74857	6.72586	6.75864	6.7235	6.66928
1.3022	6.8647	6.6767	6.75711	6.78271	6.72064	6.7303	6.76045	6.6314
1.3113	6.84889	6.66599	6.75578	6.77405	6.68775	6.75494	6.74641	6.67015
1.32045	6.87919	6.67164	6.74249	6.77492	6.73787	6.72519	6.75725	6.70145
1.32967	6.82398	6.68054	6.78674	6.76256	6.70168	6.71518	6.7573	6.65558
1.33896	6.81604	6.68567	6.74674	6.75695	6.70757	6.70978	6.76368	6.66875
1.34831	6.84671	6.68829	6.76444	6.7763	6.70104	6.73337	6.74291	6.64986
1.35773	6.83404	6.68223	6.7842	6.78319	6.75862	6.75207	6.74956	6.67889
1.36721	6.84745	6.66448	6.75903	6.76397	6.73257	6.77182	6.74577	6.6645
1.37675	6.83321	6.67475	6.75235	6.77212	6.69431	6.74828	6.75228	6.66445
1.38636	6.86168	6.67616	6.75384	6.77408	6.69593	6.75407	6.75414	6.65111
1.39605	6.85593	6.69107	6.75797	6.77831	6.7012	6.73766	6.78175	6.6587
1.4058	6.82309	6.69397	6.78261	6.77008	6.73174	6.74398	6.7336	6.66894
1.41561	6.8552	6.66597	6.7526	6.76045	6.72089	6.75487	6.73971	6.68785
1.42549	6.83758	6.67643	6.76422	6.75867	6.72897	6.75032	6.73298	6.6237
1.43544	6.84696	6.67175	6.79142	6.75303	6.73144	6.73503	6.75337	6.67409
1.44546	6.82703	6.69263	6.75401	6.75966	6.7277	6.76465	6.74622	6.65405
1.45555	6.83746	6.68195	6.76167	6.74593	6.71248	6.78043	6.7347	6.64091
1.46571	6.83949	6.67835	6.79482	6.76384	6.71729	6.7269	6.74322	6.66359
1.47594	6.84254	6.66679	6.77553	6.77433	6.73196	6.74173	6.75437	6.67591
1.48624	6.84327	6.6977	6.76916	6.76573	6.74328	6.72253	6.75043	6.67584
1.49661	6.8818	6.70253	6.78628	6.78029	6.70649	6.76544	6.75515	6.67433
1.50705	6.82038	6.70699	6.75815	6.7764	6.71314	6.72388	6.73219	6.66497
1.51756	6.83226	6.68383	6.76594	6.75209	6.73902	6.75909	6.76257	6.64573
1.52815	6.827	6.67978	6.78319	6.77288	6.75589	6.73598	6.76459	6.63841
1.53881	6.85419	6.69144	6.77457	6.79302	6.73581	6.757	6.76667	6.64793
1.54955	6.84792	6.69118	6.7791	6.77118	6.73382	6.76923	6.76779	6.65619
1.56036	6.82904	6.67633	6.78024	6.76075	6.72676	6.75535	6.76586	6.65132
1.57125	6.82396	6.69731	6.778	6.76894	6.72375	6.75238	6.75116	6.65221
1.58221	6.82271	6.683	6.74881	6.77523	6.74714	6.74567	6.76859	6.66602
1.59325	6.85572	6.70377	6.79363	6.75193	6.7319	6.75676	6.72049	6.63098
1.60436	6.82923	6.70443	6.77386	6.75949	6.74018	6.74964	6.76094	6.658
1.61555	6.82892	6.6642	6.76169	6.78174	6.73874	6.74337	6.76645	6.64161
1.62681	6.86436	6.69503	6.75471	6.78429	6.73823	6.75624	6.7578	6.69288
1.63816	6.83991	6.66053	6.74946	6.76565	6.75568	6.73172	6.78512	6.64901
1.64959	6.85009	6.68663	6.77961	6.77833	6.72882	6.75548	6.7552	6.6573
1.66109	6.84091	6.68514	6.77303	6.79279	6.72428	6.76602	6.77114	6.67835
1.67268	6.8669	6.68814	6.77165	6.77286	6.72675	6.75757	6.74943	6.66437
1.68434	6.8268	6.69194	6.7932	6.7779	6.72414	6.73275	6.76713	6.66367
1.69609	6.85905	6.6808	6.7541	6.77717	6.74153	6.75378	6.75992	6.66807
1.70791	6.83947	6.66789	6.78183	6.77725	6.75039	6.72492	6.75075	6.68299
1.71981	6.8431	6.69619	6.78162	6.75321	6.73184	6.76109	6.76208	6.66644
1.73181	6.84332	6.66878	6.79893	6.77236	6.73861	6.73398	6.78834	6.65626
1.74388	6.8606	6.68908	6.79125	6.78702	6.72093	6.71932	6.758	6.65838
1.75604	6.85354	6.66985	6.81131	6.78675	6.72566	6.76797	6.73675	6.67559
1.76828	6.87644	6.69372	6.79249	6.77734	6.73025	6.74805	6.76924	6.66384
1.7806	6.85516	6.67904	6.75654	6.79345	6.7385	6.75383	6.77932	6.68944
1.79301	6.83324	6.68179	6.78319	6.80184	6.74992	6.75691	6.75165	6.67336
1.80551	6.84125	6.69866	6.79047	6.76722	6.72541	6.75479	6.795	6.66788
1.8181	6.8212	6.7126	6.77645	6.77496	6.73067	6.76171	6.76083	6.66212
1.83078	6.84006	6.68555	6.78199	6.7862	6.73357	6.73295	6.76758	6.67515
1.84354	6.83897	6.66669	6.82095	6.79975	6.73707	6.7544	6.76408	6.66878
1.85637	6.8371	6.7105	6.74417	6.7734	6.74829	6.76601	6.7609	6.68879
1.86931	6.83679	6.67209	6.80385	6.76415	6.72694	6.76839	6.78997	6.69107
1.88234	6.84395	6.66113	6.79577	6.7672	6.72774	6.76914	6.77318	6.67519
1.89546	6.84626	6.70165	6.77894	6.76143	6.7324	6.73815	6.75085	6.66558
1.90866	6.87291	6.6822	6.78052	6.8003	6.74441	6.76121	6.77214	6.67805
1.92196	6.86795	6.69978	6.79873	6.7665	6.7545	6.74719	6.74225	6.67242
1.93536	6.85011	6.68547	6.79253	6.76513	6.74104	6.78122	6.76875	6.65193
1.94885	6.84498	6.70227	6.79512	6.76299	6.73853	6.74693	6.76348	6.66577
1.96242	6.81979	6.68628	6.7703	6.76589	6.72793	6.74192	6.76231	6.67973
1.9761	6.82927	6.68571	6.78292	6.7843	6.741	6.77453	6.73963	6.66092
1.98986	6.84425	6.69178	6.78134	6.75527	6.73222	6.76702	6.76381	6.68688
2.00373	6.84561	6.6877	6.78998	6.79013	6.73201	6.78461	6.76154	6.68818
2.01769	6.86875	6.68044	6.78018	6.78168	6.73039	6.72806	6.76245	6.68885
2.03174	6.84367	6.68432	6.78057	6.77767	6.73727	6.76234	6.76344	6.6697
2.04589	6.8485	6.69185	6.79452	6.79051	6.73107	6.75796	6.77952	6.67287
2.06014	6.85421	6.71374	6.76797	6.79979	6.73018	6.74306	6.78337	6.676
2.07449	6.85533	6.7231	6.78614	6.77921	6.73235	6.74208	6.75327	6.67016
2.08894	6.85312	6.66851	6.79944	6.8215	6.73574	6.79989	6.74311	6.66159
2.10349	6.83905	6.69535	6.80752	6.76345	6.73435	6.7659	6.7717	6.66948
2.11814	6.82954	6.69567	6.78216	6.7835	6.72789	6.77691	6.74559	6.6781
2.13289	6.83447	6.67499	6.81759	6.78179	6.74727	6.75799	6.77795	6.67449
2.14775	6.84696	6.70312	6.79319	6.76374	6.73383	6.76989	6.77344	6.65512
2.1627	6.85006	6.68638	6.78261	6.77961	6.73218	6.77327	6.77146	6.67144
2.17776	6.84801	6.70394	6.78527	6.80494	6.73137	6.78726	6.76785	6.66928
2.19292	6.85768	6.66954	6.79214	6.78114	6.73262	6.76592	6.77378	6.66532
2.2082	6.82563	6.70911	6.79397	6.78687	6.7535	6.76599	6.75913	6.68117
2.22358	6.85468	6.69974	6.77513	6.79095	6.72159	6.7427	6.78564	6.64689
2.23905	6.85052	6.72148	6.78107	6.78858	6.75131	6.75675	6.74606	6.67138
2.25465	6.84377	6.71358	6.75896	6.79912	6.73283	6.76811	6.75908	6.66693
2.27034	6.87508	6.68255	6.79949	6.80688	6.72625	6.74437	6.7572	6.68469
2.28615	6.85039	6.71468	6.77125	6.78266	6.73157	6.7636	6.7416	6.67688
2.30206	6.84352	6.68369	6.80942	6.77345	6.74219	6.769	6.76283	6.67461
2.31809	6.84467	6.70958	6.78756	6.78713	6.73061	6.77929	6.76238	6.65809
2.33422	6.84668	6.69275	6.78841	6.78862	6.73333	6.74747	6.79364	6.68694
2.35048	6.84065	6.7056	6.80706	6.78813	6.75442	6.76215	6.76589	6.68144
2.36684	6.86597	6.7055	6.78655	6.78495	6.74878	6.71896	6.7638	6.69975
2.38331	6.83394	6.67961	6.79969	6.76788	6.71931	6.76311	6.77141	6.67535
2.3999	6.84123	6.69329	6.78277	6.79748	6.76398	6.79459	6.79269	6.71455
2.41661	6.84214	6.67351	6.75362	6.78395	6.73915	6.76172	6.78458	6.66873
2.43342	6.84586	6.6971	6.8117	6.77175	6.74824	6.76987	6.74673	6.65902
2.45036	6.85161	6.7001	6.7843	6.79875	6.74648	6.75746	6.77424	6.67479
2.46743	6.8738	6.68621	6.78703	6.77062	6.74276	6.77769	6.77195	6.68392
2.4846	6.86031	6.70585	6.75013	6.79791	6.74411	6.74456	6.76224	6.67215
2.50189	6.84311	6.68598	6.79158	6.79762	6.73829	6.74251	6.78007	6.68595
2.5193	6.85422	6.68653	6.77362	6.80392	6.72723	6.74057	6.73957	6.66011
2.53682	6.8405	6.70236	6.78975	6.77615	6.74039	6.77659	6.78469	6.6762
2.55449	6.86032	6.69543	6.79654	6.78304	6.72867	6.75947	6.76226	6.68602
2.57226	6.85428	6.69145	6.81039	6.81615	6.72549	6.77084	6.76254	6.67066
2.59016	6.85921	6.70804	6.7995	6.78717	6.73097	6.77746	6.75271	6.6821
2.60819	6.85168	6.71512	6.78032	6.78076	6.74033	6.78273	6.78516	6.68919
2.62634	6.8485	6.68754	6.81349	6.7665	6.74582	6.75225	6.78105	6.67247
2.6446	6.83814	6.68749	6.79957	6.76786	6.73414	6.77352	6.78201	6.66917
2.66301	6.844	6.71033	6.78439	6.78146	6.73601	6.77139	6.77364	6.6928
2.68154	6.86117	6.71029	6.80107	6.81568	6.73051	6.76974	6.76934	6.71724
2.70019	6.85303	6.71298	6.76379	6.79654	6.73926	6.76196	6.75525	6.6633
2.71898	6.8498	6.69707	6.76528	6.8158	6.75268	6.76332	6.75683	6.68247
2.7379	6.85223	6.70668	6.78111	6.79102	6.75173	6.768	6.76034	6.67405
2.75694	6.84947	6.67239	6.77461	6.78583	6.73642	6.77079	6.77235	6.68922
2.77612	6.85006	6.69533	6.78112	6.78519	6.74832	6.77442	6.74237	6.67421
2.79544	6.82928	6.71693	6.78751	6.79273	6.75493	6.75305	6.79421	6.69754
2.81487	6.85619	6.69195	6.76841	6.7788	6.74111	6.77272	6.77506	6.6891
2.83446	6.84012	6.69937	6.7985	6.78657	6.76376	6.76759	6.78911	6.7074
2.85418	6.86958	6.7003	6.80085	6.80166	6.75097	6.76932	6.77733	6.67761
2.87404	6.84386	6.69909	6.78455	6.77558	6.74725	6.76033	6.78685	6.69305
2.89403	6.86078	6.70189	6.80073	6.79016	6.73529	6.78517	6.77661	6.69209
2.91415	6.85681	6.69753	6.78749	6.7869	6.75201	6.73936	6.77287	6.67342
2.93443	6.84221	6.69681	6.79861	6.79244	6.7549	6.79014	6.77834	6.67484
2.95484	6.8615	6.71569	6.8057	6.78122	6.76057	6.77546	6.7762	6.69243
2.97539	6.84656	6.68269	6.80896	6.78793	6.74355	6.74982	6.78062	6.68489
2.99607	6.84561	6.69622	6.77766	6.77913	6.76242	6.76345	6.77821	6.69073
3.01691	6.87324	6.69434	6.77524	6.80149	6.74039	6.7556	6.77859	6.66247
3.0379	6.84892	6.72371	6.79229	6.78111	6.7557	6.75177	6.78388	6.70429
3.05903	6.84495	6.69532	6.80121	6.79109	6.75183	6.75911	6.75274	6.70925
3.0803	6.85651	6.70144	6.79083	6.78596	6.75629	6.75732	6.7923	6.69753
3.10171	6.85722	6.71007	6.7959	6.81666	6.74217	6.76573	6.77651	6.68065
3.12329	6.85306	6.71299	6.80297	6.78999	6.7542	6.7745	6.76268	6.67765
3.145	6.8378	6.69271	6.79891	6.80185	6.74693	6.76908	6.78338	6.67778
3.16687	6.85583	6.68682	6.79683	6.78909	6.74167	6.76759	6.78167	6.67498
3.1889	6.84923	6.70107	6.79676	6.80905	6.75087	6.75462	6.76841	6.67379
3.21108	6.82668	6.69902	6.79538	6.7892	6.76323	6.75785	6.77436	6.68155
3.2334	6.84848	6.7119	6.8083	6.78157	6.74386	6.7645	6.7632	6.68678
3.25588	6.84794	6.69332	6.79663	6.78124	6.7343	6.76477	6.75879	6.69025
3.27851	6.85541	6.71365	6.79141	6.78395	6.75073	6.75656	6.78758	6.67955
3.30131	6.84704	6.69703	6.80863	6.79312	6.74627	6.76729	6.77401	6.67267
3.32426	6.85083	6.72899	6.81658	6.80697	6.75253	6.75818	6.78093	6.68303
3.34737	6.85836	6.70895	6.7816	6.78199	6.74966	6.76724	6.76921	6.68623
3.37065	6.85401	6.70182	6.79784	6.78854	6.73379	6.77245	6.78999	6.69418
3.39409	6.83763	6.70296	6.77526	6.78566	6.75674	6.76375	6.76719	6.6926
3.41768	6.84905	6.70582	6.80619	6.79449	6.74577	6.76904	6.76279	6.67448
3.44144	6.84402	6.7069	6.7945	6.79419	6.74082	6.76694	6.77184	6.68043
3.46536	6.85567	6.69175	6.81494	6.79067	6.74066	6.77452	6.78432	6.70509
3.48945	6.84595	6.7198	6.78817	6.77774	6.76092	6.77282	6.76906	6.68181
3.51371	6.85134	6.69878	6.81118	6.80242	6.7497	6.77255	6.76538	6.67879
3.53814	6.84203	6.69543	6.81175	6.79379	6.75196	6.75994	6.77601	6.69859
3.56273	6.86319	6.69983	6.80852	6.79737	6.75105	6.77333	6.78432	6.69293
3.58749	6.85111	6.69326	6.79781	6.78322	6.72413	6.77532	6.79142	6.67246
3.61243	6.84503	6.70348	6.78701	6.81158	6.72156	6.76047	6.76703	6.70027
3.63754	6.85594	6.70368	6.794	6.79952	6.74876	6.78008	6.77248	6.68965
3.66283	6.84493	6.71252	6.79423	6.79918	6.74637	6.77022	6.79583	6.70643
3.68829	6.86486	6.70581	6.79726	6.79715	6.73568	6.74944	6.77755	6.67436
3.71391	6.85832	6.70443	6.80746	6.79378	6.75213	6.76504	6.77887	6.69569
3.73973	6.85582	6.69706	6.81456	6.79239	6.75219	6.75951	6.78139	6.68073
3.76572	6.87821	6.70998	6.81875	6.80768	6.74272	6.76551	6.79111	6.69504
3.7919	6.85597	6.71801	6.80347	6.80977	6.7563	6.75972	6.78887	6.69753
3.81825	6.86405	6.70732	6.81042	6.79153	6.7559	6.74962	6.78706	6.6791
3.84479	6.8659	6.71397	6.80239	6.78908	6.7386	6.76943	6.76626	6.69766
3.8715	6.85309	6.71385	6.81229	6.8073	6.73044	6.76841	6.77401	6.68551
3.89841	6.84918	6.69638	6.78202	6.79305	6.75284	6.75309	6.79189	6.69501
3.9255	6.86935	6.70123	6.79503	6.79969	6.72759	6.75946	6.7813	6.68494
3.95278	6.8629	6.71929	6.82936	6.79841	6.76428	6.75913	6.77811	6.69748
3.98025	6.84345	6.69834	6.79211	6.76778	6.74797	6.76588	6.77778	6.69976
4.00791	6.85397	6.71369	6.80322	6.80285	6.74689	6.77662	6.78497	6.68813
4.03576	6.85376	6.70188	6.78999	6.79122	6.74723	6.78408	6.79828	6.68748
4.0638	6.84892	6.6905	6.80657	6.78802	6.75102	6.76457	6.7953	6.6931
4.09204	6.86595	6.69284	6.82476	6.79867	6.74498	6.7699	6.79425	6.69558
4.12047	6.86605	6.71651	6.80079	6.77962	6.75115	6.76477	6.78562	6.68687
4.1491	6.86539	6.71114	6.7973	6.78181	6.74299	6.75801	6.78857	6.67023
4.17794	6.86315	6.70808	6.79441	6.79648	6.74961	6.75568	6.79574	6.66931
4.20696	6.85296	6.71036	6.81189	6.76942	6.7505	6.77738	6.77555	6.68353
4.2362	6.86122	6.69544	6.80339	6.78675	6.74877	6.77028	6.78491	6.69711
4.26563	6.86741	6.71424	6.7827	6.78173	6.7584	6.77648	6.78377	6.66866
4.29526	6.84091	6.70995	6.81778	6.79714	6.74334	6.78182	6.79569	6.70389
4.32511	6.85094	6.70954	6.79848	6.79624	6.75377	6.79235	6.7807	6.68951
4.35516	6.84806	6.7096	6.78925	6.7925	6.75526	6.77736	6.77233	6.69089
4.38541	6.84112	6.68443	6.7968	6.78409	6.74501	6.78448	6.79465	6.66916
4.41589	6.85146	6.71381	6.80139	6.78842	6.75583	6.78837	6.77518	6.66677
4.44656	6.86684	6.70759	6.7887	6.77956	6.7515	6.774	6.78745	6.68371
4.47745	6.878	6.70955	6.78931	6.78888	6.7523	6.77526	6.77283	6.66489
4.50856	6.86375	6.68423	6.80643	6.79758	6.74568	6.76314	6.79476	6.67839
4.53988	6.84011	6.69778	6.80754	6.80292	6.75295	6.77246	6.78165	6.68712
4.57142	6.85811	6.69924	6.78819	6.79497	6.75644	6.78145	6.76789	6.67487
4.60318	6.8508	6.71046	6.79776	6.79109	6.7597	6.77594	6.7885	6.68816
4.63515	6.83943	6.71866	6.81216	6.78656	6.74746	6.76675	6.77997	6.67727
4.66735	6.86243	6.69571	6.78377	6.79648	6.75478	6.78224	6.78914	6.68799
4.69978	6.84513	6.70552	6.80015	6.78583	6.7428	6.79346	6.77379	6.6795
4.73243	6.84683	6.70986	6.78757	6.7916	6.75229	6.77393	6.76984	6.68412
4.76529	6.85634	6.70934	6.78516	6.79109	6.73962	6.78396	6.77463	6.69749
4.79839	6.87244	6.69282	6.78944	6.78945	6.74912	6.77085	6.77749	6.698
4.83173	6.85212	6.70531	6.79004	6.79119	6.75362	6.77975	6.77352	6.67685
4.86529	6.86018	6.7004	6.78566	6.78773	6.73642	6.77595	6.78118	6.69542
4.89908	6.85161	6.70567	6.78528	6.78126	6.74329	6.77944	6.7792	6.68091
4.93311	6.84107	6.70106	6.77594	6.79918	6.74017	6.77014	6.77139	6.67009
4.96737	6.85378	6.71425	6.78402	6.79028	6.75435	6.7744	6.77729	6.6764
5.00187	6.83273	6.68799	6.78882	6.79838	6.73865	6.77582	6.77413	6.6819
5.03661	6.86384	6.70631	6.80694	6.80675	6.75012	6.7733	6.7747	6.6908
5.0716	6.86261	6.71289	6.79429	6.78406	6.75434	6.77105	6.77117	6.66703
5.10681	6.86611	6.69402	6.79888	6.79499	6.75017	6.78027	6.74291	6.67213
5.14229	6.86302	6.70669	6.79454	6.80141	6.75023	6.77966	6.77381	6.67206
5.178	6.8454	6.71713	6.80064	6.80173	6.75251	6.7725	6.78685	6.6672
5.21396	6.85271	6.72666	6.79046	6.79347	6.74454	6.77363	6.77269	6.67671
5.25017	6.84889	6.71423	6.81198	6.78831	6.73614	6.776	6.77754	6.6834
5.28664	6.85401	6.69631	6.80371	6.79253	6.74956	6.78213	6.78346	6.67605
5.32335	6.84601	6.7098	6.80077	6.78356	6.76247	6.79855	6.76713	6.68525
5.36031	6.84999	6.69316	6.79314	6.79626	6.74449	6.78095	6.77058	6.68755
5.39754	6.85225	6.70686	6.79285	6.78482	6.74699	6.78536	6.79323	6.69259
5.43503	6.86169	6.70263	6.8052	6.78741	6.74439	6.77761	6.7758	6.69864
5.47277	6.86417	6.70221	6.79802	6.78096	6.74906	6.77391	6.7757	6.70222
5.51078	6.84971	6.71977	6.81049	6.79054	6.7471	6.75381	6.77391	6.68193
5.54904	6.85291	6.70565	6.79676	6.78609	6.74078	6.77315	6.77748	6.69315
5.58757	6.8716	6.69959	6.80161	6.78938	6.75747	6.77621	6.78857	6.67215
5.62638	6.85216	6.7103	6.78932	6.79076	6.74485	6.778	6.78368	6.68653
5.66545	6.85218	6.70313	6.80493	6.7855	6.75412	6.77174	6.78608	6.67653
5.70479	6.85338	6.7037	6.79722	6.78756	6.74219	6.77539	6.79391	6.69229
5.7444	6.84815	6.69754	6.79173	6.79928	6.74276	6.77139	6.7944	6.68427
5.78429	6.86371	6.70359	6.79872	6.78244	6.73553	6.78769	6.77817	6.6825
5.82445	6.8568	6.69587	6.79374	6.78337	6.74613	6.76633	6.79133	6.68058
5.86489	6.84571	6.72869	6.7977	6.78148	6.75295	6.77118	6.77721	6.68192
5.90561	6.84915	6.71589	6.78616	6.79174	6.74425	6.79605	6.77736	6.67699
5.94663	6.84639	6.6944	6.79763	6.78571	6.75389	6.78746	6.78353	6.67714
5.98791	6.83967	6.70442	6.78656	6.79867	6.74987	6.78181	6.78697	6.69503
6.02949	6.85209	6.71204	6.79304	6.78751	6.74679	6.77606	6.79767	6.68471
6.07135	6.84375	6.72188	6.79475	6.78412	6.75079	6.77662	6.77296	6.69051
6.1135	6.8586	6.72407	6.7884	6.79582	6.75872	6.78062	6.77764	6.682
6.15595	6.85556	6.71468	6.78261	6.78818	6.75556	6.77195	6.77719	6.68994
6.19869	6.85325	6.7225	6.79602	6.78166	6.7515	6.78221	6.77813	6.67102
6.24172	6.86008	6.71043	6.80754	6.78159	6.75234	6.78635	6.78284	6.68783
6.28506	6.85113	6.70668	6.79579	6.8019	6.76033	6.78416	6.76741	6.68097
6.3287	6.85858	6.71439	6.80164	6.79911	6.75227	6.77046	6.78805	6.68856
6.37264	6.8465	6.70348	6.79727	6.78905	6.76308	6.77387	6.7842	6.67145
6.41687	6.85697	6.70341	6.79602	6.78792	6.75472	6.78031	6.77621	6.68303
6.46142	6.85998	6.71653	6.7953	6.80572	6.73858	6.78045	6.77697	6.68736
6.50629	6.85778	6.70606	6.80048	6.797	6.76633	6.77857	6.78044	6.687
6.55145	6.84549	6.69115	6.79706	6.79721	6.75232	6.77785	6.76971	6.68356
6.59694	6.85571	6.72111	6.79888	6.79745	6.75217	6.7721	6.78027	6.69206
6.64274	6.85876	6.70221	6.79541	6.79942	6.74675	6.78125	6.80323	6.67977
6.68885	6.85901	6.71858	6.7909	6.78553	6.7544	6.78572	6.77843	6.68039
6.73527	6.86064	6.71794	6.79653	6.79625	6.75789	6.7761	6.77853	6.69459
6.78204	6.86413	6.70218	6.79679	6.79808	6.74496	6.78796	6.78182	6.68637
6.82911	6.85119	6.70078	6.78275	6.79349	6.75512	6.78322	6.76664	6.68894
6.87652	6.86504	6.70539	6.78671	6.81042	6.75154	6.78825	6.77972	6.69394
6.92426	6.85253	6.7064	6.80087	6.79876	6.73841	6.79104	6.76106	6.6825
6.97232	6.85253	6.70158	6.79759	6.77779	6.74639	6.77629	6.77305	6.68939
7.02072	6.87842	6.71798	6.79921	6.78331	6.7559	6.77399	6.78128	6.6738
7.06946	6.8632	6.72048	6.7904	6.7758	6.73954	6.76972	6.78895	6.68396
7.11853	6.84947	6.71249	6.78184	6.77397	6.75584	6.78781	6.78554	6.68273
7.16794	6.86704	6.6977	6.7756	6.78459	6.74815	6.77357	6.77659	6.68093
7.2177	6.85845	6.71909	6.80091	6.78455	6.74335	6.77273	6.77983	6.67531
7.2678	6.87001	6.70186	6.79499	6.79841	6.74235	6.78777	6.78839	6.67306
7.31825	6.85162	6.70174	6.79365	6.7775	6.7522	6.78493	6.79294	6.68261
7.36904	6.86196	6.70577	6.79684	6.79155	6.74992	6.77894	6.78062	6.67997
7.42019	6.8619	6.72383	6.78478	6.79955	6.75424	6.78439	6.77061	6.68129
7.4717	6.86635	6.7137	6.80977	6.79149	6.74662	6.76011	6.77691	6.67536
7.52355	6.85799	6.70499	6.79966	6.80176	6.73384	6.77505	6.78163	6.68271
7.57578	6.85987	6.69921	6.80373	6.77632	6.7422	6.76301	6.78782	6.67497
7.62836	6.86927	6.70543	6.791	6.79756	6.74904	6.77433	6.77626	6.68231
7.6813	6.86307	6.70126	6.79427	6.79803	6.74363	6.76205	6.78247	6.6648
7.73461	6.87141	6.69608	6.80207	6.79642	6.73969	6.76414	6.77589	6.67736
7.7883	6.86595	6.70946	6.79833	6.79003	6.74179	6.77635	6.76963	6.68044
7.84236	6.86797	6.70842	6.80857	6.8026	6.75103	6.77349	6.7845	6.68522
7.89679	6.84331	6.69816	6.80261	6.78727	6.74615	6.76991	6.78472	6.66908
7.95159	6.85976	6.70387	6.79334	6.80405	6.75357	6.77298	6.78045	6.67903
8.00677	6.85595	6.71227	6.79619	6.80538	6.73338	6.77418	6.78839	6.68355
8.06235	6.8552	6.7072	6.81111	6.78839	6.7526	6.77043	6.77744	6.67659
8.1183	6.85701	6.70528	6.81809	6.79993	6.74973	6.77359	6.78508	6.68132
8.17465	6.86099	6.70297	6.79413	6.78911	6.74803	6.76792	6.77864	6.6922
8.23137	6.86214	6.70339	6.80929	6.79579	6.75766	6.78797	6.77323	6.67643
8.28851	6.85618	6.70006	6.79499	6.79036	6.74498	6.77345	6.78266	6.68038
8.34603	6.87485	6.69071	6.79746	6.79999	6.752	6.76323	6.76803	6.67583
8.40395	6.85043	6.70788	6.80312	6.80707	6.75829	6.76756	6.76999	6.69338
8.46227	6.8608	6.70704	6.79663	6.79821	6.74224	6.76489	6.77319	6.67931
8.521	6.85862	6.70794	6.79764	6.77602	6.74164	6.77737	6.77175	6.68418
8.58014	6.87142	6.70362	6.79222	6.78324	6.74723	6.78018	6.7823	6.68364
8.63968	6.86123	6.70664	6.80303	6.79207	6.75792	6.77034	6.77998	6.68353
8.69964	6.84583	6.71423	6.8004	6.78574	6.73807	6.78017	6.78717	6.68291
8.76001	6.85912	6.71827	6.8077	6.79667	6.74194	6.77699	6.78515	6.68832
8.8208	6.855	6.71156	6.80162	6.79971	6.74532	6.78527	6.78984	6.68582
8.88201	6.8526	6.69683	6.80387	6.79654	6.73749	6.774	6.7848	6.68569
8.94365	6.86164	6.70166	6.80819	6.79349	6.7415	6.76797	6.77176	6.67133
9.00571	6.85968	6.69977	6.79765	6.79127	6.74042	6.7717	6.78137	6.68156
9.0682	6.8693	6.70602	6.80511	6.79315	6.74565	6.77552	6.78985	6.68981
9.13114	6.85685	6.71071	6.7991	6.78913	6.74891	6.77075	6.78338	6.6975
9.1945	6.86197	6.70647	6.79021	6.79146	6.75788	6.75797	6.78866	6.68602
9.2583	6.85495	6.69933	6.78353	6.78681	6.75121	6.7792	6.78487	6.68656
9.32254	6.86277	6.70941	6.80305	6.78225	6.74338	6.7698	6.78327	6.68337
9.38724	6.85837	6.71118	6.79612	6.79658	6.74231	6.75858	6.78175	6.68166
9.45238	6.85909	6.70419	6.79446	6.79184	6.75132	6.7785	6.78709	6.69041
9.51796	6.86718	6.70398	6.81727	6.79617	6.75073	6.76919	6.78249	6.69564
9.58401	6.86716	6.69997	6.8002	6.80171	6.74952	6.7707	6.78885	6.69201
9.65051	6.85334	6.69933	6.79129	6.80004	6.74991	6.76926	6.78718	6.6805
9.71747	6.86192	6.70387	6.80105	6.79029	6.73456	6.76792	6.79071	6.68532
9.7849	6.85914	6.71803	6.80588	6.79702	6.74629	6.77126	6.77664	6.67971
9.8528	6.86752	6.70727	6.80663	6.79259	6.74561	6.76972	6.78664	6.69176
9.92116	6.86928	6.70454	6.78981	6.79211	6.74237	6.76685	6.77696	6.68662
10	6.87366	6.70256	6.8021	6.79294	6.73347	6.7561	6.78482	6.68204
