0.0001375	7.89759	7.79331	8.31389	7.95927	8.02882	8.09054	7.93692	7.91186	8.17688
0.000275	8.1008	7.80184	8.21224	7.89795	7.91379	8.04737	8.01688	7.82436	8.00138
0.000425	8.25561	7.71679	8.03989	7.91369	8.01177	7.62209	8.15816	7.99643	7.82178
0.0005625	8.12404	7.87261	7.83398	8.18394	7.99151	7.90119	7.95715	8.28042	7.94591
0.0007	8.02959	7.73091	7.72373	7.99181	8.05147	7.94125	7.9936	8.15195	7.99227
0.00085	8.09993	7.95658	7.76388	7.92438	7.98892	7.95719	7.94091	7.96561	8.1531
0.0009875	8.20607	8.11407	7.77885	8.14066	7.88443	7.8403	8.0354	7.88935	8.27682
0.0011375	8.21318	7.81368	7.81775	7.83191	7.92753	7.94978	7.85694	7.97939	8.05948
0.0012875	8.22507	7.97818	7.79351	7.90753	7.96	7.98105	7.79353	7.79361	8.08802
0.001425	8.15461	8.32977	7.95683	8.18351	8.01316	8.03304	8.01961	7.8313	7.86131
0.001575	8.1926	8.20792	7.96137	7.96325	7.94895	8.16554	8.02802	7.95801	8.03071
0.001725	8.07489	8.17082	7.8779	7.74666	8.0364	8.3701	7.97008	8.18558	7.83752
0.001875	8.0916	8.09722	7.89968	7.94112	8.10622	8.09722	7.95239	8.10669	7.96225
0.002025	8.04433	8.07104	7.88626	7.88891	8.04537	7.91872	8.00043	7.93069	8.06413
0.0021875	8.0797	7.96995	8.11945	8.01335	8.09326	8.0044	7.99509	8.19714	8.09816
0.0023375	8.35001	7.86178	8.06842	7.96548	8.01589	8.05258	7.96169	8.11131	7.89611
0.0024875	8.14668	7.87651	8.02136	7.91309	7.97679	8.01573	8.09705	8.02181	8.02833
0.00265	8.19335	7.871	8.03612	7.96967	8.11035	8.06652	8.04996	8.06287	7.99949
0.0028	8.13227	7.85424	8.03462	7.75995	8.00007	8.24471	7.94995	8.08906	8.11401
0.0029625	8.30158	8.13529	7.99208	7.87077	7.9168	8.00565	8.05367	7.84123	8.21595
0.003125	8.36908	8.07951	8.0099	7.88908	7.96131	7.89228	8.19062	7.78391	7.96584
0.0032875	8.23159	7.78213	8.02452	7.85724	7.81626	7.92621	8.06005	7.69687	8.02169
0.00345	8.28073	7.60087	7.91271	7.98225	7.93571	7.96067	8.01458	7.79655	7.97335
0.0036125	8.0129	7.91673	7.88543	7.76894	7.99785	8.09646	7.79846	7.93542	7.99642
0.003775	8.33666	8.01154	7.80988	7.95192	7.81749	7.99781	7.82679	7.84111	8.06001
0.0039375	8.21048	7.99077	7.76709	7.75779	7.70426	8.00568	7.93858	8.11143	7.82277
0.0041	8.16588	8.06407	7.84966	7.69965	7.78185	7.85681	7.82651	7.93648	8.03545
0.0042625	8.30478	8.01288	7.87672	7.87791	7.71844	7.826	7.89365	7.84671	7.91406
0.0044375	8.07875	8.00998	7.97978	7.85997	7.89452	8.02879	7.84497	8.12076	8.04981
0.0046	8.28389	7.82109	7.85537	7.76499	7.96959	8.06415	7.69618	7.80274	8.09753
0.004775	8.22177	7.98571	7.77534	7.80312	7.91818	7.89711	7.76057	7.97483	7.97972
0.00495	8.2442	7.84936	7.96353	7.84907	7.97665	8.04908	8.006	8.01695	8.06779
0.005125	8.41256	7.98125	7.94959	7.798	7.94278	7.78698	8.03341	7.84017	8.00842
0.0053	8.10325	7.83422	7.98135	7.8076	8.05746	8.05478	7.952	7.77774	7.92306
0.005475	8.00494	8.00087	8.01163	7.84708	7.87563	8.00671	7.98918	7.78825	7.99449
0.00565	8.10278	7.99483	7.82728	7.81094	8.08699	8.11455	8.05191	7.93919	8.04132
0.005825	8.22213	8.03743	7.83438	7.9474	7.99738	7.99999	7.93916	7.80186	7.92626
0.006	7.98326	8.12056	8.01805	7.73131	8.12493	7.94947	7.95168	7.99214	7.87596
0.0061875	8.09198	7.97737	7.69507	7.74066	7.89283	8.05892	7.97004	7.86968	7.92333
0.0063625	8.10909	7.92542	7.77092	7.91609	7.73087	8.16529	8.04187	7.75229	8.0047
0.00655	8.05347	7.85475	7.98372	7.86494	7.82517	7.94354	7.92293	7.81325	7.93063
0.0067375	8.13658	7.75016	7.94727	7.61405	7.99676	7.91538	8.02516	7.96465	7.94416
0.0069125	7.89701	7.96931	7.76263	7.81184	7.92303	7.85635	7.74597	7.61744	8.01901
0.0071	8.10309	8.01026	7.86107	7.69682	8.13034	7.79266	7.95324	7.91073	7.85452
0.0072875	8.04664	8.03648	7.91936	7.7555	7.94189	7.99264	7.78825	7.90011	7.99394
0.007475	8.00124	7.87348	7.90723	7.99979	7.92159	7.91023	7.96786	7.85015	7.95744
0.007675	8.08989	7.95282	7.94492	7.8327	7.97448	7.95382	7.94819	8.05397	8.00028
0.0078625	8.11481	7.80672	7.80914	7.9142	7.74187	7.96626	7.73969	7.88599	7.95756
0.0080625	8.20184	7.7993	7.86827	7.96231	8.01256	8.0312	7.84044	7.93615	7.86528
0.00825	8.25218	7.9989	7.96189	7.81344	7.94993	7.95794	7.80357	7.99115	7.89946
0.00845	8.04819	7.96794	8.00598	7.92762	8.00655	7.92687	8.03716	7.77283	7.93964
0.00865	8.11262	7.89549	7.87331	7.78703	7.96134	7.84671	7.98949	7.79376	8.03292
0.0088375	8.11177	7.79312	7.82324	7.97982	7.73487	7.83617	7.83456	7.93408	7.93467
0.0090375	8.11804	7.78673	7.96325	7.81399	7.59856	8.0052	8.03723	7.86484	7.88364
0.0092375	8.17765	7.74023	7.9879	7.7565	7.84645	7.96597	7.97742	7.80531	7.80324
0.00945	8.08504	7.77597	7.88925	7.74635	7.93076	7.78119	7.82357	7.72377	7.96917
0.00965	8.02343	7.76372	7.9384	7.80559	7.80557	7.95683	7.87815	7.78766	7.93094
0.00985	7.98683	7.93145	7.84131	7.77349	7.69974	7.85969	7.77289	7.86998	7.86644
0.0100625	8.20089	7.82074	7.90993	7.96406	7.93902	7.96125	8.03674	7.8452	7.8373
0.010275	8.11539	7.79567	7.90078	7.89411	7.86506	7.9106	7.81529	7.93037	7.78996
0.010475	8.17773	7.92444	7.718	7.77829	7.84456	7.83821	7.87626	7.91556	7.98558
0.0106875	8.03977	7.80641	7.86079	7.80093	7.82812	7.84153	7.69496	7.90402	8.05193
0.0109	8.08635	7.82183	7.76071	7.81788	7.86082	7.85858	7.83916	7.63834	8.03969
0.011125	8.01726	7.89117	8.04386	7.76983	7.83152	7.98654	8.04272	7.82954	7.92952
0.0113375	8.02639	7.79497	7.94614	7.65416	7.72743	7.82957	7.9568	8.00736	7.97185
0.01155	8.00003	7.7187	7.86363	7.7664	7.89615	7.85806	7.80734	7.80697	8.01568
0.011775	8.24245	8.03561	7.81427	7.87098	7.83006	7.76641	7.86972	7.7826	7.97875
0.0119875	7.96512	7.8479	7.8003	7.94696	7.8068	7.8323	7.95411	7.74571	8.00636
0.0122125	7.98051	7.83842	7.79585	7.84757	7.85515	8.03248	7.77419	7.81799	8.00241
0.0124375	8.08594	7.80258	7.89328	7.87758	7.85206	7.84139	7.81173	7.73714	8.02739
0.0126625	8.08338	7.87942	7.83956	7.75396	7.77308	7.80684	7.86522	7.79934	7.97676
0.0128875	8.04349	7.81848	7.9172	7.77646	7.88552	7.82489	7.87288	7.7642	7.89518
0.0131125	8.01941	7.90352	7.66952	7.98288	7.86006	7.77883	7.81294	7.67482	8.03868
0.01335	8.17532	7.89923	7.96741	7.87953	7.76524	7.66993	7.81214	7.81339	7.81552
0.013575	7.98155	7.97514	7.77787	7.99576	7.77797	7.74809	7.85589	7.79267	7.75596
0.0138125	7.98355	7.83462	8.01146	7.90697	7.88916	7.87463	7.95997	7.84477	7.95249
0.0140375	7.87059	7.73793	7.96912	7.84775	7.80526	7.90686	7.81445	7.68777	7.83415
0.014275	8.09555	7.90469	7.77658	7.76907	7.80094	8.01578	7.92444	7.93649	8.01818
0.0145125	7.86777	7.84866	7.85716	7.51394	7.6912	7.76777	7.91869	7.74698	7.86196
0.01475	7.96468	7.89351	7.72984	7.66901	7.80694	7.87616	7.75441	7.79215	7.9223
0.015	8.1024	7.74502	7.85979	7.67743	7.72877	7.89361	7.872	7.84936	7.72815
0.0152375	7.86538	7.80744	7.8425	7.67117	7.8449	7.7346	7.65094	7.80319	7.71331
0.0154875	7.9979	7.82156	7.75832	7.65424	7.91959	7.81429	7.70684	7.72319	7.73706
0.015725	7.78735	7.92767	7.66353	7.88105	7.91221	7.73114	7.8052	7.91377	7.79236
0.015975	7.94017	7.90321	7.98411	7.97434	7.71328	7.86989	7.88736	7.94708	7.83962
0.016225	7.95484	7.72619	7.81753	7.77315	7.82627	7.83959	7.89054	7.66638	7.76299
0.016475	8.05206	7.78597	7.82538	7.67292	7.69342	7.88912	7.78582	7.71492	7.77989
0.016725	7.92381	7.79442	7.69694	7.72643	7.91857	7.85148	7.76774	7.82466	7.77641
0.0169875	7.98601	7.72042	7.86376	7.74257	7.75091	7.72774	7.79701	7.86497	7.97279
0.0172375	8.03237	7.79896	7.82811	7.76704	7.88341	7.67899	7.89119	7.85665	7.94502
0.0175	8.03918	7.70303	7.93468	7.72811	7.97247	7.71582	7.88463	7.71358	7.90374
0.0177625	8.0348	7.7551	7.93508	7.77729	7.90301	7.8806	7.77569	7.77586	7.87807
0.018025	8.10397	7.77228	7.83791	7.69998	7.68126	7.87119	7.82844	7.87358	8.11854
0.0182875	8.0535	7.75035	7.70678	7.788	7.89725	7.88456	7.80051	7.69529	7.98959
0.01855	7.92665	7.86168	7.80508	7.81433	7.65968	7.94594	7.83481	7.79927	7.93432
0.0188125	7.92055	7.66593	7.71642	7.76858	7.77242	7.90063	7.82164	7.96955	7.95929
0.0190875	8.14317	7.70961	7.73529	7.72621	7.62813	7.79759	7.73975	7.86541	7.91688
0.0193625	8.07333	7.87486	7.78471	7.58996	7.70236	7.79362	7.80061	7.63612	7.90787
0.019625	8.18347	7.69318	7.81748	7.77981	7.69656	7.78685	7.8561	7.76634	7.89092
0.0199	7.9162	7.73108	7.8982	7.85199	7.76952	7.88248	7.76966	7.9321	7.93178
0.0201875	8.02739	7.68907	7.87914	7.86844	7.90988	8.02368	7.73573	7.93854	7.76855
0.0204625	7.88602	7.54647	7.8769	7.7297	7.66361	7.68501	7.71565	7.861	7.86998
0.0207375	8.01281	7.81439	7.8196	7.9363	7.72887	8.00889	7.66789	7.96555	7.90223
0.021025	8.03339	7.64348	7.80063	7.78257	7.72958	7.94954	7.87813	7.77964	7.8368
0.0213125	7.88234	7.96605	7.78133	7.71747	7.84161	7.83642	7.72437	7.74653	7.79734
0.0216	7.95397	7.867	7.73683	7.90336	7.77694	7.87471	7.78161	7.66295	7.84826
0.0218875	8.08622	7.95009	7.86443	7.82166	7.90619	7.81905	7.67551	7.76249	7.78202
0.022175	7.94682	7.66759	7.75531	7.82611	7.81419	7.82983	7.87502	7.72003	7.77144
0.0224625	7.97745	7.78353	7.79277	7.88225	7.69888	7.82222	7.70506	7.79502	7.86752
0.0227625	7.87873	7.60156	7.65824	7.74553	7.59098	7.83664	7.66543	7.77877	7.87057
0.02305	7.96857	7.67317	7.88119	7.76905	7.70858	7.8848	7.7704	7.71153	7.82646
0.02335	7.73916	7.69435	7.85486	7.70792	7.63488	7.72824	7.92121	7.81573	7.85431
0.02365	7.82286	7.77101	7.68713	7.70976	7.81162	8.02837	7.82232	7.59301	7.82149
0.0239625	7.8178	7.8228	7.68803	7.72436	7.70602	7.81545	7.73815	7.77786	7.91467
0.0242625	7.98751	7.83136	7.68395	7.65189	7.68196	7.75039	7.95957	7.81969	7.77362
0.0245625	8.04426	7.61816	7.76627	7.76788	7.6125	7.8822	7.73695	7.78273	7.87427
0.024875	7.85062	7.6387	7.72025	7.79774	7.53336	7.70192	7.75495	7.84002	7.85146
0.0251875	7.95249	7.68654	7.70658	7.69125	7.72829	7.84614	7.77412	7.77254	7.82744
0.0255	7.84952	7.67675	7.65692	7.85196	7.55776	7.77179	7.90324	7.63951	7.88131
0.0258125	7.84176	7.68156	7.70497	7.84048	7.52599	7.59032	7.59112	7.69816	7.9656
0.0261375	7.88354	7.63741	7.65459	7.75028	7.84222	7.81475	7.70197	7.65954	7.85168
0.02645	7.88865	7.75546	7.67054	7.68402	7.70829	7.72844	7.61402	7.59943	7.87999
0.026775	8.00254	7.68739	7.64726	7.84612	7.66391	7.8471	7.66737	7.60876	7.90472
0.0271	7.675	7.78756	7.56946	7.76934	7.79483	7.81935	7.69202	7.72151	7.72052
0.027425	7.80375	7.66381	7.7914	7.83078	7.66437	7.71888	7.65208	7.78296	7.84552
0.02775	7.88744	7.78027	7.83427	7.68542	7.73543	7.63097	7.65012	7.61447	7.79348
0.0280875	7.95247	7.89228	7.77946	7.63564	7.65987	7.73442	7.7293	7.61514	7.69438
0.028425	7.90056	7.62183	7.61584	7.59177	7.81396	7.7046	7.58828	7.7373	7.83372
0.02875	7.84254	7.63812	7.52088	7.76685	7.75664	7.78497	7.83297	7.70305	7.74046
0.0291	7.90305	7.59643	7.5012	7.57903	7.76268	7.76668	7.66602	7.68119	7.67962
0.0294375	8.12661	7.5776	7.62041	7.71027	7.57614	7.59911	7.70663	7.75735	7.76968
0.029775	7.9915	7.72843	7.73375	7.80681	7.7266	7.69468	7.5551	7.67742	7.84167
0.030125	7.9446	7.68696	7.8236	7.79748	7.56095	7.62259	7.66881	7.84316	7.80614
0.030475	7.77004	7.76266	7.67382	7.70561	7.6896	7.68201	7.65214	7.72048	7.65722
0.030825	7.86595	7.44974	7.70956	7.72167	7.63039	7.71668	7.74204	7.59392	7.78991
0.031175	7.85829	7.61185	7.69924	7.61383	7.68734	7.75182	7.65357	7.65175	7.83596
0.031525	7.87641	7.71162	7.68335	7.61563	7.64146	7.76652	7.72248	7.79752	7.9022
0.0318875	7.86945	7.65409	7.67485	7.66882	7.62725	7.75904	7.58104	7.65716	7.72124
0.0322375	7.92665	7.65814	7.59029	7.56815	7.73453	7.67947	7.57963	7.43061	7.75596
0.0326	7.88666	7.58188	7.58566	7.50483	7.6614	7.75135	7.72624	7.54017	7.72128
0.032975	7.86368	7.60531	7.50651	7.63791	7.49553	7.66347	7.5777	7.49689	7.67405
0.0333375	7.95472	7.52751	7.68763	7.66151	7.55466	7.73956	7.74895	7.69222	7.6934
0.0337125	7.77369	7.69584	7.7085	7.57834	7.64607	7.68294	7.8308	7.83473	7.85322
0.034075	7.97932	7.56939	7.62763	7.59169	7.66568	7.77951	7.6111	7.64305	7.7541
0.03445	7.86474	7.50831	7.68979	7.56076	7.64455	7.6772	7.4966	7.62163	7.69337
0.0348375	7.75965	7.69113	7.49792	7.5406	7.7247	7.66656	7.60777	7.65696	7.82546
0.0352125	7.77992	7.71464	7.53841	7.68142	7.59079	7.62986	7.6502	7.56734	7.6561
0.0356	7.81126	7.57745	7.67447	7.59607	7.57665	7.74429	7.58496	7.62527	7.67395
0.035975	7.93974	7.4653	7.57963	7.75752	7.65109	7.66736	7.52512	7.59044	7.66292
0.0363625	7.8471	7.53268	7.66349	7.58602	7.66772	7.58152	7.58126	7.81368	7.58549
0.0367625	7.92025	7.61373	7.6077	7.56376	7.62396	7.61689	7.67458	7.64721	7.6252
0.03715	7.74586	7.57855	7.61464	7.6348	7.78052	7.69042	7.67043	7.60379	7.75117
0.03755	7.78915	7.6326	7.66961	7.62304	7.67463	7.73733	7.66771	7.60228	7.5356
0.03795	7.87797	7.64753	7.42287	7.71338	7.56226	7.61085	7.75821	7.63628	7.56196
0.03835	7.87501	7.57745	7.44746	7.61275	7.50113	7.73308	7.571	7.65239	7.73339
0.03875	7.80832	7.62931	7.61029	7.5862	7.62819	7.61325	7.62515	7.65307	7.86732
0.0391625	7.76561	7.49246	7.56976	7.57239	7.64217	7.62411	7.59597	7.5813	7.63847
0.039575	7.83854	7.53551	7.59855	7.6575	7.5636	7.61163	7.60977	7.54611	7.74207
0.0399875	7.88922	7.60548	7.60488	7.59621	7.6667	7.59387	7.45645	7.65413	7.67449
0.0404	7.89832	7.46662	7.58042	7.67333	7.48793	7.63755	7.58159	7.66758	7.72107
0.0408125	7.74265	7.63933	7.56689	7.56404	7.49239	7.65776	7.58324	7.77132	7.65693
0.0412375	7.96903	7.59124	7.64931	7.63699	7.49764	7.61297	7.52282	7.67904	7.7327
0.0416625	7.80601	7.58169	7.58157	7.60243	7.56984	7.61835	7.57968	7.58934	7.59359
0.0420875	7.80409	7.5583	7.51478	7.53727	7.49195	7.5907	7.62056	7.50437	7.65149
0.042525	7.77927	7.59467	7.57047	7.31553	7.57209	7.61854	7.6026	7.60666	7.76406
0.04295	7.75029	7.49438	7.58981	7.54827	7.56008	7.52904	7.53069	7.56069	7.62183
0.0433875	7.72136	7.55781	7.44782	7.6133	7.57585	7.5099	7.60528	7.6959	7.51882
0.043825	7.72443	7.5526	7.51517	7.62318	7.5535	7.44873	7.69006	7.65783	7.61067
0.044275	7.67698	7.50904	7.52626	7.53703	7.55488	7.48743	7.68814	7.51665	7.74479
0.0447125	7.79861	7.5357	7.41648	7.54417	7.60612	7.64625	7.50586	7.62175	7.60961
0.0451625	7.7928	7.53532	7.58136	7.406	7.4881	7.63556	7.66091	7.53508	7.55621
0.045625	7.66786	7.55818	7.53719	7.51914	7.52907	7.69202	7.62083	7.55482	7.59959
0.046075	7.74324	7.43332	7.43794	7.38123	7.49938	7.64228	7.76754	7.54567	7.65899
0.0465375	7.65131	7.48483	7.65174	7.48846	7.50475	7.55593	7.53551	7.70394	7.52325
0.0469875	7.6976	7.35425	7.49246	7.55378	7.59467	7.65041	7.51748	7.49866	7.57635
0.0474625	7.68276	7.41001	7.45642	7.46131	7.42819	7.61671	7.56648	7.60544	7.56028
0.047925	7.78587	7.50234	7.52695	7.45978	7.44701	7.46113	7.43496	7.63399	7.56011
0.0484	7.75555	7.34153	7.51085	7.50117	7.46413	7.53882	7.57267	7.49979	7.66211
0.048875	7.6476	7.52944	7.55949	7.40157	7.57633	7.52756	7.59098	7.45351	7.66482
0.04935	7.88364	7.53973	7.42771	7.37468	7.47647	7.51572	7.50324	7.55622	7.55497
0.049825	7.79847	7.56144	7.4878	7.53663	7.34904	7.56367	7.42912	7.70936	7.64024
0.0503125	7.71788	7.57552	7.36884	7.54011	7.48138	7.54794	7.63429	7.53437	7.57943
0.0508	7.6738	7.42437	7.46362	7.56017	7.40387	7.44499	7.67714	7.48028	7.60868
0.0512875	7.66858	7.47346	7.41915	7.41127	7.47504	7.4856	7.53539	7.53205	7.61765
0.0517875	7.76019	7.52112	7.5988	7.36475	7.47356	7.52946	7.47119	7.51781	7.63365
0.0522875	7.659	7.52644	7.38052	7.54631	7.56906	7.68434	7.60738	7.33403	7.53103
0.0527875	7.72854	7.50952	7.52846	7.42479	7.42537	7.58889	7.56788	7.50566	7.49843
0.0532875	7.62021	7.46903	7.5001	7.35219	7.32891	7.43029	7.44679	7.57658	7.52599
0.0538	7.66775	7.4935	7.49015	7.39076	7.42172	7.54972	7.69517	7.40575	7.56909
0.0543125	7.58613	7.5079	7.44904	7.55513	7.48336	7.6427	7.59298	7.38524	7.48789
0.054825	7.67601	7.42326	7.43846	7.44054	7.5306	7.51032	7.57222	7.49345	7.5377
0.0553375	7.73036	7.53082	7.36977	7.50051	7.38149	7.53872	7.56411	7.66556	7.53267
0.0558625	7.5508	7.49857	7.47467	7.40513	7.31174	7.55084	7.57054	7.56954	7.50311
0.0563875	7.87496	7.45975	7.32899	7.46396	7.39583	7.56313	7.47039	7.43871	7.48625
0.0569125	7.71106	7.51444	7.61198	7.50815	7.44153	7.43981	7.56859	7.54615	7.46547
0.05745	7.72387	7.51689	7.35063	7.52786	7.39917	7.48267	7.49259	7.46293	7.43759
0.0579875	7.55073	7.39731	7.49134	7.33815	7.4354	7.56803	7.42296	7.37175	7.48689
0.058525	7.67024	7.42966	7.43289	7.45214	7.35367	7.57676	7.49415	7.53596	7.62515
0.059075	7.61339	7.38371	7.52813	7.34438	7.45791	7.36659	7.52213	7.51404	7.46446
0.059625	7.761	7.40618	7.44005	7.48535	7.49916	7.49741	7.48484	7.38581	7.56004
0.060175	7.60694	7.33207	7.42439	7.49075	7.43688	7.48363	7.48542	7.3426	7.49497
0.060725	7.72507	7.50278	7.42215	7.44476	7.50167	7.37868	7.45618	7.48421	7.53072
0.0612875	7.73615	7.39188	7.36519	7.44898	7.45947	7.51489	7.4265	7.47112	7.60501
0.06185	7.68535	7.37313	7.54616	7.40915	7.31474	7.45468	7.56717	7.45903	7.46651
0.062425	7.50339	7.37421	7.34432	7.41052	7.37225	7.45531	7.57323	7.48893	7.64439
0.0629875	7.62385	7.41225	7.40787	7.36045	7.47372	7.51762	7.51614	7.34928	7.36697
0.0635625	7.60187	7.43965	7.24295	7.4647	7.57557	7.49612	7.39848	7.43001	7.60719
0.06415	7.66493	7.35019	7.46308	7.25852	7.42839	7.53974	7.42986	7.46705	7.43038
0.064725	7.6557	7.31692	7.39031	7.41733	7.3515	7.61493	7.39169	7.44961	7.48105
0.0653125	7.58962	7.42716	7.38167	7.31849	7.34261	7.554	7.57109	7.40563	7.38589
0.0659125	7.5496	7.42412	7.37564	7.29531	7.36151	7.43444	7.44496	7.35249	7.60155
0.0665	7.52996	7.36735	7.34935	7.19015	7.34433	7.55683	7.51892	7.34281	7.56938
0.0671	7.57676	7.33466	7.34306	7.40726	7.40608	7.44596	7.40938	7.32312	7.45732
0.0677	7.57084	7.18171	7.34428	7.32908	7.28731	7.42621	7.36961	7.3754	7.48416
0.0683125	7.55417	7.37099	7.33126	7.2473	7.36149	7.27625	7.3976	7.47256	7.47102
0.068925	7.66928	7.39906	7.38311	7.29867	7.31891	7.41251	7.41695	7.4165	7.46954
0.0695375	7.63629	7.28849	7.43226	7.29456	7.32064	7.452	7.31972	7.29778	7.31282
0.0701625	7.64082	7.22217	7.45454	7.36363	7.38866	7.51967	7.47747	7.39462	7.40705
0.0707875	7.5053	7.31637	7.42701	7.39154	7.33932	7.34566	7.34946	7.44788	7.41781
0.0714125	7.61795	7.34473	7.52899	7.28052	7.32476	7.18873	7.30233	7.5004	7.35444
0.07205	7.56768	7.28147	7.40664	7.43576	7.33786	7.45265	7.39994	7.34657	7.54371
0.0726875	7.50922	7.33866	7.39228	7.34442	7.29004	7.42879	7.38293	7.24258	7.37297
0.0733375	7.66587	7.25894	7.39646	7.28381	7.3887	7.31031	7.32963	7.38473	7.3675
0.073975	7.58497	7.38184	7.38744	7.42151	7.32944	7.34456	7.31345	7.3807	7.33571
0.074625	7.65099	7.23723	7.34513	7.35214	7.24469	7.24334	7.4962	7.29551	7.41303
0.0752875	7.51965	7.4057	7.30082	7.29008	7.2903	7.42394	7.26231	7.36593	7.35823
0.07595	7.56594	7.29921	7.38219	7.33087	7.39037	7.31006	7.42774	7.36464	7.41501
0.0766125	7.56464	7.36625	7.29729	7.35352	7.29184	7.40355	7.41307	7.25977	7.38023
0.0772875	7.49264	7.31263	7.26688	7.22959	7.29122	7.44384	7.40671	7.35918	7.36448
0.07795	7.4704	7.31333	7.34124	7.2838	7.29035	7.39001	7.31649	7.28674	7.37015
0.0786375	7.52859	7.19091	7.28903	7.24654	7.30259	7.39805	7.3094	7.28171	7.44043
0.0793125	7.56328	7.30015	7.31209	7.26386	7.29813	7.37588	7.25866	7.23138	7.41421
0.0800125	7.44145	7.21795	7.2698	7.22477	7.31786	7.32326	7.38769	7.25763	7.34843
0.0807	7.41976	7.23657	7.40777	7.18265	7.2624	7.41267	7.34842	7.36384	7.30111
0.0814	7.63646	7.31503	7.24532	7.22387	7.30461	7.39232	7.31257	7.31234	7.37809
0.0821	7.49016	7.27477	7.24923	7.20522	7.28012	7.44354	7.37223	7.34385	7.38313
0.0828125	7.53771	7.27956	7.32301	7.31445	7.27371	7.36632	7.37964	7.33119	7.22524
0.083525	7.51465	7.26094	7.32259	7.27075	7.23512	7.31649	7.29142	7.3072	7.34065
0.0842375	7.50787	7.22414	7.20183	7.32286	7.29168	7.37261	7.29779	7.40246	7.33777
0.0849625	7.49858	7.23066	7.22893	7.3733	7.31811	7.40762	7.34472	7.27885	7.40821
0.0856875	7.40299	7.2471	7.31121	7.15117	7.28587	7.35753	7.42768	7.21051	7.31203
0.086425	7.41231	7.17785	7.24792	7.23412	7.22977	7.29842	7.30456	7.276	7.29542
0.0871625	7.39116	7.25992	7.24995	7.2978	7.16737	7.3625	7.27137	7.25517	7.27943
0.0879	7.40668	7.25301	7.34396	7.22558	7.18197	7.40632	7.31058	7.27103	7.36508
0.08865	7.47284	7.29141	7.25051	7.20277	7.23937	7.33688	7.31432	7.27786	7.27655
0.0894	7.43304	7.24437	7.32948	7.11871	7.15845	7.34092	7.32	7.25951	7.30471
0.0901625	7.37555	7.21065	7.20615	7.17158	7.15904	7.33176	7.32397	7.28778	7.23992
0.090925	7.49671	7.30696	7.29684	7.21072	7.25807	7.31054	7.26376	7.17936	7.25705
0.0917	7.53347	7.17775	7.2718	7.21986	7.25169	7.28475	7.21941	7.19533	7.19726
0.0924625	7.36403	7.18549	7.1356	7.17511	7.20799	7.27979	7.3116	7.16879	7.21432
0.09325	7.36664	7.1378	7.10406	7.24158	7.15559	7.18742	7.29775	7.22492	7.19287
0.0940375	7.43428	7.13488	7.1575	7.18004	7.15996	7.27527	7.24966	7.17931	7.30171
0.094825	7.43431	7.19262	7.26702	7.09966	7.13871	7.20923	7.13293	7.2671	7.34752
0.095625	7.43756	7.19234	7.27693	7.16403	7.2759	7.26538	7.35136	7.18009	7.2422
0.096425	7.4205	7.21143	7.21616	7.18156	7.12983	7.22077	7.24144	7.19497	7.35163
0.097225	7.30544	7.19614	7.18055	7.27841	7.18156	7.21619	7.24452	7.21333	7.25095
0.0980375	7.35062	7.23428	7.19711	7.17884	7.23074	7.3323	7.33337	7.25935	7.35972
0.0988625	7.42005	7.1273	7.33575	7.22898	7.10413	7.21655	7.26257	7.20421	7.27773
0.0996875	7.47047	7.17182	7.17381	7.07047	7.24086	7.25916	7.17628	7.21866	7.26794
0.100512	7.42044	7.19288	7.09195	7.25221	7.16704	7.2306	7.22737	7.14824	7.13307
0.10135	7.46758	7.11517	7.10862	7.27216	7.2161	7.302	7.19135	7.20718	7.17838
0.102187	7.39233	7.10298	7.30356	7.2283	7.17264	7.26983	7.21576	7.24362	7.26293
0.103037	7.39928	7.17192	7.18509	7.2031	7.10499	7.22435	7.19777	7.1963	7.21727
0.103887	7.36841	7.03727	7.17757	7.19073	7.09771	7.25112	7.26675	7.34801	7.2713
0.10475	7.43696	7.07745	7.15144	7.13327	7.11882	7.23476	7.35289	7.22421	7.29726
0.105613	7.44707	7.22327	7.09819	7.15412	7.02066	7.3114	7.09286	7.25238	7.27803
0.106487	7.37053	7.11513	7.1197	7.09284	7.13895	7.26471	7.22192	7.1824	7.27353
0.107363	7.36739	7.16623	7.15584	7.05829	7.14631	7.20392	7.20075	7.11919	7.15358
0.108237	7.26867	7.07187	7.17971	7.21258	7.09774	7.08904	7.25687	7.15384	7.2587
0.109125	7.43194	7.08597	7.14005	7.02741	7.09456	7.21008	7.27581	7.16957	7.20535
0.110025	7.35529	7.12151	7.10554	7.18903	7.06311	7.24426	7.30443	7.20634	7.23471
0.110925	7.33109	7.04915	7.08881	7.17068	6.99915	7.17939	7.17662	7.22775	7.15598
0.111837	7.33574	7.05486	7.16281	7.06866	7.06894	7.16498	7.23325	7.12381	7.17036
0.11275	7.4019	7.07198	7.09115	7.18433	7.05837	7.17343	7.15205	7.1178	7.17529
0.113675	7.25213	7.18105	7.12249	7.14891	7.07526	7.22314	7.20202	7.15562	7.27776
0.1146	7.41856	7.09818	7.10508	7.04086	7.10595	7.25916	7.29327	7.08357	7.19917
0.115525	7.27746	7.13831	7.14888	7.12586	7.05986	7.15319	7.13413	7.11525	7.23075
0.116462	7.35435	7.08674	7.16826	7.15338	7.06461	7.11945	7.1831	7.10585	7.19206
0.117413	7.4429	7.04551	7.0312	7.11283	6.97621	7.16396	7.03125	7.15344	7.18777
0.118363	7.3023	7.10074	7.14478	7.03095	7.12316	7.19787	7.19561	7.11848	7.17642
0.119325	7.34593	7.0819	7.05482	7.16188	7.10024	7.17824	7.11205	7.01479	7.1879
0.120288	7.41416	7.08035	7.1655	7.10996	7.04975	7.11918	7.12192	7.02431	7.2996
0.121262	7.27557	7.13486	7.15964	7.00847	7.10812	7.12643	7.20548	7.12186	7.13051
0.122238	7.25799	7.16229	7.07744	7.13958	7.09004	7.11936	7.09045	7.16887	7.13686
0.123225	7.33096	7.09181	7.09031	7.09712	7.14665	7.12794	7.13772	7.12771	7.09905
0.124225	7.31889	7.01878	7.17073	7.06323	6.98702	6.99811	7.20183	7.16161	7.1435
0.125225	7.28875	7.02906	7.0669	7.18508	7.05195	7.07215	7.09688	7.08862	7.14387
0.126225	7.37021	7.04777	7.0625	7.04854	7.00286	7.11991	7.14231	7.0713	7.14521
0.127237	7.28578	7.04252	7.06853	7.06592	7.11303	7.15333	7.17709	7.10669	7.19557
0.128263	7.31066	7.08096	7.02943	7.04844	7.076	7.18645	7.1674	7.06777	7.0865
0.129287	7.26355	7.03193	7.10926	7.08196	7.06823	7.11833	7.09037	6.98337	7.08799
0.130325	7.30869	7.09781	7.12446	7.05462	7.00497	7.16791	7.14916	7.01383	7.11772
0.131362	7.26737	7.01718	7.02311	6.95419	7.03976	7.1509	7.07003	7.02496	7.11797
0.132412	7.35554	7.02979	7.02353	6.99958	6.98431	7.17853	7.0665	7.12999	7.22909
0.133475	7.25802	7.01881	7.04674	7.05153	7.02453	7.12628	7.11054	7.00536	7.15162
0.134538	7.1761	6.9852	7.08008	7.02148	6.96093	7.01436	7.16956	6.92456	7.15082
0.135613	7.32162	7.04864	7.01427	7.02519	6.84199	7.10984	7.16414	7.0707	7.09514
0.136688	7.24185	7.00555	7.00288	6.9719	7.04402	7.22714	7.02396	7.06946	7.05479
0.137775	7.30064	6.95749	7.0689	7.13857	7.06314	7.05635	7.11225	7.03299	7.05739
0.138863	7.28526	6.9269	7.10861	7.01493	6.95335	7.17587	7.12229	7.00292	7.10733
0.139962	7.28267	6.98101	7.02721	6.93926	6.92079	7.08794	7.06245	7.06999	7.12861
0.141075	7.2353	6.97466	6.92253	6.95784	6.98066	7.03282	7.01001	7.06846	7.0228
0.142188	7.30528	6.98693	7.0126	7.00452	6.91451	7.13205	7.07076	6.99876	7.16806
0.143312	7.28664	6.97306	7.01984	6.95611	6.95556	7.11344	7.05304	7.07883	7.16682
0.14445	7.22582	6.97546	6.97061	7.00251	6.99314	7.09401	6.95872	7.01762	6.98047
0.145588	7.31732	6.92175	7.03521	7.01655	6.94043	7.16816	7.02388	7.02844	7.05419
0.146738	7.17574	6.91219	6.95597	6.965	6.98477	7.03721	7.10034	7.11512	7.00033
0.147887	7.16628	6.98854	7.0184	6.95915	6.91787	7.01736	7.0602	6.97035	7.0979
0.14905	7.21625	6.90556	6.99085	7.0031	7.02541	7.05733	7.02182	7.019	7.02305
0.150225	7.16785	6.97402	6.97736	6.92666	6.99976	7.12952	7.0162	6.92863	7.00681
0.151413	7.21836	6.94024	6.93865	7.05393	6.86898	7.10518	7.02106	6.97637	7.05561
0.1526	7.33293	6.90008	6.96316	6.98894	6.95437	7.02321	7.03664	7.01896	6.98191
0.153787	7.13942	6.98659	7.04285	6.89222	6.96696	6.98222	7.05335	6.98286	7.0006
0.155	7.1787	6.97843	6.98799	6.92275	6.97306	7.10332	7.01049	6.94618	7.05719
0.156212	7.14417	6.93732	6.91322	7.05608	6.97239	7.10021	6.92155	7.03874	6.99909
0.157425	7.17781	6.93408	6.9391	6.87036	6.96435	6.97905	6.98277	7.04746	6.98589
0.158662	7.15218	6.90184	6.93672	6.87062	6.89705	7.07214	6.97884	6.94944	7.02317
0.1599	7.14328	6.98921	6.93736	6.89218	6.89219	7.04115	6.96537	6.9524	7.01413
0.16115	7.20901	6.89087	6.85287	6.93904	6.95278	7.11244	6.95164	6.98054	7.00153
0.1624	7.15004	6.88021	6.88988	7.00513	6.92954	7.0399	6.98655	6.98425	6.99351
0.163662	7.24065	6.89199	6.96499	6.95033	6.89859	7.03001	7.00236	6.93137	6.98825
0.164937	7.10446	6.90851	6.90439	6.87207	6.83892	7.0272	6.95964	6.94374	7.03283
0.166225	7.15107	6.91987	6.89454	7.00656	6.8867	6.96613	7.07313	6.97158	7.00091
0.167513	7.16622	6.93601	6.96489	6.89704	6.83758	7.01159	7.04006	6.93835	7.05132
0.168812	7.10298	6.92392	6.94845	6.85567	6.90371	6.97909	7.02901	6.91077	6.95221
0.170125	7.18001	6.91321	7.08479	6.91385	6.8564	6.97503	6.97884	6.9833	6.91324
0.171438	7.16783	6.80005	6.9892	6.84107	6.92138	6.95808	7.03262	6.93038	6.99383
0.172762	7.13834	6.88189	6.95071	6.85718	6.90195	6.96178	6.98832	6.84292	6.9676
0.1741	7.10635	6.82566	6.90765	6.87106	6.92774	6.97039	6.9551	6.95375	7.03171
0.17545	7.17658	6.86042	6.89208	6.90967	6.94499	7.00277	6.99137	6.86302	6.98776
0.1768	7.17512	6.92924	6.95209	6.95702	6.89528	6.94299	6.99143	6.88748	6.87867
0.178163	7.17948	6.89585	6.95116	6.96005	6.76395	6.91851	6.89131	6.89194	6.88859
0.179538	7.1506	6.8816	6.88605	6.86943	6.84835	6.96501	6.95115	6.9827	6.90266
0.180925	7.09293	6.82285	6.90138	6.90453	6.84259	6.94244	6.90487	6.92957	6.89915
0.182313	7.08998	6.8191	6.89731	6.88559	6.82262	6.90232	6.9697	6.9278	6.94919
0.183712	7.02884	6.81667	6.86937	6.87975	6.79872	6.99098	6.87683	6.88465	7.00556
0.185125	7.11791	6.829	6.88895	6.8017	6.81647	6.94599	6.9462	6.84884	6.97188
0.18655	7.0401	6.79742	6.85354	6.92356	6.83868	6.97228	6.967	6.90548	6.94794
0.187988	7.06075	6.79923	6.83172	6.81125	6.84228	6.87841	6.8956	6.83739	6.93311
0.189425	7.08471	6.87607	6.89056	6.89844	6.82312	6.94377	6.90388	6.92997	6.89533
0.190875	7.11355	6.88922	6.83581	6.9106	6.85307	6.94313	6.92078	6.88474	6.83401
0.192337	7.12871	6.87881	6.83719	6.87372	6.83873	6.919	6.87839	6.85371	6.92095
0.193813	7.09462	6.8436	6.87042	6.84935	6.82423	6.9062	6.96668	6.89675	6.84881
0.195287	7.0414	6.83289	6.87579	6.86392	6.77285	6.92662	6.90159	6.85221	6.89739
0.196788	7.1765	6.8573	6.90795	6.8818	6.82323	6.87221	6.91939	6.74183	6.92323
0.198288	7.12992	6.81391	6.83303	6.87593	6.80825	6.96142	6.90097	6.79693	6.85657
0.1998	7.13516	6.86071	6.84688	6.8328	6.76172	6.87627	6.87716	6.89235	6.89836
0.201325	7.0986	6.7891	6.78271	6.84655	6.75353	6.93652	6.95172	6.84288	6.9035
0.202863	7.08754	6.79159	6.89002	6.79775	6.79079	6.88744	6.79629	6.82925	6.88319
0.2044	7.04842	6.82238	6.82148	6.85249	6.83046	6.83037	6.8513	6.85595	6.85158
0.205962	7.11542	6.85455	6.87083	6.8248	6.81074	6.87802	6.91044	6.73615	6.88172
0.207525	7.06828	6.78188	6.88329	6.83635	6.79603	6.83119	6.89418	6.79135	6.91058
0.2091	7.09698	6.71336	6.83425	6.87084	6.86214	6.89109	6.89466	6.77059	6.83917
0.210688	7.05454	6.81235	6.81742	6.80658	6.79507	6.90799	6.88121	6.89163	6.86986
0.212288	7.04069	6.79902	6.78908	6.78267	6.76371	6.85991	6.88945	6.80942	6.87207
0.2139	7.02038	6.8067	6.84343	6.80292	6.86197	6.90956	6.87934	6.87799	6.86014
0.215525	6.97946	6.81173	6.75402	6.73988	6.87199	6.8589	6.83511	6.74327	6.8536
0.21715	7.01542	6.77973	6.80349	6.79961	6.82812	6.87819	6.87987	6.80988	6.79485
0.2188	7.03913	6.65678	6.82929	6.78244	6.76447	6.9075	6.89118	6.78913	6.89026
0.22045	7.02972	6.74231	6.80752	6.72858	6.72769	6.89876	6.81248	6.80176	6.87762
0.222125	6.95958	6.71792	6.77723	6.78583	6.76688	6.85648	6.79408	6.82898	6.8453
0.2238	7.00387	6.67005	6.79821	6.84624	6.77712	6.83573	6.85497	6.81561	6.76792
0.225488	6.96624	6.74792	6.79121	6.77317	6.81777	6.8763	6.81355	6.82543	6.85257
0.227187	7.0297	6.751	6.7925	6.74402	6.72725	6.85857	6.78959	6.74733	6.86601
0.2289	6.98206	6.75768	6.75424	6.73378	6.75244	6.85939	6.87007	6.79944	6.80861
0.230625	7.03171	6.81042	6.75257	6.84459	6.71994	6.80574	6.7925	6.7599	6.85559
0.232362	7.04039	6.77732	6.69574	6.81296	6.67624	6.76295	6.8804	6.81882	6.88639
0.234113	6.96701	6.69338	6.74703	6.75984	6.72002	6.80381	6.84382	6.7538	6.84632
0.235875	6.97043	6.69852	6.78229	6.74386	6.7343	6.81053	6.85994	6.77934	6.8376
0.23765	6.94378	6.76154	6.75633	6.74347	6.69113	6.82351	6.85929	6.79659	6.80452
0.239438	7.03848	6.6712	6.7543	6.6876	6.73913	6.7403	6.81291	6.76834	6.75501
0.241238	6.98641	6.73176	6.77677	6.74598	6.75308	6.80816	6.80055	6.83831	6.8079
0.24305	6.9894	6.7039	6.76127	6.72827	6.77892	6.73755	6.69831	6.7359	6.80962
0.244862	6.97565	6.61501	6.76264	6.69122	6.68415	6.81937	6.82638	6.73411	6.82866
0.2467	6.99625	6.72227	6.81329	6.70313	6.63438	6.72745	6.7442	6.7774	6.74347
0.24855	6.93737	6.72376	6.74725	6.68358	6.65643	6.74016	6.70942	6.71372	6.78085
0.250412	7.00811	6.68032	6.73183	6.67955	6.64141	6.79794	6.79342	6.68387	6.82563
0.252288	6.93487	6.67822	6.75301	6.67692	6.73773	6.82355	6.77204	6.73459	6.81473
0.254175	6.92901	6.73417	6.74202	6.69466	6.67359	6.79047	6.8215	6.77374	6.73915
0.256075	7.01616	6.68582	6.70531	6.67504	6.69549	6.78448	6.80172	6.81185	6.75941
0.257987	6.90929	6.66094	6.75902	6.69036	6.64486	6.75786	6.81795	6.7518	6.76168
0.259912	7.01145	6.62782	6.72193	6.64089	6.65203	6.76934	6.83932	6.6955	6.75499
0.261862	6.91266	6.66604	6.69205	6.72037	6.73225	6.75137	6.76516	6.701	6.74447
0.263813	6.92055	6.65823	6.71307	6.63845	6.73187	6.77992	6.72116	6.74576	6.81975
0.265775	6.94608	6.65455	6.72868	6.70594	6.65993	6.7523	6.78855	6.74549	6.69123
0.267763	6.96143	6.68261	6.68657	6.62176	6.67812	6.77676	6.73239	6.70184	6.76288
0.26975	6.91416	6.67741	6.70627	6.66509	6.59289	6.8069	6.73201	6.73893	6.83108
0.271762	6.85218	6.64574	6.68118	6.61992	6.75312	6.73789	6.73409	6.67416	6.7133
0.273787	6.98662	6.71489	6.71189	6.64153	6.67626	6.74061	6.73487	6.6795	6.74926
0.275825	6.85691	6.68628	6.74146	6.64391	6.60216	6.79254	6.69848	6.7037	6.7287
0.277875	6.92426	6.65743	6.68763	6.7384	6.68148	6.73166	6.71579	6.64968	6.78242
0.279938	6.90944	6.63575	6.70046	6.69346	6.69928	6.77405	6.71094	6.65525	6.67615
0.282012	6.89397	6.65635	6.66005	6.67807	6.63952	6.79186	6.71014	6.64449	6.7208
0.284113	6.87405	6.62681	6.60964	6.63828	6.66316	6.73605	6.76416	6.68764	6.68982
0.286213	6.96291	6.5109	6.72034	6.65996	6.60861	6.754	6.76497	6.67492	6.71363
0.288337	6.91916	6.64876	6.68596	6.66766	6.72321	6.73511	6.72628	6.67764	6.71714
0.290475	6.8869	6.67032	6.68795	6.68838	6.6383	6.77454	6.73728	6.68451	6.7343
0.292625	6.93287	6.62579	6.67081	6.66447	6.70012	6.7091	6.65807	6.68692	6.77301
0.2948	6.8554	6.61923	6.59785	6.57709	6.65701	6.75748	6.68304	6.64859	6.74916
0.296975	6.87314	6.60808	6.67934	6.67618	6.63597	6.76026	6.73208	6.66714	6.71071
0.299175	6.8411	6.63329	6.65233	6.59415	6.55263	6.72021	6.73505	6.6543	6.66769
0.301387	6.82458	6.60133	6.67306	6.58671	6.61405	6.71565	6.78476	6.652	6.71035
0.303613	6.87794	6.5887	6.67277	6.6094	6.64493	6.67448	6.71519	6.62321	6.69673
0.305862	6.81546	6.67225	6.68024	6.65993	6.64684	6.66556	6.68102	6.63563	6.73247
0.308113	6.90586	6.57979	6.5914	6.62503	6.63082	6.76642	6.64669	6.6053	6.65603
0.310387	6.87669	6.55871	6.62111	6.60916	6.59983	6.66515	6.68647	6.59906	6.71044
0.312687	6.83776	6.62589	6.64879	6.62997	6.60848	6.7369	6.66936	6.68735	6.7221
0.314988	6.86754	6.64976	6.65087	6.53721	6.60016	6.68441	6.70713	6.64604	6.68632
0.317313	6.8244	6.56804	6.64381	6.59057	6.60326	6.67689	6.65387	6.59293	6.69967
0.31965	6.87052	6.57514	6.62831	6.6241	6.58052	6.65414	6.68853	6.60819	6.67482
0.322	6.83818	6.59528	6.62995	6.63971	6.56665	6.6981	6.69778	6.63725	6.73352
0.324375	6.86288	6.56331	6.62836	6.64216	6.58394	6.6943	6.69687	6.58959	6.64895
0.326762	6.79958	6.6543	6.60573	6.59015	6.63953	6.66153	6.70925	6.66036	6.6507
0.329163	6.82387	6.62732	6.64647	6.62386	6.57826	6.70522	6.59911	6.63569	6.68494
0.331587	6.85554	6.58131	6.60422	6.60375	6.62849	6.70139	6.69817	6.59101	6.74956
0.334025	6.80248	6.51267	6.6628	6.58986	6.53803	6.67258	6.61134	6.63016	6.69329
0.336475	6.87778	6.5965	6.59876	6.61204	6.61609	6.66649	6.73237	6.60186	6.64055
0.33895	6.81668	6.55588	6.60381	6.60972	6.54381	6.71286	6.6927	6.59952	6.6965
0.341437	6.85613	6.61015	6.54169	6.57378	6.60387	6.63028	6.67371	6.58287	6.73764
0.343937	6.81096	6.57807	6.5695	6.62203	6.54016	6.65123	6.66039	6.59005	6.63902
0.346462	6.83746	6.53983	6.57512	6.55056	6.49869	6.65711	6.6502	6.58695	6.63692
0.349	6.84315	6.53184	6.64062	6.57888	6.54237	6.62019	6.61858	6.59033	6.61348
0.351563	6.89438	6.55037	6.63556	6.57724	6.55174	6.69706	6.63016	6.60966	6.643
0.354138	6.83435	6.59665	6.59446	6.52236	6.52777	6.63091	6.64337	6.59117	6.66082
0.356725	6.7875	6.51736	6.60053	6.5546	6.57884	6.66267	6.68328	6.60933	6.7038
0.359338	6.85625	6.4936	6.63436	6.53099	6.56425	6.67565	6.61779	6.60869	6.6755
0.361975	6.80098	6.50013	6.59167	6.5452	6.57157	6.66943	6.63638	6.58533	6.65224
0.364612	6.83477	6.54923	6.57224	6.54459	6.52352	6.6258	6.65707	6.53892	6.63126
0.367287	6.7927	6.60478	6.57928	6.57677	6.53498	6.67702	6.63528	6.59624	6.59371
0.369975	6.80896	6.51814	6.6159	6.52939	6.51843	6.64704	6.6318	6.58885	6.64064
0.372675	6.76351	6.53609	6.53824	6.59394	6.54472	6.6188	6.65561	6.58486	6.62965
0.3754	6.7995	6.53217	6.55035	6.50961	6.53223	6.64716	6.66382	6.61402	6.66461
0.378137	6.78818	6.52405	6.55984	6.59692	6.52766	6.67267	6.60924	6.59337	6.64666
0.3809	6.83112	6.5155	6.58728	6.60287	6.51288	6.60467	6.61027	6.56112	6.66184
0.383675	6.80011	6.45219	6.58509	6.5636	6.53798	6.57372	6.57897	6.62278	6.61762
0.386475	6.76869	6.52406	6.58826	6.56254	6.51648	6.63922	6.65771	6.53489	6.56815
0.389288	6.73136	6.57826	6.53002	6.54914	6.47605	6.59459	6.6567	6.58337	6.60924
0.392125	6.80556	6.51288	6.53568	6.57057	6.51901	6.6601	6.61801	6.58374	6.58504
0.394987	6.73215	6.58171	6.58722	6.54858	6.5137	6.62325	6.57988	6.61254	6.63134
0.397862	6.84622	6.54733	6.56059	6.50838	6.48188	6.6296	6.61954	6.54882	6.60365
0.40075	6.77823	6.4799	6.567	6.51325	6.46807	6.61985	6.64495	6.56778	6.59661
0.403675	6.78692	6.54063	6.5132	6.53036	6.48274	6.57309	6.61905	6.58472	6.6179
0.406612	6.7624	6.4669	6.61964	6.53627	6.47682	6.59702	6.60006	6.54992	6.58705
0.409562	6.80549	6.47414	6.53553	6.49652	6.52356	6.60834	6.57668	6.5031	6.58136
0.412537	6.7363	6.51215	6.52198	6.50322	6.53255	6.61922	6.61605	6.57475	6.61827
0.415538	6.74608	6.52591	6.54963	6.57098	6.51494	6.54959	6.55493	6.52589	6.59667
0.418563	6.67892	6.4701	6.54122	6.52122	6.46134	6.59641	6.56845	6.58001	6.63044
0.4216	6.7386	6.48508	6.53147	6.50849	6.42707	6.56961	6.6049	6.53476	6.61638
0.424663	6.78649	6.47689	6.51681	6.53485	6.50823	6.61404	6.65045	6.50117	6.58626
0.42775	6.72474	6.4993	6.56251	6.50302	6.49795	6.50513	6.62367	6.58113	6.58294
0.43085	6.75863	6.49426	6.57049	6.52493	6.52934	6.5962	6.59606	6.52052	6.59935
0.433975	6.74184	6.49576	6.55839	6.55734	6.49437	6.55959	6.55785	6.53498	6.60389
0.437125	6.76576	6.49614	6.5166	6.5065	6.50326	6.57343	6.53106	6.59706	6.56201
0.440288	6.75418	6.49273	6.56065	6.48863	6.50703	6.58118	6.56941	6.56431	6.59251
0.443475	6.75541	6.49332	6.54585	6.52243	6.47418	6.58539	6.56957	6.52046	6.54158
0.446687	6.71995	6.45798	6.56574	6.55555	6.46621	6.5874	6.55655	6.5397	6.60833
0.449925	6.77727	6.46435	6.535	6.507	6.51467	6.54883	6.56094	6.49171	6.61313
0.453187	6.70492	6.48383	6.52415	6.5034	6.47488	6.60302	6.57845	6.52876	6.5466
0.456463	6.69766	6.45158	6.54706	6.47616	6.50655	6.53351	6.55525	6.52321	6.56573
0.459763	6.74643	6.47127	6.53798	6.50333	6.48415	6.55565	6.57425	6.50232	6.57083
0.463087	6.70962	6.49066	6.47868	6.52091	6.45943	6.53348	6.54778	6.47593	6.55115
0.466437	6.7216	6.46303	6.59756	6.54342	6.44169	6.55934	6.51151	6.53493	6.5624
0.469813	6.76936	6.4818	6.46579	6.49681	6.47508	6.54496	6.56037	6.48995	6.56795
0.473213	6.67381	6.48476	6.52357	6.52109	6.4667	6.55781	6.53195	6.48575	6.56322
0.476625	6.72125	6.4526	6.48274	6.47385	6.47994	6.5762	6.54051	6.53671	6.55845
0.480075	6.71764	6.48205	6.46523	6.46509	6.44893	6.57848	6.58272	6.53394	6.56649
0.483537	6.74241	6.44904	6.4999	6.51386	6.47667	6.57464	6.56064	6.53957	6.55284
0.487025	6.72133	6.47632	6.50872	6.4728	6.4542	6.5741	6.56894	6.51151	6.57661
0.490537	6.72287	6.50282	6.50217	6.52205	6.45266	6.5311	6.49558	6.50037	6.54169
0.494075	6.65037	6.46725	6.48293	6.49244	6.48693	6.52943	6.52969	6.45396	6.55468
0.497638	6.67842	6.48106	6.51544	6.50149	6.45224	6.54303	6.53052	6.49414	6.53946
0.501225	6.69205	6.46264	6.50576	6.45429	6.41277	6.54359	6.53642	6.50541	6.55218
0.504838	6.70728	6.47912	6.50388	6.44449	6.45717	6.55798	6.52722	6.51452	6.56265
0.508488	6.69909	6.42679	6.51263	6.48672	6.4586	6.50561	6.54261	6.48885	6.53129
0.51215	6.68571	6.45022	6.51207	6.43397	6.46151	6.51746	6.50578	6.54331	6.56362
0.515837	6.69502	6.39498	6.46587	6.4224	6.44768	6.56685	6.53596	6.48544	6.54883
0.51955	6.66854	6.42519	6.46169	6.48908	6.45942	6.48636	6.52138	6.51635	6.56096
0.523287	6.66646	6.50844	6.52057	6.47186	6.45714	6.58573	6.52912	6.48504	6.59326
0.52705	6.69914	6.41057	6.51349	6.46911	6.45742	6.52119	6.5537	6.46831	6.56681
0.53085	6.66951	6.4184	6.46326	6.4842	6.44347	6.56203	6.53075	6.50077	6.57199
0.534662	6.64808	6.37786	6.48683	6.45364	6.42198	6.53897	6.56785	6.44563	6.55469
0.538513	6.69798	6.49026	6.49435	6.46694	6.47291	6.52372	6.49801	6.46981	6.58796
0.542375	6.6488	6.45983	6.46065	6.51274	6.43658	6.54006	6.51222	6.47017	6.56068
0.546275	6.59807	6.42113	6.45477	6.44407	6.44021	6.53737	6.55517	6.49404	6.5183
0.5502	6.7101	6.44133	6.49238	6.45871	6.44485	6.53035	6.54209	6.47921	6.50749
0.55415	6.6686	6.44748	6.48173	6.47106	6.42382	6.52821	6.48419	6.48255	6.50848
0.558137	6.72297	6.41072	6.4837	6.44997	6.40398	6.54193	6.47872	6.47459	6.53649
0.562137	6.68027	6.43366	6.48467	6.47041	6.45419	6.49721	6.52919	6.42854	6.49024
0.566175	6.64587	6.43117	6.49353	6.4389	6.44966	6.48796	6.51489	6.4543	6.53062
0.570238	6.6562	6.44697	6.47133	6.47863	6.37242	6.51163	6.52667	6.49736	6.53307
0.574337	6.71242	6.40302	6.45842	6.44704	6.43598	6.55959	6.53983	6.49364	6.51183
0.57845	6.7306	6.43764	6.41663	6.40791	6.43487	6.54952	6.56586	6.43109	6.58244
0.5826	6.63435	6.41761	6.45162	6.46943	6.38902	6.51386	6.53295	6.45876	6.52244
0.586775	6.67478	6.5002	6.44432	6.438	6.45238	6.52463	6.45336	6.51354	6.54465
0.590988	6.63389	6.42066	6.45788	6.42243	6.37361	6.52933	6.50716	6.4593	6.52092
0.595225	6.6956	6.426	6.42241	6.44449	6.45967	6.52945	6.52103	6.47957	6.54002
0.599487	6.67203	6.38863	6.46123	6.41911	6.41074	6.5052	6.51387	6.47906	6.51924
0.603775	6.70078	6.39973	6.4165	6.45256	6.4088	6.51058	6.4812	6.49955	6.4664
0.6081	6.6741	6.43371	6.43685	6.44797	6.43969	6.50649	6.50043	6.48676	6.54636
0.61245	6.64033	6.42079	6.43687	6.42436	6.4011	6.51954	6.49053	6.46903	6.49876
0.616838	6.63714	6.43324	6.4459	6.43427	6.3987	6.55689	6.45291	6.47539	6.53953
0.62125	6.65854	6.41507	6.43564	6.40089	6.41929	6.52735	6.51899	6.48705	6.5261
0.6257	6.63898	6.40107	6.46439	6.44206	6.41205	6.50503	6.47274	6.44145	6.52725
0.630175	6.70203	6.43119	6.52113	6.41683	6.43558	6.54901	6.51449	6.46172	6.52884
0.634687	6.68223	6.43782	6.47305	6.43759	6.43948	6.48858	6.52776	6.46655	6.47051
0.639225	6.69185	6.39182	6.39731	6.44669	6.41118	6.50466	6.47523	6.50319	6.52798
0.643788	6.65804	6.39281	6.49576	6.40081	6.4251	6.48844	6.46767	6.45234	6.51945
0.648387	6.65814	6.37729	6.46298	6.46997	6.39134	6.47341	6.53308	6.41843	6.52262
0.653025	6.66731	6.43929	6.43329	6.44161	6.38662	6.50545	6.48612	6.45697	6.52231
0.657687	6.66517	6.4159	6.49106	6.44373	6.41256	6.50698	6.48666	6.49575	6.51086
0.662387	6.66105	6.41607	6.47198	6.4108	6.4016	6.50434	6.52017	6.45896	6.50478
0.667113	6.66585	6.43697	6.45959	6.41354	6.44688	6.47152	6.49506	6.45065	6.51152
0.671875	6.64941	6.38754	6.45785	6.40319	6.41264	6.45073	6.51646	6.42697	6.50177
0.676675	6.6511	6.39926	6.41049	6.43376	6.47407	6.51294	6.46927	6.45719	6.52589
0.6815	6.66837	6.4247	6.47293	6.42292	6.41952	6.45878	6.47383	6.46461	6.50458
0.686363	6.6691	6.44614	6.4579	6.41606	6.42824	6.48912	6.4892	6.42963	6.49249
0.691262	6.6574	6.4046	6.43745	6.47075	6.42174	6.4922	6.4775	6.43199	6.53986
0.696187	6.63071	6.4244	6.39814	6.4312	6.42261	6.51646	6.49534	6.45745	6.4928
0.701163	6.6651	6.44035	6.46063	6.4263	6.438	6.53208	6.49868	6.40903	6.51492
0.70615	6.64772	6.35655	6.42321	6.41118	6.40016	6.46549	6.50089	6.43794	6.53158
0.711187	6.6526	6.36433	6.44991	6.45655	6.39126	6.45495	6.48103	6.43772	6.51688
0.716263	6.62063	6.38919	6.43234	6.42569	6.41262	6.47893	6.45411	6.47706	6.4838
0.721362	6.66538	6.39058	6.4524	6.43172	6.416	6.46822	6.51492	6.44413	6.50583
0.7265	6.62285	6.43348	6.42193	6.42162	6.39685	6.48285	6.50886	6.43003	6.54668
0.731675	6.62292	6.3768	6.38673	6.43593	6.35289	6.49996	6.466	6.38686	6.52534
0.736888	6.63047	6.39262	6.41601	6.43169	6.40554	6.4212	6.49104	6.42115	6.50387
0.742137	6.63536	6.40413	6.45604	6.43949	6.40579	6.48257	6.49985	6.45073	6.48365
0.747413	6.63118	6.40213	6.42726	6.42048	6.4021	6.44887	6.43884	6.41179	6.48634
0.752738	6.67621	6.42551	6.42887	6.44153	6.41724	6.47182	6.48721	6.4385	6.46104
0.758088	6.69137	6.41251	6.44772	6.43629	6.38038	6.51448	6.51323	6.38732	6.51737
0.763488	6.6345	6.37551	6.44591	6.41788	6.38003	6.46557	6.46396	6.41911	6.4861
0.768912	6.62522	6.37122	6.42381	6.42019	6.39525	6.51557	6.51091	6.45547	6.51054
0.774387	6.64623	6.39852	6.40423	6.43528	6.3542	6.49012	6.45108	6.4522	6.512
0.779887	6.65514	6.39791	6.42835	6.40129	6.35692	6.47866	6.50955	6.40083	6.47231
0.785438	6.61823	6.38576	6.41149	6.42084	6.37352	6.47712	6.44707	6.45544	6.45831
0.791013	6.64001	6.37085	6.38173	6.41869	6.3879	6.47732	6.48818	6.39759	6.51013
0.796637	6.59706	6.3909	6.43889	6.39058	6.37133	6.50895	6.50666	6.41738	6.49216
0.8023	6.64045	6.38569	6.40414	6.41786	6.37786	6.50023	6.48151	6.43504	6.51483
0.808	6.63283	6.39095	6.40593	6.40408	6.39261	6.47597	6.46296	6.43289	6.50382
0.813738	6.66565	6.37245	6.44814	6.39896	6.36616	6.4764	6.46811	6.42363	6.46458
0.819512	6.66913	6.40951	6.43937	6.39304	6.36998	6.42882	6.49708	6.43006	6.50113
0.825338	6.66717	6.3883	6.42396	6.39748	6.40005	6.50958	6.49685	6.42472	6.49415
0.8312	6.631	6.38838	6.4155	6.44381	6.39782	6.45126	6.44342	6.41844	6.46903
0.8371	6.63757	6.39688	6.42275	6.45269	6.3932	6.45565	6.44652	6.43448	6.51894
0.843037	6.66941	6.38328	6.40679	6.39315	6.35875	6.51391	6.45888	6.41541	6.50528
0.849025	6.63718	6.38734	6.42414	6.41546	6.39243	6.50935	6.46212	6.44131	6.50139
0.85505	6.65395	6.41922	6.46394	6.40293	6.32871	6.46028	6.46239	6.42105	6.4779
0.861112	6.61979	6.38138	6.40618	6.40282	6.36223	6.47581	6.47845	6.43746	6.47704
0.867212	6.65075	6.38552	6.40165	6.43326	6.35699	6.48969	6.46144	6.43963	6.51112
0.873362	6.64863	6.37728	6.42736	6.43617	6.38654	6.52161	6.49174	6.44732	6.47499
0.879562	6.62869	6.40586	6.45967	6.39555	6.37286	6.49181	6.49376	6.44122	6.48359
0.8858	6.66677	6.36502	6.42061	6.41446	6.37539	6.50504	6.43598	6.40657	6.50305
0.892075	6.63553	6.3384	6.41007	6.38707	6.338	6.46136	6.42338	6.42099	6.44453
0.8984	6.60516	6.39686	6.42382	6.40191	6.39086	6.48255	6.49793	6.4679	6.47744
0.904763	6.6183	6.38507	6.4128	6.40702	6.41071	6.47113	6.46516	6.42394	6.44742
0.911175	6.66495	6.34523	6.42361	6.39213	6.35827	6.49293	6.44678	6.39016	6.46856
0.917625	6.64188	6.38032	6.4544	6.3965	6.37174	6.49735	6.44787	6.42127	6.48852
0.924125	6.66956	6.36719	6.42435	6.41749	6.38335	6.42373	6.44893	6.40539	6.49619
0.930675	6.59766	6.38965	6.40516	6.41405	6.36219	6.44355	6.42893	6.38922	6.46875
0.937262	6.62645	6.38321	6.41309	6.42004	6.34367	6.45102	6.44389	6.42415	6.46484
0.9439	6.65944	6.39382	6.4189	6.37864	6.38327	6.46814	6.45738	6.41781	6.4749
0.950575	6.61293	6.41359	6.39962	6.40961	6.3644	6.45258	6.4589	6.43363	6.48675
0.9573	6.64731	6.34895	6.42981	6.38204	6.34451	6.45048	6.44804	6.43561	6.47635
0.964075	6.65348	6.38538	6.41047	6.40743	6.39491	6.46051	6.41154	6.37297	6.47896
0.9709	6.62237	6.3862	6.38723	6.3806	6.3726	6.47241	6.44323	6.4069	6.4699
0.977775	6.59288	6.3642	6.40494	6.38255	6.37971	6.45871	6.45075	6.39338	6.48651
0.984688	6.65944	6.39668	6.40163	6.39439	6.38657	6.47491	6.4829	6.39936	6.47972
0.99165	6.65434	6.38245	6.44839	6.40423	6.39624	6.44993	6.44991	6.41715	6.44234
0.998662	6.6477	6.33604	6.38237	6.39532	6.34059	6.4805	6.4385	6.41709	6.46184
1.00573	6.65293	6.38463	6.40716	6.43332	6.36552	6.43926	6.46253	6.39335	6.43823
1.01284	6.63072	6.3764	6.43809	6.40006	6.36284	6.46464	6.47089	6.43619	6.45136
1.01999	6.65128	6.38714	6.42042	6.3897	6.36074	6.43368	6.45059	6.4076	6.48557
1.0272	6.66798	6.36772	6.38719	6.36068	6.32919	6.49477	6.4212	6.37451	6.47543
1.03446	6.65716	6.36212	6.39659	6.42352	6.35999	6.44527	6.43653	6.37803	6.48915
1.04177	6.60669	6.35434	6.38349	6.40384	6.37063	6.47843	6.48384	6.39553	6.51098
1.04912	6.6333	6.35547	6.39863	6.3878	6.35631	6.44868	6.42216	6.38107	6.47629
1.05654	6.64659	6.40034	6.41563	6.38111	6.36966	6.46356	6.434	6.41153	6.46497
1.064	6.61118	6.37983	6.40549	6.38802	6.37772	6.46701	6.43017	6.41543	6.50449
1.07151	6.62129	6.38229	6.41196	6.39439	6.38027	6.48587	6.4676	6.39379	6.48863
1.07909	6.61372	6.39852	6.40674	6.38926	6.33449	6.45978	6.44889	6.42843	6.46547
1.0867	6.5974	6.38373	6.41348	6.36119	6.362	6.47255	6.44562	6.42802	6.46475
1.09438	6.62423	6.39177	6.40963	6.37392	6.36471	6.46005	6.43003	6.41969	6.47607
1.1021	6.62888	6.36956	6.43108	6.41088	6.36272	6.4616	6.44627	6.39175	6.46838
1.10987	6.6323	6.35142	6.40259	6.38523	6.362	6.47299	6.45636	6.39513	6.47332
1.1177	6.63947	6.37307	6.41143	6.36684	6.38185	6.43801	6.43104	6.39823	6.45473
1.12559	6.64301	6.3632	6.40987	6.40253	6.39445	6.46127	6.42698	6.38367	6.47637
1.13354	6.60481	6.35625	6.39332	6.3787	6.342	6.44746	6.47826	6.4121	6.49321
1.14153	6.63234	6.37822	6.41485	6.39072	6.3539	6.4586	6.44461	6.39802	6.47339
1.14957	6.63896	6.33932	6.42558	6.39045	6.36157	6.42726	6.44291	6.38378	6.45827
1.15769	6.62659	6.374	6.41969	6.39445	6.35554	6.47331	6.40723	6.40039	6.49683
1.16585	6.62979	6.33138	6.40162	6.40762	6.31141	6.45667	6.40874	6.38906	6.47867
1.17408	6.59107	6.37258	6.40349	6.38075	6.36865	6.4623	6.43822	6.42267	6.48265
1.18235	6.60692	6.38025	6.40318	6.40596	6.36932	6.43942	6.43967	6.40638	6.47288
1.19069	6.6344	6.36226	6.39716	6.36427	6.37268	6.46274	6.44098	6.4089	6.46214
1.19907	6.63416	6.35824	6.41215	6.39557	6.33521	6.45889	6.44055	6.38434	6.44922
1.20753	6.62536	6.34894	6.4061	6.38946	6.34255	6.43491	6.43202	6.4049	6.47348
1.21604	6.6451	6.37623	6.38229	6.37191	6.35094	6.44692	6.4641	6.39162	6.45195
1.2246	6.57698	6.3744	6.38664	6.3953	6.35284	6.46771	6.42673	6.41952	6.46656
1.23322	6.63503	6.39779	6.38665	6.37606	6.34687	6.45464	6.42461	6.42111	6.4814
1.24191	6.61816	6.37609	6.41799	6.3987	6.35011	6.46327	6.41113	6.41575	6.45574
1.25066	6.62953	6.3377	6.40017	6.38797	6.36282	6.42232	6.44799	6.40014	6.45235
1.25947	6.60834	6.37882	6.41482	6.37867	6.36063	6.42651	6.45604	6.4065	6.45812
1.26834	6.64196	6.36502	6.40083	6.35533	6.36132	6.45242	6.43601	6.4074	6.474
1.27727	6.6282	6.34968	6.3948	6.38435	6.3626	6.44018	6.45157	6.41596	6.48947
1.28626	6.63145	6.34312	6.3986	6.41165	6.36706	6.43681	6.42506	6.37764	6.48179
1.29531	6.63939	6.39419	6.39119	6.39275	6.3445	6.46681	6.43619	6.38937	6.46387
1.30444	6.60661	6.3422	6.38356	6.41871	6.37016	6.46095	6.44402	6.39331	6.44373
1.31361	6.62381	6.33593	6.40258	6.39178	6.34711	6.43423	6.4266	6.40378	6.45917
1.32286	6.63887	6.37313	6.4103	6.37981	6.34813	6.46175	6.42233	6.40637	6.45529
1.33216	6.61895	6.38075	6.3782	6.40547	6.34217	6.42318	6.4316	6.37017	6.45233
1.34154	6.64146	6.3795	6.39717	6.36981	6.34936	6.43503	6.41739	6.41788	6.46602
1.35098	6.61178	6.35325	6.37863	6.38292	6.34154	6.43942	6.42366	6.41819	6.43388
1.36047	6.61768	6.36318	6.3819	6.39009	6.34359	6.45712	6.41289	6.38824	6.50026
1.37005	6.63211	6.3376	6.4081	6.41846	6.35023	6.46119	6.42661	6.40179	6.45675
1.37969	6.6493	6.3263	6.38905	6.40196	6.33173	6.4377	6.42037	6.37926	6.45164
1.38939	6.58887	6.367	6.4018	6.36386	6.35811	6.47454	6.4149	6.39288	6.46916
1.39915	6.61638	6.35174	6.39816	6.41152	6.32944	6.45568	6.41721	6.39404	6.46281
1.40899	6.59319	6.33442	6.41363	6.38985	6.34882	6.45523	6.41631	6.37317	6.44527
1.4189	6.61674	6.35953	6.4105	6.41173	6.34478	6.44449	6.42432	6.42248	6.46179
1.42887	6.60459	6.34648	6.37767	6.38825	6.3824	6.44263	6.42928	6.37923	6.4666
1.43891	6.61611	6.34139	6.37866	6.37607	6.34155	6.45156	6.43246	6.39951	6.44716
1.44903	6.60645	6.36724	6.40252	6.36823	6.33894	6.47475	6.43916	6.39797	6.44586
1.45921	6.58488	6.34262	6.39212	6.36647	6.33996	6.45211	6.40854	6.38404	6.4624
1.46946	6.61354	6.36703	6.39176	6.36619	6.33953	6.44418	6.41016	6.38843	6.46616
1.47979	6.62548	6.37137	6.37453	6.39687	6.34933	6.44771	6.41928	6.40278	6.48007
1.49019	6.62217	6.3462	6.40505	6.38262	6.31909	6.44184	6.42097	6.39202	6.46011
1.50065	6.63397	6.35986	6.40436	6.35879	6.33765	6.43979	6.42056	6.38477	6.44846
1.51119	6.60926	6.34704	6.41861	6.38522	6.34837	6.43257	6.44317	6.38874	6.44267
1.52181	6.62162	6.36792	6.40822	6.38924	6.34745	6.43385	6.43053	6.39278	6.43309
1.5325	6.62501	6.36971	6.39159	6.37643	6.35087	6.44621	6.42369	6.37951	6.4389
1.54325	6.60111	6.36875	6.39565	6.38579	6.37106	6.43313	6.4477	6.40593	6.4786
1.55409	6.62023	6.3676	6.40174	6.38228	6.35866	6.46161	6.43995	6.38376	6.47126
1.565	6.60071	6.35635	6.37678	6.39378	6.35907	6.47025	6.40622	6.42195	6.43797
1.57599	6.6125	6.35415	6.39182	6.36981	6.36933	6.43492	6.415	6.41063	6.44101
1.58705	6.63752	6.351	6.41129	6.36627	6.34541	6.44851	6.43495	6.39341	6.46446
1.59819	6.63747	6.33742	6.39733	6.38629	6.35723	6.4406	6.46541	6.38762	6.44966
1.60941	6.59048	6.33997	6.38338	6.37327	6.35543	6.46176	6.43819	6.41808	6.46163
1.6207	6.63503	6.35042	6.40705	6.37728	6.34262	6.44252	6.42503	6.39677	6.45516
1.63207	6.60212	6.35801	6.39316	6.37893	6.37647	6.4279	6.43104	6.41959	6.45583
1.64353	6.62	6.33109	6.41027	6.37919	6.34156	6.45011	6.42176	6.38128	6.42797
1.65506	6.62248	6.39378	6.37155	6.40358	6.35006	6.4491	6.43085	6.4151	6.45561
1.66667	6.61727	6.34113	6.39465	6.37448	6.37469	6.45198	6.41864	6.39269	6.44712
1.67836	6.60494	6.34671	6.39586	6.37808	6.35271	6.46529	6.42935	6.38327	6.44718
1.69014	6.59775	6.34672	6.38829	6.3731	6.36048	6.45591	6.43807	6.40846	6.4349
1.70199	6.60722	6.35069	6.40938	6.36459	6.36933	6.44032	6.45811	6.39748	6.43232
1.71393	6.59631	6.35816	6.41636	6.37972	6.37031	6.43315	6.42106	6.4014	6.42727
1.72594	6.60655	6.37505	6.40388	6.38628	6.37648	6.43763	6.43123	6.40714	6.42486
1.73805	6.61594	6.33328	6.41365	6.39475	6.39394	6.44597	6.43134	6.39265	6.45517
1.75022	6.62109	6.33797	6.38881	6.40802	6.34884	6.46849	6.42023	6.38327	6.46753
1.7625	6.63148	6.344	6.41862	6.37069	6.33112	6.44694	6.41502	6.4175	6.43969
1.77486	6.60003	6.3624	6.40675	6.3913	6.36949	6.42674	6.43537	6.39978	6.42306
1.7873	6.61448	6.36782	6.37725	6.38226	6.35482	6.45758	6.42561	6.42232	6.47288
1.79982	6.60468	6.36246	6.40256	6.36799	6.31903	6.43641	6.42661	6.408	6.44838
1.81244	6.60559	6.3347	6.39153	6.35994	6.35075	6.43297	6.42622	6.37351	6.44381
1.82514	6.59098	6.33551	6.38967	6.3755	6.3536	6.44052	6.43992	6.40548	6.44488
1.83794	6.61072	6.33934	6.38859	6.40166	6.33494	6.45866	6.44938	6.38277	6.44542
1.85081	6.59514	6.30248	6.3887	6.37346	6.34641	6.47164	6.44399	6.40978	6.44117
1.86378	6.61793	6.34109	6.38654	6.35112	6.36522	6.46275	6.44748	6.41844	6.44885
1.87684	6.6126	6.3241	6.37356	6.37327	6.38108	6.48053	6.41565	6.39494	6.43534
1.88999	6.5927	6.32316	6.39753	6.39127	6.34502	6.42367	6.4318	6.40137	6.44179
1.90322	6.61262	6.35553	6.40107	6.38884	6.32167	6.43886	6.4347	6.39514	6.4386
1.91655	6.63384	6.33853	6.41104	6.39242	6.37235	6.467	6.44497	6.4034	6.45522
1.92998	6.61256	6.35861	6.38554	6.3998	6.37075	6.4386	6.45204	6.40102	6.4598
1.9435	6.59479	6.3619	6.39926	6.3894	6.37146	6.4555	6.4387	6.40049	6.45047
1.9571	6.62387	6.34071	6.40026	6.38804	6.35319	6.43621	6.44105	6.40349	6.44413
1.97081	6.59736	6.35319	6.40312	6.3875	6.34396	6.44757	6.43446	6.38305	6.44908
1.98461	6.59594	6.3283	6.41962	6.39959	6.37728	6.46624	6.43012	6.38457	6.45566
1.9985	6.61854	6.34516	6.40022	6.38169	6.36971	6.4551	6.41456	6.39424	6.44328
2.0125	6.61713	6.32317	6.39619	6.39314	6.35655	6.44634	6.44601	6.39894	6.44692
2.02659	6.60074	6.35018	6.39426	6.36819	6.35181	6.46439	6.42793	6.36661	6.47205
2.04078	6.58831	6.31924	6.39548	6.39331	6.34773	6.45735	6.43123	6.37621	6.45096
2.05506	6.61995	6.34848	6.41347	6.35945	6.37476	6.45577	6.42682	6.37713	6.44653
2.06944	6.61226	6.351	6.41027	6.4026	6.34222	6.45876	6.44755	6.38945	6.45575
2.08393	6.62048	6.33301	6.39908	6.37477	6.34738	6.45015	6.40959	6.39374	6.44618
2.09851	6.60848	6.34209	6.3891	6.39862	6.34598	6.45109	6.42447	6.38017	6.44653
2.11319	6.63595	6.32982	6.40114	6.38901	6.36168	6.46605	6.42232	6.38853	6.43261
2.12797	6.62713	6.3487	6.37809	6.40399	6.35308	6.44444	6.44727	6.39155	6.44984
2.14286	6.6274	6.37162	6.42369	6.39633	6.35774	6.46389	6.44995	6.40217	6.43355
2.15786	6.60638	6.34779	6.39998	6.38111	6.34282	6.44667	6.43197	6.37304	6.45302
2.17296	6.61139	6.33436	6.4117	6.38826	6.35426	6.45193	6.44986	6.39094	6.46281
2.18816	6.60859	6.35979	6.42372	6.38322	6.35383	6.4585	6.44369	6.37904	6.45713
2.20346	6.61551	6.34146	6.3823	6.38298	6.35428	6.44546	6.44333	6.38981	6.43674
2.21887	6.6179	6.34607	6.39671	6.37777	6.3549	6.45663	6.42117	6.37758	6.44521
2.2344	6.59023	6.34186	6.40187	6.36647	6.35566	6.47691	6.43088	6.39039	6.43263
2.25003	6.59645	6.3291	6.40996	6.3646	6.3444	6.43756	6.42548	6.37464	6.46183
2.26576	6.61173	6.3316	6.39418	6.35721	6.35327	6.44655	6.43286	6.38414	6.4606
2.2816	6.61352	6.33586	6.4076	6.35577	6.36107	6.44116	6.41036	6.39975	6.46453
2.29755	6.6115	6.33822	6.41433	6.35084	6.3697	6.42968	6.42677	6.3921	6.4335
2.31363	6.61179	6.34723	6.38259	6.36568	6.37084	6.44799	6.43682	6.3848	6.45957
2.3298	6.60956	6.34793	6.40983	6.37922	6.34623	6.45146	6.40729	6.39819	6.45551
2.34609	6.60403	6.34607	6.38433	6.36562	6.36248	6.45302	6.42973	6.37966	6.45977
2.36249	6.65315	6.3451	6.41782	6.36693	6.34895	6.4658	6.42171	6.38407	6.44999
2.379	6.61701	6.34263	6.39492	6.40174	6.35902	6.42896	6.42546	6.40135	6.47941
2.39563	6.62187	6.34096	6.40958	6.34995	6.35538	6.45223	6.42972	6.39465	6.44395
2.41237	6.63696	6.36165	6.40427	6.36864	6.34356	6.45608	6.4294	6.40339	6.41563
2.42924	6.60443	6.3487	6.39833	6.36364	6.36783	6.45297	6.43075	6.39473	6.43446
2.44621	6.61733	6.34522	6.40297	6.38236	6.35956	6.47188	6.43425	6.3777	6.44724
2.4633	6.62625	6.33107	6.39169	6.37139	6.3596	6.44435	6.43068	6.3735	6.45543
2.48051	6.61338	6.34256	6.42841	6.37164	6.34978	6.45465	6.43448	6.39927	6.44548
2.49785	6.62183	6.33278	6.38847	6.39401	6.35294	6.46236	6.42807	6.40205	6.46738
2.5153	6.60705	6.34583	6.39951	6.37347	6.35151	6.44344	6.42845	6.38887	6.45102
2.53288	6.6249	6.34843	6.4079	6.39187	6.3784	6.44171	6.42508	6.39198	6.46624
2.55058	6.60365	6.36188	6.42006	6.40029	6.36634	6.44463	6.42511	6.39089	6.45712
2.56839	6.63201	6.35279	6.40663	6.3823	6.36324	6.44872	6.42492	6.38211	6.43298
2.58634	6.60263	6.36166	6.40627	6.35776	6.33178	6.46589	6.43821	6.39054	6.43627
2.6044	6.61683	6.34231	6.39136	6.37813	6.34313	6.45482	6.42643	6.39463	6.45178
2.62259	6.5823	6.35717	6.41191	6.38024	6.34958	6.46429	6.46107	6.38823	6.4594
2.64091	6.60686	6.35123	6.39792	6.36213	6.33693	6.44754	6.4429	6.39098	6.45058
2.65935	6.60176	6.32665	6.40638	6.39077	6.33785	6.43632	6.44686	6.38177	6.44981
2.67793	6.5913	6.34125	6.39303	6.37644	6.34968	6.47017	6.42304	6.37234	6.44493
2.69662	6.60181	6.3413	6.38422	6.38553	6.35776	6.46233	6.43949	6.40964	6.45473
2.71546	6.59986	6.33267	6.40969	6.36769	6.34592	6.44468	6.44571	6.40403	6.45303
2.73443	6.58412	6.34382	6.39892	6.36917	6.32297	6.44805	6.42827	6.39066	6.43917
2.75351	6.59059	6.33787	6.38729	6.37951	6.33957	6.47035	6.4371	6.38618	6.43541
2.77274	6.59902	6.33745	6.3988	6.38114	6.34737	6.46875	6.45445	6.397	6.45164
2.7921	6.59502	6.34117	6.38047	6.34443	6.34479	6.47524	6.42303	6.39309	6.44239
2.81159	6.59718	6.33996	6.39228	6.36515	6.34993	6.44303	6.44674	6.39278	6.43227
2.83121	6.60889	6.32331	6.39703	6.37441	6.36775	6.44694	6.44834	6.39269	6.45124
2.85098	6.58986	6.34838	6.39568	6.38749	6.35701	6.47291	6.43485	6.36901	6.44009
2.87087	6.59745	6.35442	6.39238	6.37203	6.3292	6.46215	6.43541	6.38939	6.44611
2.89091	6.60031	6.33991	6.38025	6.35862	6.34944	6.46608	6.42487	6.39002	6.44838
2.9111	6.59627	6.35401	6.39438	6.37104	6.34095	6.459	6.43463	6.39548	6.43618
2.93141	6.61729	6.3504	6.38622	6.36583	6.31211	6.44993	6.43403	6.40456	6.46195
2.95187	6.59464	6.33969	6.38206	6.37024	6.3452	6.43796	6.41589	6.38905	6.4539
2.97248	6.60259	6.33573	6.38778	6.37988	6.34429	6.46449	6.45296	6.37759	6.45813
2.99321	6.62482	6.33359	6.37886	6.36567	6.34939	6.44864	6.42952	6.38287	6.43366
3.0141	6.58609	6.34846	6.38714	6.38477	6.33938	6.44362	6.44166	6.36745	6.44858
3.03514	6.60176	6.32459	6.39665	6.38478	6.34802	6.44235	6.44995	6.3864	6.45278
3.05631	6.60995	6.34854	6.39205	6.37775	6.33734	6.44761	6.43131	6.38292	6.47699
3.07764	6.60314	6.36596	6.39124	6.38226	6.32361	6.44748	6.43479	6.38272	6.4425
3.0991	6.59584	6.33738	6.38731	6.3593	6.33705	6.48054	6.43135	6.40412	6.45394
3.12072	6.60993	6.32928	6.38943	6.36844	6.35052	6.43522	6.42738	6.38259	6.43899
3.1425	6.59887	6.32986	6.3942	6.37951	6.34775	6.45586	6.41323	6.39717	6.47919
3.16441	6.59509	6.35166	6.39911	6.36678	6.34229	6.45484	6.44461	6.37949	6.44826
3.18649	6.61112	6.33668	6.35257	6.35721	6.35884	6.45783	6.42959	6.36735	6.44841
3.20871	6.601	6.35786	6.39682	6.3634	6.3432	6.45342	6.4217	6.38231	6.45112
3.2311	6.60362	6.34294	6.40298	6.37101	6.33624	6.45034	6.43351	6.37762	6.47112
3.25364	6.59315	6.35693	6.38127	6.37112	6.32016	6.4654	6.43339	6.4161	6.43783
3.27632	6.59532	6.34984	6.4054	6.37752	6.34061	6.46103	6.43301	6.38587	6.45641
3.29918	6.61446	6.34675	6.40558	6.37841	6.33594	6.45207	6.41545	6.40464	6.41871
3.32218	6.59914	6.35254	6.39035	6.39096	6.33048	6.43579	6.43633	6.41584	6.44453
3.34535	6.59452	6.33293	6.39069	6.389	6.34215	6.43222	6.42726	6.38054	6.45131
3.36867	6.59214	6.35542	6.39523	6.38919	6.34043	6.45349	6.44146	6.39183	6.44411
3.39216	6.61553	6.35684	6.38342	6.38894	6.35102	6.44117	6.44541	6.39749	6.45608
3.41581	6.59661	6.37631	6.39231	6.38137	6.34519	6.45332	6.42581	6.39401	6.44375
3.43964	6.60212	6.3314	6.38762	6.37099	6.35656	6.4359	6.43035	6.4141	6.45729
3.46361	6.60837	6.3456	6.40698	6.37998	6.34565	6.44661	6.43741	6.4072	6.43751
3.48776	6.62247	6.34761	6.38448	6.37551	6.3462	6.43869	6.44311	6.37331	6.45409
3.51207	6.61458	6.35071	6.38067	6.37748	6.34864	6.44621	6.42834	6.39346	6.47326
3.53656	6.59812	6.36041	6.39329	6.3846	6.34121	6.44254	6.4332	6.40416	6.43382
3.56121	6.60871	6.34581	6.37811	6.382	6.35111	6.45192	6.42027	6.3865	6.45066
3.58604	6.62574	6.36381	6.37368	6.38464	6.35492	6.44054	6.43845	6.3939	6.45689
3.61104	6.59835	6.35128	6.38031	6.35943	6.3615	6.43438	6.45098	6.38607	6.45157
3.6362	6.60401	6.34804	6.39818	6.386	6.35385	6.44892	6.41447	6.39042	6.46261
3.66155	6.60134	6.34863	6.39631	6.38087	6.36048	6.44091	6.43727	6.38378	6.44952
3.68706	6.6021	6.34313	6.38406	6.37356	6.35115	6.42972	6.41395	6.36994	6.46023
3.71276	6.60288	6.33312	6.39455	6.37874	6.36436	6.46006	6.4388	6.38144	6.46369
3.73864	6.61027	6.35667	6.39887	6.37962	6.34816	6.43237	6.43205	6.39558	6.45597
3.76469	6.60804	6.34718	6.39253	6.36412	6.35311	6.43887	6.43053	6.40736	6.4499
3.79093	6.61791	6.35735	6.4031	6.37825	6.35028	6.4527	6.43245	6.39794	6.45112
3.81734	6.62511	6.34888	6.39232	6.38911	6.34833	6.45355	6.42784	6.38816	6.46287
3.84394	6.59691	6.34794	6.39115	6.39404	6.3521	6.44512	6.42112	6.38541	6.46744
3.87072	6.59243	6.34851	6.39188	6.36682	6.33394	6.44961	6.41832	6.38634	6.45412
3.89769	6.61081	6.36303	6.38559	6.37558	6.36019	6.44239	6.43456	6.38829	6.46384
3.92485	6.60604	6.36656	6.38136	6.39382	6.34387	6.42806	6.42402	6.39625	6.45665
3.95219	6.60667	6.34614	6.39501	6.37702	6.3573	6.44684	6.44236	6.38587	6.45295
3.97972	6.60402	6.33437	6.37522	6.36546	6.3393	6.4455	6.42698	6.38978	6.45931
4.00745	6.60012	6.34715	6.40009	6.37735	6.3591	6.43936	6.43506	6.39424	6.45847
4.03536	6.59593	6.3499	6.38587	6.37686	6.35101	6.45379	6.42329	6.38351	6.43815
4.06348	6.59131	6.36077	6.39733	6.37875	6.36037	6.46132	6.43785	6.38628	6.46535
4.09177	6.60211	6.34882	6.37482	6.39724	6.34089	6.44426	6.44187	6.38264	6.45746
4.12029	6.6074	6.33815	6.37367	6.36537	6.34974	6.44798	6.42394	6.37568	6.46757
4.14899	6.621	6.35425	6.38663	6.37934	6.34903	6.45696	6.42203	6.39635	6.45027
4.17788	6.59124	6.37262	6.37855	6.39342	6.33084	6.44055	6.44045	6.38573	6.46175
4.20697	6.61049	6.35361	6.38359	6.38884	6.36481	6.44744	6.43306	6.40089	6.45876
4.23628	6.60251	6.35108	6.39859	6.36757	6.34735	6.42694	6.43521	6.38987	6.44807
4.26578	6.60847	6.35856	6.39252	6.37319	6.35623	6.4466	6.42834	6.39185	6.45693
4.29549	6.6089	6.35333	6.38273	6.35727	6.3451	6.43829	6.42826	6.38626	6.45212
4.3254	6.61288	6.34349	6.40104	6.38604	6.35094	6.44906	6.43609	6.38359	6.46266
4.35553	6.60432	6.37494	6.38996	6.37901	6.35575	6.45194	6.42712	6.3957	6.44979
4.38585	6.62044	6.35706	6.37939	6.37993	6.36312	6.45314	6.42378	6.39236	6.44469
4.41639	6.58692	6.35073	6.38779	6.3697	6.35607	6.44668	6.42574	6.41095	6.42913
4.44715	6.595	6.34371	6.37853	6.38223	6.35941	6.45635	6.4336	6.38906	6.45981
4.47811	6.6019	6.34867	6.40476	6.36508	6.34288	6.44701	6.44051	6.38794	6.456
4.50929	6.59831	6.32924	6.40377	6.38695	6.35014	6.45724	6.43775	6.40027	6.45738
4.54069	6.59966	6.34999	6.38684	6.38417	6.34116	6.45189	6.435	6.38876	6.45315
4.5723	6.61525	6.354	6.40148	6.38411	6.3599	6.45432	6.43015	6.38909	6.44811
4.60413	6.59411	6.34846	6.39189	6.39442	6.33525	6.45783	6.42938	6.39909	6.44682
4.63619	6.60432	6.33463	6.40235	6.38821	6.34099	6.45593	6.44199	6.41194	6.4355
4.66846	6.6145	6.34733	6.39519	6.39542	6.33207	6.45957	6.43403	6.39967	6.43893
4.70096	6.60449	6.33704	6.39386	6.38106	6.34468	6.4534	6.4305	6.40362	6.43988
4.73368	6.61425	6.33092	6.39843	6.39338	6.34263	6.45315	6.44265	6.40882	6.43511
4.76664	6.60297	6.33262	6.3869	6.37422	6.34804	6.45413	6.4226	6.40252	6.44486
4.79981	6.60933	6.331	6.39688	6.38854	6.3513	6.42881	6.42389	6.4029	6.44494
4.83322	6.61032	6.33514	6.38495	6.38975	6.3297	6.4443	6.43238	6.40137	6.44427
4.86686	6.60979	6.33032	6.4005	6.38678	6.33677	6.45413	6.43313	6.39961	6.45084
4.90074	6.5888	6.329	6.40388	6.3922	6.33306	6.44604	6.42865	6.40351	6.44998
4.93485	6.59782	6.34353	6.38966	6.37218	6.35543	6.45038	6.43943	6.39847	6.44181
4.96919	6.60056	6.34206	6.38718	6.39395	6.35642	6.45419	6.4418	6.3875	6.44889
5.00378	6.5994	6.3442	6.40929	6.37516	6.35556	6.43536	6.42685	6.39832	6.45382
5.0386	6.61474	6.33006	6.39101	6.41096	6.35616	6.44694	6.45131	6.38025	6.44966
5.07366	6.60769	6.34976	6.39239	6.38757	6.34815	6.45971	6.44525	6.39362	6.46074
5.10896	6.61421	6.33414	6.40666	6.38372	6.35979	6.44986	6.44897	6.39136	6.44834
5.14453	6.60056	6.34564	6.38427	6.38218	6.35228	6.44031	6.44622	6.40359	6.45531
5.18033	6.63055	6.34945	6.38717	6.37833	6.34962	6.44595	6.44652	6.37144	6.45868
5.21636	6.59904	6.33533	6.38638	6.37153	6.35626	6.4365	6.44141	6.3847	6.45325
5.25266	6.59936	6.33472	6.38261	6.39048	6.35148	6.44743	6.4341	6.38322	6.43532
5.28921	6.613	6.34288	6.39923	6.37572	6.36621	6.45331	6.44715	6.39184	6.44335
5.32601	6.60812	6.33806	6.3842	6.38089	6.33378	6.45005	6.43947	6.40718	6.4552
5.36307	6.60214	6.33294	6.38279	6.38527	6.34441	6.45516	6.43556	6.39748	6.46866
5.40039	6.6179	6.33865	6.38936	6.37314	6.33769	6.43863	6.41995	6.38356	6.4605
5.43795	6.61465	6.34238	6.3879	6.38204	6.349	6.45499	6.42625	6.38345	6.44502
5.47579	6.61468	6.36037	6.39511	6.38509	6.35862	6.46068	6.44189	6.39415	6.46208
5.51389	6.60222	6.33057	6.39954	6.38405	6.3538	6.45295	6.4465	6.39643	6.45667
5.55224	6.60583	6.35922	6.38379	6.37429	6.34009	6.44129	6.44769	6.39685	6.46009
5.59086	6.60754	6.34048	6.38867	6.37949	6.36693	6.44145	6.43013	6.38606	6.44683
5.62976	6.58912	6.34695	6.40126	6.37861	6.34411	6.45605	6.42615	6.37632	6.44289
5.66892	6.60818	6.35036	6.40237	6.40514	6.37013	6.44304	6.43531	6.39618	6.45105
5.70835	6.61447	6.34858	6.406	6.3799	6.34782	6.45407	6.44365	6.40428	6.44123
5.74806	6.59356	6.34987	6.39039	6.37401	6.3578	6.43833	6.42394	6.38956	6.45377
5.78805	6.60354	6.35192	6.40494	6.38333	6.35578	6.46038	6.44129	6.3973	6.449
5.8283	6.58666	6.3489	6.39749	6.37206	6.35382	6.45074	6.44323	6.39646	6.46263
5.86884	6.58929	6.34932	6.39977	6.38706	6.35758	6.43912	6.43822	6.39351	6.45439
5.90966	6.59569	6.36543	6.3949	6.37878	6.35174	6.44204	6.42231	6.39105	6.45505
5.95076	6.59819	6.35625	6.37724	6.38046	6.37075	6.44869	6.43386	6.38395	6.44533
5.99215	6.5935	6.36366	6.41312	6.38845	6.36188	6.44936	6.44732	6.3986	6.44993
6.03382	6.60362	6.33935	6.40586	6.37795	6.35191	6.43632	6.43225	6.39806	6.44148
6.07579	6.59584	6.35375	6.38829	6.37724	6.34789	6.45676	6.43589	6.4042	6.44736
6.11805	6.60828	6.35028	6.39152	6.38313	6.36203	6.44323	6.43572	6.38057	6.44469
6.16059	6.60624	6.34184	6.38364	6.39103	6.35091	6.45277	6.43503	6.38211	6.43176
6.20344	6.59083	6.35049	6.39797	6.38142	6.35064	6.44621	6.44374	6.38595	6.44644
6.24657	6.59968	6.34832	6.37602	6.37915	6.35013	6.44019	6.44184	6.39637	6.45431
6.29001	6.59982	6.35576	6.40257	6.38211	6.34928	6.44421	6.42783	6.39789	6.45774
6.33375	6.59623	6.35579	6.38252	6.38775	6.36015	6.44919	6.42629	6.39069	6.43953
6.37779	6.61152	6.35669	6.38194	6.39551	6.37453	6.46078	6.42164	6.39465	6.46235
6.42214	6.61914	6.36318	6.40013	6.3889	6.36327	6.44684	6.4418	6.40203	6.46703
6.46679	6.61713	6.36217	6.40678	6.38103	6.35703	6.4479	6.43218	6.39086	6.4651
6.51176	6.60086	6.34414	6.3928	6.38067	6.35574	6.45824	6.43761	6.39732	6.4533
6.55704	6.61938	6.34875	6.38571	6.39412	6.35774	6.44466	6.42268	6.3947	6.46786
6.60262	6.61115	6.35803	6.39092	6.37067	6.35221	6.44371	6.44212	6.38949	6.45335
6.64853	6.60263	6.34572	6.38115	6.38105	6.36518	6.44453	6.4474	6.39485	6.44793
6.69475	6.6036	6.35056	6.38989	6.38516	6.35356	6.45357	6.4538	6.38878	6.45486
6.7413	6.61316	6.34769	6.38805	6.38385	6.34256	6.45677	6.44862	6.38967	6.44904
6.78816	6.61129	6.34775	6.39096	6.37739	6.3429	6.45106	6.44799	6.39951	6.45438
6.83535	6.60709	6.34444	6.38397	6.37174	6.35194	6.44881	6.45542	6.40922	6.4516
6.88287	6.62182	6.3438	6.40765	6.38535	6.34534	6.44897	6.43755	6.39919	6.4632
6.93073	6.61191	6.3497	6.40357	6.4076	6.35289	6.42971	6.44339	6.38741	6.44727
6.9789	6.60491	6.35585	6.39968	6.37346	6.35263	6.44368	6.44838	6.40495	6.44995
7.02741	6.60412	6.35323	6.40485	6.3697	6.3388	6.44943	6.44577	6.40131	6.44988
7.07626	6.60115	6.35548	6.3956	6.38143	6.34292	6.43522	6.44251	6.40211	6.46822
7.12546	6.60947	6.33991	6.40695	6.37058	6.33971	6.45109	6.43927	6.4038	6.45155
7.17499	6.6089	6.34938	6.40546	6.39434	6.35311	6.44114	6.43033	6.40169	6.46565
7.22486	6.60818	6.35845	6.40159	6.38042	6.35298	6.44972	6.44952	6.41098	6.45595
7.27507	6.61233	6.35496	6.3974	6.38499	6.36769	6.44232	6.44896	6.39681	6.45157
7.32565	6.60691	6.35773	6.40731	6.38408	6.3619	6.44519	6.45192	6.39359	6.43973
7.37656	6.61878	6.34884	6.39906	6.39272	6.36124	6.44913	6.43784	6.40167	6.45514
7.42784	6.61854	6.34349	6.39571	6.38573	6.35846	6.44668	6.44827	6.403	6.46222
7.47946	6.59557	6.34603	6.39295	6.37528	6.34317	6.44615	6.43414	6.39305	6.45198
7.53145	6.614	6.35363	6.41405	6.39038	6.34677	6.44479	6.44017	6.40065	6.46385
7.58379	6.61018	6.35831	6.40589	6.39428	6.34754	6.45151	6.43792	6.39979	6.46125
7.6365	6.59456	6.34839	6.40871	6.38406	6.35645	6.44819	6.44146	6.3984	6.44804
7.68956	6.6	6.34342	6.40088	6.38789	6.35735	6.44407	6.44187	6.39468	6.4523
7.74301	6.61228	6.34879	6.40418	6.38834	6.35653	6.44921	6.44308	6.38536	6.45612
7.79681	6.60055	6.35285	6.41012	6.37876	6.36138	6.4423	6.44267	6.39422	6.45556
7.851	6.59996	6.35603	6.40561	6.38349	6.34798	6.45624	6.43618	6.38856	6.45666
7.90556	6.60982	6.36181	6.40704	6.38627	6.36996	6.44971	6.44266	6.39763	6.44914
7.9605	6.5838	6.35476	6.42239	6.37685	6.35305	6.44369	6.43237	6.39698	6.45426
8.01581	6.60077	6.35132	6.40436	6.38341	6.34885	6.4457	6.44361	6.4021	6.45425
8.07151	6.61232	6.34765	6.41348	6.38852	6.34852	6.44173	6.44267	6.38708	6.45844
8.1276	6.6123	6.35836	6.3969	6.37603	6.34749	6.44359	6.45045	6.39986	6.44972
8.18409	6.60717	6.35057	6.40612	6.37951	6.35477	6.44632	6.44306	6.40009	6.45473
8.24095	6.62197	6.35397	6.40697	6.38187	6.34939	6.43548	6.43996	6.39437	6.45256
8.29821	6.60877	6.35328	6.40824	6.36956	6.35597	6.43727	6.43717	6.39551	6.45618
8.35588	6.59576	6.35619	6.40407	6.37252	6.36729	6.43729	6.43815	6.3976	6.44844
8.41393	6.59122	6.35898	6.39717	6.37994	6.36214	6.44043	6.43703	6.40387	6.4562
8.47239	6.61228	6.34981	6.39069	6.38629	6.35503	6.44867	6.44045	6.39351	6.45489
8.53126	6.59287	6.35341	6.39238	6.37775	6.36257	6.444	6.43102	6.40227	6.45776
8.59054	6.60494	6.3436	6.39522	6.38169	6.36887	6.4524	6.43666	6.39299	6.4485
8.65021	6.61443	6.36192	6.39458	6.38681	6.36345	6.44506	6.44054	6.40073	6.44701
8.71031	6.5941	6.3518	6.39142	6.3811	6.34874	6.44831	6.4257	6.39442	6.44744
8.77084	6.60148	6.34411	6.38761	6.38944	6.3504	6.43387	6.44587	6.38426	6.44478
8.83176	6.60834	6.33845	6.38929	6.3873	6.34597	6.42846	6.43746	6.38714	6.4493
8.89312	6.61585	6.34425	6.39616	6.38929	6.35818	6.44366	6.43338	6.38759	6.46218
8.95491	6.61851	6.35006	6.39701	6.38504	6.36163	6.43196	6.44114	6.3992	6.43852
9.01713	6.61983	6.35031	6.39724	6.38444	6.35688	6.43426	6.43797	6.39283	6.44222
9.07976	6.6174	6.33676	6.39239	6.38532	6.35656	6.43961	6.44693	6.38409	6.45566
9.14284	6.60967	6.35236	6.37906	6.38598	6.3615	6.44658	6.43694	6.39567	6.45312
9.20635	6.61078	6.33907	6.38702	6.3951	6.36243	6.44927	6.43226	6.39805	6.44974
9.2703	6.60651	6.35735	6.37901	6.37519	6.3584	6.44557	6.44263	6.39189	6.43923
9.3347	6.59863	6.33708	6.39559	6.38074	6.35544	6.44027	6.43585	6.39413	6.4513
9.39955	6.60093	6.34782	6.3974	6.38961	6.35306	6.44783	6.44608	6.39027	6.43937
9.46484	6.6036	6.32293	6.39903	6.38602	6.35646	6.44895	6.44375	6.38791	6.45051
9.53059	6.5929	6.34966	6.4031	6.38998	6.36362	6.44787	6.45311	6.39768	6.44852
9.59679	6.60499	6.34674	6.40224	6.37357	6.36088	6.44781	6.45456	6.39561	6.45323
9.66345	6.59355	6.35065	6.39496	6.37661	6.35202	6.4491	6.43372	6.39158	6.45268
9.73057	6.59907	6.35893	6.40064	6.38313	6.36008	6.44394	6.43904	6.39672	6.45632
9.79816	6.58898	6.35452	6.3923	6.38146	6.35642	6.45171	6.45332	6.39308	6.45016
9.86621	6.60353	6.35659	6.39968	6.37655	6.3531	6.4462	6.44748	6.38985	6.46608
9.93474	6.6046	6.36301	6.39751	6.37375	6.36152	6.45724	6.43479	6.40495	6.45362
10.0037	6.6084	6.35827	6.39961	6.37905	6.34662	6.45968	6.44558	6.40526	6.45311
10.0732	6.61005	6.34585	6.3998	6.38641	6.36059	6.45982	6.44407	6.4124	6.47339
10.1432	6.60892	6.35752	6.41223	6.37805	6.36002	6.44599	6.44605	6.39882	6.45142
10.2136	6.61129	6.34257	6.39879	6.38021	6.35538	6.44849	6.43606	6.40358	6.46066
10.2846	6.60046	6.34312	6.39685	6.38137	6.35422	6.4524	6.44802	6.39349	6.4605
10.356	6.60726	6.342	6.40032	6.37347	6.34787	6.45412	6.43536	6.39328	6.44778
10.4279	6.59995	6.34121	6.3898	6.37624	6.36057	6.44299	6.4302	6.3874	6.45065
10.5003	6.61618	6.34709	6.40197	6.38928	6.35994	6.44787	6.43084	6.40754	6.45219
10.5733	6.60354	6.33835	6.3954	6.38112	6.35957	6.45037	6.43285	6.39568	6.45292
10.6467	6.6122	6.35439	6.3894	6.40049	6.35609	6.46662	6.43856	6.39825	6.43766
10.7206	6.60399	6.34943	6.40391	6.39009	6.36452	6.4611	6.43904	6.40177	6.45833
10.7951	6.60951	6.34658	6.4002	6.39001	6.36109	6.44246	6.43933	6.38896	6.45221
10.8701	6.60108	6.36584	6.38778	6.39515	6.35779	6.45473	6.4433	6.40577	6.44902
10.9455	6.61545	6.34065	6.39974	6.38535	6.35076	6.44466	6.43261	6.40511	6.45087
11.0216	6.60453	6.35189	6.39355	6.37796	6.3591	6.45457	6.43568	6.39783	6.45463
11.0981	6.60874	6.35943	6.39713	6.38853	6.35923	6.44822	6.46227	6.39788	6.44913
11.1751	6.61093	6.35304	6.3894	6.38846	6.34961	6.44414	6.45006	6.39806	6.44703
11.2528	6.60568	6.36249	6.39614	6.39342	6.35659	6.43403	6.44941	6.39115	6.46154
11.3309	6.61668	6.35462	6.40101	6.37826	6.3511	6.44045	6.44611	6.38881	6.4525
11.4096	6.59983	6.35969	6.39854	6.37617	6.36547	6.44444	6.44277	6.38804	6.45039
11.4888	6.59385	6.35996	6.39998	6.38186	6.35191	6.46018	6.4494	6.39316	6.44609
11.5686	6.60797	6.35988	6.41195	6.38057	6.35085	6.4604	6.46016	6.39681	6.45941
11.6489	6.6008	6.35426	6.38787	6.37953	6.35695	6.45098	6.44463	6.39998	6.45508
11.7298	6.60332	6.34963	6.38902	6.37931	6.35897	6.44593	6.4459	6.40254	6.45775
11.8112	6.60462	6.36204	6.39318	6.38304	6.35045	6.44673	6.44616	6.41376	6.45089
11.8932	6.60103	6.34139	6.38738	6.37377	6.3632	6.43473	6.4331	6.40583	6.44904
11.9758	6.59659	6.35385	6.39898	6.3775	6.35723	6.44114	6.4366	6.39775	6.45522
12.059	6.60007	6.35399	6.40494	6.37877	6.36278	6.45551	6.44256	6.39727	6.45727
12.1427	6.60236	6.34893	6.39758	6.39983	6.36272	6.44517	6.44037	6.41002	6.45209
12.227	6.59376	6.35751	6.38606	6.39187	6.35249	6.44977	6.43681	6.40719	6.45465
12.3119	6.59189	6.36184	6.38899	6.38905	6.35842	6.45483	6.43766	6.4007	6.46621
12.3974	6.60752	6.36191	6.3967	6.38652	6.36499	6.44394	6.43465	6.38935	6.45482
12.4834	6.59391	6.36149	6.40335	6.38538	6.36099	6.45407	6.42817	6.39465	6.45297
12.5701	6.61396	6.35783	6.40499	6.39209	6.36041	6.43701	6.43622	6.40253	6.45002
12.6574	6.59826	6.36238	6.4012	6.39329	6.35364	6.44576	6.44094	6.40797	6.4571
12.7453	6.60094	6.35175	6.39779	6.38468	6.35168	6.44308	6.43979	6.39776	6.44982
12.8337	6.61162	6.35826	6.40015	6.38808	6.36369	6.44716	6.44435	6.40741	6.44912
12.9228	6.60886	6.36413	6.4063	6.3894	6.35031	6.44869	6.4444	6.39945	6.45112
13.0126	6.61322	6.35859	6.40606	6.38233	6.35234	6.45072	6.43915	6.39429	6.45791
13.1029	6.60576	6.36474	6.39272	6.38556	6.34725	6.44261	6.45082	6.39989	6.45469
13.1939	6.61011	6.35288	6.39977	6.37638	6.35158	6.44428	6.44556	6.39852	6.45378
13.2855	6.60692	6.34978	6.38115	6.39107	6.35773	6.45041	6.44703	6.40531	6.45448
13.3777	6.60868	6.34485	6.39839	6.37976	6.3596	6.44699	6.43745	6.40874	6.45013
13.4706	6.59745	6.34723	6.39811	6.37239	6.35557	6.44684	6.44515	6.39838	6.45282
13.5641	6.61066	6.35513	6.39285	6.37865	6.35922	6.44545	6.4447	6.40475	6.4521
13.6582	6.60323	6.35048	6.39746	6.37602	6.36075	6.44808	6.44664	6.413	6.44749
13.753	6.60653	6.35852	6.39753	6.37853	6.35576	6.45636	6.44954	6.40407	6.45287
13.8485	6.60865	6.35888	6.39954	6.38905	6.36326	6.45798	6.44216	6.39854	6.45234
13.9446	6.60868	6.35368	6.38936	6.38589	6.35324	6.45796	6.42618	6.39539	6.45429
14.0414	6.61134	6.34903	6.3999	6.38445	6.35882	6.4566	6.43663	6.39298	6.45223
14.1389	6.60927	6.34866	6.40252	6.38617	6.36343	6.46078	6.43351	6.39447	6.44421
14.2371	6.61493	6.35451	6.39393	6.37541	6.35971	6.45311	6.44087	6.39576	6.45007
14.3359	6.61689	6.35399	6.40427	6.38717	6.36221	6.45087	6.43397	6.38571	6.45451
14.4354	6.61826	6.35522	6.39745	6.37699	6.36277	6.45744	6.43725	6.39935	6.44749
14.5356	6.61678	6.34849	6.39168	6.3944	6.35878	6.45225	6.43791	6.39215	6.44537
14.6365	6.6031	6.35768	6.40472	6.3934	6.36118	6.45317	6.44167	6.39755	6.45356
14.7381	6.61247	6.35493	6.40153	6.37562	6.35391	6.44694	6.4352	6.40149	6.44742
14.8404	6.61618	6.35084	6.39737	6.38952	6.35052	6.44768	6.43184	6.40556	6.45205
14.9434	6.60947	6.34168	6.39959	6.3823	6.35694	6.43757	6.43501	6.40349	6.45494
15.0471	6.6044	6.35376	6.40267	6.38586	6.35996	6.45432	6.43584	6.41003	6.44801
15.1516	6.61859	6.36196	6.41006	6.39175	6.36511	6.45371	6.43772	6.39754	6.45123
15.2567	6.60306	6.34924	6.40065	6.37773	6.35704	6.45248	6.43528	6.39676	6.45421
15.3626	6.60594	6.35344	6.40301	6.39023	6.35494	6.45006	6.43933	6.40223	6.4497
15.4692	6.6075	6.35715	6.40659	6.39337	6.35355	6.45228	6.42846	6.4033	6.44762
15.5766	6.60403	6.35989	6.40863	6.39373	6.35898	6.45125	6.44882	6.39818	6.45448
15.6847	6.60462	6.35632	6.40394	6.39503	6.3601	6.44596	6.43204	6.39834	6.44828
15.7936	6.60741	6.3573	6.39679	6.37991	6.36063	6.4489	6.44467	6.4073	6.43551
15.9032	6.6193	6.35576	6.40368	6.38768	6.35817	6.44966	6.44605	6.39272	6.4448
16.0136	6.61954	6.35223	6.41081	6.38281	6.35576	6.43862	6.44616	6.40302	6.44483
16.1247	6.60728	6.34688	6.40463	6.38982	6.35382	6.44825	6.44278	6.41212	6.43975
16.2366	6.61283	6.3533	6.41016	6.3895	6.36003	6.45513	6.4493	6.41079	6.44385
16.3493	6.60492	6.35682	6.41151	6.39351	6.36287	6.45907	6.4441	6.40076	6.44523
16.4628	6.60778	6.3563	6.41904	6.39819	6.36114	6.45267	6.44816	6.40469	6.44162
16.577	6.61205	6.35383	6.40342	6.39006	6.3603	6.44427	6.44766	6.40223	6.45116
16.6921	6.60597	6.34834	6.39799	6.37906	6.3603	6.44779	6.44181	6.40591	6.45302
16.8079	6.61927	6.3408	6.40753	6.38241	6.35918	6.45929	6.43059	6.39604	6.45382
16.9245	6.60792	6.34848	6.40498	6.38723	6.36434	6.44738	6.44442	6.40609	6.4454
17.042	6.61649	6.33685	6.40045	6.38138	6.36724	6.44747	6.43562	6.40244	6.44964
17.1603	6.61007	6.34787	6.40556	6.38448	6.3631	6.46138	6.43601	6.40417	6.44324
17.2794	6.62308	6.34386	6.39051	6.38586	6.37041	6.45575	6.43638	6.39687	6.45002
17.3993	6.59541	6.34254	6.40363	6.38658	6.35363	6.45595	6.43552	6.39497	6.45252
17.52	6.60372	6.33926	6.40419	6.37304	6.36005	6.46132	6.4371	6.39907	6.44449
17.6416	6.61256	6.34384	6.41186	6.38571	6.37089	6.45162	6.43497	6.39673	6.45098
17.764	6.60509	6.3498	6.40913	6.38048	6.36752	6.45309	6.44072	6.3975	6.44559
17.8873	6.60894	6.35715	6.40505	6.38321	6.36182	6.44636	6.43203	6.39127	6.4503
18.0114	6.61466	6.35664	6.40735	6.39002	6.35774	6.45027	6.43717	6.40206	6.45221
18.1364	6.61233	6.36274	6.4109	6.38153	6.36381	6.45081	6.43481	6.40443	6.45507
18.2623	6.61479	6.3537	6.40929	6.38008	6.3587	6.44429	6.442	6.39847	6.44945
18.389	6.60941	6.34705	6.40434	6.37547	6.35966	6.44521	6.43648	6.40892	6.44559
18.5166	6.61045	6.34608	6.40831	6.37419	6.36797	6.45279	6.43925	6.411	6.45648
18.6451	6.60879	6.34767	6.40376	6.38476	6.36637	6.45234	6.44053	6.40776	6.45156
18.7745	6.6094	6.35762	6.39374	6.37326	6.35615	6.45282	6.43355	6.40574	6.44969
18.9047	6.61213	6.35644	6.40255	6.37443	6.35395	6.45017	6.43832	6.40819	6.44291
19.0359	6.61232	6.35637	6.40842	6.37933	6.35184	6.45497	6.44035	6.40352	6.45378
19.168	6.62055	6.35624	6.40616	6.39813	6.35622	6.45967	6.43655	6.4051	6.46104
19.301	6.60877	6.34885	6.40495	6.38028	6.35865	6.44539	6.43846	6.3952	6.45922
19.4349	6.61482	6.35461	6.39906	6.38296	6.35367	6.44894	6.44171	6.40201	6.46542
19.5698	6.6159	6.35558	6.40038	6.38523	6.3624	6.44514	6.4393	6.40346	6.45678
19.7056	6.61279	6.3589	6.40089	6.3847	6.36989	6.45121	6.44936	6.40593	6.46332
19.8423	6.60474	6.36002	6.39837	6.38058	6.35257	6.45876	6.44782	6.39875	6.45185
20	6.60803	6.36216	6.40036	6.3805	6.36879	6.45465	6.44471	6.39894	6.45448