0.00035	9.55532	9.58182	9.60921	9.55835	9.50607	9.67507	9.63219	9.55815	9.57438
0.0007	9.49731	9.51241	9.51229	9.58147	9.56162	9.57942	9.58631	9.61583	9.59605
0.00105	9.49316	9.56173	9.63471	9.68136	9.70627	9.47226	9.42512	9.49817	9.43192
0.0014	9.581	9.52973	9.61785	9.5257	9.67894	9.41913	9.25813	9.38531	9.5734
0.0017625	9.62617	9.56358	9.59088	9.46554	9.67889	9.49126	9.1342	9.22387	9.50948
0.0021125	9.645	9.58642	9.57314	9.4117	9.61492	9.49335	9.09482	9.25406	9.58529
0.002475	9.70236	9.50743	9.42738	9.37259	9.58154	9.48821	9.09128	9.33463	9.5669
0.0028375	9.66795	9.60074	9.42041	9.30543	9.63013	9.56586	9.0824	9.39132	9.58435
0.0032125	9.68111	9.59393	9.41743	9.24437	9.53968	9.46609	9.10881	9.40509	9.58784
0.003575	9.61522	9.59004	9.48478	9.35327	9.48523	9.43729	9.13362	9.35294	9.57209
0.00395	9.59221	9.54587	9.56292	9.40171	9.56453	9.50863	9.15839	9.29116	9.54215
0.004325	9.52658	9.4868	9.45928	9.46113	9.53994	9.38598	9.1029	9.29365	9.44378
0.0047	9.64627	9.4998	9.40627	9.41004	9.5285	9.3717	9.16249	9.33557	9.50485
0.005075	9.53079	9.44842	9.48314	9.40736	9.49967	9.35628	9.10071	9.28685	9.46144
0.0054625	9.54161	9.38408	9.51289	9.44456	9.58171	9.406	9.15264	9.23893	9.5579
0.0058375	9.54485	9.46245	9.37025	9.41787	9.45553	9.3745	9.14137	9.27587	9.49576
0.006225	9.56013	9.48194	9.45784	9.37042	9.50507	9.29834	9.18111	9.27844	9.44222
0.006625	9.58737	9.41255	9.43281	9.30416	9.45121	9.38501	9.10621	9.25755	9.543
0.0070125	9.57364	9.52956	9.40314	9.35186	9.47347	9.47807	9.06929	9.30626	9.42749
0.0074125	9.5358	9.48976	9.44166	9.39161	9.46532	9.40639	9.12355	9.29675	9.3884
0.0078	9.5272	9.46411	9.40117	9.37792	9.45361	9.44962	9.17537	9.34202	9.3707
0.0082125	9.55651	9.47541	9.34466	9.36741	9.43189	9.27713	9.15952	9.25778	9.46312
0.0086125	9.54514	9.50523	9.41746	9.36764	9.49359	9.33799	9.0737	9.37935	9.36314
0.0090125	9.49563	9.47155	9.28592	9.36621	9.46497	9.31809	9.1292	9.28018	9.4423
0.009425	9.52774	9.3934	9.40837	9.25172	9.42211	9.39279	9.05451	9.23714	9.38881
0.0098375	9.60935	9.52594	9.4549	9.394	9.37817	9.28205	9.14675	9.218	9.38988
0.01025	9.49235	9.51494	9.39135	9.34442	9.42108	9.34859	9.10628	9.22893	9.41653
0.010675	9.51024	9.45225	9.38222	9.3602	9.46715	9.41189	9.12464	9.21405	9.45324
0.0110875	9.53179	9.50677	9.38026	9.3407	9.38706	9.34092	9.0236	9.23609	9.35714
0.0115125	9.55245	9.42474	9.29736	9.29436	9.43187	9.30029	9.05966	9.24222	9.34779
0.0119375	9.47611	9.50585	9.31692	9.28151	9.44779	9.21439	8.99749	9.29832	9.40245
0.012375	9.49474	9.42539	9.36159	9.35081	9.38538	9.31392	9.04498	9.2916	9.44205
0.0128	9.49323	9.4911	9.28683	9.31222	9.4193	9.29937	9.05094	9.25589	9.33747
0.0132375	9.44061	9.4356	9.32095	9.27217	9.29528	9.29732	8.9846	9.19841	9.32597
0.013675	9.4543	9.46579	9.26521	9.37312	9.42839	9.36494	9.08035	9.17913	9.34027
0.0141125	9.47161	9.47802	9.39256	9.33581	9.36032	9.22044	8.98719	9.2089	9.33321
0.0145625	9.48239	9.46759	9.37183	9.31241	9.36678	9.34357	9.04535	9.25712	9.36148
0.0150125	9.40008	9.45469	9.28658	9.2867	9.40564	9.30017	9.04327	9.13373	9.30817
0.0154625	9.38781	9.34047	9.31484	9.25774	9.29441	9.24503	9.00256	9.26224	9.27315
0.0159125	9.35022	9.30838	9.25657	9.22787	9.28697	9.26275	8.97052	9.16689	9.28689
0.016375	9.38884	9.47235	9.22185	9.24971	9.35583	9.23009	8.97954	9.13168	9.2031
0.016825	9.36524	9.40152	9.28337	9.20567	9.36621	9.28396	9.04165	9.20433	9.29844
0.0172875	9.41558	9.31073	9.22824	9.21128	9.35901	9.26031	9.02805	9.19273	9.26536
0.0177625	9.37588	9.29672	9.26603	9.19887	9.34577	9.25036	8.97113	9.08543	9.30225
0.018225	9.43788	9.37976	9.21922	9.23067	9.33841	9.23421	8.91031	9.20759	9.3315
0.0187	9.41078	9.38482	9.23433	9.13886	9.31491	9.25572	8.98187	9.1175	9.24683
0.019175	9.35228	9.34661	9.27478	9.14692	9.2683	9.17294	8.97246	9.1576	9.29177
0.0196625	9.34324	9.35874	9.23201	9.07271	9.3328	9.18837	9.04464	9.12644	9.28404
0.0201375	9.3786	9.27104	9.251	9.19176	9.32675	9.14884	9.00719	9.14837	9.19085
0.020625	9.3353	9.37279	9.24201	9.19561	9.25648	9.23413	8.98869	9.09225	9.26214
0.0211125	9.30829	9.39741	9.23269	9.20531	9.27115	9.19092	8.94936	9.17264	9.1972
0.0216125	9.32315	9.33908	9.26464	9.16568	9.26319	9.22319	8.91981	9.10126	9.18453
0.0221	9.36001	9.35656	9.24122	9.2808	9.22915	9.2518	8.91999	9.06257	9.26831
0.0226	9.33777	9.38043	9.14573	9.18626	9.21666	9.16974	8.89976	9.06076	9.2279
0.0231125	9.3242	9.285	9.22348	9.13065	9.18658	9.16331	8.96746	9.10902	9.20752
0.0236125	9.31193	9.24237	9.1073	9.05689	9.24202	9.19781	8.95274	9.1038	9.27269
0.024125	9.23344	9.29727	9.16991	9.10694	9.23426	9.21289	8.91106	9.02153	9.21769
0.0246375	9.39598	9.31884	9.22211	9.17857	9.23817	9.17073	8.88487	9.07617	9.26783
0.0251625	9.36567	9.24558	9.17724	9.1389	9.23616	9.12168	8.93612	9.07076	9.21248
0.025675	9.263	9.29783	9.16481	9.15077	9.22573	9.15502	8.86392	9.08052	9.20722
0.0262	9.36277	9.23529	9.19942	9.15322	9.22199	9.16338	8.929	9.06387	9.23375
0.026725	9.30574	9.29601	9.09488	9.15614	9.17137	9.09334	8.75758	9.01404	9.16389
0.0272625	9.2708	9.19861	9.16904	9.07172	9.1743	9.16731	8.85164	9.01812	9.12319
0.0278	9.229	9.20824	9.0797	9.10612	9.16175	9.16919	8.88152	9.055	9.10323
0.0283375	9.26463	9.27471	9.13326	9.07637	9.19273	9.12786	8.85013	9.07812	9.1435
0.028875	9.24151	9.23871	9.06031	9.07637	9.12576	9.13782	8.87559	9.07813	9.14805
0.029425	9.31286	9.25535	9.03518	9.03226	9.09213	9.18225	8.83381	9.03305	9.1233
0.029975	9.21754	9.3498	9.1148	9.02102	9.18715	9.02791	8.82994	8.96124	9.15114
0.0305375	9.17556	9.20581	9.1639	9.0684	9.13134	9.10287	8.81967	9.00745	9.0636
0.0310875	9.20027	9.21038	9.15819	9.04037	9.10343	9.07758	8.79289	8.96141	9.07097
0.03165	9.25071	9.19739	9.10798	9.02606	9.02264	9.0113	8.80566	9.03245	9.08795
0.0322125	9.22897	9.13056	9.07814	9.02619	9.17173	9.1199	8.79891	8.97949	9.15964
0.0327875	9.21267	9.17018	9.13461	9.11393	9.11547	9.00055	8.72227	8.99151	9.14109
0.0333625	9.14189	9.20701	9.06703	9.0704	9.13291	9.10806	8.81929	8.99862	9.11083
0.0339375	9.1403	9.17814	9.05464	9.00492	9.10268	9.0263	8.7455	8.96848	9.08696
0.034525	9.17915	9.11891	9.0642	9.09104	9.15753	8.97703	8.77522	8.96245	9.09664
0.0351125	9.13811	9.15475	9.06385	9.03785	9.15224	9.02241	8.80205	8.9137	8.95975
0.0357	9.15464	9.10796	9.09536	9.04175	9.14077	9.04981	8.8037	8.9134	9.06551
0.0362875	9.20735	9.08879	9.03104	9.01942	9.11656	8.967	8.80399	8.97468	9.02069
0.0368875	9.20318	9.05484	9.08867	8.976	9.09925	8.99428	8.83272	8.91578	9.094
0.0374875	9.21453	9.10132	8.98477	9.10109	9.11618	8.9541	8.77154	8.91184	9.08084
0.0381	9.16964	9.07452	9.0299	9.09185	9.15864	8.92553	8.77161	8.90443	9.00534
0.0387125	9.1162	9.09253	9.05124	9.09581	9.10534	8.99554	8.73756	8.83726	9.04136
0.039325	9.13754	9.06522	9.07125	9.04152	9.12699	8.91431	8.72854	8.86783	9.0165
0.0399375	9.07495	9.05867	9.04907	9.05458	9.08811	8.96965	8.7507	8.83392	8.96982
0.0405625	9.08627	9.04256	8.99233	9.01143	9.03546	8.97379	8.76217	8.88629	8.98902
0.0412	9.08499	9.0359	9.02785	9.05142	9.04125	8.92809	8.76854	8.83393	9.02602
0.041825	9.04183	9.06592	9.04821	9.00862	9.10923	8.91577	8.71289	8.8441	9.02732
0.0424625	9.04427	9.03123	8.93664	9.05981	9.09458	8.9841	8.76468	8.88927	9.01103
0.0431	9.09723	9.08205	8.96977	9.01331	9.05875	8.89237	8.69417	8.82312	8.96704
0.04375	9.0305	9.00629	9.0019	8.99697	9.04571	8.97219	8.71946	8.84172	8.98046
0.0444	9.07122	9.00378	9.01965	8.96579	9.02171	8.89272	8.73041	8.81216	8.92662
0.04505	9.04642	8.99488	8.94465	8.92637	9.10457	8.87175	8.77909	8.79263	8.91776
0.0457125	9.02852	8.98848	8.99039	9.00499	9.04959	8.88172	8.76668	8.85314	8.93536
0.046375	8.94985	9.02662	8.96823	8.95441	9.07395	8.88439	8.78187	8.8474	8.96266
0.04705	8.9604	9.01875	8.96125	8.9806	9.01156	8.88785	8.7239	8.85935	8.8738
0.0477125	9.02132	8.94163	8.92642	8.99806	8.97683	8.84328	8.7797	8.7863	8.94269
0.0484	8.96206	8.98744	8.95261	9.03513	9.04312	8.85336	8.71001	8.80591	8.91944
0.049075	8.98687	8.96684	8.92663	9.00741	8.98181	8.84644	8.72021	8.77021	8.92853
0.0497625	9.02788	8.95726	8.99725	8.93558	9.00266	8.80475	8.74426	8.78825	8.89556
0.05045	8.95571	9.04179	8.94927	8.97239	9.0153	8.81088	8.6906	8.75568	8.84403
0.05115	8.94757	8.92598	8.90847	8.99398	9.03247	8.80091	8.68188	8.71416	8.92336
0.05185	8.95939	8.95262	8.99037	8.95932	9.04601	8.87048	8.71826	8.68697	8.85005
0.0525625	8.95975	8.97136	8.90333	8.95865	8.96628	8.82958	8.73223	8.77696	8.86365
0.053275	8.96296	8.89921	8.94012	8.93208	8.97864	8.83183	8.66991	8.74822	8.86663
0.0539875	8.91712	8.83822	8.89356	8.94532	8.9665	8.82138	8.65907	8.74848	8.93195
0.0547	8.92605	8.87515	8.97635	8.97327	8.96422	8.74403	8.68991	8.76025	8.83573
0.0554375	8.97338	8.89769	8.90488	8.93954	8.93973	8.80668	8.6905	8.71267	8.85993
0.0561625	8.91361	8.94691	8.85756	8.99006	8.98642	8.77347	8.66893	8.70331	8.73566
0.0569	8.95434	8.92699	8.85266	8.94068	9.01396	8.79548	8.69132	8.75917	8.84573
0.0576375	8.96432	8.86634	8.87111	8.91752	9.00005	8.7871	8.67709	8.72762	8.78785
0.0583875	8.90947	8.8691	8.88165	8.86466	8.98298	8.8153	8.73621	8.66986	8.84827
0.0591375	8.96029	8.84491	8.91099	8.94718	8.97593	8.75382	8.64089	8.6508	8.81304
0.0598875	8.91311	8.8733	8.85254	8.84876	8.93219	8.74713	8.62135	8.66291	8.84113
0.06065	8.95191	8.89737	8.86341	8.96696	8.94998	8.73347	8.74152	8.6899	8.77567
0.061425	8.89616	8.83511	8.89047	8.8966	8.929	8.72941	8.67203	8.70901	8.77288
0.0622	8.88431	8.81098	8.85612	8.95752	8.94935	8.74892	8.67051	8.64988	8.79939
0.062975	8.91482	8.86395	8.87058	8.864	8.90284	8.77144	8.68151	8.69177	8.79737
0.06375	8.87996	8.80788	8.91074	8.85773	8.89262	8.72198	8.64324	8.69121	8.77041
0.0645375	8.77741	8.82168	8.84666	8.87963	8.92136	8.73426	8.72257	8.6969	8.74063
0.0653375	8.91004	8.84677	8.81237	8.90476	8.89834	8.70331	8.65607	8.7097	8.75668
0.0661375	8.84794	8.84179	8.87871	8.91092	8.86626	8.64642	8.65426	8.6998	8.76793
0.0669375	8.84898	8.84275	8.80918	8.83219	8.943	8.65108	8.59806	8.6658	8.79076
0.06775	8.81678	8.81234	8.86039	8.81416	8.84816	8.73637	8.60101	8.66682	8.7347
0.0685625	8.83254	8.90299	8.7656	8.8215	8.84312	8.67214	8.59851	8.64029	8.71884
0.0693875	8.84614	8.87212	8.83451	8.89751	8.88593	8.74808	8.60279	8.66966	8.72127
0.0702125	8.84098	8.84063	8.80132	8.87756	8.87593	8.67919	8.6177	8.65381	8.74055
0.07105	8.92445	8.83302	8.75264	8.85151	8.90363	8.69676	8.64608	8.69429	8.75903
0.0718875	8.78222	8.83134	8.86728	8.80395	8.80172	8.66813	8.6072	8.64023	8.72487
0.0727375	8.84762	8.78649	8.804	8.79981	8.77396	8.69082	8.62634	8.65663	8.70497
0.0735875	8.84026	8.7742	8.79362	8.83303	8.85013	8.72752	8.5417	8.57932	8.72794
0.0744375	8.80023	8.78384	8.75843	8.80921	8.83079	8.66878	8.56196	8.60944	8.73275
0.0753	8.83132	8.78459	8.74269	8.9267	8.80328	8.69366	8.5802	8.57222	8.66305
0.076175	8.78713	8.78727	8.76603	8.83127	8.78661	8.64349	8.5453	8.55206	8.72742
0.07705	8.82002	8.72294	8.738	8.80322	8.75903	8.71781	8.54343	8.56962	8.70654
0.077925	8.80052	8.78881	8.69305	8.80624	8.75942	8.66267	8.65112	8.61886	8.64724
0.0788125	8.7697	8.72415	8.77463	8.8435	8.81977	8.65277	8.54484	8.61973	8.65319
0.0797125	8.76248	8.72774	8.75541	8.78518	8.77112	8.6295	8.57548	8.68721	8.68331
0.0806125	8.77729	8.75581	8.78143	8.78063	8.78137	8.57118	8.5778	8.56509	8.69815
0.0815125	8.81562	8.72076	8.7305	8.78446	8.74677	8.62166	8.4873	8.54604	8.70817
0.082425	8.6932	8.67409	8.70837	8.76875	8.7419	8.63377	8.58845	8.57674	8.68014
0.0833375	8.74426	8.70875	8.77633	8.7907	8.78026	8.62634	8.54272	8.55676	8.6003
0.0842625	8.76608	8.67397	8.70264	8.76208	8.78532	8.57902	8.56764	8.53719	8.62372
0.0852	8.71198	8.73404	8.69662	8.71336	8.73129	8.62982	8.47318	8.49791	8.70128
0.0861375	8.71336	8.73355	8.67451	8.75099	8.72704	8.63662	8.49798	8.49271	8.63981
0.087075	8.72158	8.70956	8.69156	8.70671	8.80057	8.56625	8.50557	8.53274	8.6274
0.088025	8.70925	8.75809	8.74628	8.70127	8.70564	8.59817	8.48751	8.51789	8.62098
0.0889875	8.71914	8.69837	8.70069	8.7396	8.71441	8.5728	8.49752	8.47117	8.61487
0.08995	8.74029	8.70579	8.65666	8.74597	8.72141	8.55182	8.50368	8.47234	8.59121
0.090925	8.72424	8.73745	8.69534	8.73199	8.66133	8.55483	8.4555	8.55386	8.62292
0.0919	8.67095	8.71494	8.64552	8.67663	8.67397	8.61497	8.47231	8.48616	8.56175
0.092875	8.70327	8.70893	8.65375	8.67588	8.70682	8.55512	8.46164	8.45365	8.62677
0.093875	8.71075	8.69892	8.62148	8.67749	8.74895	8.56109	8.48974	8.46977	8.58779
0.0948625	8.70219	8.66593	8.69632	8.69145	8.65918	8.60053	8.48757	8.51327	8.56958
0.095875	8.68571	8.65593	8.59447	8.70929	8.73098	8.58318	8.48029	8.45271	8.56827
0.0968875	8.63961	8.67148	8.64322	8.73319	8.6283	8.55763	8.42831	8.43586	8.53144
0.0979	8.63997	8.62724	8.66108	8.68421	8.71698	8.47112	8.43453	8.45166	8.56722
0.098925	8.63414	8.60242	8.62716	8.68197	8.65924	8.56903	8.46686	8.48053	8.56424
0.0999625	8.69337	8.65987	8.6333	8.6275	8.6662	8.5268	8.41298	8.41587	8.53803
0.101	8.66134	8.66715	8.61518	8.62787	8.6784	8.5415	8.36917	8.48052	8.58849
0.10205	8.62982	8.60111	8.63399	8.63391	8.65116	8.55264	8.45043	8.44636	8.52989
0.1031	8.63386	8.62542	8.60194	8.6881	8.69702	8.50108	8.41025	8.44269	8.56399
0.104162	8.66665	8.64367	8.59257	8.63699	8.63551	8.54365	8.46571	8.40854	8.56425
0.105225	8.65397	8.6054	8.59374	8.6744	8.62463	8.51556	8.41703	8.43592	8.54624
0.1063	8.65085	8.5521	8.59323	8.6205	8.60188	8.47916	8.38406	8.42067	8.49858
0.107387	8.66498	8.55498	8.6238	8.6181	8.62794	8.48067	8.40832	8.40106	8.5028
0.108475	8.62232	8.56543	8.52838	8.64843	8.60644	8.47182	8.39256	8.38759	8.53629
0.109575	8.60336	8.56343	8.56406	8.62031	8.61316	8.4533	8.3791	8.41945	8.57848
0.110688	8.57415	8.57979	8.55449	8.65617	8.62486	8.53114	8.40436	8.42439	8.477
0.1118	8.591	8.56575	8.58305	8.6106	8.58062	8.45523	8.37818	8.36382	8.49751
0.112912	8.60606	8.58549	8.52446	8.60834	8.64203	8.46937	8.38284	8.35369	8.50056
0.11405	8.56847	8.56098	8.56105	8.58253	8.60509	8.4298	8.30891	8.38178	8.49296
0.115188	8.57321	8.56755	8.56854	8.57844	8.58305	8.46656	8.35548	8.40457	8.49796
0.116325	8.58132	8.52643	8.51275	8.64272	8.60601	8.437	8.31956	8.37688	8.44425
0.117487	8.63231	8.52315	8.51912	8.58678	8.58764	8.47614	8.30645	8.38195	8.47832
0.118638	8.60654	8.5901	8.50795	8.5706	8.54713	8.45527	8.37476	8.35852	8.50133
0.119813	8.55072	8.52174	8.55193	8.56233	8.56717	8.47359	8.31013	8.37138	8.46335
0.120987	8.54456	8.528	8.56006	8.58301	8.54555	8.40596	8.32014	8.39044	8.41579
0.122175	8.5846	8.48507	8.58249	8.58868	8.5737	8.44012	8.3077	8.37191	8.46697
0.123362	8.55787	8.50502	8.5379	8.52778	8.57948	8.41202	8.31703	8.34077	8.44063
0.124575	8.61362	8.52336	8.53459	8.53336	8.52282	8.37971	8.28299	8.3306	8.45985
0.125775	8.49182	8.54033	8.51335	8.5167	8.55742	8.42319	8.30442	8.31103	8.39159
0.127	8.51491	8.50225	8.50627	8.55609	8.5237	8.42581	8.36178	8.31582	8.41995
0.128225	8.53492	8.49047	8.53816	8.56772	8.53199	8.43645	8.31627	8.29491	8.43581
0.129462	8.5125	8.49359	8.46109	8.51084	8.51071	8.4143	8.31596	8.32953	8.41502
0.1307	8.47483	8.50237	8.53005	8.59275	8.51112	8.39289	8.26063	8.32481	8.40473
0.131962	8.53854	8.50538	8.4924	8.49345	8.50452	8.38994	8.28238	8.30654	8.41325
0.133225	8.51088	8.47632	8.50121	8.55004	8.50949	8.38215	8.31383	8.28589	8.45382
0.134487	8.488	8.42114	8.44408	8.56007	8.48722	8.37569	8.25016	8.32732	8.40822
0.135762	8.51838	8.47512	8.48291	8.52798	8.53273	8.38133	8.267	8.32452	8.37561
0.13705	8.50379	8.46342	8.50498	8.53505	8.51331	8.37104	8.29914	8.31516	8.34978
0.13835	8.49083	8.47186	8.43608	8.47649	8.48709	8.40841	8.20615	8.27345	8.4165
0.139663	8.45207	8.44913	8.4992	8.49303	8.5168	8.34132	8.21017	8.28138	8.40671
0.140975	8.48198	8.43814	8.43987	8.52465	8.45459	8.37323	8.25377	8.28134	8.37261
0.1423	8.49394	8.45335	8.48569	8.52006	8.48779	8.36804	8.2647	8.23958	8.3461
0.143625	8.44038	8.48353	8.4491	8.52732	8.47625	8.35155	8.24916	8.22663	8.34842
0.144975	8.49434	8.42815	8.4395	8.48923	8.47085	8.35994	8.24323	8.24184	8.38908
0.146325	8.48534	8.41198	8.44938	8.47339	8.46773	8.35694	8.24335	8.26789	8.42365
0.147687	8.47169	8.42909	8.44041	8.43446	8.42564	8.32628	8.24239	8.24423	8.3884
0.14905	8.44652	8.44209	8.46134	8.46665	8.47868	8.37063	8.23956	8.26346	8.39247
0.150438	8.46664	8.4425	8.44373	8.46469	8.41235	8.33257	8.20853	8.23607	8.3207
0.151825	8.47689	8.47691	8.4134	8.46096	8.40396	8.35108	8.1888	8.23989	8.35373
0.153225	8.44843	8.39496	8.4058	8.45254	8.40579	8.3746	8.19225	8.25096	8.32735
0.154625	8.44386	8.38812	8.39381	8.44154	8.41632	8.34117	8.17255	8.23537	8.3722
0.15605	8.46865	8.44157	8.44124	8.39824	8.39398	8.33762	8.22059	8.2305	8.34142
0.157475	8.44472	8.44576	8.41372	8.43891	8.4145	8.32691	8.21703	8.20716	8.34702
0.158912	8.41376	8.4039	8.45916	8.43962	8.40433	8.30853	8.21872	8.20379	8.30891
0.160362	8.40678	8.38212	8.38585	8.45742	8.42429	8.3058	8.17017	8.18968	8.32351
0.161825	8.43856	8.41988	8.38947	8.41382	8.44482	8.29473	8.15511	8.16957	8.34204
0.163288	8.41196	8.37546	8.39697	8.42266	8.403	8.27474	8.17548	8.18813	8.2896
0.164762	8.37661	8.38462	8.36627	8.43356	8.4078	8.31925	8.1877	8.17219	8.30694
0.166263	8.37776	8.4012	8.33566	8.41735	8.39353	8.28654	8.16214	8.22948	8.30966
0.16775	8.34699	8.37379	8.38842	8.42006	8.38738	8.27028	8.21245	8.1945	8.31036
0.169262	8.41356	8.36196	8.36824	8.41481	8.38868	8.27045	8.16378	8.18019	8.27685
0.170787	8.33582	8.37677	8.36314	8.41718	8.36718	8.31107	8.15594	8.20353	8.2868
0.172312	8.41546	8.40611	8.33778	8.43071	8.33898	8.26829	8.15513	8.15774	8.2768
0.173863	8.38571	8.38889	8.38899	8.39721	8.43979	8.25993	8.14154	8.16354	8.2776
0.175413	8.39894	8.38094	8.36771	8.39836	8.34421	8.24943	8.16934	8.1411	8.29516
0.176975	8.36674	8.35491	8.33275	8.38852	8.33479	8.24311	8.12848	8.1585	8.3054
0.17855	8.3606	8.35159	8.32946	8.40706	8.37768	8.22995	8.15633	8.12591	8.27373
0.180125	8.41025	8.31659	8.33775	8.39822	8.39118	8.26839	8.12733	8.17438	8.26551
0.181725	8.39958	8.33999	8.34719	8.36894	8.34495	8.24022	8.12322	8.17869	8.29851
0.183325	8.37451	8.35503	8.33003	8.32049	8.38886	8.26881	8.1461	8.11495	8.25041
0.18495	8.3745	8.33911	8.31445	8.29981	8.37375	8.23837	8.10883	8.14054	8.23792
0.186575	8.32653	8.31909	8.34233	8.35574	8.37213	8.22304	8.15122	8.16907	8.28552
0.188212	8.3656	8.32961	8.31828	8.36096	8.33566	8.23757	8.11041	8.16467	8.26644
0.189863	8.33289	8.32725	8.3197	8.37141	8.3458	8.24482	8.11085	8.14976	8.24584
0.191525	8.3156	8.32031	8.32058	8.31834	8.35315	8.21079	8.11561	8.13576	8.23224
0.1932	8.32508	8.31227	8.33685	8.31396	8.28981	8.18938	8.07716	8.11753	8.2317
0.194888	8.33504	8.34029	8.32063	8.3899	8.34813	8.23263	8.1277	8.11973	8.27506
0.196588	8.32624	8.33171	8.29494	8.33984	8.32488	8.23454	8.10131	8.13952	8.25627
0.1983	8.28096	8.31862	8.33232	8.3156	8.34053	8.17972	8.08838	8.11323	8.22369
0.200013	8.3368	8.28214	8.28327	8.35378	8.32516	8.20637	8.08724	8.10989	8.23551
0.20175	8.32379	8.30294	8.29043	8.30525	8.32921	8.24994	8.09337	8.09976	8.22779
0.2035	8.30504	8.27909	8.33282	8.36228	8.2599	8.21295	8.05628	8.11399	8.21689
0.20525	8.2936	8.30655	8.30655	8.35912	8.29284	8.2038	8.09141	8.16055	8.24094
0.207025	8.3042	8.31115	8.30421	8.32674	8.30765	8.2184	8.0879	8.10133	8.24223
0.2088	8.29314	8.28366	8.29232	8.34282	8.27373	8.19532	8.06848	8.11693	8.20062
0.2106	8.30611	8.28248	8.31072	8.30876	8.27035	8.21003	8.0875	8.10457	8.21477
0.2124	8.28896	8.26798	8.29383	8.30765	8.26188	8.18512	8.07182	8.07302	8.21526
0.214225	8.31448	8.25267	8.2948	8.3246	8.27251	8.19658	8.08819	8.06798	8.19425
0.21605	8.2743	8.26922	8.23783	8.32208	8.27285	8.15217	8.07262	8.08554	8.20716
0.2179	8.28042	8.26304	8.29643	8.30431	8.25412	8.21095	8.07619	8.04738	8.22432
0.21975	8.29123	8.2927	8.2948	8.33098	8.29857	8.17183	8.06176	8.08303	8.18085
0.221625	8.2726	8.2776	8.27953	8.30739	8.27057	8.19124	8.06601	8.06296	8.20822
0.223513	8.27197	8.29804	8.23818	8.31171	8.24044	8.19607	8.03367	8.0662	8.16804
0.2254	8.27793	8.27055	8.25637	8.31187	8.28471	8.15026	8.0303	8.07096	8.18854
0.227313	8.25514	8.28038	8.27514	8.28435	8.28174	8.18545	8.04323	8.07536	8.1911
0.229237	8.26596	8.25843	8.23267	8.27702	8.23444	8.1868	8.03714	8.0548	8.18527
0.231175	8.28259	8.25758	8.2209	8.26214	8.26153	8.12677	8.03456	8.07962	8.19806
0.233125	8.28483	8.27305	8.25251	8.30437	8.24652	8.15448	8.035	8.0422	8.19506
0.235087	8.26801	8.26992	8.24434	8.2799	8.25685	8.1914	8.04247	8.02094	8.1785
0.237062	8.25113	8.30941	8.25182	8.30022	8.27089	8.15486	8.03047	8.01194	8.18312
0.23905	8.2742	8.25459	8.26458	8.25981	8.25099	8.18245	8.00444	8.07804	8.20483
0.24105	8.27034	8.25301	8.22458	8.2844	8.26287	8.17812	8.04628	8.04127	8.14969
0.243075	8.22991	8.25862	8.23521	8.23262	8.27631	8.14408	8.00937	8.03482	8.15602
0.2451	8.24288	8.26361	8.20249	8.24871	8.26075	8.13008	8.05341	8.03055	8.18976
0.24715	8.27281	8.27691	8.25161	8.26887	8.23026	8.1554	8.002	8.06712	8.1552
0.2492	8.22451	8.29249	8.26654	8.26718	8.19708	8.14697	7.99353	8.07528	8.13789
0.251275	8.22247	8.26579	8.24381	8.26288	8.2188	8.16815	8.0497	8.05885	8.15995
0.253363	8.24722	8.26024	8.23225	8.23206	8.26097	8.12418	8.02189	8.00714	8.15004
0.255475	8.24945	8.2717	8.2204	8.24377	8.25888	8.16393	8.03475	8.05767	8.16084
0.257587	8.24525	8.2573	8.22557	8.29758	8.23549	8.15837	8.00669	8.01511	8.17957
0.259725	8.24081	8.23557	8.23939	8.22123	8.25748	8.1183	8.02511	8.03473	8.15163
0.261862	8.25586	8.26251	8.22465	8.26524	8.27609	8.11715	7.99564	8.0462	8.13226
0.264025	8.23541	8.24382	8.20163	8.25248	8.2086	8.11011	8.02159	8.04271	8.15203
0.2662	8.21886	8.24005	8.24652	8.26172	8.23664	8.12051	8.00439	8.03932	8.13519
0.2684	8.2454	8.22526	8.1975	8.25647	8.24214	8.14335	7.98675	8.02656	8.09627
0.2706	8.2321	8.23492	8.2268	8.22522	8.23145	8.14348	8.00484	8.0317	8.12198
0.272825	8.2254	8.21794	8.22037	8.23683	8.21493	8.10896	7.98165	8.03915	8.13822
0.275063	8.20158	8.23689	8.20515	8.25459	8.2044	8.11612	7.99445	8.00285	8.14549
0.277312	8.23876	8.21423	8.20816	8.26817	8.19757	8.11529	7.99369	8.04986	8.16304
0.279588	8.23398	8.24709	8.20528	8.25464	8.21939	8.11286	8.00416	8.01165	8.14577
0.281875	8.22932	8.24694	8.21669	8.25342	8.20594	8.12149	7.98528	7.98196	8.1382
0.284175	8.20234	8.25022	8.21967	8.22906	8.1962	8.13197	8.01092	8.03356	8.1304
0.286487	8.21962	8.19966	8.21564	8.21748	8.20043	8.12905	8.02009	8.04686	8.13362
0.288825	8.2632	8.22603	8.19511	8.2129	8.21709	8.10832	8.01889	8.02711	8.12073
0.291175	8.23667	8.21178	8.21428	8.23135	8.18765	8.12362	8.01823	7.98494	8.11594
0.293537	8.2215	8.22318	8.19624	8.2215	8.1683	8.10558	7.99924	7.99552	8.08529
0.295913	8.22386	8.24085	8.21921	8.22339	8.21142	8.13841	7.96941	7.97566	8.10298
0.298312	8.22627	8.20894	8.22782	8.23958	8.19423	8.11343	7.99706	8.00286	8.12035
0.300725	8.20894	8.20386	8.22304	8.21385	8.18862	8.11781	7.98724	8.00016	8.12788
0.303162	8.21305	8.18532	8.19353	8.24605	8.19698	8.08424	7.9952	8.0043	8.11955
0.305613	8.17105	8.22393	8.21111	8.2002	8.21097	8.11132	7.98503	8.00723	8.11249
0.308075	8.22199	8.22045	8.15853	8.23947	8.18486	8.08679	7.98984	8.02719	8.10719
0.31055	8.21085	8.21191	8.16135	8.24345	8.23434	8.07117	7.99446	8.01255	8.12762
0.31305	8.20563	8.2202	8.21345	8.21545	8.18914	8.09891	8.01348	8.00622	8.13328
0.315575	8.20632	8.19685	8.20942	8.19371	8.23171	8.10066	7.99781	8.01952	8.10623
0.3181	8.20875	8.22044	8.2085	8.21168	8.21466	8.08943	8.00329	8.0211	8.11383
0.32065	8.1971	8.1916	8.19341	8.21827	8.21062	8.10791	7.97243	8.0252	8.09563
0.323225	8.20546	8.2148	8.20327	8.17797	8.21195	8.09122	7.99662	8.00509	8.0953
0.325812	8.18659	8.25051	8.19608	8.18201	8.19738	8.10359	7.97655	7.99592	8.11538
0.328413	8.24189	8.1945	8.20013	8.24759	8.21065	8.11285	8.00801	8.00341	8.1327
0.331037	8.22866	8.22559	8.19329	8.18473	8.18622	8.08802	7.99013	8.02836	8.12406
0.333675	8.23691	8.21276	8.17648	8.2055	8.17931	8.07054	7.99204	8.01988	8.09196
0.336338	8.21522	8.18927	8.21555	8.22024	8.17846	8.07198	7.97433	7.98791	8.11916
0.339013	8.21092	8.22576	8.21989	8.23631	8.17764	8.06078	7.9703	8.02256	8.08654
0.341713	8.19207	8.21211	8.13988	8.22707	8.20452	8.08075	7.97515	8.006	8.08847
0.344425	8.18218	8.20808	8.20522	8.19735	8.20105	8.10237	7.98671	8.00894	8.09782
0.347162	8.2279	8.23706	8.16514	8.20556	8.18371	8.09499	7.99339	8.01032	8.10315
0.349912	8.1999	8.21032	8.20543	8.20492	8.19017	8.09382	7.99023	8.01467	8.13371
0.352688	8.25321	8.17442	8.18764	8.19612	8.20395	8.11775	7.98294	7.98321	8.1089
0.355475	8.2238	8.20493	8.16123	8.20866	8.21651	8.08773	8.0173	8.00406	8.10037
0.358288	8.19311	8.19193	8.19396	8.20726	8.19992	8.09811	7.99248	8.02563	8.1512
0.361125	8.2143	8.19481	8.18041	8.21594	8.2156	8.11111	8.01003	7.9959	8.11982
0.363975	8.19464	8.1922	8.18692	8.18282	8.17843	8.07596	7.98833	7.98417	8.1359
0.366838	8.21369	8.21355	8.20449	8.18129	8.21326	8.07607	7.97054	8.01004	8.11355
0.369725	8.20113	8.21726	8.19321	8.20661	8.21301	8.08578	7.98349	8.02041	8.08592
0.372638	8.22981	8.18909	8.19008	8.21015	8.2116	8.07573	7.99122	8.03298	8.1085
0.375575	8.21681	8.23012	8.18153	8.19389	8.19204	8.09046	8.00929	8.0167	8.12759
0.378525	8.22855	8.19902	8.1953	8.22831	8.22686	8.07744	7.99297	7.9866	8.13441
0.381487	8.21066	8.17851	8.16277	8.20079	8.17253	8.13766	7.99236	8.00164	8.07552
0.384475	8.23013	8.21976	8.21166	8.20565	8.18054	8.06477	7.9795	8.02544	8.08955
0.387488	8.21265	8.21098	8.19767	8.22589	8.21062	8.09271	8.01761	7.9991	8.09477
0.390525	8.23752	8.20458	8.23248	8.22521	8.21864	8.10166	8.00099	8.00572	8.09731
0.393575	8.21221	8.2091	8.19574	8.1717	8.206	8.06421	7.99998	8.01552	8.11021
0.39665	8.2292	8.18477	8.1601	8.18908	8.199	8.10368	7.96895	8.02428	8.09331
0.39975	8.23072	8.22077	8.1789	8.16421	8.21116	8.09765	7.99741	7.99902	8.11766
0.402862	8.24116	8.19896	8.19876	8.21318	8.20902	8.08127	7.97035	8.00108	8.11632
0.406	8.2224	8.24197	8.21947	8.21272	8.18898	8.07907	7.95647	8.01396	8.10127
0.409162	8.20004	8.20598	8.22019	8.21973	8.20515	8.08898	7.98818	8.03932	8.07304
0.41235	8.19447	8.20549	8.17873	8.21614	8.22574	8.12483	7.99469	7.99763	8.08068
0.41555	8.22171	8.19558	8.20043	8.22633	8.22613	8.0807	7.98011	8.02228	8.09857
0.418775	8.24296	8.20483	8.2112	8.23781	8.22386	8.07822	7.98963	8.02977	8.10819
0.422025	8.22104	8.17803	8.1873	8.23463	8.21067	8.09808	7.98316	8.00364	8.10708
0.4253	8.21741	8.19753	8.20911	8.20057	8.17904	8.09785	7.99369	8.00411	8.08804
0.4286	8.21335	8.19237	8.19682	8.21867	8.21572	8.09896	7.98441	8.018	8.12136
0.431913	8.19829	8.2159	8.21562	8.21858	8.21177	8.09852	7.98503	8.02141	8.11785
0.43525	8.23002	8.19823	8.20248	8.19884	8.22603	8.10309	7.98546	8.03526	8.12096
0.438612	8.2471	8.21985	8.19778	8.23246	8.2198	8.11748	7.96453	8.01881	8.10736
0.442	8.21229	8.19368	8.24261	8.22031	8.21605	8.08632	7.97435	8.02302	8.11968
0.445412	8.22342	8.23054	8.20016	8.21831	8.21879	8.10322	7.99458	8.03576	8.13901
0.44885	8.21385	8.21607	8.22441	8.23033	8.23966	8.09722	7.97791	8.03876	8.1138
0.452312	8.21832	8.19146	8.21692	8.22686	8.22425	8.1122	7.98065	8.0491	8.11457
0.455788	8.23464	8.24035	8.19499	8.23371	8.21407	8.11652	7.98653	8.01896	8.13572
0.4593	8.22373	8.2201	8.19405	8.23717	8.21761	8.10579	7.99169	8.00578	8.12872
0.462825	8.23057	8.19634	8.20763	8.26505	8.24251	8.13053	8.02895	8.03048	8.13033
0.466375	8.232	8.22567	8.21036	8.23318	8.25665	8.10472	8.00253	8.05801	8.15365
0.469963	8.2573	8.22333	8.23118	8.24165	8.21822	8.0905	8.00319	8.01119	8.15953
0.473563	8.22682	8.1918	8.23365	8.25515	8.20888	8.10336	7.98091	8.02238	8.13279
0.477188	8.19057	8.19051	8.23457	8.23055	8.21387	8.09815	7.98998	8.02584	8.14795
0.48085	8.21858	8.2092	8.23001	8.25094	8.23575	8.13103	8.01166	8.03624	8.13518
0.484525	8.25168	8.21327	8.20478	8.27028	8.23732	8.12645	8.04332	8.00036	8.14809
0.488238	8.23622	8.226	8.21702	8.22691	8.25067	8.12924	8.01879	8.03303	8.16392
0.491962	8.24995	8.22693	8.20086	8.24411	8.22608	8.11304	7.99102	8.01658	8.15256
0.495725	8.23443	8.22949	8.24061	8.27284	8.22678	8.13852	7.98717	8.02499	8.14897
0.4995	8.24537	8.22416	8.23133	8.25248	8.2486	8.1408	7.99784	8.01904	8.16345
0.503313	8.24512	8.23704	8.23179	8.24362	8.22997	8.16377	7.97437	8.03979	8.11856
0.50715	8.26268	8.21626	8.21979	8.2753	8.22653	8.13474	7.99283	8.02779	8.14971
0.511012	8.27859	8.25296	8.23132	8.22696	8.27183	8.15292	7.99207	8.02715	8.16901
0.5149	8.28177	8.23979	8.21335	8.27455	8.24451	8.14629	7.99512	8.03035	8.16256
0.518812	8.24971	8.22752	8.24272	8.24547	8.24227	8.14032	8.0033	8.00725	8.15916
0.522762	8.24283	8.23802	8.24537	8.25199	8.24222	8.16965	8.01946	8.05631	8.17778
0.526725	8.23927	8.23538	8.2433	8.26215	8.2423	8.14926	8.00935	8.04872	8.1843
0.530725	8.24456	8.23151	8.22632	8.26388	8.25528	8.14519	8.02293	8.06385	8.16899
0.53475	8.25646	8.23149	8.23113	8.27388	8.23474	8.14834	8.02605	8.05948	8.19704
0.5388	8.23997	8.23283	8.22651	8.26041	8.24269	8.15575	8.03703	8.03298	8.17281
0.542888	8.24434	8.22213	8.23444	8.25381	8.26537	8.17861	8.03378	8.04961	8.17716
0.547	8.23699	8.22455	8.26849	8.28822	8.25469	8.17964	8.02865	8.05163	8.15928
0.551138	8.25121	8.25332	8.25291	8.25009	8.24535	8.16386	8.02834	8.05182	8.15828
0.5553	8.27308	8.24443	8.26855	8.25496	8.24066	8.16757	8.03847	8.05405	8.19638
0.5595	8.26961	8.27259	8.24783	8.23917	8.27718	8.17065	8.04277	8.07514	8.1663
0.563725	8.24949	8.25802	8.27289	8.26257	8.26041	8.16796	8.04641	8.03527	8.16412
0.567975	8.2699	8.25043	8.24254	8.2564	8.26762	8.15527	8.04418	8.06222	8.16527
0.572263	8.25374	8.26754	8.24702	8.25523	8.25044	8.17533	8.03961	8.05942	8.19906
0.576575	8.26324	8.23753	8.26883	8.27646	8.27816	8.17458	8.06175	8.05546	8.18314
0.580912	8.26108	8.2565	8.29153	8.28422	8.30573	8.20292	8.0512	8.06382	8.19152
0.585288	8.28679	8.26961	8.27452	8.27415	8.26141	8.13977	8.04153	8.07346	8.20222
0.589688	8.26775	8.27726	8.27571	8.29621	8.27531	8.17313	8.04519	8.07055	8.1968
0.594125	8.26282	8.2839	8.24229	8.28829	8.27089	8.18414	8.02709	8.07771	8.20206
0.598588	8.27602	8.28788	8.26252	8.30915	8.2641	8.18968	8.04459	8.1043	8.20539
0.603087	8.25923	8.28996	8.2568	8.27443	8.27732	8.20938	8.04063	8.08898	8.21209
0.607612	8.29896	8.28854	8.26389	8.29255	8.27462	8.21512	8.05948	8.0692	8.19821
0.612175	8.27206	8.29018	8.30332	8.32277	8.28175	8.17365	8.0508	8.10327	8.21909
0.616763	8.2599	8.29694	8.27522	8.31245	8.27917	8.18545	8.07089	8.08541	8.23385
0.621387	8.28293	8.29967	8.26674	8.29484	8.28338	8.18925	8.06228	8.13472	8.23058
0.626037	8.28146	8.28268	8.26875	8.28911	8.29308	8.19487	8.07911	8.1022	8.22204
0.630725	8.30292	8.31295	8.26769	8.29908	8.30002	8.20752	8.03915	8.12773	8.26255
0.635437	8.30425	8.31903	8.27212	8.30186	8.28802	8.186	8.07016	8.08541	8.20017
0.640188	8.30785	8.30467	8.298	8.31096	8.30993	8.20571	8.07596	8.09447	8.21724
0.644975	8.2895	8.31044	8.28313	8.3482	8.31344	8.18854	8.08872	8.11743	8.23072
0.649787	8.29228	8.30305	8.30123	8.30392	8.29835	8.21728	8.05752	8.10374	8.20989
0.65465	8.32324	8.29896	8.284	8.30261	8.29583	8.19997	8.0859	8.12303	8.22513
0.659525	8.31702	8.31121	8.2687	8.33091	8.32316	8.19205	8.105	8.14074	8.2359
0.66445	8.33748	8.31617	8.29332	8.31414	8.33914	8.18501	8.09041	8.14216	8.20595
0.6694	8.29844	8.30529	8.30654	8.32	8.32545	8.23341	8.11957	8.11755	8.25333
0.674388	8.33316	8.3189	8.32916	8.33057	8.33383	8.21247	8.08975	8.12249	8.25631
0.679412	8.34729	8.31629	8.28547	8.32181	8.33175	8.22647	8.09209	8.15016	8.25688
0.684462	8.30535	8.34924	8.31876	8.33161	8.35042	8.19954	8.11946	8.1265	8.26662
0.68955	8.32258	8.33902	8.30156	8.33254	8.3437	8.22134	8.11153	8.12723	8.2523
0.694675	8.34829	8.31747	8.30978	8.32455	8.3577	8.22913	8.15223	8.15863	8.25511
0.699838	8.35847	8.33832	8.32835	8.33308	8.33481	8.21286	8.14735	8.16293	8.24508
0.705037	8.33442	8.33856	8.34699	8.36149	8.35041	8.21971	8.14184	8.15269	8.25486
0.710275	8.34261	8.36004	8.32778	8.35939	8.37701	8.24132	8.12503	8.14757	8.24407
0.715537	8.34745	8.32626	8.32154	8.34618	8.3534	8.23753	8.14377	8.16713	8.25909
0.72085	8.36788	8.33694	8.33615	8.34987	8.37553	8.2232	8.16297	8.15995	8.26889
0.726188	8.35308	8.33973	8.3636	8.33919	8.36062	8.26915	8.17186	8.16424	8.28233
0.731575	8.37947	8.34873	8.34868	8.36639	8.37258	8.24465	8.14899	8.16913	8.25937
0.736987	8.36133	8.35602	8.35128	8.36897	8.3782	8.25291	8.12033	8.18583	8.26452
0.74245	8.4005	8.3664	8.36383	8.37652	8.37557	8.24715	8.16455	8.16586	8.28002
0.747938	8.37278	8.36939	8.36938	8.36044	8.37998	8.25696	8.15984	8.18711	8.2953
0.753475	8.3795	8.34137	8.3612	8.38645	8.41183	8.2352	8.15114	8.17018	8.27588
0.759037	8.38043	8.35172	8.38305	8.37978	8.38615	8.26063	8.16371	8.19363	8.2764
0.76465	8.40233	8.36231	8.38126	8.39146	8.39218	8.25182	8.16089	8.19365	8.28833
0.7703	8.39135	8.37775	8.35285	8.3815	8.41088	8.24821	8.1525	8.19329	8.28562
0.775975	8.39415	8.37381	8.3797	8.40053	8.37243	8.26349	8.163	8.18842	8.26155
0.781712	8.41018	8.37385	8.3776	8.37886	8.40043	8.27328	8.15109	8.20362	8.28165
0.787475	8.40341	8.37499	8.38319	8.41099	8.41447	8.27815	8.17513	8.18459	8.31828
0.793275	8.40452	8.37321	8.39474	8.40834	8.41102	8.27742	8.15469	8.1949	8.29345
0.799125	8.39396	8.39053	8.38503	8.40463	8.41766	8.29938	8.18105	8.19423	8.30745
0.805013	8.41017	8.36812	8.39042	8.43623	8.42206	8.30507	8.17243	8.20233	8.34815
0.810938	8.40505	8.37753	8.39886	8.42917	8.4179	8.29353	8.19297	8.22676	8.33112
0.8169	8.41884	8.37983	8.38508	8.42207	8.43256	8.30492	8.18578	8.21194	8.32422
0.822913	8.42768	8.39446	8.40462	8.43142	8.41305	8.29648	8.17047	8.22669	8.34015
0.828963	8.43333	8.42227	8.4152	8.40782	8.42798	8.31551	8.17787	8.21927	8.31744
0.83505	8.43019	8.39432	8.40666	8.42554	8.41392	8.31866	8.20015	8.21374	8.30831
0.841187	8.42949	8.37536	8.40881	8.43176	8.42949	8.32852	8.21082	8.23883	8.33098
0.847363	8.43415	8.40783	8.40237	8.42363	8.44062	8.33048	8.21615	8.23013	8.33109
0.853588	8.41748	8.4092	8.42015	8.45785	8.4588	8.31284	8.19112	8.24861	8.35092
0.85985	8.43052	8.43093	8.4302	8.45515	8.44913	8.33603	8.21493	8.22851	8.35876
0.866162	8.43998	8.41482	8.41009	8.43276	8.44009	8.3489	8.21567	8.24036	8.3584
0.872513	8.43624	8.41387	8.40803	8.45798	8.4597	8.35762	8.20983	8.23244	8.35507
0.8789	8.41745	8.41346	8.42771	8.45117	8.45854	8.36318	8.20224	8.26074	8.34994
0.885337	8.46397	8.44059	8.43299	8.45778	8.45135	8.37492	8.23052	8.23128	8.36798
0.891825	8.44931	8.43973	8.42802	8.47803	8.4764	8.35158	8.2208	8.23385	8.35964
0.89835	8.44116	8.43978	8.44259	8.46615	8.45886	8.35545	8.22355	8.2268	8.38036
0.904925	8.46263	8.44451	8.4493	8.45637	8.46865	8.36577	8.23286	8.25006	8.37502
0.91155	8.44946	8.44185	8.44078	8.45953	8.45544	8.36202	8.23724	8.25673	8.39936
0.918212	8.47694	8.43539	8.45672	8.45149	8.46841	8.35612	8.24087	8.2724	8.39593
0.924925	8.45749	8.46603	8.45005	8.48414	8.48587	8.37587	8.24753	8.28566	8.39094
0.931675	8.48234	8.4681	8.45356	8.49505	8.46836	8.38292	8.26597	8.27606	8.39138
0.938488	8.46505	8.45368	8.48646	8.47757	8.48565	8.36063	8.24684	8.29566	8.40241
0.945337	8.46468	8.48258	8.47282	8.47771	8.51148	8.38397	8.23256	8.28595	8.4196
0.952237	8.4901	8.46839	8.47256	8.49364	8.48554	8.40041	8.25549	8.28562	8.40785
0.959188	8.49235	8.47717	8.47511	8.48241	8.49188	8.39941	8.26143	8.30393	8.41923
0.966175	8.48602	8.46722	8.47994	8.5045	8.50925	8.3736	8.26333	8.32357	8.40225
0.973225	8.48599	8.49248	8.49263	8.50406	8.50322	8.42984	8.26433	8.29432	8.42652
0.980313	8.50146	8.49416	8.4984	8.49329	8.49747	8.39462	8.29359	8.29113	8.40645
0.987463	8.49902	8.49309	8.48574	8.50293	8.49437	8.39932	8.25836	8.32501	8.41523
0.99465	8.48695	8.5046	8.47101	8.51169	8.52333	8.39578	8.27623	8.31165	8.44117
1.00189	8.49565	8.50767	8.50947	8.51039	8.5138	8.40124	8.27844	8.31309	8.41634
1.00917	8.5037	8.51919	8.47843	8.53909	8.51934	8.39825	8.29649	8.30556	8.40605
1.01653	8.51536	8.52717	8.50492	8.52468	8.55583	8.41677	8.29705	8.33876	8.43877
1.02391	8.52686	8.51749	8.50844	8.53251	8.51763	8.41288	8.31373	8.33427	8.44863
1.03136	8.51727	8.52583	8.50386	8.53607	8.51336	8.41921	8.3102	8.3386	8.43653
1.03885	8.53129	8.53283	8.50668	8.52152	8.54411	8.42556	8.31261	8.35536	8.44717
1.0464	8.55299	8.49901	8.49489	8.52242	8.55117	8.43164	8.32672	8.36156	8.45942
1.054	8.53108	8.53032	8.51187	8.53061	8.56216	8.44529	8.32466	8.3544	8.45428
1.06165	8.54785	8.55001	8.54347	8.54214	8.54949	8.43528	8.33764	8.39596	8.44337
1.06936	8.56986	8.52819	8.53069	8.53553	8.56386	8.44552	8.34354	8.36348	8.46067
1.07712	8.54962	8.56589	8.51286	8.55332	8.5471	8.45001	8.34736	8.38979	8.47864
1.08494	8.56016	8.57198	8.53223	8.55551	8.55784	8.4433	8.34496	8.37358	8.47049
1.0928	8.59326	8.57525	8.53972	8.56769	8.58507	8.46271	8.3539	8.37365	8.46968
1.10073	8.5792	8.54966	8.55585	8.5667	8.58565	8.45117	8.36401	8.38845	8.45588
1.1087	8.57654	8.54465	8.57157	8.57481	8.56499	8.46603	8.36006	8.38458	8.47112
1.11672	8.59029	8.57086	8.54813	8.57895	8.59668	8.4758	8.36615	8.38947	8.48145
1.12481	8.58954	8.58115	8.56944	8.57303	8.57565	8.46818	8.37339	8.41351	8.49332
1.13296	8.597	8.55759	8.57621	8.59103	8.58552	8.47188	8.35353	8.41764	8.48481
1.14116	8.60252	8.57036	8.56026	8.597	8.59903	8.48563	8.3797	8.41333	8.50029
1.14941	8.62142	8.5745	8.56751	8.59943	8.58665	8.47861	8.37024	8.41059	8.5074
1.15772	8.60176	8.58884	8.57597	8.61135	8.59818	8.50093	8.38053	8.41705	8.51358
1.1661	8.60434	8.56513	8.60119	8.63113	8.62674	8.50728	8.38853	8.42085	8.5327
1.17454	8.61873	8.604	8.59038	8.59713	8.61608	8.50189	8.38679	8.40561	8.53434
1.18303	8.6232	8.58256	8.61319	8.61067	8.62062	8.50721	8.41601	8.41011	8.53648
1.19156	8.62133	8.60521	8.61432	8.64102	8.61501	8.51104	8.39708	8.42017	8.53094
1.20018	8.61426	8.59971	8.60775	8.62549	8.63495	8.51408	8.41356	8.43465	8.52831
1.20884	8.61145	8.59903	8.61629	8.66032	8.62912	8.52277	8.39023	8.4302	8.5332
1.21756	8.6449	8.59838	8.61718	8.64963	8.63453	8.53028	8.39881	8.41659	8.54816
1.22635	8.64002	8.60945	8.62691	8.65906	8.63634	8.55191	8.41587	8.41673	8.54686
1.2352	8.62494	8.61448	8.62366	8.67378	8.6249	8.55786	8.40006	8.43792	8.56796
1.24411	8.63251	8.61596	8.64278	8.66132	8.64239	8.55882	8.41575	8.45419	8.58202
1.25308	8.63906	8.61529	8.64765	8.6412	8.64194	8.53509	8.41826	8.43469	8.57405
1.26211	8.64028	8.63832	8.61878	8.63851	8.65057	8.55234	8.42624	8.45474	8.58054
1.2712	8.6605	8.61816	8.64494	8.64589	8.64711	8.54564	8.43072	8.45927	8.569
1.28036	8.6592	8.64046	8.63036	8.66425	8.66679	8.5663	8.42794	8.47204	8.5815
1.28959	8.65813	8.63886	8.64355	8.67378	8.68009	8.56201	8.43113	8.48541	8.5854
1.29887	8.67027	8.64927	8.65155	8.65363	8.6747	8.5681	8.46828	8.45316	8.58868
1.30823	8.64953	8.64599	8.64853	8.67456	8.64618	8.57105	8.44074	8.47269	8.58806
1.31764	8.67032	8.64598	8.66332	8.66957	8.66496	8.56838	8.45849	8.49917	8.60139
1.32711	8.67856	8.6545	8.6737	8.67828	8.68518	8.57178	8.4452	8.50242	8.60785
1.33666	8.6723	8.65939	8.67007	8.6873	8.68813	8.58723	8.46156	8.50727	8.61892
1.34627	8.67495	8.67614	8.6767	8.69076	8.6909	8.5954	8.47437	8.49166	8.60357
1.35595	8.70032	8.69278	8.67454	8.70434	8.70466	8.59968	8.48681	8.49736	8.61487
1.3657	8.70968	8.69473	8.6623	8.70737	8.68876	8.60218	8.47423	8.52279	8.61032
1.37551	8.71661	8.68593	8.67231	8.69145	8.71085	8.61473	8.48793	8.5433	8.6314
1.38539	8.69378	8.70803	8.68361	8.70924	8.7074	8.60393	8.50614	8.51227	8.61645
1.39534	8.7092	8.70537	8.68653	8.71961	8.70875	8.60188	8.49329	8.52851	8.63446
1.40536	8.72054	8.70406	8.69047	8.72288	8.71461	8.61152	8.51308	8.53854	8.62582
1.41545	8.72736	8.70553	8.71638	8.73092	8.72585	8.63026	8.51471	8.54563	8.62664
1.4256	8.7415	8.73497	8.69578	8.72439	8.74238	8.60578	8.51364	8.54653	8.6355
1.43584	8.73789	8.72927	8.70947	8.73833	8.73633	8.62156	8.52186	8.55729	8.65448
1.44614	8.751	8.73856	8.71172	8.74569	8.75738	8.6218	8.53834	8.56041	8.65794
1.4565	8.75163	8.74802	8.71942	8.7547	8.7698	8.62534	8.52973	8.56631	8.63071
1.46695	8.75329	8.73609	8.71167	8.75031	8.78048	8.63193	8.54074	8.55129	8.66214
1.47746	8.78096	8.73858	8.73218	8.76659	8.76488	8.63158	8.552	8.55634	8.66715
1.48805	8.78386	8.73813	8.7463	8.77117	8.77581	8.64763	8.54937	8.58323	8.65446
1.49871	8.75963	8.73723	8.75179	8.76808	8.7703	8.64968	8.53305	8.57411	8.68529
1.50945	8.79496	8.74055	8.75455	8.78804	8.78659	8.65135	8.55841	8.57808	8.67691
1.52025	8.77999	8.74582	8.74788	8.78193	8.78709	8.66521	8.55673	8.5768	8.68475
1.53114	8.79049	8.74602	8.74995	8.78779	8.80803	8.682	8.54486	8.60247	8.67461
1.5421	8.78814	8.76159	8.76931	8.80092	8.78114	8.67239	8.55276	8.61253	8.70895
1.55314	8.78648	8.75219	8.77186	8.80475	8.79272	8.66657	8.55573	8.60693	8.70602
1.56425	8.8032	8.75637	8.7639	8.79861	8.80437	8.68758	8.55277	8.60076	8.70625
1.57544	8.79149	8.77241	8.76825	8.79733	8.80755	8.70971	8.56769	8.61402	8.70908
1.5867	8.81903	8.77599	8.78041	8.8088	8.80489	8.69606	8.5771	8.60929	8.71827
1.59805	8.79423	8.78639	8.7908	8.8253	8.81022	8.69358	8.5819	8.61389	8.73144
1.60948	8.80862	8.79932	8.7878	8.82015	8.82194	8.70763	8.60138	8.62005	8.73782
1.62098	8.82067	8.79207	8.80337	8.81108	8.82556	8.70997	8.5932	8.61413	8.74702
1.63256	8.80716	8.79746	8.80808	8.82558	8.81916	8.7076	8.5986	8.62888	8.72448
1.64423	8.81069	8.80744	8.79794	8.82737	8.82915	8.72014	8.57742	8.63053	8.75009
1.65596	8.81543	8.8135	8.81972	8.84596	8.81847	8.73292	8.58938	8.62648	8.76092
1.66779	8.81422	8.81835	8.79967	8.84784	8.83787	8.7253	8.61353	8.63665	8.7523
1.6797	8.83274	8.83271	8.81939	8.84091	8.8325	8.73675	8.61555	8.66161	8.7566
1.69169	8.83227	8.83118	8.82219	8.82658	8.8431	8.72031	8.6226	8.63509	8.75749
1.70376	8.84089	8.84296	8.82608	8.85821	8.83151	8.73332	8.61938	8.64365	8.7694
1.71591	8.84078	8.85738	8.82404	8.85827	8.84397	8.73693	8.62624	8.66432	8.73788
1.72816	8.85788	8.83483	8.83813	8.87107	8.86529	8.75038	8.63925	8.67392	8.76946
1.74049	8.8744	8.8551	8.8416	8.85927	8.87531	8.74023	8.64667	8.67863	8.78854
1.75289	8.87177	8.86159	8.84089	8.86383	8.86781	8.75007	8.65274	8.67494	8.7892
1.76539	8.87702	8.86022	8.84985	8.86172	8.88374	8.76244	8.65842	8.69425	8.78458
1.77797	8.85881	8.86791	8.84029	8.89162	8.88796	8.76888	8.66802	8.69855	8.79153
1.79065	8.88753	8.87185	8.85262	8.87921	8.90569	8.75351	8.66839	8.70363	8.80073
1.8034	8.89221	8.87832	8.86205	8.89228	8.89261	8.75371	8.68322	8.72254	8.79655
1.81625	8.90856	8.87296	8.86811	8.89097	8.90151	8.77816	8.67668	8.71223	8.82198
1.82919	8.90191	8.8825	8.8696	8.89491	8.91302	8.77632	8.67959	8.71411	8.80241
1.84221	8.91033	8.8964	8.87957	8.904	8.90957	8.78596	8.6887	8.72014	8.81191
1.85532	8.91039	8.90213	8.87828	8.92065	8.92124	8.78678	8.68254	8.74021	8.82407
1.86854	8.9246	8.88193	8.88599	8.92869	8.90883	8.78877	8.70768	8.72701	8.83303
1.88184	8.91817	8.89341	8.89309	8.9508	8.92483	8.79259	8.68954	8.7188	8.83542
1.89523	8.92104	8.90962	8.90967	8.93022	8.934	8.82254	8.69159	8.73325	8.84396
1.90871	8.92543	8.90843	8.89604	8.94035	8.92782	8.83392	8.71152	8.74426	8.85325
1.92229	8.92241	8.91214	8.90502	8.95351	8.95002	8.84247	8.7069	8.75681	8.86307
1.93596	8.94414	8.91211	8.93661	8.95059	8.93616	8.82629	8.70748	8.74695	8.8603
1.94973	8.92945	8.91292	8.93088	8.94668	8.95883	8.84487	8.70573	8.75424	8.87894
1.96359	8.95026	8.91993	8.91911	8.95661	8.95692	8.85317	8.7165	8.7431	8.86103
1.97754	8.94378	8.91575	8.91972	8.95757	8.94734	8.85809	8.72061	8.76321	8.87013
1.9916	8.95906	8.92779	8.92999	8.97301	8.93705	8.84742	8.72585	8.74704	8.88919
2.00575	8.94358	8.92813	8.9366	8.9599	8.94951	8.85651	8.71758	8.77526	8.89375
2.02	8.95914	8.94799	8.94271	8.98209	8.97417	8.85584	8.74161	8.78573	8.90005
2.03435	8.94488	8.96124	8.92711	8.97233	8.9762	8.86086	8.73225	8.77751	8.89069
2.0488	8.96756	8.95127	8.95882	8.9736	8.97287	8.85964	8.75208	8.79912	8.88611
2.06334	8.96696	8.96666	8.96192	8.96798	8.98313	8.87001	8.74403	8.79448	8.90262
2.07799	8.96938	8.9693	8.96126	8.97977	8.98608	8.86552	8.75142	8.79703	8.90064
2.09274	8.98512	8.97337	8.95588	8.99675	8.99365	8.87382	8.77128	8.81284	8.90393
2.1076	8.9848	8.98034	8.97131	8.98446	9.00002	8.87762	8.77207	8.79816	8.91605
2.12255	9.00299	8.97552	8.97901	8.99551	9.00206	8.8722	8.79761	8.82117	8.91003
2.13761	8.99717	8.99344	8.97716	9.00701	9.00109	8.87885	8.78088	8.83149	8.91354
2.15278	9.01129	8.99314	8.98153	9.01337	9.03745	8.88634	8.80522	8.83463	8.91673
2.16804	9.01365	8.99463	8.99467	9.00806	9.03684	8.90296	8.80089	8.83511	8.92951
2.18341	9.04538	8.99846	8.99602	9.0142	9.03991	8.90925	8.81747	8.83535	8.94037
2.1989	9.03982	8.99034	8.99705	9.02531	9.03763	8.90887	8.81023	8.8362	8.93414
2.21449	9.04034	9.00017	9.00661	9.04216	9.0459	8.9177	8.8123	8.84432	8.9356
2.23019	9.04879	9.0136	9.02541	9.04759	9.06225	8.9203	8.81537	8.84712	8.93449
2.24599	9.05114	9.01521	9.02478	9.04929	9.05765	8.92849	8.81464	8.85996	8.93421
2.2619	9.04494	9.02356	9.03028	9.05377	9.05094	8.93743	8.81477	8.85653	8.95467
2.27793	9.04388	9.0157	9.02934	9.07118	9.06207	8.95188	8.8088	8.85018	8.96051
2.29406	9.04266	9.01182	9.02654	9.05564	9.06804	8.96479	8.82871	8.86082	8.982
2.31031	9.05161	9.02223	9.03569	9.07723	9.06858	8.96081	8.82272	8.86018	8.97235
2.32667	9.03468	9.03095	9.03163	9.06823	9.06381	8.96114	8.83848	8.87392	8.99119
2.34315	9.04723	9.05455	9.03353	9.07851	9.08158	8.96956	8.83097	8.87392	8.98459
2.35974	9.06257	9.04386	9.05291	9.0853	9.0584	8.97936	8.85087	8.87208	8.98158
2.37644	9.06381	9.04975	9.03951	9.07476	9.07769	8.96806	8.84307	8.89196	8.98917
2.39326	9.07366	9.05716	9.0436	9.08209	9.07296	8.96221	8.85274	8.88988	8.99246
2.4102	9.07461	9.07292	9.04794	9.0931	9.08453	8.9913	8.84926	8.8855	8.99293
2.42725	9.07655	9.08713	9.05824	9.09701	9.09443	8.96672	8.8787	8.8932	8.99563
2.44443	9.08059	9.08935	9.04733	9.10584	9.10313	8.97279	8.87279	8.90801	9.00475
2.46171	9.08905	9.08664	9.06285	9.1035	9.10689	8.97529	8.89718	8.9069	9.01661
2.47913	9.09643	9.0848	9.07081	9.10467	9.11556	8.97836	8.8859	8.91683	9.01063
2.49665	9.10563	9.08171	9.06974	9.11079	9.12219	8.99468	8.89665	8.93162	9.01649
2.51431	9.11213	9.0994	9.07632	9.12236	9.12839	8.98888	8.89594	8.94727	9.01659
2.53209	9.11256	9.09483	9.07289	9.1109	9.13977	8.99606	8.90071	8.94	9.0173
2.54997	9.1124	9.09806	9.08616	9.11783	9.13247	9.01367	8.8934	8.93975	9.01986
2.568	9.12555	9.10187	9.0881	9.11987	9.1338	9.00698	8.89937	8.93878	9.02332
2.58615	9.13255	9.10365	9.10383	9.12095	9.14089	9.00532	8.90873	8.95082	9.04007
2.60442	9.12638	9.10476	9.12078	9.14994	9.1484	9.03436	8.91694	8.95674	9.05364
2.62282	9.13083	9.10706	9.11408	9.14905	9.15848	9.03287	8.9174	8.96575	9.05984
2.64135	9.13482	9.1187	9.12194	9.15752	9.15404	9.04397	8.90574	8.95254	9.06401
2.66	9.14445	9.10924	9.10916	9.15991	9.15183	9.05398	8.92314	8.95605	9.06346
2.67879	9.13604	9.11327	9.10688	9.16164	9.16382	9.05475	8.93459	8.96892	9.07833
2.6977	9.14043	9.13394	9.11526	9.17141	9.15844	9.05441	8.93739	8.96401	9.08579
2.71675	9.15292	9.13938	9.11723	9.15954	9.15542	9.07609	8.94079	8.9665	9.08199
2.73592	9.14822	9.12704	9.12565	9.16814	9.17061	9.04552	8.9426	8.97637	9.07578
2.75524	9.14788	9.14633	9.12417	9.16661	9.15855	9.06937	8.94482	8.96924	9.08909
2.77469	9.1559	9.14954	9.12483	9.17296	9.15936	9.06467	8.94624	8.98637	9.10943
2.79426	9.17167	9.1619	9.13893	9.16826	9.17782	9.06564	8.9739	8.97934	9.08428
2.81398	9.16494	9.17111	9.14295	9.17565	9.17705	9.07924	8.96039	9.00993	9.0905
2.83384	9.18112	9.17233	9.1395	9.18447	9.19528	9.07708	8.97884	9.00561	9.11028
2.85383	9.18315	9.17116	9.16101	9.18474	9.19907	9.09119	8.99171	9.02031	9.10344
2.87395	9.19072	9.1727	9.16768	9.20193	9.21084	9.08608	8.99173	9.01343	9.10885
2.89421	9.19931	9.16739	9.17666	9.19597	9.21814	9.08819	8.98883	9.02743	9.10735
2.91462	9.21421	9.17094	9.18413	9.21682	9.22377	9.09752	9.00345	9.03367	9.10828
2.93517	9.20823	9.1845	9.18498	9.20975	9.22822	9.09376	8.97739	9.0208	9.11653
2.95586	9.21263	9.17647	9.19406	9.21562	9.22339	9.11338	8.99216	9.02889	9.12625
2.9767	9.21894	9.18078	9.19236	9.2358	9.21665	9.11177	8.99658	9.02674	9.12318
2.99769	9.21063	9.18136	9.17906	9.23226	9.20888	9.12987	8.98319	9.04088	9.13858
3.01881	9.22093	9.18629	9.18698	9.24269	9.21112	9.13696	8.99816	9.03636	9.1527
3.04009	9.21388	9.20259	9.19813	9.24008	9.23155	9.14259	9.00734	9.03903	9.15714
3.0615	9.21341	9.21229	9.20531	9.23701	9.22313	9.14583	9.00686	9.03313	9.16057
3.08308	9.20818	9.2183	9.20386	9.24263	9.22794	9.13015	9.00266	9.0468	9.17221
3.10479	9.22966	9.21988	9.20152	9.24148	9.24748	9.14869	9.01002	9.06191	9.17913
3.12665	9.22813	9.23627	9.19687	9.24898	9.24355	9.13874	9.02231	9.05329	9.16692
3.14867	9.23765	9.24088	9.21754	9.24914	9.24462	9.13094	9.03008	9.06274	9.1704
3.17085	9.24524	9.23699	9.22661	9.2446	9.25009	9.14846	9.03661	9.06912	9.17283
3.19318	9.24222	9.24083	9.21182	9.25569	9.25592	9.14645	9.05115	9.07925	9.17343
3.21565	9.25029	9.24882	9.21695	9.25635	9.27332	9.13945	9.05385	9.08287	9.17501
3.23829	9.25679	9.24644	9.233	9.25984	9.2792	9.14692	9.06247	9.09361	9.17025
3.26109	9.25936	9.23803	9.2397	9.26655	9.27981	9.15589	9.0544	9.10409	9.19003
3.28404	9.25827	9.24674	9.24334	9.27304	9.28267	9.16691	9.05677	9.09965	9.17919
3.30715	9.27604	9.25103	9.24077	9.27173	9.28553	9.17144	9.05586	9.10213	9.18988
3.33041	9.27223	9.25258	9.2602	9.28828	9.29386	9.18065	9.05615	9.10111	9.19943
3.35385	9.27206	9.24984	9.26783	9.28643	9.28201	9.19108	9.06969	9.1026	9.20576
3.37744	9.27813	9.26373	9.26405	9.29719	9.29453	9.1867	9.06754	9.10747	9.21457
3.4012	9.26711	9.25756	9.25839	9.30821	9.29717	9.19078	9.07415	9.10603	9.23779
3.42512	9.27652	9.28129	9.26169	9.30671	9.28588	9.19544	9.07598	9.11613	9.23204
3.44921	9.27804	9.28461	9.26171	9.30292	9.2999	9.18932	9.07746	9.11239	9.22721
3.47346	9.28433	9.29495	9.25822	9.30997	9.30378	9.19272	9.08703	9.11389	9.22091
3.49789	9.27923	9.28407	9.26679	9.30807	9.30655	9.1969	9.094	9.11631	9.22425
3.52249	9.30841	9.29459	9.26734	9.31562	9.31517	9.1978	9.10813	9.1285	9.23222
3.54725	9.30039	9.29263	9.28255	9.31049	9.31204	9.18862	9.10813	9.13458	9.24131
3.57218	9.31487	9.29729	9.27911	9.31258	9.33347	9.19802	9.11545	9.1532	9.23971
3.59729	9.32217	9.30514	9.28871	9.31987	9.35741	9.20541	9.13596	9.15536	9.23027
3.62258	9.3321	9.29885	9.29234	9.32978	9.34451	9.20666	9.117	9.15823	9.23733
3.64803	9.31976	9.29907	9.31425	9.34477	9.36253	9.21376	9.12033	9.16476	9.24046
3.67366	9.3371	9.30131	9.31351	9.35835	9.34341	9.223	9.11256	9.16845	9.25358
3.69948	9.32832	9.3117	9.31215	9.35773	9.35195	9.23164	9.11965	9.1649	9.25116
3.72546	9.33144	9.3128	9.3129	9.36333	9.35934	9.23333	9.11544	9.17418	9.27418
3.75164	9.3357	9.30892	9.32011	9.35637	9.3575	9.23535	9.13246	9.16756	9.28602
3.77799	9.33793	9.3231	9.31294	9.35474	9.35068	9.24889	9.11911	9.17153	9.28163
3.80451	9.33914	9.34101	9.31311	9.37448	9.35953	9.25101	9.13642	9.17344	9.27366
3.83124	9.33969	9.34704	9.3208	9.36836	9.37032	9.24897	9.13794	9.17638	9.28562
3.85814	9.35297	9.36432	9.32673	9.3708	9.36474	9.25251	9.15401	9.17985	9.28922
3.88523	9.35873	9.34773	9.33384	9.37691	9.37436	9.24693	9.16827	9.18974	9.28024
3.91251	9.36973	9.34592	9.33771	9.37119	9.38958	9.24807	9.17277	9.18906	9.29395
3.93998	9.37221	9.36212	9.34145	9.3763	9.39145	9.26385	9.17185	9.2016	9.28311
3.96762	9.39142	9.3566	9.3569	9.38413	9.39417	9.26321	9.17266	9.20345	9.29621
3.99548	9.36975	9.34946	9.36129	9.38611	9.39066	9.2561	9.17132	9.20985	9.29839
4.02353	9.38813	9.35568	9.36956	9.40373	9.38678	9.27303	9.17928	9.20789	9.30232
4.05176	9.36866	9.35497	9.36751	9.41288	9.39022	9.28172	9.17614	9.21215	9.30779
4.08019	9.38379	9.35708	9.37521	9.4229	9.41107	9.30053	9.17566	9.21441	9.3167
4.10883	9.38746	9.37999	9.36776	9.4108	9.40068	9.30466	9.1808	9.21542	9.31673
4.13765	9.39091	9.36947	9.36639	9.40818	9.41312	9.30032	9.17354	9.21308	9.32339
4.16668	9.39027	9.38295	9.37128	9.40026	9.40433	9.30568	9.18711	9.22083	9.32239
4.1959	9.3921	9.38439	9.37724	9.40963	9.40328	9.30039	9.18872	9.21827	9.32434
4.22534	9.39076	9.38231	9.3745	9.41525	9.40484	9.30543	9.20233	9.23705	9.32528
4.25497	9.40398	9.38855	9.36798	9.40555	9.43768	9.3031	9.20833	9.23732	9.33368
4.28481	9.41089	9.38754	9.38204	9.41768	9.44121	9.3022	9.20974	9.25496	9.32943
4.31486	9.43041	9.38671	9.38658	9.42153	9.44551	9.31587	9.21694	9.25599	9.3364
4.34511	9.42659	9.39755	9.40719	9.42213	9.44812	9.3098	9.21616	9.26031	9.32947
4.37558	9.42972	9.39304	9.40379	9.43675	9.44603	9.313	9.20999	9.25449	9.33205
4.40625	9.42631	9.38941	9.41306	9.44902	9.44262	9.32891	9.21854	9.2534	9.33107
4.43715	9.42498	9.39132	9.39621	9.43942	9.43843	9.32439	9.21311	9.26164	9.35551
4.46825	9.41533	9.39964	9.40877	9.44807	9.43882	9.32896	9.21003	9.25705	9.35508
4.49956	9.41843	9.4179	9.40213	9.43964	9.45288	9.34258	9.22366	9.25933	9.37121
4.5311	9.42408	9.42669	9.41552	9.44341	9.44829	9.33915	9.22247	9.2548	9.36931
4.56286	9.42818	9.43557	9.40887	9.45313	9.45212	9.33888	9.23511	9.26407	9.3616
4.59484	9.44081	9.43536	9.40548	9.45389	9.46883	9.34167	9.24447	9.27549	9.35427
4.62703	9.44545	9.42848	9.41274	9.44715	9.46631	9.33782	9.24918	9.28231	9.36384
4.65945	9.45238	9.42059	9.42268	9.45155	9.47649	9.33167	9.24899	9.28746	9.35216
4.69209	9.45286	9.42864	9.42629	9.45593	9.47895	9.34617	9.24594	9.29979	9.36676
4.72496	9.45825	9.42799	9.44619	9.45522	9.47814	9.34793	9.24604	9.29779	9.3677
4.75806	9.46346	9.42896	9.44049	9.48467	9.47771	9.35055	9.23883	9.29082	9.37841
4.79139	9.46387	9.42756	9.43924	9.48668	9.4733	9.35737	9.24867	9.29364	9.37746
4.82495	9.45407	9.42758	9.44477	9.48409	9.46923	9.36584	9.23776	9.29186	9.39689
4.85874	9.45717	9.44026	9.44293	9.47126	9.47563	9.38175	9.24815	9.29747	9.39603
4.89276	9.45981	9.44257	9.44105	9.47437	9.47144	9.35955	9.258	9.29294	9.39959
4.92702	9.45642	9.45021	9.42961	9.48293	9.47287	9.35579	9.2603	9.29828	9.3959
4.96152	9.47529	9.446	9.43481	9.48486	9.49701	9.36704	9.26455	9.31045	9.40179
4.99626	9.4855	9.44547	9.45247	9.47685	9.507	9.36116	9.2662	9.31921	9.39128
5.03124	9.48846	9.44852	9.45366	9.49085	9.51605	9.37184	9.27003	9.32778	9.40154
5.06646	9.49202	9.4451	9.46906	9.49635	9.5127	9.37216	9.27001	9.32649	9.38656
5.10192	9.48594	9.4381	9.46199	9.50478	9.50293	9.38368	9.27569	9.318	9.39647
5.13764	9.48923	9.44918	9.46057	9.50972	9.50096	9.3931	9.27435	9.32138	9.41084
5.1736	9.47188	9.45642	9.4615	9.5086	9.51033	9.39558	9.27365	9.32058	9.42462
5.20981	9.47225	9.46704	9.46385	9.50481	9.50953	9.39123	9.27825	9.32544	9.43464
5.24626	9.48765	9.48404	9.46356	9.50603	9.51388	9.39385	9.28694	9.31643	9.43181
5.28298	9.48815	9.48449	9.45534	9.50733	9.5164	9.39226	9.30742	9.32821	9.42447
5.31995	9.50417	9.47253	9.4554	9.49397	9.52444	9.38428	9.30403	9.33286	9.42967
5.35717	9.5076	9.4771	9.46815	9.498	9.52981	9.38796	9.30186	9.34268	9.41858
5.39465	9.50973	9.47827	9.4754	9.51385	9.53869	9.39219	9.29702	9.36305	9.42531
5.43239	9.50231	9.47791	9.47866	9.52346	9.53007	9.39876	9.3076	9.36018	9.42676
5.47039	9.51255	9.47709	9.49639	9.53391	9.53333	9.41163	9.30809	9.35123	9.44023
5.50866	9.50815	9.48047	9.4928	9.52742	9.52872	9.42841	9.29799	9.34662	9.44279
5.54719	9.50388	9.49674	9.4816	9.5307	9.53386	9.43119	9.30167	9.34309	9.44287
5.58599	9.49493	9.50797	9.48219	9.5282	9.5306	9.43311	9.30109	9.34439	9.4495
5.62505	9.51546	9.50731	9.49347	9.5217	9.53441	9.42727	9.31229	9.35065	9.45113
5.66439	9.51412	9.51916	9.48856	9.51755	9.5442	9.43016	9.31888	9.36364	9.44346
5.704	9.52788	9.50172	9.50092	9.52236	9.55453	9.42439	9.33197	9.36806	9.45402
5.74389	9.53407	9.50482	9.51069	9.53571	9.56816	9.42331	9.32858	9.37564	9.44854
5.78405	9.5273	9.49414	9.52545	9.53796	9.5626	9.43382	9.31964	9.37278	9.44827
5.82449	9.51993	9.51074	9.51787	9.54918	9.55041	9.4409	9.31918	9.37386	9.45343
5.86521	9.51661	9.51268	9.51379	9.56255	9.55639	9.44184	9.3276	9.37301	9.46215
5.90621	9.52552	9.51571	9.51873	9.56472	9.55357	9.44438	9.32558	9.36572	9.48387
5.9475	9.53054	9.53662	9.5083	9.55075	9.5519	9.44226	9.33553	9.35926	9.48025
5.98908	9.53167	9.53422	9.51682	9.55471	9.55651	9.44482	9.34284	9.36857	9.47095
6.03092	9.53406	9.53003	9.51383	9.54596	9.56931	9.43991	9.35264	9.38321	9.47201
6.07307	9.54354	9.52261	9.51518	9.54776	9.57759	9.44698	9.34812	9.39356	9.46179
6.11552	9.54417	9.52682	9.52458	9.55932	9.58035	9.44265	9.34614	9.39043	9.45943
6.15826	9.5429	9.51714	9.5375	9.57463	9.58156	9.44669	9.3396	9.40297	9.47719
6.2013	9.54194	9.52235	9.53062	9.58806	9.57141	9.46574	9.34104	9.38968	9.48367
6.24463	9.54147	9.53139	9.52951	9.57848	9.56713	9.4744	9.34611	9.38197	9.48238
6.28826	9.53649	9.53381	9.51716	9.57543	9.56815	9.47496	9.34523	9.38869	9.48543
6.3322	9.54752	9.54433	9.53117	9.57263	9.581	9.45824	9.3467	9.38553	9.48435
6.37644	9.55676	9.54967	9.51893	9.57934	9.58965	9.47169	9.36751	9.39942	9.49542
6.42098	9.57401	9.5401	9.53601	9.56774	9.59531	9.4632	9.36945	9.41991	9.48202
6.46584	9.57189	9.54696	9.53863	9.57869	9.61304	9.46511	9.36066	9.39886	9.48506
6.511	9.56161	9.5287	9.54619	9.58779	9.6119	9.47517	9.36549	9.39925	9.48923
6.55648	9.55501	9.54231	9.53956	9.58712	9.59934	9.47699	9.35686	9.40075	9.49499
6.60227	9.55584	9.54505	9.53967	9.58606	9.5923	9.48628	9.36024	9.40287	9.51284
6.64839	9.55813	9.55897	9.53613	9.58852	9.59822	9.48065	9.36161	9.39889	9.51315
6.69481	9.56297	9.56923	9.53425	9.57465	9.59907	9.46815	9.3747	9.4033	9.5169
6.74156	9.58341	9.5583	9.5337	9.5856	9.61209	9.47242	9.38937	9.41906	9.50818
6.78865	9.58904	9.55992	9.54253	9.59072	9.61967	9.46588	9.3806	9.41637	9.50598
6.83605	9.57651	9.55028	9.56284	9.58481	9.61845	9.46748	9.38911	9.42084	9.50777
6.88378	9.57117	9.55436	9.56037	9.59198	9.61508	9.48251	9.37748	9.41424	9.51509
6.93184	9.57732	9.55252	9.55944	9.60321	9.60811	9.49199	9.3781	9.41842	9.51844
6.98024	9.57832	9.56159	9.5569	9.5932	9.60143	9.49957	9.36321	9.41836	9.5304
7.02898	9.57598	9.57199	9.54767	9.58865	9.60165	9.49309	9.37982	9.41952	9.52513
7.07804	9.58461	9.57127	9.56199	9.59886	9.60911	9.48106	9.38554	9.42404	9.52012
7.12745	9.5991	9.56404	9.56161	9.59401	9.61579	9.482	9.40084	9.44543	9.51129
7.1772	9.59883	9.56807	9.57443	9.61023	9.62524	9.48806	9.38942	9.44156	9.51684
7.2273	9.59501	9.56586	9.57989	9.61127	9.61982	9.49867	9.38713	9.43743	9.52254
7.27774	9.59824	9.57538	9.57071	9.62024	9.61217	9.50761	9.38995	9.44255	9.52787
7.32854	9.58315	9.57011	9.57425	9.61271	9.62136	9.51075	9.39174	9.43024	9.54082
7.37967	9.58435	9.58913	9.57731	9.61251	9.61685	9.50007	9.39688	9.43388	9.546
7.43118	9.59739	9.60173	9.57189	9.6106	9.6204	9.49326	9.40234	9.43763	9.53435
7.48304	9.60248	9.59427	9.5737	9.61299	9.63167	9.48874	9.40929	9.45377	9.5283
7.53525	9.60509	9.57883	9.58103	9.62063	9.63863	9.5042	9.40192	9.45103	9.52365
7.58782	9.59956	9.58076	9.59573	9.6296	9.63458	9.50594	9.39659	9.45092	9.53156
7.64078	9.59927	9.58692	9.58798	9.63259	9.63429	9.53008	9.40319	9.45084	9.5385
7.69409	9.59726	9.59585	9.58428	9.62741	9.62144	9.52826	9.40324	9.4411	9.54418
7.74776	9.59586	9.6061	9.58426	9.62527	9.62845	9.51718	9.40241	9.44121	9.54664
7.80181	9.61441	9.60081	9.58016	9.61854	9.63205	9.51715	9.42045	9.4596	9.53813
7.85624	9.62271	9.59849	9.58064	9.63569	9.6539	9.5161	9.42325	9.46039	9.53658
7.91104	9.62339	9.58271	9.60193	9.63205	9.6558	9.52257	9.41077	9.46348	9.53355
7.96623	9.60754	9.58415	9.60349	9.63613	9.64523	9.52625	9.40551	9.45841	9.53527
8.02179	9.60511	9.59133	9.60204	9.63709	9.64373	9.53675	9.41093	9.4558	9.55233
8.07775	9.597	9.59947	9.58818	9.62591	9.63976	9.52946	9.41688	9.45479	9.56617
8.13409	9.61165	9.61207	9.59114	9.62846	9.6446	9.51971	9.42527	9.4587	9.55501
8.19081	9.62233	9.60254	9.58645	9.62278	9.66095	9.51477	9.43031	9.47006	9.54845
8.24794	9.61968	9.5958	9.59918	9.63625	9.664	9.50988	9.42756	9.47672	9.54722
8.30545	9.62051	9.59465	9.61413	9.64548	9.64997	9.52691	9.42245	9.46199	9.54715
8.36337	9.6101	9.59419	9.60511	9.64499	9.65131	9.54739	9.41758	9.46303	9.5568
8.42169	9.6125	9.61156	9.60399	9.64084	9.64717	9.53719	9.41673	9.46154	9.55841
8.48041	9.61336	9.61267	9.59783	9.63614	9.64497	9.53849	9.42616	9.47138	9.56088
8.53954	9.62665	9.6079	9.59847	9.62812	9.66528	9.52443	9.42996	9.48043	9.55908
8.59909	9.64033	9.60184	9.60332	9.63916	9.66659	9.52134	9.43475	9.47499	9.55574
8.65904	9.63353	9.60642	9.61719	9.6469	9.65996	9.54046	9.42749	9.47146	9.5531
8.7194	9.6249	9.60207	9.6132	9.64829	9.64754	9.53621	9.4188	9.46207	9.5607
8.78019	9.62285	9.61749	9.60237	9.64576	9.64851	9.5366	9.4265	9.45916	9.57935
8.8414	9.63265	9.62175	9.60284	9.64359	9.66316	9.54365	9.44036	9.46555	9.57712
8.90302	9.64522	9.6176	9.60063	9.64511	9.67188	9.53179	9.4428	9.4805	9.57037
8.96509	9.64671	9.6094	9.61296	9.655	9.66949	9.53479	9.44226	9.48916	9.57261
9.02757	9.63192	9.61846	9.62233	9.66956	9.66665	9.54674	9.43756	9.47668	9.56942
9.0905	9.63228	9.6108	9.61575	9.66177	9.66458	9.5581	9.43014	9.4637	9.58649
9.15386	9.63218	9.63193	9.60868	9.65256	9.65277	9.55089	9.43527	9.45954	9.5863
9.21766	9.64141	9.63273	9.60742	9.65246	9.66859	9.5456	9.45063	9.48316	9.58358
9.2819	9.65952	9.62771	9.6093	9.65148	9.6819	9.54474	9.4553	9.48928	9.57334
9.34659	9.6487	9.62766	9.63056	9.66961	9.67381	9.55386	9.45184	9.49478	9.57109
9.41171	9.64213	9.61864	9.62783	9.67161	9.67775	9.56606	9.43961	9.486	9.58211
9.4773	9.63792	9.62924	9.62473	9.65826	9.67171	9.55753	9.44612	9.49378	9.59317
9.54334	9.6418	9.64835	9.61749	9.6592	9.67346	9.55973	9.46019	9.48779	9.5844
9.60984	9.66559	9.63291	9.61442	9.65821	9.69522	9.54546	9.46599	9.49542	9.5838
9.6768	9.65398	9.62946	9.62663	9.65544	9.68731	9.54303	9.45279	9.50129	9.56949
9.74422	9.64966	9.62933	9.63476	9.68054	9.68543	9.56669	9.44533	9.49214	9.58415
9.81211	9.64595	9.6346	9.63143	9.67481	9.67947	9.5689	9.44636	9.48555	9.59159
9.88048	9.64497	9.64312	9.62269	9.66917	9.67379	9.56184	9.46075	9.4902	9.59293
9.94931	9.65057	9.63921	9.61822	9.65819	9.68895	9.55594	9.46741	9.49249	9.58999
10.0186	9.66203	9.62813	9.62666	9.67646	9.69475	9.54812	9.4618	9.50406	9.58549
10.0884	9.64757	9.62477	9.63141	9.68009	9.69071	9.56423	9.45069	9.4934	9.58115
10.1587	9.65025	9.62838	9.62772	9.68103	9.68042	9.57334	9.44286	9.48297	9.59388
10.2295	9.64773	9.64844	9.62384	9.68248	9.68368	9.56355	9.4563	9.48177	9.59764
10.3007	9.65383	9.64985	9.61898	9.66488	9.69662	9.55278	9.4718	9.49929	9.59111
10.3724	9.66045	9.63924	9.62019	9.66978	9.70412	9.5594	9.46511	9.50455	9.59053
10.4447	9.65323	9.63807	9.63923	9.68073	9.69025	9.56649	9.45808	9.50261	9.5919
10.5175	9.65455	9.65051	9.64188	9.68363	9.68158	9.57391	9.44995	9.5013	9.60199
10.5907	9.65432	9.657	9.63458	9.67376	9.68655	9.56464	9.46479	9.4934	9.61059
10.6644	9.67	9.65072	9.63177	9.67457	9.69689	9.56446	9.47055	9.50141	9.60569
10.7387	9.66949	9.6449	9.64394	9.6808	9.69992	9.56132	9.46529	9.5198	9.59828
10.8135	9.66109	9.63985	9.66319	9.69098	9.69162	9.57555	9.45572	9.51239	9.59635
10.8888	9.65636	9.65292	9.64754	9.69371	9.6857	9.5699	9.45577	9.4976	9.62241
10.9646	9.6646	9.66859	9.64187	9.68567	9.70369	9.56391	9.47838	9.49973	9.6097
11.041	9.67496	9.65567	9.63723	9.6803	9.71069	9.56579	9.48136	9.5087	9.59576
11.1179	9.67844	9.64718	9.64927	9.68377	9.70507	9.56551	9.46742	9.51277	9.59632
11.1953	9.66503	9.64834	9.65698	9.69992	9.69152	9.57594	9.46028	9.51209	9.60792
11.2732	9.65773	9.66501	9.64222	9.69037	9.69272	9.57588	9.47369	9.51262	9.60522
11.3517	9.67023	9.6552	9.62992	9.68322	9.70068	9.56797	9.47821	9.50489	9.60604
11.4307	9.68357	9.65566	9.63655	9.67517	9.70659	9.56696	9.47324	9.51925	9.59843
11.5103	9.67583	9.6448	9.6474	9.69834	9.7028	9.57685	9.46984	9.51377	9.59648
11.5905	9.66279	9.65588	9.63802	9.69474	9.69375	9.58486	9.46909	9.50611	9.60858
11.6712	9.66947	9.66147	9.63564	9.69089	9.71099	9.57872	9.47862	9.49891	9.61322
11.7524	9.68316	9.65835	9.63399	9.68054	9.72545	9.56575	9.48473	9.51899	9.59777
11.8342	9.67504	9.65813	9.63683	9.69052	9.71396	9.57076	9.47782	9.5238	9.59299
11.9166	9.6698	9.65089	9.65738	9.69682	9.70506	9.58113	9.46567	9.51615	9.60548
11.9995	9.66548	9.67396	9.64474	9.68895	9.70431	9.58316	9.48023	9.5095	9.62226
12.083	9.67761	9.66096	9.64577	9.67664	9.71936	9.57463	9.48295	9.52121	9.61858
12.1671	9.68308	9.64942	9.65018	9.6876	9.71634	9.57297	9.47265	9.53008	9.60827
12.2518	9.66726	9.64939	9.66308	9.69754	9.70214	9.58263	9.46532	9.51862	9.61133
12.3371	9.6706	9.67343	9.65928	9.69766	9.70706	9.58894	9.47154	9.51417	9.62555
12.423	9.68595	9.67022	9.65402	9.68285	9.71263	9.57034	9.49429	9.52387	9.61924
12.5094	9.68968	9.66233	9.64757	9.68948	9.71751	9.57264	9.48339	9.53287	9.61764
12.5965	9.68228	9.66234	9.66882	9.70167	9.705	9.58773	9.47141	9.52878	9.62024
12.6841	9.67459	9.67844	9.66404	9.70069	9.70055	9.60451	9.47707	9.51995	9.62271
12.7724	9.68178	9.6756	9.65161	9.69274	9.70888	9.5846	9.49314	9.52171	9.62434
12.8613	9.69049	9.67001	9.65304	9.70136	9.71948	9.58491	9.47657	9.53315	9.61276
12.9508	9.68703	9.66824	9.6732	9.71401	9.70419	9.57958	9.47409	9.53198	9.61194
13.0409	9.67985	9.67789	9.66824	9.70624	9.7052	9.59323	9.4844	9.52324	9.62689
13.1317	9.69635	9.67093	9.66229	9.69434	9.71262	9.59299	9.50701	9.5243	9.62093
13.223	9.68886	9.66757	9.65363	9.70035	9.71925	9.58211	9.48809	9.5358	9.61569
13.315	9.68235	9.65973	9.66871	9.7121	9.71216	9.59105	9.48449	9.52407	9.61863
13.4077	9.67674	9.67914	9.66133	9.69923	9.70723	9.61049	9.49203	9.5207	9.62792
13.501	9.68758	9.67495	9.65462	9.69528	9.72902	9.59493	9.50599	9.52921	9.62107
13.5949	9.68444	9.66129	9.66132	9.70601	9.72156	9.59054	9.48996	9.53464	9.61634
13.6895	9.67791	9.66182	9.67074	9.71254	9.71734	9.60095	9.4831	9.52458	9.61588
13.7847	9.68047	9.67528	9.66666	9.70756	9.71825	9.60234	9.49015	9.52077	9.63249
13.8806	9.69674	9.66837	9.65994	9.70184	9.73046	9.58898	9.50178	9.52815	9.62695
13.9772	9.69036	9.66283	9.66258	9.70435	9.7191	9.58174	9.48032	9.53623	9.6197
14.0744	9.67887	9.67623	9.67628	9.71248	9.70702	9.60742	9.48521	9.5205	9.63319
14.1723	9.6914	9.68213	9.66571	9.70321	9.71215	9.5948	9.49303	9.51682	9.63368
14.2709	9.69787	9.66438	9.66189	9.70473	9.72092	9.58421	9.48576	9.5419	9.62539
14.3702	9.68547	9.67423	9.67051	9.7156	9.71514	9.58724	9.47584	9.53085	9.61738
14.4701	9.68094	9.68036	9.67097	9.70567	9.70398	9.60446	9.4837	9.51991	9.63139
14.5708	9.70057	9.68029	9.66032	9.70466	9.72223	9.59125	9.49771	9.52362	9.62927
14.6721	9.69959	9.67598	9.66407	9.70991	9.7242	9.59121	9.49119	9.54241	9.62224
14.7742	9.68633	9.68299	9.68187	9.719	9.70635	9.60089	9.48289	9.53552	9.62965
14.8769	9.69229	9.68631	9.67236	9.70713	9.70792	9.60674	9.49436	9.53691	9.63332
14.9804	9.6988	9.67393	9.6597	9.70489	9.72693	9.59362	9.49667	9.54813	9.62577
15.0846	9.68676	9.67077	9.67372	9.71975	9.71583	9.5997	9.48769	9.54397	9.61511
15.1895	9.68658	9.68377	9.67205	9.71241	9.71194	9.60934	9.49127	9.5358	9.64104
15.2951	9.70089	9.68005	9.66257	9.70463	9.7414	9.60214	9.50523	9.5443	9.63248
15.4015	9.6883	9.66127	9.66405	9.71671	9.73974	9.59298	9.49494	9.54444	9.62503
15.5086	9.68806	9.67585	9.67564	9.7182	9.7276	9.60988	9.49185	9.53748	9.6315
15.6164	9.69539	9.67969	9.66845	9.70432	9.73086	9.6027	9.49771	9.54194	9.63991
15.725	9.69465	9.67642	9.66897	9.72068	9.72913	9.59287	9.49923	9.54571	9.62814
15.8344	9.69034	9.67595	9.67884	9.72154	9.71098	9.61167	9.48778	9.53532	9.63712
15.9445	9.68987	9.68889	9.67614	9.70971	9.71206	9.60081	9.49905	9.52939	9.65073
16.0553	9.69915	9.67126	9.66429	9.7136	9.73492	9.59911	9.50378	9.54001	9.64156
16.167	9.69139	9.67739	9.68135	9.72855	9.71753	9.6045	9.4905	9.53882	9.63259
16.2794	9.68957	9.69593	9.67967	9.71846	9.71491	9.61755	9.49716	9.53123	9.63897
16.3926	9.70846	9.67882	9.6686	9.71463	9.73321	9.60499	9.50191	9.54748	9.63166
16.5065	9.69961	9.6743	9.67817	9.72812	9.72791	9.6072	9.49498	9.54405	9.63153
16.6213	9.69714	9.68895	9.67967	9.71465	9.71708	9.61618	9.49455	9.53992	9.64585
16.7369	9.7113	9.68431	9.66755	9.70851	9.74476	9.60205	9.50936	9.55205	9.63244
16.8532	9.69921	9.68014	9.67218	9.7175	9.73116	9.59697	9.49438	9.54887	9.62668
16.9704	9.69211	9.69072	9.68116	9.71128	9.72094	9.61695	9.50001	9.53693	9.6366
17.0884	9.70188	9.68753	9.66934	9.71101	9.7345	9.59804	9.49695	9.55114	9.63484
17.2072	9.68998	9.67929	9.67976	9.72495	9.72231	9.5978	9.48876	9.54337	9.63303
17.3268	9.68098	9.68864	9.68159	9.72225	9.71726	9.61326	9.4956	9.54128	9.64485
17.4473	9.69848	9.67915	9.66879	9.71115	9.7342	9.61037	9.51079	9.54862	9.63824
17.5685	9.68848	9.67613	9.67049	9.72214	9.72289	9.60214	9.4877	9.54269	9.63267
17.6907	9.68904	9.69197	9.67802	9.71324	9.7214	9.61607	9.49793	9.54242	9.64804
17.8136	9.71471	9.68652	9.66682	9.7141	9.72747	9.60218	9.49783	9.55146	9.63292
17.9375	9.69594	9.68191	9.68583	9.73147	9.71944	9.60531	9.48593	9.54262	9.63427
18.0621	9.69148	9.69635	9.68833	9.71581	9.72239	9.62246	9.50657	9.53536	9.649
18.1877	9.70799	9.68342	9.67811	9.7123	9.73771	9.60908	9.50041	9.55314	9.63525
18.3141	9.69648	9.68469	9.6881	9.72032	9.72913	9.61041	9.4996	9.54257	9.64045
18.4414	9.69316	9.69764	9.68361	9.71438	9.73196	9.61573	9.5127	9.54027	9.64405
18.5696	9.69854	9.67547	9.67124	9.7162	9.73647	9.60455	9.49957	9.55106	9.63281
18.6987	9.68267	9.68881	9.68158	9.72649	9.72616	9.61374	9.49379	9.53239	9.63036
18.8286	9.70196	9.68966	9.67383	9.71099	9.74141	9.60764	9.50436	9.53611	9.64212
18.9595	9.69146	9.68292	9.66545	9.7198	9.73345	9.60167	9.49946	9.54723	9.63139
19.0912	9.68876	9.69077	9.69168	9.71372	9.72803	9.61371	9.50393	9.53923	9.64219
19.2239	9.70408	9.67882	9.67578	9.71348	9.74159	9.61011	9.50885	9.55091	9.63715
19.3575	9.69294	9.68274	9.68106	9.72564	9.73301	9.60856	9.49597	9.54446	9.63494
19.4921	9.69714	9.68885	9.68929	9.72073	9.7336	9.61926	9.50907	9.53348	9.65263
19.6275	9.71371	9.68366	9.6767	9.71464	9.74291	9.60701	9.5046	9.54634	9.64144
19.7639	9.70056	9.69635	9.68684	9.72769	9.72984	9.61529	9.50013	9.53811	9.64202
19.9013	9.71311	9.69049	9.67561	9.71597	9.74063	9.61483	9.50964	9.54418	9.64316
20.0395	9.70417	9.67291	9.66939	9.73374	9.72957	9.60497	9.48892	9.55343	9.63409
20.1788	9.69812	9.68997	9.6836	9.72182	9.73233	9.61524	9.50597	9.54056	9.64264
20.319	9.71092	9.68201	9.67326	9.71865	9.74298	9.60732	9.50567	9.54489	9.63432
20.4602	9.69265	9.69251	9.67572	9.72917	9.73411	9.60619	9.49386	9.54643	9.62994
20.6024	9.69877	9.6871	9.68033	9.71791	9.74	9.61524	9.51844	9.54433	9.64076
20.7455	9.69362	9.67955	9.6783	9.73275	9.73563	9.60937	9.50527	9.55773	9.62769
20.8897	9.69179	9.70028	9.68991	9.72266	9.72613	9.61945	9.51247	9.54535	9.63778
21.0348	9.70952	9.68311	9.67697	9.71816	9.74166	9.61345	9.50711	9.5436	9.63741
21.181	9.69326	9.69795	9.68184	9.72787	9.73008	9.61026	9.49667	9.54284	9.63619
21.3281	9.70371	9.68894	9.68544	9.71937	9.73572	9.6146	9.51361	9.54553	9.64781
21.4763	9.70187	9.68731	9.67699	9.73152	9.72874	9.61516	9.50118	9.55196	9.63734
21.6255	9.70416	9.6964	9.69206	9.71948	9.72354	9.62655	9.50304	9.54413	9.64632
21.7758	9.70597	9.67891	9.68052	9.72303	9.74191	9.6143	9.50136	9.55324	9.63566
21.9271	9.69862	9.69157	9.68672	9.71563	9.72474	9.61898	9.50011	9.54442	9.63855
22.0794	9.70199	9.69146	9.68126	9.71027	9.73763	9.61831	9.5063	9.55375	9.63994
22.2328	9.69093	9.69303	9.67948	9.72529	9.72647	9.61298	9.49818	9.55283	9.63703
22.3873	9.70185	9.69371	9.68967	9.71627	9.73474	9.62025	9.51649	9.54512	9.64637
22.5428	9.68863	9.68446	9.67851	9.7283	9.73432	9.60377	9.4991	9.55405	9.63505
22.6994	9.69368	9.69657	9.68876	9.71359	9.73377	9.61733	9.51339	9.53836	9.64325
22.8571	9.69767	9.68572	9.67136	9.73052	9.73789	9.60756	9.50524	9.55597	9.638
23.0159	9.69507	9.6948	9.68486	9.71675	9.72924	9.6189	9.50214	9.54061	9.6456
23.1758	9.71856	9.68659	9.6801	9.72445	9.74136	9.61129	9.50179	9.54708	9.64338
23.3368	9.70344	9.6996	9.68618	9.72338	9.72475	9.61553	9.49748	9.54276	9.63683
23.4989	9.71613	9.69425	9.67861	9.71781	9.74311	9.62502	9.5067	9.55044	9.64653
23.6621	9.69936	9.69698	9.68487	9.72571	9.73311	9.61675	9.49707	9.55636	9.63372
23.8265	9.71557	9.68714	9.67782	9.71675	9.73234	9.61975	9.51258	9.54888	9.64958
23.992	9.69928	9.68979	9.67027	9.73027	9.73161	9.61069	9.49991	9.55341	9.63376
24.1586	9.70691	9.69493	9.6737	9.71178	9.73322	9.62206	9.51272	9.54425	9.64723
24.3264	9.69674	9.69134	9.67082	9.72605	9.7341	9.61518	9.50103	9.54866	9.63866
24.4954	9.69681	9.69674	9.67785	9.71719	9.73304	9.62689	9.50926	9.53686	9.65164
24.6655	9.69552	9.68195	9.67007	9.72628	9.73983	9.61197	9.49859	9.55467	9.64142
24.8368	9.70514	9.70426	9.69178	9.71374	9.73211	9.62505	9.51496	9.54097	9.64815
25.0094	9.71016	9.68841	9.67959	9.72928	9.73655	9.61636	9.50162	9.55458	9.63543
25.1831	9.70424	9.6967	9.68873	9.7226	9.72958	9.62976	9.50997	9.54347	9.64408
25.358	9.70821	9.69006	9.67325	9.72086	9.73964	9.60803	9.49854	9.56065	9.63503
25.5341	9.70513	9.70663	9.67817	9.7133	9.72745	9.62342	9.50759	9.54985	9.64625
25.7114	9.69951	9.69782	9.66542	9.72824	9.74148	9.60976	9.50153	9.56239	9.63166
25.89	9.69915	9.70765	9.67659	9.72438	9.73006	9.625	9.50505	9.5524	9.64295
26.0698	9.69879	9.68767	9.66643	9.72797	9.74187	9.60796	9.50068	9.56074	9.63914
26.2509	9.70131	9.70016	9.68224	9.72248	9.72882	9.62524	9.51091	9.54696	9.6514
26.4332	9.69824	9.69157	9.67205	9.731	9.7344	9.61331	9.50515	9.55651	9.64182
26.6168	9.70201	9.69618	9.687	9.71918	9.73072	9.61937	9.50632	9.5411	9.64836
26.8016	9.69848	9.68808	9.67709	9.72688	9.74008	9.61362	9.49737	9.55582	9.63999
26.9877	9.70929	9.69995	9.68549	9.71624	9.7396	9.62745	9.51242	9.5437	9.65003
27.1751	9.70503	9.69595	9.66889	9.72756	9.73571	9.6175	9.50636	9.55589	9.637
27.3638	9.70955	9.70369	9.68305	9.71984	9.73087	9.62914	9.51313	9.54078	9.64149
27.5539	9.69679	9.69488	9.67323	9.73212	9.73631	9.61409	9.50565	9.55671	9.63016
27.7452	9.70676	9.69996	9.68262	9.72544	9.74347	9.6181	9.51369	9.54569	9.64271
27.9379	9.6951	9.69918	9.68188	9.73065	9.72904	9.61351	9.49966	9.54814	9.63361
28.1319	9.70494	9.69799	9.68728	9.72789	9.7397	9.61952	9.50393	9.54894	9.64517
28.3272	9.7005	9.69484	9.68131	9.7248	9.73104	9.61718	9.50569	9.54972	9.64441
28.5239	9.70845	9.6854	9.67999	9.72791	9.73895	9.61206	9.51145	9.55117	9.64193
28.722	9.70117	9.69697	9.6911	9.71381	9.72537	9.61999	9.49989	9.54345	9.64338
28.9214	9.7008	9.69395	9.67782	9.72311	9.73749	9.61722	9.50088	9.54949	9.63656
29.1222	9.7074	9.6953	9.68876	9.70935	9.73156	9.62295	9.50703	9.53844	9.64869
29.3245	9.68648	9.69017	9.67795	9.72053	9.73818	9.61639	9.49331	9.55815	9.63105
29.5281	9.70325	9.69953	9.68442	9.71787	9.73831	9.62357	9.50476	9.54921	9.64514
29.7331	9.69582	9.70034	9.68695	9.72254	9.73462	9.6189	9.49838	9.55725	9.63894
29.9396	9.70718	9.69054	9.67703	9.73083	9.74026	9.61899	9.50704	9.55394	9.64888
30.1474	9.70309	9.69629	9.68863	9.72148	9.72848	9.62395	9.513	9.54524	9.64881
30.3568	9.69928	9.68542	9.67561	9.73055	9.73564	9.61878	9.50706	9.5533	9.6432
30.5675	9.7145	9.69383	9.67794	9.71867	9.73435	9.62612	9.511	9.54143	9.64882
30.7798	9.70317	9.69394	9.68463	9.71843	9.73453	9.61947	9.50085	9.54589	9.63742
30.9935	9.70143	9.69332	9.68388	9.7203	9.73945	9.61675	9.50598	9.5493	9.64127
31.2086	9.70213	9.69256	9.68286	9.71803	9.72804	9.61417	9.51039	9.54547	9.64013
31.4253	9.70137	9.69084	9.67345	9.72767	9.73894	9.60786	9.50113	9.55487	9.63652
31.6435	9.70512	9.69471	9.68598	9.72588	9.73005	9.62404	9.50996	9.54061	9.64259
31.8632	9.70154	9.6932	9.67665	9.72323	9.73218	9.61941	9.50446	9.54905	9.63679
32.0844	9.70779	9.69247	9.67612	9.72698	9.74671	9.62284	9.50465	9.54991	9.64336
32.3071	9.70647	9.70409	9.68332	9.71484	9.73436	9.6271	9.50937	9.54269	9.64541
32.5314	9.70166	9.69582	9.67539	9.72129	9.74233	9.62428	9.49976	9.54462	9.63604
32.7573	9.70766	9.6935	9.67788	9.72054	9.73529	9.62136	9.50654	9.54634	9.64192
32.9847	9.70109	9.69789	9.67981	9.71834	9.72881	9.62097	9.49868	9.54073	9.63384
33.2137	9.69214	9.68614	9.67648	9.73385	9.73697	9.61182	9.4971	9.54631	9.63655
33.4442	9.70208	9.69207	9.67965	9.72116	9.73816	9.61837	9.51122	9.55133	9.64376
33.6764	9.70009	9.69487	9.67882	9.71523	9.72876	9.62217	9.51071	9.54736	9.63947
33.9102	9.69653	9.6904	9.6816	9.72227	9.73419	9.62268	9.50286	9.55256	9.64368
34.1456	9.70828	9.70075	9.68328	9.71784	9.73279	9.62175	9.50626	9.54707	9.64926
34.3826	9.70815	9.70231	9.68302	9.71461	9.73059	9.62574	9.49785	9.54527	9.63661
34.6213	9.70255	9.69152	9.67805	9.72076	9.73791	9.61782	9.49312	9.55253	9.63225
34.8616	9.70691	9.69233	9.68107	9.7129	9.73699	9.61898	9.50476	9.54512	9.63831
35.1036	9.70535	9.69666	9.68176	9.71569	9.73553	9.61711	9.49929	9.5402	9.63378
35.3473	9.6966	9.68631	9.68238	9.72793	9.73678	9.6117	9.50833	9.54606	9.64312
35.5927	9.70116	9.69422	9.68684	9.72201	9.73649	9.62041	9.51477	9.54616	9.64667
35.8397	9.70185	9.68833	9.67998	9.71309	9.72478	9.61994	9.50838	9.5442	9.6387
36.0885	9.70268	9.68497	9.67258	9.72473	9.73179	9.61305	9.49558	9.55059	9.63147
36.339	9.70344	9.69426	9.67674	9.72366	9.73384	9.61242	9.50352	9.55362	9.63709
36.5912	9.70695	9.69597	9.67829	9.71714	9.73076	9.61722	9.50196	9.5452	9.63724
36.8452	9.69904	9.68877	9.67236	9.72149	9.73605	9.61027	9.50362	9.54699	9.63956
37.101	9.69956	9.68237	9.67354	9.72097	9.74235	9.61773	9.5077	9.5459	9.64327
37.3585	9.70549	9.68707	9.68454	9.72102	9.73289	9.62721	9.50792	9.53744	9.64278
37.6178	9.70243	9.6924	9.68475	9.72219	9.72649	9.61822	9.50848	9.54613	9.64174
37.8789	9.7047	9.69636	9.67644	9.72272	9.73108	9.61761	9.50041	9.54984	9.63653
38.1418	9.70531	9.69445	9.67648	9.72374	9.73492	9.61608	9.49682	9.54664	9.64061
38.4065	9.70319	9.69242	9.67754	9.72199	9.73467	9.6199	9.50516	9.54427	9.64719
38.6731	9.70309	9.68806	9.675	9.72218	9.73158	9.61942	9.50573	9.55113	9.63985
38.9415	9.69562	9.69548	9.67649	9.72409	9.73367	9.6127	9.50729	9.55487	9.6359
39.2118	9.69963	9.69528	9.67713	9.72229	9.73427	9.61418	9.51038	9.55027	9.64565
39.4839	9.70398	9.69577	9.68548	9.71964	9.72842	9.61988	9.50418	9.54485	9.6468
39.758	9.70041	9.68773	9.67851	9.72007	9.73138	9.61381	9.5041	9.54577	9.64131
40.0339	9.70615	9.68851	9.67319	9.72379	9.73536	9.61444	9.49998	9.55097	9.63342
40.3117	9.69475	9.68933	9.67331	9.7248	9.73261	9.60897	9.4997	9.54625	9.63563
40.5915	9.69414	9.68539	9.67679	9.72275	9.73558	9.61453	9.51005	9.54957	9.64179
40.8732	9.70638	9.68907	9.67586	9.71923	9.72837	9.62336	9.51361	9.54396	9.64376
41.1569	9.7033	9.68951	9.67524	9.71719	9.73017	9.62401	9.50178	9.54694	9.64789
41.4425	9.70394	9.69084	9.67768	9.71347	9.73217	9.61639	9.49855	9.55446	9.63865
41.7301	9.69744	9.6938	9.67972	9.72011	9.73816	9.6102	9.50063	9.55286	9.63611
42.0198	9.69408	9.69764	9.68269	9.71893	9.73864	9.60856	9.50699	9.54812	9.64189
42.3114	9.70083	9.69211	9.67477	9.71521	9.73422	9.61368	9.50241	9.54055	9.64343
42.605	9.69553	9.68937	9.67639	9.71242	9.73343	9.61512	9.50108	9.53989	9.64404
42.9007	9.69958	9.69021	9.67887	9.71175	9.73324	9.61512	9.50561	9.54356	9.64014
43.1984	9.70408	9.68689	9.67433	9.71167	9.73298	9.61248	9.49728	9.55147	9.63484
43.4982	9.69873	9.693	9.67985	9.72365	9.73853	9.61696	9.49566	9.55245	9.63186
43.8	9.69561	9.69473	9.67827	9.72049	9.72886	9.61619	9.49326	9.54665	9.62965
44.104	9.69265	9.6932	9.67214	9.71543	9.7297	9.61148	9.50024	9.55282	9.636
44.41	9.69952	9.68903	9.67067	9.71459	9.72639	9.61631	9.50042	9.54427	9.64329
44.7182	9.69901	9.695	9.67307	9.71412	9.72887	9.61853	9.49854	9.54238	9.63979
45.0286	9.7058	9.69637	9.67871	9.71318	9.72949	9.6111	9.50139	9.54509	9.64028
45.341	9.7028	9.68947	9.67466	9.7167	9.72859	9.6104	9.50047	9.54879	9.63403
45.6557	9.69975	9.68899	9.67186	9.72028	9.73657	9.60779	9.50467	9.54864	9.63698
45.9725	9.69819	9.68546	9.6736	9.71395	9.73026	9.60917	9.5045	9.5466	9.6398
46.2915	9.70368	9.69026	9.6732	9.71349	9.72504	9.61591	9.50408	9.54233	9.6427
46.6127	9.70261	9.69405	9.68007	9.71244	9.72365	9.61472	9.4993	9.54246	9.64064
46.9362	9.69472	9.68782	9.67849	9.71736	9.72483	9.60999	9.49627	9.54254	9.64147
47.2619	9.69818	9.68854	9.67691	9.71861	9.73337	9.61477	9.50211	9.54289	9.63952
47.5898	9.69139	9.68044	9.67357	9.71891	9.73019	9.61234	9.5078	9.54647	9.64294
47.92	9.69769	9.68121	9.67364	9.7135	9.72715	9.61281	9.50518	9.54585	9.63938
48.2525	9.69866	9.68422	9.67544	9.7123	9.72129	9.61091	9.50165	9.54218	9.64067
48.5874	9.70168	9.68974	9.68083	9.71888	9.72441	9.61138	9.4945	9.54183	9.638
48.9245	9.69819	9.68862	9.67647	9.71557	9.73714	9.61298	9.49753	9.54628	9.63634
49.264	9.69886	9.68732	9.67034	9.71477	9.73684	9.61423	9.50082	9.54957	9.63505
49.6058	9.69865	9.68611	9.66969	9.71265	9.72869	9.61262	9.50398	9.54244	9.64141
50	9.70178	9.68789	9.67688	9.71921	9.72749	9.61662	9.5019	9.54041	9.64163