7.5e-005	8.04259	7.64969	7.82145	8.25602	7.88242	7.27525	7.84861	7.96695	7.85551
0.0001375	8.13022	7.34616	7.86819	8.00188	7.82998	7.17871	8.14713	8.11197	7.65622
0.0002125	8.03444	7.88496	7.68098	7.77508	8.18329	7.62309	8.08438	7.9466	7.5475
0.000275	7.85857	8.03369	7.50758	7.55397	7.92675	7.47122	7.88584	7.72377	7.32955
0.00035	7.72581	7.91606	7.85517	7.71289	7.81816	7.63919	8.03486	7.7646	7.46534
0.000425	7.60135	7.87337	7.6956	7.49098	8.23426	7.70571	8.06203	7.86047	7.68351
0.0005	7.77689	7.79784	7.47462	7.19561	8.22894	7.44719	7.96967	8.0462	7.95782
0.0005625	7.96486	7.77887	7.44435	7.31107	8.06923	7.69666	8.04993	7.93075	7.62158
0.0006375	8.05166	7.5706	7.49226	7.60307	7.88352	7.69238	8.0923	7.76162	7.45332
0.0007125	7.82185	7.94765	7.60136	7.3594	7.64239	7.94811	7.96703	7.97471	7.7608
0.0007875	7.93797	8.11045	7.56249	7.38113	7.77299	7.98668	7.55194	7.71996	7.98147
0.0008625	8.10688	7.99794	7.70599	7.4411	7.83886	7.85665	7.93839	7.67936	7.70929
0.0009375	8.20842	7.50992	7.70783	7.33442	7.60191	7.89147	8.17496	7.47132	7.84274
0.0010125	8.16409	7.80506	7.89908	7.30697	7.53051	7.91966	8.1912	7.68909	7.58819
0.0010875	7.96285	7.88673	8.36932	7.49826	7.26251	8.21012	8.39592	7.89138	7.49779
0.0011625	8.03802	7.84798	8.08695	7.84561	7.33124	8.19482	8.20137	7.98952	7.79229
0.00125	7.70532	7.53322	7.71779	8.33651	7.26724	7.71736	7.89451	7.86044	7.43287
0.001325	7.77219	7.59762	7.91492	8.37987	7.35858	7.94783	8.15697	7.38919	7.77099
0.0014	7.81914	7.86376	7.73007	7.87041	8.11702	7.85707	7.96378	7.65083	7.84212
0.0014875	7.34457	8.00125	7.72031	7.62006	8.115	7.78695	7.78128	7.75692	7.63075
0.0015625	7.44716	7.98325	7.48238	7.75546	7.99612	7.53812	7.68016	7.76264	7.75422
0.0016375	7.79397	7.74328	7.80023	8.03557	7.91211	7.51977	7.36844	7.61964	7.93896
0.001725	7.92166	7.59382	8.40412	7.92314	7.65382	7.62184	7.33038	7.74914	8.26935
0.0018	8.06464	7.60079	8.3869	7.84785	7.82629	7.37053	7.67355	7.99979	8.04826
0.0018875	7.90005	7.62999	7.70916	7.70643	7.85615	7.45999	7.92188	7.88199	7.63326
0.0019625	7.8229	7.92445	7.58089	7.99617	7.6562	7.6654	7.52061	7.54721	7.45377
0.00205	7.88876	7.88577	7.47165	7.87178	7.8792	7.66389	7.74547	7.86237	7.84397
0.0021375	7.79603	7.8407	7.68392	7.89445	7.60509	8.04066	7.26367	7.75899	7.84394
0.0022125	7.99518	7.8245	7.90854	8.0367	7.78546	7.88487	7.35987	7.90183	8.0805
0.0023	7.87642	8.10377	7.77999	7.96848	7.60413	7.36186	7.72655	8.03312	7.86529
0.0023875	7.7373	8.10231	7.6954	8.03292	7.58556	7.63665	7.44698	7.92486	8.07316
0.002475	7.79763	7.74691	7.81689	8.03685	7.60272	8.09136	7.70506	7.76479	8.19322
0.0025625	7.62761	7.25129	7.52651	7.96644	7.74175	8.09367	7.99807	8.05828	7.84018
0.00265	8.04789	7.32169	8.22556	7.90621	7.88375	7.83614	7.91135	7.74513	7.69089
0.0027375	7.93153	7.38254	8.1576	7.58482	7.43279	7.71097	7.79284	7.7406	7.72852
0.002825	7.71858	7.58981	8.15498	7.64878	7.114	7.8949	7.66209	8.02106	7.3433
0.0029125	7.57345	7.44395	7.88402	7.65564	7.41508	7.97537	8.15341	7.95286	7.63486
0.003	7.84453	7.58191	8.00252	7.70992	7.7518	7.87116	8.05325	7.64068	7.93535
0.0030875	7.64949	7.35925	8.32156	8.17403	7.74378	7.64176	7.79514	7.38486	7.97891
0.0031875	7.65874	7.66592	8.28827	7.81305	7.86813	7.79836	7.34319	7.46504	8.04917
0.003275	7.3217	7.32008	8.09304	7.92432	8.08529	7.5646	7.4885	7.14309	7.79884
0.0033625	7.49518	7.25086	8.06366	8.0889	8.01621	7.96727	7.94529	7.38428	7.81076
0.0034625	7.75559	7.58211	7.48743	8.22558	7.91114	7.97137	7.74219	7.55977	8.18987
0.00355	8.11989	7.66361	7.58157	8.46637	7.5064	7.84951	7.67238	7.64277	7.89396
0.00365	7.60086	8.06782	8.14684	8.01036	7.54419	7.86036	8.12389	7.9274	7.52739
0.0037375	7.60802	8.16772	7.91001	7.91669	7.76176	7.76725	8.032	7.88425	7.8418
0.0038375	7.62738	7.67651	7.89803	7.67812	7.90935	8.12751	7.58892	7.91562	7.54304
0.0039375	7.61911	7.60123	7.8255	7.47782	7.82411	7.68321	7.81143	7.93209	7.56293
0.004025	7.71971	7.01964	7.89933	7.59464	7.78367	7.72734	7.87345	7.79861	7.95773
0.004125	7.59147	7.68283	8.23022	8.17334	7.64888	7.93144	7.61522	7.71893	7.90927
0.004225	7.66831	8.31962	8.34283	7.67777	7.84861	8.14206	7.59673	7.3131	7.89747
0.004325	7.68386	8.19336	8.1305	7.37541	8.18702	8.32165	7.96728	7.70447	7.6154
0.004425	7.22522	7.84853	7.53674	7.37682	8.12154	8.00439	7.96362	7.83512	7.80602
0.004525	7.44749	7.50462	7.62288	7.60311	7.9555	8.11004	7.57145	8.01654	7.42993
0.004625	7.59586	7.52329	7.82027	7.54314	7.73767	8.05355	7.68108	8.02042	7.21066
0.004725	7.81187	7.42458	7.80635	7.5461	7.61227	7.97681	7.65575	7.98915	7.99336
0.004825	7.97486	7.58687	8.18025	7.78125	7.49303	7.69464	7.98672	7.78125	7.45653
0.004925	7.9548	7.88294	8.06013	7.61074	7.48701	7.88272	7.74046	7.85505	7.39309
0.0050375	8.08215	8.20299	7.85093	7.71832	7.94152	7.8021	7.92682	8.04066	7.39262
0.0051375	8.14878	8.08783	7.75078	7.77736	8.00704	8.11714	8.11449	7.89808	8.03724
0.0052375	7.62565	8.0055	7.80082	7.81898	8.04754	8.027	7.98195	7.7777	8.16332
0.00535	8.03596	7.82679	7.99742	7.60781	7.78183	8.00574	7.76813	7.92892	8.03631
0.00545	8.01737	8.07702	7.87078	7.91426	8.19822	8.17608	7.7879	7.81662	7.63452
0.0055625	7.56985	7.9683	7.74553	7.91763	8.04297	8.03304	7.76621	7.65397	7.80916
0.0056625	8.00283	7.61917	7.38546	7.85541	7.66037	7.82114	7.54804	7.78532	7.54253
0.005775	8.10667	7.48373	7.94525	7.98802	7.78279	7.70736	7.8024	7.73122	7.48948
0.0058875	7.92286	7.88258	7.80907	7.9904	7.64792	8.09341	7.8769	7.76314	7.4141
0.006	7.75012	7.73509	7.67776	7.77549	7.63014	8.08264	7.8798	8.06403	7.70334
0.0061125	7.44153	8.04006	7.44451	7.71724	8.13665	8.00353	8.10791	7.93648	7.31652
0.0062125	7.3418	7.69315	7.46674	7.9014	7.8078	8.01383	7.96453	7.65185	7.75861
0.006325	7.78588	7.96942	7.67773	7.80084	7.81789	7.78214	7.96411	7.78238	7.51002
0.0064375	7.97926	7.71944	7.76887	7.36187	7.75056	7.86804	7.83844	7.61902	7.57358
0.0065625	7.65437	7.74442	7.47713	7.36344	7.95285	7.94432	7.2324	7.51943	7.85823
0.006675	7.77023	7.70098	7.85979	7.55792	7.81826	7.95532	7.28324	7.5533	8.22029
0.0067875	7.63878	7.74398	7.87199	7.59943	7.72062	8.23147	7.44111	8.07105	7.9874
0.0069	7.88609	7.95299	7.23121	7.5119	7.46526	8.2786	7.85704	7.90706	7.82349
0.007025	8.00718	7.68995	7.65515	7.71394	7.47459	7.47244	7.73978	7.59582	7.51128
0.0071375	8.15891	7.61548	8.02943	7.90184	7.68961	7.80527	7.96058	7.57541	7.37743
0.0072625	8.06128	7.21557	7.98537	7.85175	7.74099	7.96016	7.6051	8.14288	8.08892
0.007375	7.85305	7.78622	7.8105	7.33621	7.46538	7.79906	7.86246	8.12761	7.49821
0.0075	7.60027	7.46937	7.64034	6.87586	7.55975	7.69974	7.88688	7.64139	7.69384
0.007625	7.51514	7.5729	7.73282	7.40309	8.03458	7.94893	7.4078	7.82272	7.68153
0.0077375	7.4376	7.5935	7.61622	7.95819	7.60469	7.73682	7.47295	7.94248	7.6536
0.0078625	7.42228	7.74561	7.27254	7.94461	7.9137	7.85611	7.62412	7.90623	7.4823
0.0079875	7.33436	7.9289	7.06828	7.9329	7.57661	7.64465	7.49971	7.78377	7.64155
0.0081125	7.76953	8.0685	7.24421	8.1166	7.48007	7.9393	7.53203	7.38023	7.75009
0.0082375	8.11832	7.63928	7.6397	7.95119	7.47708	7.88185	7.40711	7.66262	7.66197
0.0083625	7.65765	7.64087	7.86484	7.19418	7.35988	7.82488	7.8016	7.91304	7.43423
0.0084875	7.80187	7.5159	7.59687	7.77904	7.81725	8.13093	7.54604	7.62887	7.7108
0.008625	7.74127	7.66819	7.88896	7.70707	7.92591	8.00731	7.49259	7.47239	7.67311
0.00875	7.64578	7.55157	7.92662	7.86356	7.72719	7.98926	7.41426	7.53781	7.82453
0.008875	7.37141	7.43082	8.02639	7.98167	7.99518	7.90186	7.62778	8.04698	7.56569
0.0090125	7.67538	7.68529	8.0377	7.83149	7.66355	7.90761	7.30106	7.73672	7.62307
0.0091375	7.50422	7.64671	7.6612	7.4156	7.61504	7.89431	7.61014	7.34498	7.41918
0.009275	7.73482	7.81954	7.1918	7.50755	7.5077	8.04155	7.56296	7.61784	7.40472
0.0094125	7.59549	7.91152	7.42294	7.92923	7.39215	7.93388	7.78871	7.57677	7.74203
0.0095375	7.62179	7.66103	7.66665	8.0811	7.7001	7.50781	7.91923	7.54133	7.491
0.009675	7.76654	7.76788	8.00704	8.30994	8.00642	7.65649	7.35143	7.75059	7.863
0.0098125	7.70538	7.94647	7.96803	7.80448	7.78996	7.78472	7.34981	7.46021	7.64317
0.00995	7.68019	7.60304	8.05712	8.04542	7.35766	7.94454	7.37574	7.61	7.41884
0.0100875	8.10624	7.43814	7.69453	7.75263	7.81829	7.79927	7.5128	7.79155	7.56087
0.010225	7.82186	7.42852	7.65259	7.47611	7.90979	7.74416	7.79659	7.77269	7.31832
0.010375	7.69506	7.23401	7.50972	7.5653	7.85986	7.40951	7.91567	7.93934	7.79539
0.0105125	7.75912	7.41308	7.27211	7.84001	8.02301	7.71336	7.89479	7.71601	7.93776
0.01065	7.38938	7.85019	7.6132	7.64167	8.27946	7.78922	7.9849	7.80122	7.72319
0.0108	7.8162	7.92071	7.65702	7.86046	7.84619	7.6001	7.49898	7.95284	7.57966
0.0109375	7.83486	7.5525	7.87729	7.80545	7.20186	7.64464	7.26254	8.20187	7.51209
0.0110875	7.639	7.81772	7.70702	7.41273	7.24987	7.71602	7.31785	7.91302	7.29985
0.0112375	7.85502	7.89819	7.55714	7.56267	7.65058	7.82302	7.71253	7.74184	7.34297
0.011375	7.86708	7.57506	7.40985	7.95841	7.67164	8.00761	7.85995	7.44432	7.48547
0.011525	8.05323	7.25045	7.79358	7.77908	8.32853	7.66709	7.77646	7.71925	7.32908
0.011675	7.66784	7.65374	7.72989	7.79149	7.43565	7.34091	7.78037	8.34581	7.49976
0.011825	7.45648	7.78266	7.59883	7.70324	7.63178	7.95596	7.89718	7.963	7.64714
0.011975	8.11543	7.83924	7.44308	7.67581	8.021	8.0563	7.9858	7.67808	7.88001
0.012125	8.06274	7.88401	7.82632	7.82353	7.76752	7.90291	7.79923	7.29639	7.69937
0.0122875	8.00321	7.75819	7.62545	7.9784	7.73018	7.91944	8.00808	7.6787	7.77918
0.0124375	7.73096	7.21093	7.53427	7.83262	7.41979	8.08886	7.69859	7.88441	7.58774
0.0126	7.03645	7.76688	7.52677	7.86095	7.47552	7.69239	7.6086	7.85008	7.62809
0.01275	8.02091	8.01864	7.42206	7.66876	7.88579	7.64619	7.77701	7.33016	7.67441
0.0129125	7.76644	7.60329	7.53614	7.89683	7.90894	7.63321	7.96988	7.52876	7.29652
0.0130625	7.7395	7.6333	7.21052	7.92772	7.7756	8.16993	7.53049	8.17553	7.72915
0.013225	7.94383	7.75752	7.17954	7.97723	7.82124	7.93197	7.57817	8.32325	7.85146
0.0133875	7.71456	7.52151	7.63409	7.98405	7.53998	7.41076	7.71436	7.97717	7.94834
0.01355	7.74162	7.82229	7.78123	7.63876	7.47951	7.61818	7.85248	7.71737	7.62323
0.0137125	7.90084	7.97132	7.84274	8.00729	7.70787	7.70755	8.08012	7.28603	7.39937
0.013875	7.79721	7.58866	7.90638	7.79281	7.64584	7.92257	8.00923	8.02635	7.6832
0.0140375	7.95302	7.40375	7.96191	7.77543	7.93577	7.71906	8.08073	7.71831	7.58364
0.0142125	7.92339	7.51511	7.90797	7.58167	7.99448	7.41341	7.69609	7.76688	7.892
0.014375	7.97419	7.78406	7.47204	7.63876	7.84353	7.83963	7.45366	7.52973	7.50825
0.01455	7.80861	7.91515	7.36186	7.73733	7.69303	7.69062	7.7207	7.14489	7.56654
0.0147125	7.96159	7.33964	7.87862	7.56638	8.28416	7.72416	7.83691	7.83403	7.7471
0.0148875	8.3665	7.45003	7.54654	7.70779	7.99938	7.84594	7.55486	7.46252	7.42887
0.0150625	8.0145	7.55418	7.36105	7.61477	7.89465	8.12266	7.43359	7.48795	7.54251
0.0152375	7.89798	7.44977	7.52427	7.48097	7.5586	7.62631	7.62702	7.7191	7.83294
0.0154125	7.81268	7.65169	7.62412	7.53875	7.95193	7.47004	8.2676	7.63821	7.03424
0.0155875	7.33406	7.52288	7.50433	7.96211	7.94853	7.90395	7.84528	7.68879	7.24937
0.0157625	7.79182	7.8985	7.26465	7.44034	7.87709	7.68417	7.72429	7.62321	7.41916
0.0159375	7.79813	8.08153	7.64252	7.50335	7.79296	7.76288	7.7888	7.69154	7.43162
0.016125	7.72906	7.66519	7.92714	7.34092	7.64069	7.93484	7.60355	7.86141	7.60151
0.0163	7.80318	7.80348	7.79814	7.4371	7.17755	7.70471	8.00027	7.71566	7.70503
0.0164875	7.63441	7.87374	7.67704	7.6412	7.73115	7.95048	7.69838	7.74732	7.81571
0.0166625	8.00188	7.7151	7.62937	7.46619	7.95419	7.65811	7.54645	7.56881	7.60095
0.01685	8.1524	7.39071	7.53524	7.72948	8.07642	8.08459	7.48553	7.65107	7.66186
0.0170375	7.56919	7.6482	7.44435	7.4159	7.7038	8.14756	7.98215	7.61414	7.39093
0.017225	7.32815	7.411	7.41622	7.83276	8.07611	7.46866	7.82504	7.71168	7.60105
0.0174125	7.5983	7.15252	8.05587	7.75642	7.83213	7.58972	7.83612	7.72277	7.77997
0.0176	8.01357	7.42014	7.5792	8.00976	7.74449	7.60302	7.91184	7.64251	7.63618
0.0178	7.8159	7.34079	7.73529	7.55873	7.89825	7.78007	7.56209	8.13262	7.57773
0.0179875	7.63753	7.38783	7.86129	7.6162	7.46186	7.85453	7.85233	7.83729	7.07319
0.0181875	7.87563	7.35984	7.5063	7.66132	7.29207	7.57529	7.78733	7.79543	7.98065
0.018375	7.79126	7.88381	7.63976	7.65995	7.27362	8.0358	7.8692	7.7654	7.68785
0.018575	8.01207	7.76125	7.57477	7.56482	7.24709	7.92845	7.6444	7.71414	7.81917
0.018775	7.69998	7.91	7.56191	7.51169	7.49642	7.46864	7.79779	7.46067	7.73646
0.018975	7.91721	7.83165	7.42145	7.87297	7.8378	7.35607	7.65643	7.49262	7.73971
0.019175	7.38418	7.57533	7.49324	7.96216	7.65987	7.90636	7.62363	7.80183	7.92652
0.019375	7.70807	7.87343	7.65118	7.37818	7.58326	7.65426	7.65897	7.60627	7.87095
0.019575	7.51182	7.96491	7.69697	7.58121	7.90251	7.53163	7.52093	7.4312	7.55461
0.0197875	7.79293	7.44506	7.22839	7.42785	7.74861	7.83426	7.62132	7.41494	7.69715
0.0199875	7.50203	7.6739	7.81682	7.46855	7.6667	7.80115	7.7026	7.79037	7.52674
0.0202	7.56865	7.74101	7.48895	7.21456	7.74494	7.52372	7.47649	7.5684	7.38755
0.0204125	7.77583	7.82	7.66327	7.68667	7.76152	7.91995	7.78903	7.96016	7.5357
0.020625	7.5389	7.80363	7.52383	7.67025	7.63623	7.50904	7.81375	8.00777	7.1714
0.0208375	7.74818	7.55084	7.66668	7.90599	7.7298	7.80926	7.53013	7.782	7.88323
0.02105	7.51304	7.74817	8.05248	7.80847	7.33073	7.83551	7.61953	7.65533	7.91444
0.0212625	7.57514	8.04483	8.15003	7.3229	7.45684	7.83044	7.77668	7.92888	7.91726
0.021475	7.51566	7.50128	7.69029	7.6306	7.62596	8.15315	7.53229	7.69244	7.46481
0.0217	7.96721	7.83111	7.63699	7.46436	7.54038	7.99227	7.38347	7.71968	7.73006
0.0219125	7.59135	7.54947	7.86201	7.8224	7.70065	7.53286	7.44824	7.16972	7.98096
0.0221375	7.59052	7.6064	7.71827	7.62457	7.29592	7.4556	7.40837	7.48467	7.81737
0.0223625	7.96985	7.62756	7.58173	7.59653	7.66015	7.76481	7.34859	7.58867	7.46561
0.0225875	7.66625	7.47303	7.63361	7.62067	7.82515	8.05736	7.67254	7.80582	7.5646
0.0228125	7.77596	7.47112	7.72465	7.53412	7.73105	7.8752	7.68786	7.53573	7.59813
0.0230375	7.66964	7.29628	7.7861	7.50725	7.8492	7.73123	7.71834	7.62504	7.78878
0.0232625	7.97048	7.5251	7.43066	7.47917	7.71113	7.59935	7.54793	7.37138	7.74392
0.0235	7.83882	7.56981	7.37348	7.65036	7.52969	7.39682	7.88035	7.69643	7.50252
0.023725	7.56913	7.80218	7.66024	8.02992	7.35306	7.76618	7.91921	7.25498	7.61801
0.0239625	7.4919	7.80142	7.76073	7.87849	7.55506	7.73893	7.64555	7.37588	7.86014
0.0242	7.83884	7.61921	7.57446	7.3774	7.78311	7.85415	7.42645	7.83401	7.51893
0.0244375	7.5015	7.60955	7.71354	7.62143	8.02082	7.84593	7.66229	7.51656	7.71104
0.024675	7.57693	7.82857	7.89226	7.69719	7.87153	7.75377	7.29965	7.46857	7.78032
0.0249125	8.0377	7.53905	7.25451	7.58459	7.5218	7.52396	7.55357	8.0798	7.44581
0.02515	7.66884	7.72191	7.32109	7.9069	7.09951	7.85716	7.86405	7.99854	7.59339
0.0254	7.82588	7.55038	7.72115	7.92216	7.70988	7.6762	7.69869	7.89268	7.97152
0.02565	7.72609	7.20731	7.75657	7.60925	7.67266	8.00062	7.58012	7.66926	7.66274
0.0258875	7.55306	7.63363	7.8536	7.86631	7.72629	7.69581	7.60626	7.54074	7.75468
0.0261375	7.73531	7.56229	7.81086	7.31133	7.91167	7.61672	7.68047	7.80995	7.68367
0.0263875	7.95983	7.66383	7.97906	7.91545	7.73948	7.69728	7.94434	7.81845	7.43584
0.02665	7.50135	7.89998	7.55743	7.85416	7.61852	7.83024	7.50767	7.39094	7.47587
0.0269	7.89797	7.43155	7.35076	7.30479	7.84848	7.87143	7.94055	7.91907	7.94002
0.02715	7.77693	7.47699	7.71806	7.42794	7.65022	7.60971	8.0543	7.43439	7.80718
0.0274125	7.84193	7.7204	7.39755	8.03576	7.71876	7.65897	7.46875	7.91146	7.91023
0.027675	7.94993	7.68724	7.42073	7.80623	7.59949	7.59877	7.43122	7.66739	7.55475
0.0279375	7.59327	7.40063	7.21022	7.79536	7.68071	8.08702	7.44157	7.95338	7.86497
0.0282	7.52292	7.64471	7.64911	7.48305	7.78314	7.83785	7.6403	7.30836	7.68467
0.0284625	7.22273	7.54862	7.58313	7.33308	7.88389	7.66778	7.79648	7.32018	7.63202
0.028725	7.46674	7.835	7.79358	7.25952	7.54662	7.48642	7.71499	7.21124	7.58096
0.029	7.8273	7.60869	7.39708	7.50887	7.44626	7.56384	7.63924	7.35599	7.80757
0.0292625	7.70651	7.61727	7.3791	7.67336	7.60845	7.65427	7.88874	7.60828	7.68115
0.0295375	7.60115	7.82918	7.39071	7.5582	7.50571	7.85536	7.45242	7.58178	7.68581
0.0298125	7.64768	7.41	7.47735	7.6187	7.60359	7.68295	7.41585	7.59344	7.96327
0.0300875	7.629	7.71534	7.58555	7.81488	7.90036	7.58823	7.76489	7.60094	7.20164
0.0303625	7.56144	7.99786	7.54427	7.62873	7.60194	7.50223	7.54728	7.39949	7.38774
0.03065	7.95148	7.65177	7.826	7.6817	7.77872	7.56685	7.67133	7.69477	7.7311
0.030925	7.57111	7.51821	7.89378	7.60943	7.65838	7.63509	7.46714	7.36728	7.81721
0.0312125	7.70609	7.57747	7.7765	7.7413	7.77542	7.78274	7.39501	7.75993	7.87504
0.0315	7.55841	7.51423	7.49794	7.70175	7.5149	7.72463	7.43873	7.72179	7.19692
0.0317875	8.0571	7.48937	7.56279	7.35933	7.47637	7.59791	7.59089	7.78933	7.18404
0.032075	7.73932	7.54149	7.64106	7.56743	7.83821	7.48404	7.97737	7.55817	7.72353
0.0323625	7.66167	7.36644	7.66374	7.85068	7.48257	7.43621	7.62893	7.73129	7.43716
0.0326625	8.11508	7.63551	7.54863	7.57255	7.63781	7.90162	7.9559	7.84347	7.51629
0.03295	7.53968	7.75114	7.69367	7.63054	7.52457	7.70558	7.97744	7.45468	7.27921
0.03325	7.28447	7.60481	7.72049	7.79689	7.56392	7.92849	7.4604	7.33059	7.1295
0.03355	7.28333	7.37214	7.55086	7.51594	7.5119	8.18814	7.40949	7.50906	7.83239
0.03385	7.24383	7.40229	7.76021	7.42314	7.36085	7.2396	7.51604	7.50519	7.38203
0.0341625	7.40873	7.60151	7.37169	7.76864	7.31104	7.88796	7.51357	7.38613	7.30339
0.0344625	7.40435	7.75463	7.31895	7.80302	7.62216	8.04734	7.67063	7.55314	7.50825
0.034775	7.65396	7.45124	7.38673	7.59576	7.52071	7.74453	7.64804	7.90899	7.43985
0.0350875	7.51289	7.46189	7.64814	7.53401	7.51465	7.41745	7.98288	7.69101	7.42681
0.0354	7.81606	7.84036	7.74617	7.33589	7.67386	7.50931	7.8082	7.41124	7.61915
0.0357125	7.41475	7.57328	7.29738	7.36707	7.55177	7.78256	7.59298	7.59405	7.66764
0.036025	7.68691	7.52499	7.42282	7.37877	7.78631	7.84967	7.44053	7.687	7.3972
0.03635	7.58202	7.64857	7.19505	7.42199	7.70411	7.57244	7.62632	7.89622	7.42546
0.0366625	7.76411	7.64888	7.60625	7.55203	7.57902	7.64918	7.84035	7.33627	7.596
0.0369875	7.51905	7.78944	7.65897	7.54903	7.48741	7.77726	7.71208	7.47576	7.44507
0.0373125	7.39567	7.64491	7.55107	7.46103	7.83106	7.45181	7.68024	7.79141	7.42943
0.0376375	7.46847	7.81397	7.6152	7.5717	7.42931	7.39749	7.56504	7.90581	7.72091
0.037975	7.92438	7.82228	7.45509	7.78536	7.49824	7.46006	7.4248	7.54188	7.75824
0.0383	7.71327	7.29129	7.55993	7.88471	7.67802	7.63031	7.84068	7.73883	7.52941
0.0386375	7.61305	7.68045	7.32502	8.11237	7.9382	7.61517	7.4528	7.71639	7.56653
0.038975	7.93629	7.83038	7.49438	7.56595	7.84666	7.25759	7.6879	7.7834	7.50739
0.0393125	7.44469	7.78673	7.52196	7.63848	7.74416	7.78766	7.69176	7.6157	7.5393
0.0396625	7.78897	7.44967	7.39028	7.3865	8.05562	7.65249	7.91245	7.81481	7.36595
0.04	7.61529	7.49832	7.27158	7.42681	7.76684	7.86005	7.21989	7.7337	7.06104
0.04035	7.56278	7.4828	7.63456	7.50025	7.90362	7.56039	7.50297	7.48297	7.45979
0.0407	7.64596	7.4686	7.68109	7.27593	7.83368	7.50506	7.62789	7.5843	7.42691
0.04105	7.61428	7.5371	7.4366	7.31229	7.63472	7.54145	7.73727	7.48704	7.63724
0.0414	7.578	7.25505	7.42063	7.58792	7.35251	7.62201	7.78301	7.46655	7.46024
0.0417625	7.31907	7.57095	7.33109	7.78716	7.59453	7.45375	7.48986	7.49644	7.42102
0.042125	7.39981	7.65116	7.62289	7.57717	7.71787	7.55249	7.48651	7.37733	7.67496
0.042475	7.60537	7.75464	7.53814	7.50439	7.55079	7.71787	7.71775	7.55602	7.62529
0.04285	7.55573	7.7497	7.54071	7.33084	7.57568	7.44852	7.4224	7.29282	7.70311
0.0432125	7.61419	7.51289	7.72916	7.67811	7.64002	7.52249	7.84435	7.53235	7.38797
0.043575	7.32734	7.45065	7.3559	7.51694	7.70404	7.59503	7.73017	7.58838	7.27329
0.04395	7.39926	7.40402	7.48553	7.79646	7.33968	8.04321	7.44564	7.76716	7.40318
0.044325	7.41122	7.6887	7.39939	7.79877	7.47696	8.03258	7.46447	7.70391	7.91249
0.0447	7.68369	7.47519	7.56866	7.41852	7.70427	7.4722	7.61469	7.6579	7.36462
0.045075	7.33762	7.06321	7.75777	7.35141	7.99903	7.90845	7.58892	7.56782	7.47163
0.0454625	7.44834	7.54318	7.91213	7.24777	7.64437	7.89553	7.89416	7.25507	7.34916
0.04585	7.31204	7.49363	7.47948	7.65185	7.71652	7.49231	7.65726	7.31379	7.55943
0.0462375	7.55861	7.63925	7.56421	7.55794	7.60556	7.74563	7.52878	7.45191	7.56798
0.046625	7.8333	7.50354	7.7415	7.30496	7.62535	7.54842	7.53632	7.80048	7.48425
0.0470125	7.58206	7.57582	7.47884	7.63804	7.68417	7.54115	7.66198	7.60781	7.64065
0.0474125	7.74185	7.33793	7.53246	7.63212	7.76389	7.54771	7.41014	7.87811	7.58572
0.0478125	7.63926	7.33562	7.36278	7.3373	7.62353	7.65229	7.55984	7.39391	7.64773
0.0482125	7.72795	7.63895	7.59926	7.376	7.3601	7.46385	7.78816	7.57145	7.58783
0.0486125	7.72762	7.61736	7.34283	7.56345	7.36175	7.59682	7.88706	7.43683	7.62731
0.049025	7.74117	7.50491	7.13034	7.50958	7.4072	7.7553	7.693	7.53139	7.71254
0.049425	7.91988	7.50991	7.59567	7.69567	7.28843	7.81265	7.85999	7.6135	7.51429
0.0498375	7.81377	7.49741	7.61862	7.54396	7.5316	7.51352	7.5939	7.73744	7.59528
0.05025	7.44478	7.566	7.65553	7.60608	7.65547	7.8491	7.68679	7.4782	7.40465
0.050675	7.42112	7.50447	7.41602	7.56978	7.61991	7.62873	7.65581	7.63334	7.02041
0.0511	7.45578	7.53967	7.50438	7.45757	7.72568	7.66578	7.4543	7.68187	7.39731
0.0515125	7.33399	7.2919	7.58769	7.64663	7.77639	7.49372	7.30197	7.22283	7.40941
0.05195	7.57649	7.48784	7.44041	7.34333	7.35785	7.71274	7.47089	7.47207	7.47003
0.052375	7.47268	7.58276	7.70932	7.87693	7.62368	7.85344	7.68567	7.47531	7.28964
0.0528	7.74918	7.58739	7.3658	7.47301	7.56341	7.67352	7.41707	7.54721	7.24976
0.0532375	7.63156	7.36368	7.54558	7.38218	7.44108	7.45352	7.40269	7.59153	7.59613
0.053675	7.59731	7.19776	7.42422	7.53626	7.3317	7.43652	7.65273	7.34214	7.60679
0.054125	7.77901	7.56385	7.56837	7.19736	7.80307	7.5407	7.7826	7.46593	7.45039
0.0545625	7.64223	7.68202	7.38843	7.69209	7.34871	7.4629	7.55652	7.32292	7.28308
0.0550125	7.70874	7.46338	7.6675	7.73528	7.41727	7.48233	7.52161	7.49103	7.16553
0.0554625	7.34133	7.42022	7.80498	7.32815	7.31599	7.87123	7.6124	7.50511	7.59837
0.0559125	7.5667	7.46884	7.37894	7.44086	7.73792	7.58416	7.81235	7.27281	7.58587
0.056375	7.67235	7.60174	7.416	7.48101	7.72767	7.58772	7.62957	7.39977	7.28482
0.0568375	7.58897	7.66046	7.53783	7.57185	7.56487	7.29377	7.45252	7.8515	7.52259
0.0573	7.74609	7.66551	7.69315	7.50543	7.76981	7.59358	7.57003	7.79002	7.35102
0.0577625	7.5133	7.60554	7.78795	7.84068	7.73574	7.59677	7.74779	7.788	7.48417
0.0582375	7.85523	7.56458	7.67001	7.68853	7.48243	7.70686	7.45356	7.32371	7.26841
0.0587125	7.64395	7.4559	7.37181	7.57329	7.37263	7.57106	7.10684	7.6373	7.70291
0.0591875	7.57523	7.48755	7.2746	7.51607	7.34849	7.80162	7.26131	7.41969	7.78077
0.0596625	7.63773	7.31408	7.59242	7.3846	7.46818	7.79009	7.62877	7.47066	7.16964
0.06015	7.54474	7.5109	7.53212	7.61243	7.61929	7.60623	7.64166	7.59814	7.53798
0.0606375	7.37808	7.6653	7.33658	7.54107	7.77737	7.4782	7.52818	7.605	7.53152
0.061125	7.58782	7.7204	7.82556	7.5072	7.57141	7.74415	7.68094	7.48492	7.68063
0.0616125	7.27669	7.31713	7.29361	7.46969	7.59185	7.65016	7.43885	7.27776	7.41832
0.0621125	7.38076	7.34819	7.41269	7.65902	7.47855	7.56522	7.58589	7.67942	7.40636
0.0626125	7.62311	7.45861	7.65957	7.77948	7.82732	7.44025	7.47165	7.72554	7.46508
0.0631125	7.43527	7.52241	7.78118	7.62162	7.51014	7.46853	7.33533	7.44846	7.31175
0.063625	7.74819	7.51645	7.06585	7.51824	7.47547	7.43549	7.53689	7.48693	7.66034
0.064125	7.46184	7.56396	7.54213	7.64212	7.58824	7.70322	7.68944	7.81506	7.21528
0.06465	7.39154	7.46942	7.76601	7.78027	7.70887	7.80213	7.4673	7.66921	7.54187
0.0651625	7.64238	7.42333	7.60018	7.34192	7.50952	7.73674	7.68995	7.32811	7.27872
0.0656875	7.68556	7.47803	7.26385	7.55867	7.46203	7.71722	7.1786	7.60177	7.53394
0.0662125	7.20754	7.55142	7.47741	7.57748	7.3976	7.36845	7.45204	7.49342	7.34822
0.0667375	7.61274	7.57277	7.5021	7.24163	7.40459	7.52343	7.23483	7.2993	7.42955
0.0672625	7.35092	7.5974	7.46456	7.44607	7.76924	7.44375	7.88348	7.64002	7.37066
0.0678	7.49865	7.58736	7.54069	7.31458	7.66157	7.56892	7.68275	7.35598	7.52738
0.0683375	7.52475	7.33751	7.30914	7.44479	7.91865	7.92683	7.49433	7.45115	7.58583
0.0688875	7.25984	7.60795	7.54018	7.43332	7.46526	7.48781	7.5669	7.31059	7.48406
0.0694375	7.663	7.41305	7.7126	7.36119	7.39397	7.36547	7.33866	7.25853	7.46263
0.0699875	7.47799	7.43061	7.39862	7.65153	7.57477	7.39865	7.47857	7.50357	7.62318
0.0705375	7.68221	7.57893	7.47131	7.48543	7.63376	7.57691	7.42319	7.5477	7.72488
0.0711	7.75817	7.44088	7.52083	7.53543	7.72212	7.82001	7.49787	7.61158	7.48439
0.0716625	7.65707	7.46693	7.53378	7.29807	7.55728	7.68051	7.34788	7.55519	7.49478
0.072225	7.49479	7.36534	7.52743	7.57995	7.549	7.91849	7.47941	7.44621	7.38042
0.0728	7.47807	7.58089	7.71465	7.29705	7.34615	7.62551	7.39819	7.27306	7.68719
0.0733625	7.87724	7.21031	7.52347	7.50805	7.72871	7.28257	7.41638	7.23304	7.57313
0.07395	7.6395	7.46609	7.49416	7.30169	7.66205	7.44275	7.36432	7.49599	7.22216
0.074525	7.5745	7.79424	7.51641	7.44598	7.63548	7.53927	7.29935	7.50833	7.5125
0.0751125	7.53916	7.50329	7.56269	7.45305	7.51375	7.40807	7.85228	7.40413	7.50512
0.0757	7.27506	7.40933	7.45313	7.52745	7.33536	7.40463	7.46465	7.53784	7.57478
0.0763	7.48856	7.367	7.55162	7.40385	7.48349	7.74691	7.72305	7.34019	7.51773
0.0769	7.55016	7.53504	7.4229	7.55361	7.56875	7.41329	7.483	7.65586	7.36573
0.0775	7.44956	7.46421	7.4016	7.42296	7.46945	7.57481	7.27497	7.35884	7.53932
0.0781	7.4003	7.20261	7.56032	7.30496	7.55948	7.80829	7.52255	7.34942	7.48641
0.0787125	7.39574	7.58923	7.48388	7.57906	7.63293	7.38152	7.53363	7.5282	7.62301
0.079325	7.24389	7.52787	7.24446	7.5284	7.60164	7.42362	7.64056	7.47611	7.52035
0.07995	7.55425	7.57662	7.52404	7.37708	7.62946	7.59821	7.17749	7.40172	7.57992
0.080575	7.67438	7.5818	7.47034	7.41378	7.43573	7.40345	7.45158	7.74445	7.4912
0.0812	7.51519	7.23939	7.51293	7.54198	7.33607	7.49803	7.4393	7.59677	7.37258
0.0818375	7.49873	7.58352	7.3737	7.47327	7.49402	7.47104	7.34411	7.35437	7.67927
0.082475	7.48814	7.33006	7.42416	7.38404	7.57577	7.46057	7.42756	7.55243	7.62583
0.0831125	7.64904	7.53496	7.62358	7.61368	7.2965	7.55044	7.38321	7.18263	7.40545
0.08375	7.54639	7.35174	7.60302	7.43518	7.66858	7.49107	7.22316	7.57297	7.26525
0.0844	7.32388	7.49981	7.36143	7.52401	7.48175	7.42689	7.73967	7.23168	7.3292
0.0850625	7.52699	7.44459	7.38339	7.34392	7.35571	7.55773	7.38359	7.48568	7.44418
0.085725	7.51461	7.45025	7.68044	7.42972	7.51332	7.39727	7.5966	7.30605	7.30697
0.0863875	7.38082	7.60666	7.50276	7.53617	7.52859	7.47052	7.60405	7.36316	7.37645
0.08705	7.31281	7.42603	7.33157	7.35969	7.47474	7.78772	7.57784	7.466	7.36117
0.087725	7.33677	7.51091	7.34954	7.48797	7.31301	7.56485	7.32065	7.45368	7.66754
0.0884	7.69078	7.38287	7.4525	7.49474	7.55339	7.42957	7.35573	7.31769	7.47201
0.0890875	7.62191	7.49198	7.21847	7.35721	7.35697	7.74957	7.58326	7.57981	7.54962
0.089775	7.48014	7.45739	7.60595	7.35734	7.26714	7.65555	7.35525	7.59256	7.26032
0.0904625	7.75854	7.48021	7.47782	7.3754	7.35715	7.65901	7.32967	7.48849	7.16228
0.0911625	7.45373	7.57195	7.14085	7.40884	7.55343	7.73762	7.27698	7.38642	7.32559
0.0918625	7.64469	7.51528	7.38681	7.28627	7.37477	7.64454	7.60236	7.35334	7.52426
0.0925625	7.30814	7.2718	7.38566	7.4826	7.47057	7.36273	7.27675	7.44425	7.16318
0.093275	7.51457	7.50823	7.32231	7.52716	7.51165	7.69299	7.32506	7.53098	7.58583
0.0939875	7.69557	7.62321	7.38851	7.43553	7.2449	7.68768	7.47368	7.46204	7.41019
0.0947125	7.54741	7.2191	7.06737	7.26406	7.56219	7.63076	7.70074	7.30433	7.217
0.0954375	7.30923	7.4535	7.33779	7.27293	7.34034	7.41672	7.31423	7.19811	7.28633
0.096175	7.5327	7.33132	7.25294	7.37169	7.3353	7.33496	7.40068	7.50485	7.39556
0.0969	7.53313	7.56129	7.26364	7.31344	7.40124	7.7767	7.52474	7.41525	7.38624
0.09765	7.584	7.39765	7.63317	7.40566	7.19515	7.48545	7.43071	7.37873	7.45215
0.0983875	7.21429	7.56928	7.40631	7.25937	7.42425	7.55119	7.49337	7.39405	7.38346
0.09915	7.53899	7.56496	7.30255	7.39042	7.64826	7.40297	7.62196	7.37115	7.353
0.0999	7.56129	7.54664	7.71533	7.36002	7.5283	7.46415	7.46997	7.56898	7.30545
0.100662	7.43199	7.35371	7.51983	7.47657	7.44316	7.44509	7.28548	7.43025	7.50817
0.101425	7.54678	7.58112	7.23388	7.43422	7.68842	7.57526	7.387	7.43559	7.27739
0.1022	7.48445	7.51734	7.13981	7.41198	7.57442	7.558	7.34701	7.38114	7.28432
0.102975	7.50708	7.37133	7.3146	7.1798	7.3563	7.53518	7.35801	7.38884	7.37233
0.103762	7.5223	7.4619	7.37182	7.47861	7.68197	7.31937	7.39482	7.43301	7.55569
0.10455	7.37256	7.414	7.44307	7.38232	7.295	7.30718	7.29234	7.56411	7.33382
0.10535	7.66399	7.57474	7.42307	7.3462	7.35785	7.51264	7.42259	7.54464	7.56393
0.10615	7.4512	7.26346	7.32771	7.28696	7.51061	7.41057	7.2945	7.53424	7.57089
0.10695	7.42028	7.50162	7.4327	7.41304	7.37594	7.74484	7.40142	7.38934	7.46372
0.107763	7.3743	7.56638	7.35531	7.47711	7.36221	7.33052	7.40722	7.42915	7.32018
0.108575	7.32838	7.45278	7.23089	7.40745	7.31072	7.54499	7.53833	7.49976	7.44503
0.1094	7.46197	7.37266	7.32538	7.40115	7.54025	7.66889	7.32834	7.16328	7.50937
0.110225	7.16205	7.37008	7.12199	7.37833	7.43892	7.38566	7.44224	7.63719	7.36615
0.111062	7.45707	7.41337	7.29957	7.24378	7.58581	7.49258	7.46043	7.46049	7.45675
0.1119	7.38675	7.39551	7.41357	7.48496	7.4899	7.57133	7.25856	7.51354	7.44854
0.11275	7.45595	7.41772	7.29812	7.1602	7.47014	7.58552	7.30641	7.40654	7.25921
0.1136	7.33892	7.43106	7.34664	7.27128	7.53768	7.47753	7.29202	7.38311	7.38319
0.11445	7.79253	7.35455	7.50984	7.46176	7.40753	7.14647	7.43447	7.14018	7.47278
0.115313	7.45376	7.25419	7.31824	7.42754	7.6023	7.56362	7.19033	7.13803	7.28857
0.116187	7.42858	7.54447	7.28435	7.6714	7.48744	7.6426	7.35466	7.24998	7.33498
0.117063	7.45185	7.24147	7.30551	7.52644	7.43929	7.56479	7.38163	7.37281	7.2794
0.117937	7.38265	7.53847	7.39869	7.36617	7.51795	7.4824	7.52356	7.45882	7.55034
0.118825	7.56304	7.43844	7.44419	7.33509	7.40663	7.42712	7.35867	7.41298	7.60262
0.119713	7.40687	7.44514	7.38363	7.43458	7.5968	7.18069	7.44185	7.3368	7.54332
0.120613	7.57397	7.34924	7.35372	7.17137	7.32511	7.49081	7.32611	7.44277	7.39404
0.121525	7.3238	7.36194	7.29868	7.37104	7.34922	7.5678	7.35711	7.33941	7.32354
0.122437	7.40563	7.41983	7.32933	7.49417	7.32223	7.31353	7.42714	7.24627	7.29049
0.12335	7.56924	7.31573	7.27221	7.3467	7.54713	7.45104	7.32198	7.30641	7.4155
0.124275	7.47817	7.16845	7.55656	7.28337	7.28287	7.46134	7.30567	7.31326	7.35697
0.125213	7.49634	7.27334	7.3203	7.33336	7.29821	7.42055	7.52064	7.40302	7.51634
0.12615	7.61654	7.21782	7.51284	7.09293	7.36282	7.44225	7.35992	7.35328	7.37832
0.127088	7.41493	7.23129	7.43416	7.1997	7.55462	7.31677	7.52581	7.19962	7.40298
0.128037	7.46152	7.32919	7.25459	7.29785	7.41422	7.43269	7.23732	7.65388	7.20913
0.129	7.44893	7.35864	7.37935	7.42227	7.56853	7.46323	7.42341	7.1546	7.23231
0.129963	7.25907	7.37313	7.2947	7.49575	7.42241	7.53876	7.50764	7.31469	7.1668
0.130925	7.33457	7.4471	7.28604	7.37426	7.49107	7.52136	7.47041	7.34203	7.16849
0.1319	7.40518	7.38875	7.45801	7.46787	7.55002	7.55666	7.37558	7.26071	7.20061
0.132887	7.51486	7.36435	7.38745	7.44154	7.36419	7.5989	7.27479	7.17186	7.26102
0.133875	7.43887	7.23709	7.19883	7.57549	7.41447	7.41147	7.23349	7.09351	7.18026
0.134875	7.41431	7.40473	7.18832	7.29586	7.4158	7.44373	7.27205	7.39092	7.17857
0.135888	7.40429	7.31267	7.22628	7.45908	7.34444	7.53826	7.32993	7.30352	7.60131
0.136888	7.52143	7.39552	7.1537	7.33212	7.45138	7.41503	7.3789	7.39896	7.52498
0.137912	7.49385	7.33354	7.25515	7.49192	7.47262	7.5391	7.23086	7.20344	7.21312
0.138938	7.42427	7.38951	7.35468	7.20089	7.30534	7.44699	7.3279	7.36402	7.16659
0.139962	7.4583	7.50554	7.22228	7.12642	7.20697	7.36469	7.32127	7.23698	7.45662
0.141013	7.3621	7.40689	7.26082	7.361	7.35823	7.36417	7.45537	7.26255	7.1128
0.14205	7.45762	7.43229	7.26929	7.33715	7.59177	7.62766	7.55392	7.28411	7.45543
0.143112	7.2903	7.50189	7.18211	7.2774	7.4176	7.44129	7.37472	7.24926	7.39055
0.144175	7.29343	7.57181	6.96846	7.23626	7.32061	7.35787	7.40161	7.43709	7.31643
0.145238	7.23862	7.35271	7.39736	7.2902	7.42365	7.40171	7.14422	7.59612	7.31996
0.146313	7.38234	7.45456	7.21248	7.18432	7.42319	7.39042	7.35789	7.18581	7.25228
0.1474	7.36273	7.53878	7.22334	7.41589	7.45344	7.31068	7.33561	7.29827	7.26893
0.148487	7.43027	7.25462	7.2778	7.42515	7.49984	7.37387	7.40757	7.28057	7.45048
0.149587	7.44644	7.26634	7.27828	7.37267	7.39003	7.3701	7.36195	7.16542	7.33196
0.1507	7.41201	7.30833	7.47567	7.25522	7.40249	7.32856	7.27629	7.26632	7.15355
0.151812	7.47113	7.29291	7.32921	7.24152	7.27058	7.46637	7.37405	7.24943	7.38079
0.152925	7.39976	7.39295	7.31702	7.36652	7.41918	7.38316	7.29469	7.43853	7.22026
0.154062	7.47174	7.34938	7.12626	7.41142	7.22657	7.44548	7.23224	7.271	7.36439
0.1552	7.61769	7.45078	7.3372	7.28187	7.17157	7.20533	7.22593	7.3025	7.34643
0.156337	7.48579	7.41315	7.21389	7.22412	7.16065	7.45915	7.46731	7.45223	7.27282
0.1575	7.5135	7.47447	7.26187	7.28306	7.61632	7.23738	7.43129	7.14936	7.20251
0.15865	7.48577	7.49368	7.34449	7.30245	7.34838	7.42166	7.3833	7.46059	7.23649
0.159825	7.15156	7.29354	7.26063	7.38022	7.26764	7.34195	7.35579	7.54171	7.2475
0.161	7.4231	7.35678	7.33	7.48978	7.37943	7.41259	7.31791	7.20438	7.18429
0.162188	7.33077	7.19122	7.26588	7.31929	7.35341	7.44986	7.35055	7.28692	7.08952
0.163375	7.32324	7.25432	7.41651	7.2812	7.33655	7.55489	7.34049	7.35825	7.29813
0.164587	7.4858	7.25301	7.38471	7.28772	7.58417	7.51694	7.28836	7.50653	7.49973
0.165788	7.30682	7.34624	7.32304	7.41371	7.35847	7.60511	7.40303	7.40302	7.29194
0.167012	7.41058	7.24991	7.05741	7.2917	7.41898	7.25349	7.45143	7.41316	7.46696
0.168238	7.34804	7.30975	7.31104	7.44873	7.42518	7.45582	7.50648	7.2806	7.15784
0.169475	7.28839	7.24129	7.15255	7.3955	7.33513	7.64881	7.30635	7.38939	7.185
0.170713	7.18587	7.27137	7.40334	7.37039	7.41682	7.50806	7.21087	7.27102	7.23557
0.171975	7.23723	7.35778	7.30549	7.40409	7.40711	7.41414	7.51821	7.291	7.16971
0.173238	7.32208	7.18227	7.29391	7.28116	7.46362	7.28499	7.39626	7.25398	7.24857
0.1745	7.24248	7.38425	7.11343	7.38433	7.36816	7.36152	7.47399	7.13891	7.18465
0.175775	7.21037	7.40527	7.21956	7.05742	7.18303	7.25909	7.38327	7.29291	7.39632
0.177062	7.3312	7.25879	7.26495	7.26024	7.35952	7.27573	7.33835	7.18179	7.06612
0.178363	7.31018	7.45169	7.31342	7.3534	7.31138	7.31281	7.29431	7.22195	7.36898
0.179675	7.32022	7.23196	7.18697	7.30731	7.34961	7.21711	7.18903	7.25599	7.49292
0.180988	7.29394	7.43901	7.06206	7.32986	7.29504	7.35036	7.28108	7.22392	7.17135
0.182313	7.36727	7.3634	7.21666	7.18626	7.24387	7.26705	7.20835	7.33723	7.21559
0.183637	7.4435	7.39438	7.17848	7.23282	7.22363	7.42459	7.25618	7.35622	7.21185
0.184988	7.23175	7.18229	7.27865	7.29774	7.42204	7.34916	7.32548	7.24814	7.31379
0.186338	7.48736	7.33244	7.19715	7.3187	7.42023	7.2478	7.44755	7.26701	7.27397
0.1877	7.349	7.38529	7.1242	7.20273	7.36977	7.33131	7.20623	7.3035	7.24268
0.189063	7.32827	7.40525	7.16909	7.50261	7.3229	7.39354	7.32856	7.32237	7.06541
0.19045	7.25742	7.28009	7.15778	7.18707	7.49474	7.32795	7.28827	7.2797	7.40163
0.191838	7.45828	7.30818	7.18756	7.32671	7.36889	7.24282	7.23105	7.21561	7.32824
0.193237	7.48414	7.33086	7.27811	7.10441	7.29634	7.27529	7.23179	7.15367	7.32514
0.19465	7.30782	7.23015	7.42696	7.22357	7.28814	7.35725	7.4161	7.26216	7.30852
0.196063	7.23747	7.24666	7.10319	7.38775	7.37289	7.28338	7.57506	7.17807	7.11605
0.197488	7.25017	7.46258	7.27679	7.37578	7.28721	7.48477	7.04926	7.31277	7.15028
0.198925	7.52188	7.487	7.09956	7.29549	7.45828	7.0608	7.47904	7.19806	7.21335
0.200375	7.45553	7.15671	7.20208	7.23665	7.4478	7.22294	7.40093	7.18726	7.25527
0.201837	7.29741	7.29119	7.25349	7.38386	7.29428	7.24413	7.21115	7.19402	7.24518
0.2033	7.24309	7.33003	7.10743	7.1593	7.35805	7.34196	7.22099	7.4114	7.148
0.204787	7.39128	7.29708	7.23246	7.32981	7.28606	7.33684	7.37323	7.26642	7.20174
0.206275	7.4322	7.22505	7.18899	7.30604	7.15844	7.38495	7.21253	7.37973	7.27819
0.207775	7.3499	7.16174	7.16617	7.29064	7.25	7.33419	7.26006	7.50457	7.24079
0.209275	7.35762	7.3868	7.19574	7.18123	7.25434	7.29082	7.18167	7.16864	7.30395
0.2108	7.2476	7.29648	7.22113	7.27202	7.39573	7.24523	7.27295	7.31875	7.35311
0.212325	7.3584	7.25566	7.24275	7.2768	7.22293	7.25043	7.30204	7.16586	7.2088
0.213875	7.17637	7.07593	7.223	7.38824	7.35099	7.27817	7.24626	7.32605	7.13698
0.215425	7.29063	7.18153	7.15313	7.13076	7.21996	7.28732	7.19814	7.37365	7.17934
0.216988	7.23382	7.38748	7.21479	7.37147	7.34554	7.29958	7.32532	7.07417	7.19779
0.218562	7.39075	7.25205	7.1657	7.14661	7.27889	7.2061	7.34781	7.22993	7.18849
0.22015	7.29776	7.26801	7.3641	7.27544	7.24007	7.33827	7.23781	7.17673	7.09735
0.221738	7.33593	7.33	7.00861	7.37899	7.31229	7.28752	7.34693	7.04397	7.11145
0.22335	7.25269	7.28403	7.10533	7.23269	7.28815	7.39158	7.09274	7.11208	7.15756
0.224963	7.37662	7.23997	7.15012	7.27829	7.32283	7.2175	7.28822	7.16078	7.11635
0.226588	7.1882	7.35738	7.14695	7.31662	7.42571	7.36381	7.22006	7.14608	7.29928
0.228237	7.2236	7.2593	7.31289	7.29571	7.31176	7.40878	7.15964	7.28331	7.19624
0.229888	7.26255	7.17787	7.07275	7.10949	7.27056	7.22092	7.10463	7.18303	7.25365
0.23155	7.26035	7.27209	7.2231	7.30935	7.44512	7.25879	7.23104	7.2147	7.1954
0.233225	7.14279	7.20832	7.23845	7.25486	7.12216	7.33329	7.17877	7.33228	7.23977
0.234912	7.34836	7.28242	7.14821	7.15273	7.17625	7.38235	7.26062	7.2829	7.16675
0.2366	7.19566	7.25161	7.06434	7.1003	7.2391	7.31816	7.1516	7.27135	7.20725
0.238312	7.25248	7.17671	7.27101	7.19705	7.24654	7.30236	7.14039	7.2216	7.25208
0.240038	7.43664	7.20677	7.11721	7.21845	7.21713	7.28961	7.32418	7.20299	7.28879
0.241763	7.24339	7.27761	7.2537	7.19571	7.40178	7.28095	7.30045	6.98979	7.12121
0.243512	7.39846	7.17216	7.23775	7.1159	7.10952	7.40311	7.27159	7.18754	7.16456
0.245275	7.30187	7.14843	7.31731	7.34011	7.30092	7.2655	7.1815	7.30189	7.12186
0.247038	7.32847	7.23922	7.23567	7.20458	7.15064	7.23323	7.26745	7.20633	7.09608
0.248825	7.14887	7.27261	7.13879	7.28483	7.37828	7.32014	7.28497	7.14852	7.21757
0.250612	7.20576	7.17692	7.27141	7.33083	7.30895	7.24068	7.18588	7.15905	7.20571
0.252425	7.36287	7.27834	7.1495	7.20143	7.18601	7.2971	7.1809	7.26028	7.15855
0.254238	7.37091	7.35193	7.16381	7.12424	7.20106	7.30098	7.14501	7.2025	7.28309
0.256075	7.24933	7.28248	7.21359	7.23053	7.35443	7.19179	7.21049	7.13343	7.1319
0.257912	7.27029	7.24461	6.99773	7.36194	7.21289	7.29292	7.41886	7.21062	7.22506
0.259775	7.17175	7.26018	7.18028	7.185	7.22034	7.29252	7.19297	7.30555	7.35044
0.26165	7.25096	7.07154	7.17107	7.15058	7.32103	7.23984	7.20154	7.22901	7.23097
0.263525	7.27623	7.15969	7.12955	7.17922	7.20176	7.23746	7.20021	7.12538	7.1089
0.265425	7.21286	7.27528	7.18237	7.14288	7.19201	7.46268	7.20433	7.19798	7.20181
0.267338	7.24465	7.23334	7.04994	7.27513	7.34009	7.35119	7.07113	7.16797	7.26604
0.26925	7.28236	7.37567	7.187	7.13892	7.29154	7.20191	7.16832	7.30399	7.2039
0.271188	7.10133	7.19137	7.2238	7.03711	7.26364	7.34307	7.12075	7.11582	7.09641
0.273138	7.27076	7.25052	7.13119	7.3477	7.23416	7.36475	7.23214	7.22687	7.1457
0.2751	7.3186	7.27577	7.19444	7.17768	7.1399	7.28913	7.32134	7.26029	7.15749
0.277075	7.41716	7.31029	7.13918	7.22993	7.23963	7.20649	7.19397	7.25671	7.27915
0.279063	7.23006	7.24068	7.19497	7.29189	7.299	7.30666	7.3008	7.20481	7.12093
0.281075	7.18549	7.32488	7.27076	7.3065	7.18897	7.11667	7.15768	7.24503	7.22489
0.283087	7.27721	7.20039	7.11611	7.22808	7.28247	7.16677	7.17455	7.39606	7.18947
0.285125	7.29742	7.27095	7.20788	7.25124	7.21448	7.18618	7.27354	7.14693	7.11729
0.287163	7.29559	7.20456	7.09361	7.27307	7.29284	7.2828	7.23762	7.21826	6.99672
0.289225	7.34735	7.23196	7.22979	7.24771	7.1824	7.21047	7.2979	7.12324	7.17493
0.2913	7.27371	7.28646	7.19445	7.25667	7.23448	7.13246	7.19056	7.27453	7.19379
0.293388	7.21731	7.14994	7.22206	7.32571	7.19751	7.22886	7.20778	7.18273	7.19871
0.295487	7.27269	7.19129	7.26374	7.19692	7.19787	7.33791	7.19257	7.18377	7.27642
0.297612	7.21809	7.03374	7.09041	7.24138	7.34154	7.23951	7.13514	7.27503	7.2758
0.299738	7.29123	7.31749	7.15239	7.22425	7.19689	7.29717	7.34934	7.31555	7.19688
0.301888	7.29001	7.28265	7.14073	7.12341	7.2482	7.35645	7.13753	7.29775	7.19321
0.30405	7.35354	7.15192	7.14016	7.20276	7.09612	7.37455	7.20804	7.14315	7.17998
0.306225	7.28651	7.17591	7.10162	7.15746	7.19849	7.26425	7.20534	7.19359	7.15781
0.308425	7.23074	7.18115	7.15028	7.25467	7.27948	7.20777	7.23286	7.08139	7.28028
0.310625	7.28	7.16562	7.03602	7.27282	7.24492	7.11627	7.19191	7.16712	7.14397
0.31285	7.23452	7.06651	7.04599	7.16378	7.22966	7.28456	7.35627	7.18266	7.21091
0.315087	7.29548	7.17927	7.23803	7.15398	7.24147	7.18451	7.34044	7.11085	7.22305
0.317338	7.38085	7.19031	7.07329	7.05718	7.27375	7.1892	7.17533	7.12869	7.15408
0.319613	7.19977	7.08392	7.25772	7.14313	7.18727	7.20878	7.19773	7.25245	7.16312
0.3219	7.02467	7.17613	7.15605	7.26316	7.22563	7.28486	7.11689	7.19568	7.08721
0.3242	7.20007	7.02772	7.16431	7.19579	7.25994	7.25936	7.29061	7.12665	7.15752
0.326512	7.29441	7.14857	7.19082	7.2327	7.11364	7.2967	7.1763	7.25479	7.23887
0.32885	7.24982	7.1821	7.0822	7.21376	7.16793	7.25074	7.07993	7.27955	7.14784
0.331187	7.30706	7.14882	7.08373	7.18845	7.17334	7.26271	7.20369	7.20422	7.03685
0.333562	7.29511	7.15508	7.13739	7.17515	7.15646	7.14316	7.196	7.15805	7.15977
0.335938	7.33196	7.21648	7.11141	7.19351	7.0828	7.21075	7.21957	7.22315	7.07426
0.338338	7.26413	7.20787	7.10037	7.05389	7.14879	7.34139	7.16075	7.27818	7.23443
0.34075	7.20828	7.12091	7.14898	7.22037	7.2624	7.21208	7.10531	7.28754	7.02865
0.343188	7.17435	7.26453	7.20097	7.23993	7.2948	7.26643	7.19519	7.16981	7.20135
0.345638	7.08392	7.40131	7.13696	7.14561	7.26899	7.32981	7.1494	7.13252	6.97493
0.3481	7.10301	7.30675	7.15686	7.16428	7.18044	7.16302	7.24786	7.14954	7.16386
0.350575	7.19974	7.28789	7.12839	7.08803	7.17687	7.35272	7.27111	7.09673	7.14632
0.353075	7.29317	7.12088	7.17069	7.2256	7.28105	7.25942	7.15394	7.2262	7.09033
0.3556	7.28588	7.24569	7.06946	7.05155	7.07602	7.19793	7.07219	7.13677	7.09563
0.358125	7.29777	7.13869	7.05713	7.08966	7.09639	7.24876	7.20075	7.11433	7.10565
0.360675	7.31352	7.15009	7.15569	7.15124	7.24502	7.29036	7.17316	7.11336	7.07082
0.36325	7.24751	7.17049	7.15385	7.29251	7.08149	7.13379	6.98923	7.20813	7.10471
0.365838	7.2424	7.23736	7.08205	7.28098	7.20097	7.14027	7.1271	7.1529	7.16923
0.368437	7.19387	7.12403	7.16561	7.35562	7.19136	7.17401	7.23668	7.13369	7.23854
0.371062	7.17252	7.31429	7.17833	7.11057	7.18737	7.20635	7.19568	7.29074	7.13606
0.373713	7.21177	7.16037	7.1916	7.0805	7.10469	7.26195	7.11388	7.14781	7.12067
0.376363	7.22821	7.34755	7.07428	7.26355	7.22864	7.35457	7.25027	7.28649	7.13744
0.37905	7.17068	7.2602	7.16818	7.14797	7.32048	7.16227	7.23113	7.07254	7.05707
0.381738	7.33718	7.22297	7.07401	7.09872	7.28603	7.21091	7.08698	7.16748	7.23082
0.384463	7.18312	7.13044	7.18143	7.09966	7.19828	7.25976	7.13285	7.17497	7.14535
0.387188	7.20062	7.17155	7.11856	7.2008	7.19432	7.09712	7.2543	7.18814	7.06881
0.38995	7.22249	7.1411	7.04777	7.16316	7.24595	7.21075	7.08645	7.11278	7.16213
0.392713	7.24127	7.2513	7.04883	7.27401	7.32917	7.2891	7.23314	7.13935	7.03908
0.395512	7.23806	7.1946	7.08234	7.09808	7.19354	7.21132	7.20805	7.23559	7.10991
0.398325	7.26008	7.31194	7.12548	7.2134	7.20669	7.18023	7.22638	7.14239	7.18831
0.40115	7.19557	7.18116	7.12234	7.12762	7.20639	7.24561	7.13604	7.07962	7.05516
0.404	7.25888	7.1737	7.18995	7.21384	7.16002	7.19157	7.19271	7.21747	7.20091
0.406875	7.26207	7.21309	7.04167	7.16847	7.14191	7.2378	7.04636	7.18334	7.08171
0.409763	7.16496	7.15331	7.22091	7.18706	7.31001	7.31228	7.20897	7.09109	7.14609
0.412663	7.20088	7.13065	7.14492	7.11194	7.179	7.2665	7.25329	7.18044	7.15792
0.4156	7.13181	7.14121	7.09522	7.15563	7.20474	7.14925	7.22414	7.02767	7.05349
0.41855	7.14716	7.20915	7.01997	7.1663	7.19945	7.28481	7.03112	7.15195	7.21012
0.421525	7.2745	7.20481	7.15766	7.16986	7.16337	7.23062	7.24021	7.20308	7.0958
0.424513	7.12932	7.24414	7.18971	7.16765	7.1649	7.35039	7.08608	7.07705	7.11611
0.427525	7.26265	7.21091	7.04136	7.16796	7.17056	7.22284	7.08719	7.23089	7.11817
0.43055	7.20854	7.16585	7.14566	7.11947	7.24277	7.23215	7.16303	7.18952	7.08292
0.433612	7.26364	7.1651	7.0182	7.10676	7.19773	7.26065	7.17653	7.17284	7.03567
0.436687	7.20341	7.165	7.08033	7.10979	7.25469	7.14926	7.07363	7.20812	7.15656
0.439775	7.1383	7.15145	7.14824	7.2235	7.19145	7.29857	7.15552	7.17807	7.19873
0.4429	7.20002	7.17246	7.09842	7.27802	7.21223	7.3388	7.20109	7.18274	7.24378
0.446038	7.08733	7.19514	7.18027	7.26227	7.27031	7.17424	7.12954	7.15231	7.14432
0.4492	7.0834	7.22098	7.09906	7.2316	7.09773	7.18237	7.21785	7.2431	6.98119
0.452375	7.21508	7.205	7.08611	7.21615	7.12086	7.30384	7.22314	7.15512	7.17724
0.455588	7.13524	7.07801	7.14652	7.18194	7.25106	7.23028	7.19604	7.23868	7.10021
0.458813	7.15401	7.07643	7.06505	7.13391	7.23325	7.1895	7.10115	7.13654	7.11795
0.462063	7.27668	7.12462	7.06566	7.21195	7.24951	7.14345	7.06208	7.14498	7.12147
0.465338	7.25963	7.13514	7.1175	7.15399	7.12609	7.16297	7.22176	7.12522	7.07216
0.468625	7.27376	7.11651	7.12213	7.19676	7.17173	7.2185	7.25063	7.16539	7.12746
0.47195	7.19747	7.1845	7.20239	7.14377	7.20256	7.26304	7.16577	7.13167	7.09022
0.475287	7.26858	7.19682	7.08619	7.19087	7.27921	7.17317	7.11663	7.05318	7.0961
0.47865	7.18601	7.0859	7.17392	7.16233	7.15179	7.27875	7.14798	7.12774	7.11701
0.482038	7.25124	7.14671	7.06897	7.2913	7.10775	7.18153	7.26073	7.10636	7.01497
0.48545	7.18098	7.30307	7.10345	7.1355	7.24464	7.29008	7.17628	7.22074	7.06198
0.488887	7.19229	7.16809	7.06165	7.2455	7.24488	7.30595	7.14476	7.16726	7.12344
0.492337	7.26678	7.18139	7.0934	7.14599	7.19835	7.26152	7.15171	7.18174	7.13225
0.495825	7.16872	7.0589	7.16643	7.12409	7.23958	7.19681	7.11181	7.16467	7.10705
0.499325	7.18522	7.1684	7.07543	7.14665	7.17593	7.30419	7.15336	7.13207	7.10743
0.502863	7.22697	7.1317	7.18142	7.25755	7.10951	7.29145	7.16337	7.14968	7.08231
0.506413	7.29872	7.20642	7.08264	7.12347	7.13489	7.19899	7.19701	7.16544	7.17217
0.51	7.1393	7.12442	7.20343	7.13074	7.23491	7.09634	7.21528	7.13777	7.12586
0.5136	7.10669	7.12625	7.14889	7.14336	7.26361	7.2717	7.24362	7.08954	7.10528
0.517225	7.13596	7.15067	7.14454	7.18436	7.20127	7.28593	7.20852	7.16666	7.03618
0.520887	7.2264	7.23455	7.14	7.02156	7.18842	7.24399	7.08956	7.0992	7.08668
0.524562	7.17919	7.24688	7.14094	7.24376	7.29313	7.17185	7.08108	7.18327	7.05006
0.528275	7.20077	7.22887	7.10579	7.15583	7.15861	7.18542	7.19296	7.17949	7.19249
0.532	7.11611	7.23901	7.13047	7.14877	7.24218	7.2709	7.25817	7.09696	7.1513
0.535762	7.16025	7.2751	7.18351	7.16053	7.26513	7.17847	7.13967	7.17871	7.09701
0.539537	7.14946	7.16858	7.10253	7.24015	7.32472	7.29829	7.20297	7.09763	7.08319
0.54335	7.20853	7.18906	7.08926	7.17311	7.24648	7.22072	7.12975	7.10973	7.06111
0.547188	7.20196	7.25305	7.16319	7.18162	7.27284	7.21283	7.18427	7.12979	7.18982
0.55105	7.25327	7.1844	7.15801	7.19539	7.30868	7.27837	7.16524	7.12325	7.00596
0.554937	7.28399	7.14195	7.12775	7.17424	7.2188	7.23923	7.14963	7.16619	7.11766
0.55885	7.04346	7.16932	7.10237	7.17872	7.25915	7.25276	7.12699	7.18346	7.19428
0.5628	7.19292	7.11285	7.01439	7.15849	7.1926	7.26907	7.10812	7.0796	7.18636
0.566763	7.1876	7.25556	7.13347	7.11674	7.17766	7.18895	7.15949	7.17236	7.18248
0.570763	7.23232	7.18401	7.137	7.08567	7.16623	7.31861	7.17	7.11349	7.14142
0.574787	7.21949	7.18499	6.9843	7.06573	7.22797	7.13133	7.13737	7.18273	7.13898
0.578838	7.19237	7.12878	7.18239	7.18604	7.13311	7.23731	7.15005	7.15729	7.19387
0.582925	7.27705	7.11357	7.04301	7.14403	7.17996	7.23296	7.10338	7.09426	7.19384
0.587038	7.19036	7.15031	7.05912	7.1605	7.12062	7.18739	7.19964	7.14731	7.1406
0.591175	7.16795	7.19416	7.07168	7.13986	7.16554	7.1739	7.14963	7.21985	7.1388
0.595338	7.21328	7.25019	7.10227	7.24881	7.13821	7.22736	7.20174	7.24717	7.11704
0.599537	7.18528	7.1389	7.08317	7.16851	7.27846	7.2785	7.17307	7.17313	7.10959
0.603763	7.18704	7.25168	7.12561	7.16245	7.23002	7.15765	7.18434	7.17795	7.21257
0.608012	7.33213	7.2704	7.08198	7.17876	7.11961	7.24408	7.19686	7.12978	7.18411
0.6123	7.11464	7.17272	7.14199	7.09672	7.26601	7.26282	7.16	7.22861	7.23233
0.616612	7.28347	7.21222	7.08829	7.20904	7.06179	7.25698	7.15557	7.12834	7.16172
0.620963	7.23581	7.22935	7.18664	7.12693	7.19271	7.27635	7.16686	7.16579	7.20584
0.625325	7.14442	7.23746	7.11656	7.15013	7.15078	7.1639	7.17115	7.19953	7.06517
0.629737	7.29988	7.15079	7.13702	7.21185	7.24835	7.27114	7.15022	7.13093	7.05127
0.634175	7.18046	7.16993	7.18462	7.09307	7.13958	7.22862	7.23605	7.08776	7.12027
0.638637	7.19056	7.19344	7.05515	7.16792	7.24773	7.26909	7.21035	7.1794	7.1002
0.643125	7.18034	7.08492	7.09155	7.20917	7.14803	7.25226	7.30852	7.03961	7.13859
0.647663	7.21505	7.10681	7.20222	7.1072	7.25576	7.18787	7.15501	7.21356	7.13758
0.652213	7.25994	7.26775	7.11478	7.23262	7.20036	7.23953	7.22297	7.13516	7.16427
0.656812	7.2476	7.22928	7.1584	7.1449	7.27113	7.31289	7.18704	7.1531	7.20954
0.661425	7.23093	7.26157	7.22758	7.12388	7.1602	7.21	7.26279	7.21092	7.19746
0.666088	7.19306	7.22544	7.10881	7.2236	7.19467	7.13563	7.22592	7.26893	7.13627
0.670775	7.30683	7.24864	7.15235	7.13003	7.25844	7.17601	7.14571	7.13932	7.08133
0.675488	7.15074	7.1953	7.13478	7.16771	7.22729	7.27972	7.11362	7.11024	7.12913
0.680237	7.23555	7.20675	7.16179	7.23389	7.22005	7.22214	7.26457	7.15003	7.14998
0.685025	7.2157	7.17113	7.11348	7.16075	7.18914	7.22506	7.2336	7.13823	7.16051
0.689838	7.1078	7.19513	7.11715	7.19689	7.21405	7.27506	7.18131	7.29616	7.13792
0.694687	7.12901	7.18919	7.13947	7.13925	7.10224	7.25144	7.13462	7.17244	7.14911
0.699575	7.26047	7.15932	7.11216	7.10697	7.20256	7.26114	7.14279	7.16984	7.12234
0.7045	7.23733	7.29938	7.14161	7.21433	7.27469	7.21765	7.14117	7.13176	7.22599
0.70945	7.16795	7.19421	7.09388	7.16801	7.21212	7.21363	7.1551	7.09983	7.14492
0.714437	7.21163	7.10335	7.13711	7.20254	7.25504	7.26698	7.21039	7.11946	7.17173
0.719463	7.2529	7.18069	7.13438	7.21001	7.24199	7.19811	7.25713	7.16493	7.12939
0.724513	7.24364	7.23018	7.11031	7.21166	7.24188	7.3236	7.19938	7.23205	7.18456
0.7296	7.20031	7.28167	7.08145	7.13133	7.24394	7.28646	7.23056	7.27775	7.17522
0.734738	7.15792	7.22925	7.23394	7.28008	7.28797	7.25664	7.14304	7.14792	7.19181
0.7399	7.13412	7.27074	7.10098	7.1758	7.25602	7.3102	7.16376	7.21141	7.12561
0.745088	7.18413	7.21812	7.28286	7.15562	7.22821	7.25885	7.11798	7.13326	7.09956
0.750325	7.22771	7.26552	7.20314	7.18027	7.23475	7.18787	7.221	7.17364	7.2287
0.7556	7.18336	7.2448	7.19033	7.17647	7.21079	7.29315	7.19594	7.16928	7.14588
0.7609	7.21553	7.20864	7.13804	7.10589	7.32606	7.27324	7.24429	7.22074	7.10175
0.76625	7.18419	7.14318	7.12174	7.1802	7.2062	7.25456	7.19639	7.18333	7.1127
0.771625	7.22489	7.22447	7.12978	7.20181	7.26411	7.27164	7.23875	7.09497	7.15991
0.77705	7.20363	7.13344	7.16734	7.17677	7.27342	7.29802	7.21485	7.17848	7.18366
0.7825	7.20365	7.31512	7.17972	7.28285	7.21726	7.27938	7.23375	7.11206	7.09105
0.788	7.08472	7.16053	7.12082	7.22921	7.33038	7.27255	7.22801	7.13723	7.13011
0.793525	7.202	7.20359	7.20527	7.22291	7.23248	7.29074	7.20547	7.14695	7.15849
0.7991	7.20335	7.20881	7.13469	7.12742	7.18873	7.23579	7.12714	7.15031	7.177
0.8047	7.27819	7.20987	7.14129	7.1754	7.25058	7.24809	7.2304	7.18174	7.14277
0.81035	7.27313	7.14587	7.15281	7.1996	7.19111	7.21117	7.26805	7.1358	7.19608
0.816037	7.19033	7.24652	7.22829	7.24341	7.2232	7.22184	7.21379	7.09809	7.14971
0.821763	7.17456	7.20626	7.16933	7.21599	7.32086	7.28432	7.23062	7.18487	7.14833
0.827525	7.21166	7.20727	7.23453	7.23038	7.22197	7.2607	7.25459	7.23058	7.14536
0.833337	7.21695	7.17145	7.22133	7.20829	7.26865	7.39191	7.23233	7.14796	7.17137
0.839175	7.16547	7.22024	7.058	7.17042	7.27365	7.37343	7.23331	7.12799	7.13479
0.845062	7.21936	7.15429	7.16982	7.2228	7.19883	7.20397	7.23546	7.10961	7.15141
0.851	7.24507	7.27307	7.21146	7.17983	7.28744	7.3274	7.14025	7.19877	7.23337
0.856963	7.15732	7.30409	7.15179	7.24279	7.24058	7.26262	7.16607	7.17006	7.15067
0.862975	7.20857	7.23127	7.18739	7.22611	7.22398	7.29094	7.2176	7.12519	7.16498
0.869025	7.25125	7.15032	7.11142	7.20343	7.27037	7.30315	7.20888	7.22101	7.20276
0.875112	7.20226	7.28685	7.15055	7.2655	7.25187	7.29255	7.19008	7.23082	7.15759
0.88125	7.23764	7.24421	7.20485	7.21775	7.24191	7.2338	7.17898	7.20033	7.1411
0.887425	7.24098	7.19792	7.1828	7.24641	7.25509	7.25107	7.28966	7.22745	7.16886
0.89365	7.24959	7.2104	7.21083	7.21859	7.26074	7.36319	7.24816	7.19921	7.21375
0.899912	7.16184	7.21066	7.20159	7.33237	7.25278	7.28148	7.21869	7.2588	7.21189
0.906225	7.20799	7.24598	7.15774	7.2156	7.24386	7.28756	7.21084	7.19556	7.15661
0.912575	7.23662	7.22443	7.09894	7.26132	7.32391	7.27595	7.18125	7.20953	7.14318
0.918962	7.27528	7.2525	7.15387	7.21859	7.25284	7.24982	7.24598	7.16507	7.18381
0.9254	7.26832	7.25978	7.11901	7.25515	7.22697	7.25773	7.21125	7.18207	7.09308
0.931888	7.25119	7.23305	7.16671	7.17351	7.22832	7.28946	7.33006	7.20455	7.09263
0.938412	7.25761	7.28521	7.21229	7.27204	7.277	7.26704	7.22904	7.15256	7.22488
0.944987	7.18934	7.25518	7.21621	7.18398	7.27135	7.32302	7.21438	7.17309	7.13535
0.951612	7.16218	7.24959	7.21638	7.22796	7.28779	7.25467	7.31722	7.24295	7.19852
0.958275	7.22277	7.2184	7.1743	7.21737	7.26077	7.29975	7.28846	7.20317	7.18906
0.964988	7.16917	7.19253	7.2344	7.21375	7.31285	7.27226	7.22168	7.09784	7.21905
0.97175	7.25942	7.23116	7.18051	7.27404	7.22707	7.36372	7.21363	7.18273	7.30543
0.97855	7.25487	7.23142	7.17039	7.28221	7.2395	7.26454	7.23419	7.15579	7.26674
0.9854	7.27922	7.22465	7.23434	7.18711	7.32009	7.28987	7.14926	7.15962	7.16366
0.9923	7.30033	7.33306	7.20746	7.21865	7.22308	7.26613	7.26145	7.18818	7.1708
0.99925	7.20807	7.24958	7.23983	7.19023	7.28906	7.40098	7.25363	7.21062	7.19804
1.00625	7.26913	7.30353	7.18591	7.2572	7.3387	7.2384	7.27283	7.16573	7.19947
1.01329	7.20976	7.25582	7.2033	7.2024	7.25174	7.29405	7.18126	7.14433	7.2993
1.02039	7.24595	7.23279	7.18024	7.19103	7.39745	7.30605	7.29373	7.20005	7.15996
1.02752	7.28144	7.24888	7.203	7.1805	7.22767	7.26241	7.26748	7.21923	7.21908
1.03472	7.29635	7.25085	7.16726	7.24174	7.24065	7.33047	7.25916	7.29008	7.19707
1.04196	7.29362	7.23257	7.2127	7.25391	7.32023	7.33479	7.26294	7.2399	7.26295
1.04925	7.31665	7.25433	7.21597	7.24872	7.33987	7.37445	7.17096	7.19903	7.30158
1.0566	7.21678	7.23396	7.23648	7.24385	7.28485	7.31169	7.20262	7.23277	7.17772
1.06399	7.2071	7.21938	7.22559	7.22286	7.28536	7.30021	7.28761	7.18293	7.16936
1.07144	7.2547	7.26654	7.18407	7.22927	7.3223	7.31136	7.25507	7.23368	7.15147
1.07893	7.21871	7.36716	7.18535	7.2572	7.26641	7.27996	7.23478	7.22245	7.19275
1.08648	7.36243	7.32218	7.18593	7.22582	7.26426	7.31632	7.2232	7.29216	7.25888
1.09407	7.31554	7.26152	7.24585	7.22607	7.28078	7.2748	7.22975	7.18045	7.21908
1.10174	7.29407	7.24459	7.25397	7.25844	7.32148	7.33861	7.25051	7.1987	7.17286
1.10944	7.29153	7.28396	7.20968	7.25097	7.30023	7.34823	7.24872	7.22538	7.24922
1.1172	7.26733	7.31025	7.23794	7.24791	7.31536	7.37676	7.27001	7.24746	7.2674
1.12501	7.28757	7.31219	7.23609	7.28089	7.22906	7.30325	7.31803	7.22216	7.24249
1.13287	7.30904	7.31139	7.17246	7.23929	7.24337	7.22133	7.26355	7.24978	7.28007
1.1408	7.26904	7.2715	7.17118	7.20724	7.27928	7.3012	7.23752	7.23022	7.2693
1.14877	7.25482	7.32368	7.16671	7.25876	7.32587	7.31748	7.33831	7.21585	7.19243
1.15681	7.27539	7.2408	7.25009	7.26735	7.30045	7.3232	7.25572	7.28931	7.18431
1.1649	7.25372	7.35665	7.24012	7.23374	7.34925	7.27652	7.30648	7.25317	7.25551
1.17304	7.28559	7.30762	7.2285	7.26241	7.31578	7.244	7.24454	7.32833	7.24118
1.18124	7.26739	7.34108	7.18419	7.26077	7.34112	7.32241	7.2968	7.26129	7.23054
1.1895	7.315	7.31981	7.2347	7.24049	7.33805	7.31796	7.31833	7.27446	7.21829
1.19781	7.24811	7.33577	7.25178	7.2429	7.27106	7.27445	7.36025	7.23207	7.26995
1.20619	7.21924	7.33317	7.25042	7.27673	7.34446	7.34028	7.28514	7.30326	7.24412
1.21461	7.24935	7.30806	7.1268	7.24608	7.34341	7.36495	7.3508	7.27131	7.32823
1.2231	7.29413	7.30671	7.20943	7.29442	7.36871	7.27097	7.31101	7.24185	7.20461
1.23165	7.23564	7.29643	7.23253	7.3264	7.26661	7.33703	7.32155	7.18881	7.20773
1.24026	7.32422	7.31776	7.25174	7.29649	7.29546	7.27544	7.29226	7.24204	7.25526
1.24892	7.27543	7.25328	7.298	7.28421	7.39614	7.27971	7.31923	7.30934	7.23605
1.25765	7.28016	7.29798	7.22891	7.30242	7.34043	7.34343	7.31785	7.25811	7.22521
1.26644	7.32476	7.28557	7.26014	7.26077	7.39747	7.35743	7.28339	7.2733	7.21899
1.27529	7.30789	7.30785	7.21542	7.2549	7.30626	7.39598	7.24077	7.25078	7.25022
1.2842	7.24512	7.23797	7.20923	7.27125	7.27591	7.34047	7.26569	7.28824	7.32032
1.29316	7.28204	7.36514	7.24247	7.3747	7.37387	7.3521	7.33025	7.25889	7.25321
1.3022	7.32186	7.29681	7.21372	7.31313	7.37963	7.40775	7.30105	7.36644	7.27753
1.3113	7.22892	7.3055	7.23694	7.30166	7.38231	7.36195	7.28782	7.24649	7.24706
1.32045	7.3582	7.40913	7.29614	7.28124	7.44617	7.30533	7.25642	7.27715	7.22914
1.32967	7.25386	7.37251	7.25548	7.21573	7.29405	7.30643	7.25487	7.26892	7.23277
1.33896	7.26254	7.42631	7.27475	7.22158	7.32251	7.38115	7.33582	7.3023	7.28644
1.34831	7.273	7.34537	7.23302	7.28084	7.34221	7.40156	7.35228	7.29523	7.2676
1.35773	7.26259	7.31753	7.29705	7.28329	7.30073	7.30209	7.2874	7.2918	7.32441
1.36721	7.25441	7.31739	7.26148	7.29883	7.32107	7.46249	7.36905	7.29799	7.23062
1.37675	7.28937	7.3023	7.28919	7.38764	7.37119	7.38767	7.25674	7.3462	7.32912
1.38636	7.31793	7.34574	7.26249	7.32146	7.37665	7.37693	7.34915	7.27914	7.28801
1.39605	7.3732	7.32936	7.26543	7.25419	7.40023	7.43054	7.35156	7.31373	7.24908
1.4058	7.27986	7.32845	7.27604	7.28885	7.34348	7.37518	7.33545	7.29781	7.32261
1.41561	7.32338	7.35137	7.23926	7.35509	7.39993	7.4057	7.26754	7.33912	7.3829
1.42549	7.32729	7.35978	7.25929	7.28463	7.36945	7.39063	7.32505	7.30502	7.33146
1.43544	7.34489	7.3072	7.28572	7.33138	7.39268	7.39576	7.3162	7.2999	7.35317
1.44546	7.34456	7.31292	7.30816	7.3665	7.4024	7.43151	7.30144	7.26052	7.25476
1.45555	7.39002	7.34866	7.29848	7.32332	7.30474	7.35416	7.31027	7.29756	7.26471
1.46571	7.28126	7.35559	7.28835	7.28419	7.41661	7.38899	7.34416	7.30981	7.27024
1.47594	7.29649	7.40163	7.24212	7.36302	7.35661	7.40663	7.30363	7.29263	7.26904
1.48624	7.30596	7.36027	7.30005	7.33244	7.35273	7.39669	7.37796	7.30232	7.33427
1.49661	7.31766	7.29929	7.29735	7.35102	7.31571	7.43452	7.30547	7.34836	7.32633
1.50705	7.3705	7.3471	7.26861	7.39823	7.412	7.37946	7.35536	7.1977	7.3023
1.51756	7.29374	7.34306	7.22482	7.33038	7.34957	7.36031	7.34634	7.26986	7.25883
1.52815	7.33501	7.36873	7.30251	7.36774	7.38272	7.42785	7.30625	7.33633	7.3409
1.53881	7.35455	7.28711	7.27148	7.32736	7.3939	7.39158	7.35289	7.34623	7.3235
1.54955	7.39949	7.36305	7.27362	7.36802	7.3207	7.3962	7.35481	7.29721	7.29794
1.56036	7.30027	7.34249	7.29475	7.30375	7.39746	7.38537	7.33763	7.28876	7.25671
1.57125	7.32584	7.35105	7.30482	7.30542	7.38912	7.40767	7.40723	7.3759	7.28326
1.58221	7.31645	7.3665	7.33074	7.30586	7.41854	7.38694	7.36558	7.28537	7.26769
1.59325	7.37886	7.34894	7.30951	7.35004	7.29203	7.39258	7.35024	7.3072	7.29561
1.60436	7.37912	7.37868	7.31477	7.41318	7.43617	7.40139	7.31355	7.42778	7.29365
1.61555	7.37004	7.34168	7.34932	7.37466	7.39362	7.42012	7.34176	7.32827	7.2813
1.62681	7.29055	7.34998	7.27954	7.34898	7.39281	7.47889	7.33759	7.3324	7.33962
1.63816	7.35098	7.36592	7.28015	7.33094	7.36552	7.3518	7.38826	7.30166	7.26964
1.64959	7.357	7.37661	7.30108	7.38592	7.39232	7.40246	7.36986	7.31077	7.30921
1.66109	7.35316	7.37559	7.29521	7.39775	7.37442	7.39895	7.34932	7.32933	7.26531
1.67268	7.35467	7.35231	7.31163	7.37697	7.39021	7.43203	7.36753	7.30963	7.32725
1.68434	7.368	7.42506	7.34724	7.3387	7.42768	7.41494	7.41097	7.29727	7.26158
1.69609	7.37831	7.3561	7.26488	7.37842	7.41925	7.44424	7.44638	7.28875	7.33555
1.70791	7.37524	7.39605	7.30243	7.36943	7.41332	7.41334	7.43033	7.32207	7.35285
1.71981	7.37891	7.33973	7.33732	7.37203	7.37047	7.46459	7.36678	7.34778	7.32101
1.73181	7.3526	7.31252	7.3061	7.3387	7.45322	7.44827	7.39604	7.33402	7.28872
1.74388	7.37526	7.37641	7.30931	7.36973	7.41481	7.42208	7.41961	7.322	7.33234
1.75604	7.39243	7.40864	7.27105	7.401	7.42154	7.4608	7.35572	7.31805	7.29033
1.76828	7.32773	7.41553	7.39376	7.38278	7.4691	7.41981	7.38633	7.35329	7.31322
1.7806	7.34696	7.39847	7.32946	7.34412	7.42552	7.49951	7.34158	7.3177	7.33529
1.79301	7.32516	7.35984	7.34915	7.32638	7.39563	7.39271	7.36423	7.35395	7.35289
1.80551	7.3798	7.37307	7.35232	7.35725	7.39168	7.51006	7.37113	7.30996	7.33952
1.8181	7.39427	7.39118	7.32112	7.38409	7.38885	7.39316	7.38007	7.36265	7.30493
1.83078	7.39186	7.40907	7.32853	7.39712	7.42848	7.55275	7.35896	7.3342	7.31474
1.84354	7.41425	7.38332	7.35009	7.37929	7.44291	7.47436	7.38797	7.35485	7.34284
1.85637	7.35292	7.35386	7.33608	7.36102	7.40381	7.45681	7.38812	7.37557	7.31074
1.86931	7.37693	7.3534	7.2832	7.38964	7.45735	7.45949	7.39126	7.3796	7.35503
1.88234	7.34576	7.34009	7.35099	7.42364	7.40126	7.39951	7.43635	7.39271	7.36193
1.89546	7.38154	7.39657	7.29399	7.3806	7.47526	7.45115	7.39477	7.35696	7.35857
1.90866	7.34851	7.4056	7.36505	7.38314	7.41813	7.48828	7.42233	7.34633	7.35871
1.92196	7.39756	7.43085	7.30594	7.34966	7.42169	7.42547	7.40981	7.33664	7.29294
1.93536	7.38016	7.38065	7.33513	7.39929	7.44161	7.40792	7.36033	7.37021	7.30127
1.94885	7.39413	7.38217	7.30887	7.33956	7.44027	7.49016	7.35503	7.42133	7.35908
1.96242	7.39941	7.39664	7.29269	7.39962	7.45515	7.44151	7.34411	7.37019	7.37252
1.9761	7.37837	7.42427	7.33336	7.4387	7.39349	7.45888	7.40712	7.36351	7.33063
1.98986	7.37549	7.38497	7.35244	7.36525	7.42989	7.4227	7.43743	7.36005	7.27913
2.00373	7.3676	7.41551	7.33409	7.37599	7.45353	7.42773	7.43166	7.33808	7.35325
2.01769	7.361	7.41549	7.32028	7.37498	7.46756	7.45566	7.36417	7.35434	7.33822
2.03174	7.37817	7.42478	7.37325	7.36909	7.42351	7.47759	7.3793	7.33108	7.37984
2.04589	7.38447	7.48648	7.34092	7.39519	7.48277	7.45273	7.38122	7.36926	7.37088
2.06014	7.41964	7.40116	7.32201	7.40735	7.50021	7.41478	7.48803	7.37734	7.3596
2.07449	7.42866	7.39162	7.36257	7.42106	7.4724	7.46357	7.43897	7.3535	7.31929
2.08894	7.41533	7.42144	7.3263	7.37809	7.46451	7.50513	7.37322	7.32299	7.33189
2.10349	7.41971	7.39768	7.35082	7.42269	7.43478	7.41063	7.43053	7.2913	7.33438
2.11814	7.38959	7.4338	7.34335	7.40618	7.46448	7.43592	7.43621	7.38122	7.39776
2.13289	7.39534	7.437	7.35689	7.3917	7.4821	7.45581	7.39199	7.37644	7.37437
2.14775	7.36319	7.4198	7.33875	7.40709	7.4935	7.46915	7.38929	7.37388	7.36142
2.1627	7.4041	7.43682	7.3392	7.43875	7.48855	7.47636	7.48008	7.37373	7.3644
2.17776	7.39829	7.40769	7.38318	7.39611	7.4417	7.44863	7.4709	7.39434	7.3758
2.19292	7.41067	7.51195	7.3505	7.43313	7.44141	7.44732	7.46092	7.402	7.38755
2.2082	7.37593	7.44718	7.33671	7.41893	7.46552	7.41373	7.42551	7.3811	7.36668
2.22358	7.40815	7.37008	7.33356	7.37256	7.4925	7.47507	7.39509	7.38142	7.37524
2.23905	7.42606	7.41383	7.34052	7.42436	7.49613	7.50402	7.43895	7.36973	7.38652
2.25465	7.4399	7.42972	7.37864	7.41677	7.4809	7.42655	7.40752	7.35622	7.40692
2.27034	7.46394	7.44703	7.36707	7.41766	7.49959	7.48703	7.46942	7.35369	7.44337
2.28615	7.40752	7.45545	7.38883	7.39451	7.46328	7.47506	7.41451	7.37229	7.37148
2.30206	7.39789	7.41664	7.36299	7.41872	7.45771	7.44023	7.41115	7.38486	7.41672
2.31809	7.45774	7.41744	7.3665	7.39662	7.46983	7.5051	7.43516	7.37408	7.39832
2.33422	7.43654	7.45891	7.38999	7.41372	7.46726	7.49519	7.44925	7.37143	7.38304
2.35048	7.40063	7.51303	7.32041	7.40255	7.45594	7.46822	7.43782	7.35819	7.334
2.36684	7.38077	7.42983	7.42816	7.43211	7.45846	7.49661	7.39192	7.43185	7.35791
2.38331	7.4033	7.43515	7.33875	7.38359	7.46246	7.51176	7.49009	7.38719	7.37921
2.3999	7.36352	7.44969	7.35645	7.45494	7.4741	7.49103	7.42465	7.37231	7.42299
2.41661	7.43347	7.45471	7.34898	7.40615	7.47419	7.5152	7.44316	7.44663	7.37654
2.43342	7.40347	7.46843	7.33146	7.46996	7.47033	7.49061	7.44572	7.43519	7.3647
2.45036	7.41856	7.41137	7.33674	7.43662	7.48506	7.51009	7.41363	7.37042	7.39818
2.46743	7.3746	7.46376	7.39375	7.42149	7.47281	7.49133	7.45759	7.41988	7.40027
2.4846	7.43733	7.42943	7.37123	7.4331	7.46174	7.51012	7.4356	7.41826	7.37176
2.50189	7.40388	7.39082	7.3839	7.45903	7.48824	7.50672	7.4719	7.38442	7.39181
2.5193	7.39968	7.4736	7.38101	7.43292	7.45547	7.48024	7.45333	7.39212	7.4082
2.53682	7.35001	7.44469	7.40117	7.41455	7.47537	7.45207	7.45658	7.43699	7.37559
2.55449	7.43565	7.51509	7.42272	7.48197	7.53864	7.5165	7.48115	7.43133	7.39858
2.57226	7.40963	7.42128	7.35169	7.42491	7.50788	7.51249	7.45441	7.40831	7.3928
2.59016	7.37664	7.44834	7.38436	7.45884	7.50073	7.50511	7.44733	7.39652	7.37389
2.60819	7.38485	7.4718	7.38896	7.40979	7.47485	7.43609	7.48332	7.38807	7.39198
2.62634	7.41271	7.46663	7.37292	7.41938	7.46674	7.50989	7.45657	7.43499	7.39562
2.6446	7.40372	7.46884	7.35156	7.46788	7.48918	7.5174	7.40786	7.3762	7.41117
2.66301	7.43946	7.44445	7.39466	7.44222	7.51194	7.48174	7.4385	7.43363	7.37788
2.68154	7.44986	7.44114	7.4003	7.44431	7.47819	7.50302	7.47794	7.374	7.34589
2.70019	7.40147	7.47766	7.3614	7.43674	7.49042	7.54596	7.5322	7.43776	7.40353
2.71898	7.47397	7.46796	7.39469	7.42906	7.498	7.55457	7.48042	7.4414	7.38483
2.7379	7.44996	7.50149	7.41228	7.45952	7.49091	7.56129	7.47104	7.43409	7.44834
2.75694	7.4037	7.50687	7.36974	7.44051	7.47745	7.52147	7.48874	7.44375	7.44248
2.77612	7.46624	7.48812	7.43496	7.46237	7.51698	7.51162	7.46118	7.42521	7.41222
2.79544	7.40324	7.50653	7.40237	7.49202	7.48817	7.53359	7.44554	7.41017	7.36979
2.81487	7.46454	7.50089	7.37177	7.47514	7.46577	7.4954	7.49203	7.45913	7.43669
2.83446	7.4415	7.48974	7.42989	7.50441	7.48441	7.50442	7.48967	7.38505	7.41829
2.85418	7.45353	7.5008	7.39285	7.41005	7.47864	7.52725	7.46448	7.43566	7.41121
2.87404	7.48735	7.50453	7.4215	7.4571	7.49095	7.50067	7.44252	7.4587	7.40709
2.89403	7.46405	7.44533	7.36999	7.44103	7.46911	7.49154	7.44982	7.45899	7.4176
2.91415	7.46101	7.52891	7.43495	7.4737	7.52386	7.48961	7.48573	7.45763	7.41599
2.93443	7.44212	7.48342	7.39789	7.44261	7.51276	7.52914	7.47387	7.42997	7.40656
2.95484	7.43078	7.50957	7.42351	7.46215	7.5284	7.58269	7.46346	7.45266	7.3898
2.97539	7.48015	7.50927	7.39739	7.47714	7.46026	7.52505	7.43457	7.42647	7.38882
2.99607	7.45013	7.46795	7.40576	7.45192	7.56133	7.51407	7.49675	7.43943	7.45135
3.01691	7.4803	7.48356	7.35924	7.4125	7.48191	7.46731	7.46315	7.44561	7.45409
3.0379	7.43967	7.44583	7.41041	7.49029	7.52254	7.50466	7.46747	7.43465	7.50403
3.05903	7.48512	7.47195	7.36234	7.49271	7.57698	7.52382	7.4351	7.39189	7.42415
3.0803	7.437	7.3793	7.35403	7.47634	7.54822	7.51799	7.51999	7.42399	7.37056
3.10171	7.48769	7.45577	7.36605	7.49225	7.52788	7.55071	7.48031	7.45528	7.4324
3.12329	7.46712	7.46488	7.45631	7.45517	7.53539	7.52895	7.4897	7.45733	7.41385
3.145	7.47947	7.48021	7.41414	7.4282	7.51866	7.5585	7.47448	7.39098	7.43447
3.16687	7.47781	7.47067	7.3743	7.49283	7.52955	7.55514	7.51423	7.47673	7.40953
3.1889	7.44899	7.50357	7.40677	7.46441	7.54231	7.52492	7.4613	7.41603	7.42501
3.21108	7.43987	7.50153	7.4378	7.4627	7.54482	7.52113	7.47852	7.42243	7.4258
3.2334	7.48396	7.49877	7.46714	7.47181	7.51759	7.4845	7.49778	7.40249	7.48344
3.25588	7.46393	7.49343	7.39567	7.46492	7.50013	7.55327	7.50046	7.43058	7.43985
3.27851	7.45326	7.46925	7.40373	7.46692	7.52257	7.51835	7.47274	7.45997	7.44107
3.30131	7.4734	7.46907	7.4038	7.46754	7.51987	7.49191	7.47081	7.40261	7.43877
3.32426	7.4672	7.52503	7.41934	7.43125	7.51389	7.5475	7.48851	7.47865	7.44005
3.34737	7.45599	7.46736	7.42129	7.4517	7.54709	7.47796	7.47987	7.50896	7.44916
3.37065	7.4672	7.48981	7.40975	7.47041	7.55628	7.48802	7.49444	7.40841	7.42262
3.39409	7.4523	7.50593	7.4318	7.4675	7.49765	7.53088	7.48007	7.44208	7.42074
3.41768	7.47407	7.45242	7.4149	7.49299	7.5156	7.52044	7.47116	7.47168	7.42762
3.44144	7.43363	7.47291	7.38962	7.47906	7.52866	7.56213	7.45824	7.43399	7.48637
3.46536	7.48361	7.4843	7.40534	7.44632	7.56814	7.52409	7.47288	7.45253	7.40064
3.48945	7.45421	7.4464	7.41571	7.41658	7.52383	7.54485	7.46552	7.48918	7.46268
3.51371	7.43508	7.54293	7.37977	7.501	7.54997	7.57438	7.5028	7.47591	7.44853
3.53814	7.48421	7.48113	7.42559	7.46712	7.502	7.53797	7.51425	7.46329	7.44236
3.56273	7.47689	7.48671	7.41693	7.48106	7.49122	7.55141	7.48915	7.44658	7.44552
3.58749	7.4554	7.5046	7.41703	7.46887	7.51146	7.53807	7.551	7.45285	7.43011
3.61243	7.48512	7.49808	7.41771	7.47703	7.54206	7.51312	7.52398	7.46066	7.42602
3.63754	7.44774	7.49106	7.43748	7.51428	7.54955	7.52687	7.48796	7.44025	7.42803
3.66283	7.42795	7.51347	7.39196	7.50878	7.53403	7.58038	7.44703	7.48838	7.43785
3.68829	7.45056	7.53599	7.40101	7.48771	7.56026	7.51761	7.50253	7.48134	7.3984
3.71391	7.463	7.48964	7.42287	7.49263	7.5231	7.55247	7.49295	7.44678	7.41696
3.73973	7.47052	7.53659	7.41482	7.48909	7.55244	7.58773	7.48965	7.44585	7.43694
3.76572	7.49593	7.4952	7.44417	7.47709	7.53046	7.59328	7.49961	7.47482	7.45014
3.7919	7.48735	7.52985	7.42913	7.52019	7.57379	7.55016	7.48664	7.44228	7.42484
3.81825	7.4753	7.50267	7.41131	7.45897	7.53913	7.55306	7.48907	7.46221	7.42378
3.84479	7.45468	7.5453	7.43083	7.5094	7.55707	7.53503	7.4913	7.4703	7.44768
3.8715	7.44374	7.49468	7.4441	7.49631	7.55978	7.535	7.52053	7.45669	7.45096
3.89841	7.49165	7.50596	7.40569	7.45004	7.53527	7.53116	7.52706	7.42963	7.42202
3.9255	7.47471	7.52505	7.45666	7.48658	7.52002	7.54948	7.52817	7.47142	7.4422
3.95278	7.48835	7.53103	7.42589	7.49022	7.54354	7.56101	7.50472	7.44841	7.42634
3.98025	7.47832	7.50763	7.46366	7.47568	7.53225	7.52815	7.50545	7.47874	7.4386
4.00791	7.48561	7.48301	7.48388	7.45477	7.51414	7.54677	7.47051	7.43712	7.44239
4.03576	7.46189	7.52061	7.41794	7.47365	7.52387	7.55301	7.50151	7.42473	7.45592
4.0638	7.49987	7.53657	7.47204	7.48884	7.52061	7.57194	7.50456	7.42094	7.45999
4.09204	7.46273	7.52714	7.43984	7.47432	7.54034	7.52173	7.51368	7.47787	7.47463
4.12047	7.47427	7.52041	7.46549	7.5194	7.54198	7.56476	7.50579	7.47828	7.43332
4.1491	7.45874	7.51429	7.46532	7.4636	7.55507	7.55549	7.51486	7.47965	7.47085
4.17794	7.46058	7.52668	7.45131	7.47849	7.52615	7.58126	7.48603	7.47817	7.41518
4.20696	7.45744	7.50511	7.47987	7.48994	7.57165	7.57024	7.48327	7.49097	7.44411
4.2362	7.43538	7.53339	7.44042	7.48342	7.54339	7.52235	7.47829	7.47938	7.44817
4.26563	7.47179	7.55803	7.43682	7.53238	7.54197	7.56374	7.50737	7.46382	7.43449
4.29526	7.4702	7.53211	7.44252	7.49286	7.53855	7.55011	7.5098	7.48538	7.42027
4.32511	7.44727	7.51907	7.47491	7.4837	7.53766	7.58547	7.49649	7.49244	7.46837
4.35516	7.4711	7.50765	7.49746	7.48115	7.56243	7.61456	7.51113	7.47383	7.46288
4.38541	7.45953	7.52826	7.45448	7.49743	7.56572	7.56072	7.49533	7.4956	7.44375
4.41589	7.48146	7.5253	7.46699	7.47696	7.59637	7.54474	7.53118	7.4487	7.47814
4.44656	7.48021	7.51508	7.44967	7.47655	7.57734	7.55808	7.50226	7.46089	7.44282
4.47745	7.48898	7.50724	7.4435	7.51671	7.55626	7.58387	7.49115	7.42483	7.44783
4.50856	7.46801	7.52821	7.4193	7.50505	7.56328	7.57206	7.4944	7.50377	7.43864
4.53988	7.4925	7.51313	7.44948	7.47574	7.55828	7.59417	7.48877	7.45905	7.45038
4.57142	7.45899	7.50807	7.46769	7.48942	7.57513	7.58409	7.50492	7.47282	7.47998
4.60318	7.448	7.54712	7.44153	7.49665	7.52242	7.5727	7.51759	7.46759	7.48592
4.63515	7.45661	7.51898	7.45673	7.50997	7.56873	7.58028	7.46062	7.44473	7.47116
4.66735	7.49555	7.56064	7.44057	7.47884	7.52182	7.56763	7.49537	7.46555	7.44279
4.69978	7.47123	7.52959	7.47929	7.4956	7.54054	7.55904	7.50825	7.45815	7.49506
4.73243	7.49549	7.52	7.47618	7.51712	7.54841	7.57282	7.5101	7.46011	7.49386
4.76529	7.45229	7.52538	7.46142	7.52438	7.53735	7.54639	7.5073	7.50405	7.48412
4.79839	7.48189	7.53477	7.43616	7.53312	7.57097	7.57991	7.53157	7.5034	7.48246
4.83173	7.42966	7.51896	7.46962	7.47489	7.53983	7.59385	7.4919	7.49626	7.47954
4.86529	7.45479	7.54433	7.43973	7.51716	7.59111	7.57266	7.4884	7.49797	7.4625
4.89908	7.48543	7.52836	7.43418	7.48856	7.58559	7.53781	7.49497	7.46665	7.47055
4.93311	7.46672	7.55891	7.45029	7.52325	7.57709	7.53979	7.53496	7.49378	7.46704
4.96737	7.4915	7.56818	7.46442	7.51111	7.57172	7.5771	7.52049	7.48033	7.49455
5.00187	7.48517	7.51367	7.47676	7.49392	7.58099	7.58846	7.53793	7.48919	7.44541
5.03661	7.4847	7.53878	7.4907	7.51207	7.5698	7.56152	7.53287	7.47846	7.46215
5.0716	7.46198	7.56449	7.42275	7.4979	7.5319	7.54119	7.4776	7.48129	7.44898
5.10681	7.48432	7.55589	7.438	7.4768	7.56226	7.58096	7.53059	7.48835	7.47179
5.14229	7.47131	7.5281	7.48845	7.51199	7.58392	7.5701	7.48383	7.48885	7.4796
5.178	7.4828	7.54602	7.44088	7.50102	7.57041	7.57137	7.49201	7.4724	7.44012
5.21396	7.49511	7.54637	7.49079	7.5179	7.59256	7.54958	7.53716	7.48818	7.48231
5.25017	7.48547	7.53551	7.48388	7.5337	7.58544	7.56689	7.51074	7.48735	7.49667
5.28664	7.49279	7.54161	7.43359	7.53906	7.54941	7.56252	7.5	7.48802	7.43633
5.32335	7.47133	7.53924	7.46143	7.51363	7.53142	7.56938	7.49873	7.50059	7.49851
5.36031	7.48721	7.51055	7.47196	7.50222	7.58048	7.57117	7.5048	7.47619	7.44716
5.39754	7.50593	7.56256	7.47407	7.50854	7.55025	7.58286	7.50571	7.46181	7.48709
5.43503	7.48793	7.5414	7.45174	7.50898	7.57049	7.55403	7.52353	7.49152	7.48351
5.47277	7.50282	7.56339	7.47398	7.51825	7.52684	7.57483	7.52143	7.49267	7.4736
5.51078	7.50601	7.49075	7.48242	7.51332	7.56383	7.58364	7.49342	7.48971	7.48414
5.54904	7.49213	7.52869	7.4514	7.48742	7.54155	7.57885	7.50059	7.51818	7.48468
5.58757	7.48348	7.53276	7.44612	7.50123	7.52291	7.60141	7.50163	7.48415	7.48787
5.62638	7.48717	7.52953	7.44718	7.48331	7.5523	7.60329	7.5225	7.51495	7.47349
5.66545	7.49361	7.56776	7.46855	7.51384	7.5614	7.56568	7.52875	7.50476	7.44073
5.70479	7.47467	7.53533	7.4408	7.51277	7.56065	7.58472	7.5448	7.46754	7.4642
5.7444	7.48269	7.56098	7.48247	7.53263	7.57073	7.58236	7.53934	7.50752	7.44469
5.78429	7.48954	7.5468	7.4677	7.53002	7.52911	7.57128	7.51738	7.49281	7.44978
5.82445	7.50233	7.53295	7.45252	7.53774	7.5085	7.60721	7.54097	7.48869	7.48589
5.86489	7.48379	7.55095	7.45926	7.51924	7.56471	7.59884	7.50961	7.48683	7.45815
5.90561	7.50815	7.54265	7.43991	7.50898	7.54095	7.57593	7.537	7.50087	7.47982
5.94663	7.51837	7.53307	7.48421	7.48864	7.56446	7.56947	7.51265	7.47143	7.47397
5.98791	7.4801	7.5668	7.47213	7.50383	7.59133	7.59662	7.52983	7.52759	7.44898
6.02949	7.50015	7.53543	7.46118	7.49267	7.56315	7.59916	7.53269	7.45069	7.44815
6.07135	7.51618	7.51159	7.47321	7.47092	7.57683	7.58665	7.51721	7.46932	7.42289
6.1135	7.49123	7.51913	7.47265	7.51117	7.53704	7.61627	7.49209	7.5344	7.47863
6.15595	7.52536	7.53252	7.47462	7.51944	7.5628	7.59301	7.52055	7.47312	7.4767
6.19869	7.49065	7.55907	7.46147	7.49977	7.60049	7.59023	7.55648	7.49621	7.49725
6.24172	7.49558	7.53838	7.46386	7.48934	7.5503	7.59533	7.52936	7.48577	7.44987
6.28506	7.5244	7.55297	7.4705	7.48913	7.58396	7.5516	7.49356	7.50698	7.46998
6.3287	7.49402	7.55196	7.41145	7.50936	7.58512	7.60537	7.54134	7.47739	7.47425
6.37264	7.52019	7.55991	7.43597	7.51676	7.57286	7.57724	7.50446	7.49673	7.49231
6.41687	7.48079	7.53482	7.44073	7.51509	7.56572	7.60333	7.54034	7.50169	7.47157
6.46142	7.52618	7.54797	7.46732	7.51202	7.54077	7.59748	7.55701	7.48856	7.47552
6.50629	7.49526	7.55183	7.48089	7.51236	7.56987	7.58701	7.5199	7.50808	7.46793
6.55145	7.50186	7.53701	7.47513	7.52943	7.59372	7.57226	7.50322	7.51918	7.476
6.59694	7.50943	7.54759	7.45391	7.50645	7.57269	7.60709	7.52606	7.51031	7.47889
6.64274	7.488	7.55118	7.46636	7.52515	7.58392	7.59625	7.54746	7.53674	7.47181
6.68885	7.50937	7.5576	7.46832	7.53229	7.55926	7.59588	7.52655	7.52871	7.47072
6.73527	7.50855	7.5378	7.47204	7.49551	7.57122	7.59986	7.52719	7.49056	7.49201
6.78204	7.50226	7.55757	7.44944	7.50957	7.57437	7.6171	7.54671	7.49956	7.46034
6.82911	7.53012	7.52012	7.47532	7.51505	7.57905	7.5989	7.54284	7.51875	7.44692
6.87652	7.50157	7.53014	7.45028	7.50852	7.55966	7.60886	7.53452	7.49896	7.47689
6.92426	7.51167	7.57032	7.46426	7.53274	7.59352	7.59496	7.51813	7.51089	7.46558
6.97232	7.47327	7.53258	7.48442	7.53009	7.58368	7.5944	7.5431	7.50073	7.46668
7.02072	7.50121	7.554	7.4889	7.48101	7.59192	7.57681	7.53799	7.50228	7.47606
7.06946	7.47836	7.57336	7.46015	7.50631	7.59482	7.60519	7.51936	7.49505	7.49225
7.11853	7.50106	7.5847	7.45274	7.51348	7.58331	7.58351	7.52606	7.48672	7.47884
7.16794	7.46894	7.5378	7.48308	7.52362	7.58315	7.60705	7.53716	7.49204	7.47121
7.2177	7.47916	7.59314	7.43432	7.49482	7.61769	7.61445	7.54471	7.49078	7.46166
7.2678	7.49688	7.53997	7.47947	7.52204	7.54739	7.59518	7.51974	7.49968	7.45185
7.31825	7.49288	7.5414	7.45219	7.5226	7.56286	7.57188	7.54891	7.50153	7.44615
7.36904	7.49118	7.5595	7.46758	7.55629	7.57232	7.60033	7.5349	7.51879	7.48029
7.42019	7.48024	7.55974	7.46731	7.51488	7.5691	7.58013	7.54283	7.48299	7.4944
7.4717	7.49984	7.53823	7.44709	7.52811	7.58314	7.5878	7.52066	7.50208	7.47071
7.52355	7.50033	7.55088	7.47112	7.51828	7.55792	7.5605	7.5046	7.51548	7.47281
7.57578	7.47698	7.54771	7.47472	7.5535	7.55406	7.56405	7.51627	7.49115	7.49282
7.62836	7.48999	7.5372	7.46136	7.50822	7.57137	7.58262	7.50689	7.50437	7.47524
7.6813	7.47289	7.52579	7.45363	7.52698	7.55998	7.61037	7.53636	7.51536	7.47078
7.73461	7.49789	7.54542	7.47638	7.50855	7.56821	7.57625	7.51444	7.52047	7.4721
7.7883	7.4849	7.56305	7.47776	7.52646	7.59057	7.55747	7.55609	7.51969	7.49692
7.84236	7.46674	7.55758	7.4748	7.4795	7.56683	7.57637	7.54557	7.51532	7.44891
7.89679	7.4933	7.52655	7.46159	7.54427	7.5627	7.57689	7.55331	7.49867	7.49296
7.95159	7.50086	7.56047	7.47097	7.52344	7.57153	7.59157	7.52525	7.48922	7.47773
8.00677	7.50623	7.54164	7.46497	7.49035	7.55576	7.608	7.55452	7.49892	7.4773
8.06235	7.49034	7.53045	7.44945	7.51805	7.56779	7.60276	7.55745	7.50007	7.50443
8.1183	7.51663	7.54627	7.48617	7.52171	7.55809	7.60799	7.55469	7.51088	7.4528
8.17465	7.49496	7.54852	7.46555	7.51785	7.56865	7.5712	7.51823	7.51742	7.49203
8.23137	7.50735	7.53526	7.45179	7.52514	7.57431	7.58572	7.55101	7.50452	7.48881
8.28851	7.51344	7.53349	7.44586	7.5282	7.58099	7.57359	7.52612	7.52159	7.46725
8.34603	7.48708	7.56355	7.46601	7.51451	7.59265	7.58712	7.52745	7.48653	7.47839
8.40395	7.50787	7.54437	7.43502	7.53764	7.56275	7.5836	7.51316	7.50458	7.53107
8.46227	7.50281	7.53657	7.45758	7.52647	7.56759	7.57606	7.51984	7.51023	7.48959
8.521	7.5095	7.5428	7.45826	7.50152	7.5497	7.58834	7.52186	7.49413	7.46968
8.58014	7.52295	7.56412	7.46263	7.51692	7.60177	7.56258	7.5235	7.48395	7.46382
8.63968	7.50956	7.54904	7.45847	7.52028	7.55931	7.5853	7.51896	7.48419	7.51435
8.69964	7.50208	7.5421	7.46897	7.5327	7.56226	7.59472	7.53205	7.48612	7.48244
8.76001	7.50495	7.55305	7.46936	7.52969	7.57794	7.59055	7.54164	7.47819	7.48203
8.8208	7.48819	7.55073	7.46335	7.48242	7.60134	7.57595	7.52795	7.48312	7.49031
8.88201	7.48099	7.55147	7.46976	7.51176	7.59422	7.5818	7.51454	7.48571	7.50094
8.94365	7.50709	7.53591	7.47782	7.48904	7.59969	7.58654	7.53075	7.45599	7.47186
9.00571	7.50874	7.52993	7.47597	7.54056	7.59841	7.60346	7.54143	7.50523	7.48026
9.0682	7.52877	7.56466	7.49184	7.51531	7.59861	7.59732	7.5315	7.47926	7.48692
9.13114	7.50986	7.54513	7.47992	7.54025	7.60414	7.58793	7.57265	7.49215	7.48515
9.1945	7.51258	7.54415	7.46154	7.52142	7.60284	7.597	7.52577	7.4897	7.47597
9.2583	7.48229	7.54147	7.46696	7.54593	7.59282	7.58602	7.54099	7.48166	7.4953
9.32254	7.49299	7.55919	7.46965	7.51857	7.57884	7.60111	7.51995	7.48762	7.48623
9.38724	7.49256	7.55854	7.475	7.54651	7.57481	7.58128	7.5016	7.48179	7.48019
9.45238	7.50927	7.55655	7.47461	7.5345	7.58188	7.60292	7.5421	7.497	7.48127
9.51796	7.5156	7.55054	7.43849	7.53493	7.59372	7.59617	7.54014	7.52242	7.46206
9.58401	7.49165	7.56401	7.45698	7.52502	7.59757	7.58753	7.55101	7.48856	7.48498
9.65051	7.49723	7.55339	7.45402	7.52611	7.56635	7.60105	7.53351	7.50121	7.49444
9.71747	7.47452	7.53974	7.47138	7.52714	7.57158	7.60416	7.53537	7.48608	7.45791
9.7849	7.51039	7.56441	7.46626	7.55099	7.55338	7.61965	7.54404	7.50543	7.44662
9.8528	7.51268	7.5429	7.46022	7.51837	7.55366	7.58192	7.54438	7.51841	7.48211
9.92116	7.50351	7.55315	7.45315	7.4977	7.5671	7.58882	7.54257	7.51563	7.48621
10	7.4988	7.55554	7.48221	7.54133	7.56143	7.58862	7.5286	7.52311	7.46921